datetime_beginning_utc,datetime_beginning_ept,pnode_id,pnode_name,voltage,equipment,type,zone,system_energy_price_da,total_lmp_da,congestion_price_da,marginal_loss_price_da,row_is_current,version_nbr
5/11/2021 4:00:00 AM,5/11/2021 12:00:00 AM,1,PJM-RTO,,,ZONE,,22.47,22.923923,0.208347,0.245576,True,1
5/11/2021 4:00:00 AM,5/11/2021 12:00:00 AM,3,MID-ATL/APS,,,ZONE,,22.47,22.853647,0.211887,0.171760,True,1
5/11/2021 4:00:00 AM,5/11/2021 12:00:00 AM,51291,AECO,,,ZONE,,22.47,20.878056,-1.168625,-0.423319,True,1
5/11/2021 4:00:00 AM,5/11/2021 12:00:00 AM,51292,BGE,,,ZONE,,22.47,23.604780,0.830671,0.304109,True,1
5/11/2021 4:00:00 AM,5/11/2021 12:00:00 AM,51293,DPL,,,ZONE,,22.47,20.647173,-1.511214,-0.311613,True,1
5/11/2021 4:00:00 AM,5/11/2021 12:00:00 AM,51295,JCPL,,,ZONE,,22.47,21.304445,-0.937633,-0.227922,True,1
5/11/2021 4:00:00 AM,5/11/2021 12:00:00 AM,51296,METED,,,ZONE,,22.47,21.781046,-0.307456,-0.381498,True,1
5/11/2021 4:00:00 AM,5/11/2021 12:00:00 AM,51297,PECO,,,ZONE,,22.47,20.530669,-1.366235,-0.573096,True,1
5/11/2021 4:00:00 AM,5/11/2021 12:00:00 AM,51298,PEPCO,,,ZONE,,22.47,23.294084,0.586931,0.237153,True,1
5/11/2021 4:00:00 AM,5/11/2021 12:00:00 AM,51299,PPL,,,ZONE,,22.47,21.435228,-0.520011,-0.514761,True,1
5/11/2021 4:00:00 AM,5/11/2021 12:00:00 AM,51300,PENELEC,,,ZONE,,22.47,22.404046,-0.120270,0.054316,True,1
5/11/2021 4:00:00 AM,5/11/2021 12:00:00 AM,51301,PSEG,,,ZONE,,22.47,21.167722,-0.950390,-0.351888,True,1
5/11/2021 4:00:00 AM,5/11/2021 12:00:00 AM,7633629,RECO,,,ZONE,,22.47,21.345533,-0.790000,-0.334467,True,1
5/11/2021 4:00:00 AM,5/11/2021 12:00:00 AM,8394954,APS,,,ZONE,,22.47,22.733642,0.244811,0.018831,True,1
5/11/2021 4:00:00 AM,5/11/2021 12:00:00 AM,8445784,AEP,,,ZONE,,22.47,22.819778,0.225002,0.124776,True,1
5/11/2021 4:00:00 AM,5/11/2021 12:00:00 AM,33092371,COMED,,,ZONE,,22.47,22.101533,0.201997,-0.570464,True,1
5/11/2021 4:00:00 AM,5/11/2021 12:00:00 AM,34508503,DAY,,,ZONE,,22.47,23.599203,0.207848,0.921355,True,1
5/11/2021 4:00:00 AM,5/11/2021 12:00:00 AM,34964545,DOM,,,ZONE,,22.47,23.449964,0.456740,0.523224,True,1
5/11/2021 4:00:00 AM,5/11/2021 12:00:00 AM,37737283,DUQ,,,ZONE,,22.47,22.545541,0.179165,-0.103624,True,1
5/11/2021 4:00:00 AM,5/11/2021 12:00:00 AM,116013753,ATSI,,,ZONE,,22.47,22.784990,0.156867,0.158123,True,1
5/11/2021 4:00:00 AM,5/11/2021 12:00:00 AM,124076095,DEOK,,,ZONE,,22.47,22.836311,0.219874,0.146437,True,1
5/11/2021 4:00:00 AM,5/11/2021 12:00:00 AM,970242670,EKPC,,,ZONE,,22.47,22.530229,0.228348,-0.168119,True,1
5/11/2021 4:00:00 AM,5/11/2021 12:00:00 AM,1709725933,OVEC,,,ZONE,,22.47,22.330000,0.220000,-0.360000,True,1
5/11/2021 5:00:00 AM,5/11/2021 1:00:00 AM,1,PJM-RTO,,,ZONE,,20.16,20.542357,0.219598,0.162759,True,1
5/11/2021 5:00:00 AM,5/11/2021 1:00:00 AM,3,MID-ATL/APS,,,ZONE,,20.16,20.426162,0.236264,0.029897,True,1
5/11/2021 5:00:00 AM,5/11/2021 1:00:00 AM,51291,AECO,,,ZONE,,20.16,18.326704,-1.332229,-0.501067,True,1
5/11/2021 5:00:00 AM,5/11/2021 1:00:00 AM,51292,BGE,,,ZONE,,20.16,21.255494,0.944896,0.150598,True,1
5/11/2021 5:00:00 AM,5/11/2021 1:00:00 AM,51293,DPL,,,ZONE,,20.16,18.050031,-1.721339,-0.388630,True,1
5/11/2021 5:00:00 AM,5/11/2021 1:00:00 AM,51295,JCPL,,,ZONE,,20.16,18.760262,-1.067863,-0.331875,True,1
5/11/2021 5:00:00 AM,5/11/2021 1:00:00 AM,51296,METED,,,ZONE,,20.16,19.348678,-0.349803,-0.461519,True,1
5/11/2021 5:00:00 AM,5/11/2021 1:00:00 AM,51297,PECO,,,ZONE,,20.16,17.966964,-1.556133,-0.636903,True,1
5/11/2021 5:00:00 AM,5/11/2021 1:00:00 AM,51298,PEPCO,,,ZONE,,20.16,20.904328,0.664672,0.079656,True,1
5/11/2021 5:00:00 AM,5/11/2021 1:00:00 AM,51299,PPL,,,ZONE,,20.16,18.992668,-0.592408,-0.574924,True,1
5/11/2021 5:00:00 AM,5/11/2021 1:00:00 AM,51300,PENELEC,,,ZONE,,20.16,19.982719,-0.136772,-0.040509,True,1
5/11/2021 5:00:00 AM,5/11/2021 1:00:00 AM,51301,PSEG,,,ZONE,,20.16,18.642122,-1.082366,-0.435512,True,1
5/11/2021 5:00:00 AM,5/11/2021 1:00:00 AM,7633629,RECO,,,ZONE,,20.16,18.854425,-0.900000,-0.405575,True,1
5/11/2021 5:00:00 AM,5/11/2021 1:00:00 AM,8394954,APS,,,ZONE,,20.16,20.382101,0.278342,-0.056241,True,1
5/11/2021 5:00:00 AM,5/11/2021 1:00:00 AM,8445784,AEP,,,ZONE,,20.16,20.606039,0.255517,0.190522,True,1
5/11/2021 5:00:00 AM,5/11/2021 1:00:00 AM,33092371,COMED,,,ZONE,,20.16,20.097475,0.230016,-0.292541,True,1
5/11/2021 5:00:00 AM,5/11/2021 1:00:00 AM,34508503,DAY,,,ZONE,,20.16,21.340634,0.235945,0.944689,True,1
5/11/2021 5:00:00 AM,5/11/2021 1:00:00 AM,34964545,DOM,,,ZONE,,20.16,20.990866,0.519261,0.311605,True,1
5/11/2021 5:00:00 AM,5/11/2021 1:00:00 AM,37737283,DUQ,,,ZONE,,20.16,20.217245,0.200000,-0.142755,True,1
5/11/2021 5:00:00 AM,5/11/2021 1:00:00 AM,116013753,ATSI,,,ZONE,,20.16,20.484347,0.176821,0.147526,True,1
5/11/2021 5:00:00 AM,5/11/2021 1:00:00 AM,124076095,DEOK,,,ZONE,,20.16,20.689111,0.249858,0.279253,True,1
5/11/2021 5:00:00 AM,5/11/2021 1:00:00 AM,970242670,EKPC,,,ZONE,,20.16,20.431887,0.258724,0.013163,True,1
5/11/2021 5:00:00 AM,5/11/2021 1:00:00 AM,1709725933,OVEC,,,ZONE,,20.16,20.200000,0.250000,-0.210000,True,1
5/11/2021 6:00:00 AM,5/11/2021 2:00:00 AM,1,PJM-RTO,,,ZONE,,19.58,20.071979,0.351368,0.140611,True,1
5/11/2021 6:00:00 AM,5/11/2021 2:00:00 AM,3,MID-ATL/APS,,,ZONE,,19.58,19.549199,-0.002308,-0.028493,True,1
5/11/2021 6:00:00 AM,5/11/2021 2:00:00 AM,51291,AECO,,,ZONE,,19.58,17.674471,-1.318350,-0.587179,True,1
5/11/2021 6:00:00 AM,5/11/2021 2:00:00 AM,51292,BGE,,,ZONE,,19.58,20.300582,0.640535,0.080047,True,1
5/11/2021 6:00:00 AM,5/11/2021 2:00:00 AM,51293,DPL,,,ZONE,,19.58,17.430312,-1.671504,-0.478184,True,1
5/11/2021 6:00:00 AM,5/11/2021 2:00:00 AM,51295,JCPL,,,ZONE,,19.58,18.097660,-1.075234,-0.407106,True,1
5/11/2021 6:00:00 AM,5/11/2021 2:00:00 AM,51296,METED,,,ZONE,,19.58,18.607582,-0.446665,-0.525753,True,1
5/11/2021 6:00:00 AM,5/11/2021 2:00:00 AM,51297,PECO,,,ZONE,,19.58,17.351115,-1.521047,-0.707838,True,1
5/11/2021 6:00:00 AM,5/11/2021 2:00:00 AM,51298,PEPCO,,,ZONE,,19.58,19.963248,0.352409,0.030839,True,1
5/11/2021 6:00:00 AM,5/11/2021 2:00:00 AM,51299,PPL,,,ZONE,,19.58,18.291977,-0.654615,-0.633408,True,1
5/11/2021 6:00:00 AM,5/11/2021 2:00:00 AM,51300,PENELEC,,,ZONE,,19.58,19.383851,-0.131977,-0.064172,True,1
5/11/2021 6:00:00 AM,5/11/2021 2:00:00 AM,51301,PSEG,,,ZONE,,19.58,17.993876,-1.086139,-0.499985,True,1
5/11/2021 6:00:00 AM,5/11/2021 2:00:00 AM,7633629,RECO,,,ZONE,,19.58,18.215175,-0.910000,-0.454825,True,1
5/11/2021 6:00:00 AM,5/11/2021 2:00:00 AM,8394954,APS,,,ZONE,,19.58,19.702139,0.192759,-0.070620,True,1
5/11/2021 6:00:00 AM,5/11/2021 2:00:00 AM,8445784,AEP,,,ZONE,,19.58,20.246641,0.439438,0.227203,True,1
5/11/2021 6:00:00 AM,5/11/2021 2:00:00 AM,33092371,COMED,,,ZONE,,19.58,19.670855,0.330050,-0.239195,True,1
5/11/2021 6:00:00 AM,5/11/2021 2:00:00 AM,34508503,DAY,,,ZONE,,19.58,20.914313,0.334900,0.999413,True,1
5/11/2021 6:00:00 AM,5/11/2021 2:00:00 AM,34964545,DOM,,,ZONE,,19.58,20.164675,0.305762,0.278913,True,1
5/11/2021 6:00:00 AM,5/11/2021 2:00:00 AM,37737283,DUQ,,,ZONE,,19.58,19.616780,0.179111,-0.142331,True,1
5/11/2021 6:00:00 AM,5/11/2021 2:00:00 AM,116013753,ATSI,,,ZONE,,19.58,19.901847,0.160557,0.161290,True,1
5/11/2021 6:00:00 AM,5/11/2021 2:00:00 AM,124076095,DEOK,,,ZONE,,19.58,20.266184,0.358257,0.327927,True,1
5/11/2021 6:00:00 AM,5/11/2021 2:00:00 AM,970242670,EKPC,,,ZONE,,19.58,20.015518,0.371272,0.064246,True,1
5/11/2021 6:00:00 AM,5/11/2021 2:00:00 AM,1709725933,OVEC,,,ZONE,,19.58,19.810000,0.380000,-0.150000,True,1
5/11/2021 7:00:00 AM,5/11/2021 3:00:00 AM,1,PJM-RTO,,,ZONE,,19.84,20.195658,0.195239,0.160419,True,1
5/11/2021 7:00:00 AM,5/11/2021 3:00:00 AM,3,MID-ATL/APS,,,ZONE,,19.84,19.987428,0.200894,-0.053466,True,1
5/11/2021 7:00:00 AM,5/11/2021 3:00:00 AM,51291,AECO,,,ZONE,,19.84,18.056070,-1.177573,-0.606357,True,1
5/11/2021 7:00:00 AM,5/11/2021 3:00:00 AM,51292,BGE,,,ZONE,,19.84,20.721977,0.829665,0.052312,True,1
5/11/2021 7:00:00 AM,5/11/2021 3:00:00 AM,51293,DPL,,,ZONE,,19.84,17.819441,-1.520167,-0.500392,True,1
5/11/2021 7:00:00 AM,5/11/2021 3:00:00 AM,51295,JCPL,,,ZONE,,19.84,18.468801,-0.944187,-0.427012,True,1
5/11/2021 7:00:00 AM,5/11/2021 3:00:00 AM,51296,METED,,,ZONE,,19.84,18.978881,-0.311485,-0.549634,True,1
5/11/2021 7:00:00 AM,5/11/2021 3:00:00 AM,51297,PECO,,,ZONE,,19.84,17.728150,-1.374984,-0.736866,True,1
5/11/2021 7:00:00 AM,5/11/2021 3:00:00 AM,51298,PEPCO,,,ZONE,,19.84,20.424160,0.582731,0.001429,True,1
5/11/2021 7:00:00 AM,5/11/2021 3:00:00 AM,51299,PPL,,,ZONE,,19.84,18.656332,-0.525751,-0.657917,True,1
5/11/2021 7:00:00 AM,5/11/2021 3:00:00 AM,51300,PENELEC,,,ZONE,,19.84,19.653682,-0.122795,-0.063523,True,1
5/11/2021 7:00:00 AM,5/11/2021 3:00:00 AM,51301,PSEG,,,ZONE,,19.84,18.361135,-0.957185,-0.521680,True,1
5/11/2021 7:00:00 AM,5/11/2021 3:00:00 AM,7633629,RECO,,,ZONE,,19.84,18.571094,-0.800000,-0.468906,True,1
5/11/2021 7:00:00 AM,5/11/2021 3:00:00 AM,8394954,APS,,,ZONE,,19.84,20.006307,0.242593,-0.076286,True,1
5/11/2021 7:00:00 AM,5/11/2021 3:00:00 AM,8445784,AEP,,,ZONE,,19.84,20.318488,0.222466,0.256022,True,1
5/11/2021 7:00:00 AM,5/11/2021 3:00:00 AM,33092371,COMED,,,ZONE,,19.84,19.832401,0.200016,-0.207615,True,1
5/11/2021 7:00:00 AM,5/11/2021 3:00:00 AM,34508503,DAY,,,ZONE,,19.84,21.099563,0.205528,1.054035,True,1
5/11/2021 7:00:00 AM,5/11/2021 3:00:00 AM,34964545,DOM,,,ZONE,,19.84,20.530572,0.455098,0.235474,True,1
5/11/2021 7:00:00 AM,5/11/2021 3:00:00 AM,37737283,DUQ,,,ZONE,,19.84,19.872230,0.175455,-0.143225,True,1
5/11/2021 7:00:00 AM,5/11/2021 3:00:00 AM,116013753,ATSI,,,ZONE,,19.84,20.173303,0.153107,0.180196,True,1
5/11/2021 7:00:00 AM,5/11/2021 3:00:00 AM,124076095,DEOK,,,ZONE,,19.84,20.425704,0.211365,0.374339,True,1
5/11/2021 7:00:00 AM,5/11/2021 3:00:00 AM,970242670,EKPC,,,ZONE,,19.84,20.167008,0.225697,0.101311,True,1
5/11/2021 7:00:00 AM,5/11/2021 3:00:00 AM,1709725933,OVEC,,,ZONE,,19.84,19.940000,0.220000,-0.120000,True,1
5/11/2021 8:00:00 AM,5/11/2021 4:00:00 AM,1,PJM-RTO,,,ZONE,,20.79,21.218487,0.271810,0.156676,True,1
5/11/2021 8:00:00 AM,5/11/2021 4:00:00 AM,3,MID-ATL/APS,,,ZONE,,20.79,21.041386,0.278307,-0.026921,True,1
5/11/2021 8:00:00 AM,5/11/2021 4:00:00 AM,51291,AECO,,,ZONE,,20.79,18.482875,-1.673850,-0.633275,True,1
5/11/2021 8:00:00 AM,5/11/2021 4:00:00 AM,51292,BGE,,,ZONE,,20.79,22.059735,1.176797,0.092938,True,1
5/11/2021 8:00:00 AM,5/11/2021 4:00:00 AM,51293,DPL,,,ZONE,,20.79,18.092311,-2.148439,-0.549250,True,1
5/11/2021 8:00:00 AM,5/11/2021 4:00:00 AM,51295,JCPL,,,ZONE,,20.79,19.004174,-1.340544,-0.445282,True,1
5/11/2021 8:00:00 AM,5/11/2021 4:00:00 AM,51296,METED,,,ZONE,,20.79,19.789850,-0.442604,-0.557546,True,1
5/11/2021 8:00:00 AM,5/11/2021 4:00:00 AM,51297,PECO,,,ZONE,,20.79,18.058393,-1.952890,-0.778717,True,1
5/11/2021 8:00:00 AM,5/11/2021 4:00:00 AM,51298,PEPCO,,,ZONE,,20.79,21.655742,0.825991,0.039751,True,1
5/11/2021 8:00:00 AM,5/11/2021 4:00:00 AM,51299,PPL,,,ZONE,,20.79,19.368520,-0.746820,-0.674660,True,1
5/11/2021 8:00:00 AM,5/11/2021 4:00:00 AM,51300,PENELEC,,,ZONE,,20.79,20.495519,-0.175156,-0.119325,True,1
5/11/2021 8:00:00 AM,5/11/2021 4:00:00 AM,51301,PSEG,,,ZONE,,20.79,18.885203,-1.360089,-0.544708,True,1
5/11/2021 8:00:00 AM,5/11/2021 4:00:00 AM,7633629,RECO,,,ZONE,,20.79,19.157873,-1.133599,-0.498528,True,1
5/11/2021 8:00:00 AM,5/11/2021 4:00:00 AM,8394954,APS,,,ZONE,,20.79,21.056576,0.342311,-0.075735,True,1
5/11/2021 8:00:00 AM,5/11/2021 4:00:00 AM,8445784,AEP,,,ZONE,,20.79,21.356471,0.313233,0.253238,True,1
5/11/2021 8:00:00 AM,5/11/2021 4:00:00 AM,33092371,COMED,,,ZONE,,20.79,20.829967,0.283377,-0.243410,True,1
5/11/2021 8:00:00 AM,5/11/2021 4:00:00 AM,34508503,DAY,,,ZONE,,20.79,22.202036,0.288703,1.123333,True,1
5/11/2021 8:00:00 AM,5/11/2021 4:00:00 AM,34964545,DOM,,,ZONE,,20.79,21.712688,0.644640,0.278048,True,1
5/11/2021 8:00:00 AM,5/11/2021 4:00:00 AM,37737283,DUQ,,,ZONE,,20.79,20.827949,0.248422,-0.210473,True,1
5/11/2021 8:00:00 AM,5/11/2021 4:00:00 AM,116013753,ATSI,,,ZONE,,20.79,21.182932,0.215529,0.177403,True,1
5/11/2021 8:00:00 AM,5/11/2021 4:00:00 AM,124076095,DEOK,,,ZONE,,20.79,21.484715,0.300483,0.394232,True,1
5/11/2021 8:00:00 AM,5/11/2021 4:00:00 AM,970242670,EKPC,,,ZONE,,20.79,21.211694,0.319359,0.102335,True,1
5/11/2021 8:00:00 AM,5/11/2021 4:00:00 AM,1709725933,OVEC,,,ZONE,,20.79,20.940000,0.310000,-0.160000,True,1
5/11/2021 9:00:00 AM,5/11/2021 5:00:00 AM,1,PJM-RTO,,,ZONE,,23.20,23.836912,0.453341,0.183571,True,1
5/11/2021 9:00:00 AM,5/11/2021 5:00:00 AM,3,MID-ATL/APS,,,ZONE,,23.20,23.756292,0.526378,0.029914,True,1
5/11/2021 9:00:00 AM,5/11/2021 5:00:00 AM,51291,AECO,,,ZONE,,23.20,19.569639,-2.932281,-0.698080,True,1
5/11/2021 9:00:00 AM,5/11/2021 5:00:00 AM,51292,BGE,,,ZONE,,23.20,25.491220,2.063976,0.227244,True,1
5/11/2021 9:00:00 AM,5/11/2021 5:00:00 AM,51293,DPL,,,ZONE,,23.20,18.835158,-3.766668,-0.598174,True,1
5/11/2021 9:00:00 AM,5/11/2021 5:00:00 AM,51295,JCPL,,,ZONE,,23.20,20.277719,-2.349670,-0.572611,True,1
5/11/2021 9:00:00 AM,5/11/2021 5:00:00 AM,51296,METED,,,ZONE,,23.20,21.857039,-0.776067,-0.566894,True,1
5/11/2021 9:00:00 AM,5/11/2021 5:00:00 AM,51297,PECO,,,ZONE,,23.20,18.912744,-3.423643,-0.863613,True,1
5/11/2021 9:00:00 AM,5/11/2021 5:00:00 AM,51298,PEPCO,,,ZONE,,23.20,24.749066,1.449362,0.099704,True,1
5/11/2021 9:00:00 AM,5/11/2021 5:00:00 AM,51299,PPL,,,ZONE,,23.20,21.163086,-1.308985,-0.727929,True,1
5/11/2021 9:00:00 AM,5/11/2021 5:00:00 AM,51300,PENELEC,,,ZONE,,23.20,22.877374,-0.306701,-0.015925,True,1
5/11/2021 9:00:00 AM,5/11/2021 5:00:00 AM,51301,PSEG,,,ZONE,,23.20,20.173707,-2.383554,-0.642739,True,1
5/11/2021 9:00:00 AM,5/11/2021 5:00:00 AM,7633629,RECO,,,ZONE,,23.20,20.633627,-1.990000,-0.576373,True,1
5/11/2021 9:00:00 AM,5/11/2021 5:00:00 AM,8394954,APS,,,ZONE,,23.20,23.698102,0.601322,-0.103220,True,1
5/11/2021 9:00:00 AM,5/11/2021 5:00:00 AM,8445784,AEP,,,ZONE,,23.20,24.040529,0.550037,0.290492,True,1
5/11/2021 9:00:00 AM,5/11/2021 5:00:00 AM,33092371,COMED,,,ZONE,,23.20,23.391932,0.500194,-0.308262,True,1
5/11/2021 9:00:00 AM,5/11/2021 5:00:00 AM,34508503,DAY,,,ZONE,,23.20,25.128868,0.506705,1.422163,True,1
5/11/2021 9:00:00 AM,5/11/2021 5:00:00 AM,34964545,DOM,,,ZONE,,23.20,24.627426,1.131111,0.296315,True,1
5/11/2021 9:00:00 AM,5/11/2021 5:00:00 AM,37737283,DUQ,,,ZONE,,23.20,23.253453,0.434084,-0.380631,True,1
5/11/2021 9:00:00 AM,5/11/2021 5:00:00 AM,116013753,ATSI,,,ZONE,,23.20,23.810322,0.379124,0.231198,True,1
5/11/2021 9:00:00 AM,5/11/2021 5:00:00 AM,124076095,DEOK,,,ZONE,,23.20,24.231276,0.530427,0.500849,True,1
5/11/2021 9:00:00 AM,5/11/2021 5:00:00 AM,970242670,EKPC,,,ZONE,,23.20,23.901686,0.559216,0.142470,True,1
5/11/2021 9:00:00 AM,5/11/2021 5:00:00 AM,1709725933,OVEC,,,ZONE,,23.20,23.550000,0.550000,-0.200000,True,1
5/11/2021 10:00:00 AM,5/11/2021 6:00:00 AM,1,PJM-RTO,,,ZONE,,31.10,32.345947,0.987224,0.258723,True,1
5/11/2021 10:00:00 AM,5/11/2021 6:00:00 AM,3,MID-ATL/APS,,,ZONE,,31.10,32.920492,1.448104,0.372388,True,1
5/11/2021 10:00:00 AM,5/11/2021 6:00:00 AM,51291,AECO,,,ZONE,,31.10,25.410965,-5.091927,-0.597108,True,1
5/11/2021 10:00:00 AM,5/11/2021 6:00:00 AM,51292,BGE,,,ZONE,,31.10,36.886029,5.057656,0.728373,True,1
5/11/2021 10:00:00 AM,5/11/2021 6:00:00 AM,51293,DPL,,,ZONE,,31.10,24.322468,-6.379871,-0.397661,True,1
5/11/2021 10:00:00 AM,5/11/2021 6:00:00 AM,51295,JCPL,,,ZONE,,31.10,26.382890,-4.192028,-0.525082,True,1
5/11/2021 10:00:00 AM,5/11/2021 6:00:00 AM,51296,METED,,,ZONE,,31.10,28.767676,-1.938478,-0.393846,True,1
5/11/2021 10:00:00 AM,5/11/2021 6:00:00 AM,51297,PECO,,,ZONE,,31.10,24.353772,-5.882095,-0.864133,True,1
5/11/2021 10:00:00 AM,5/11/2021 6:00:00 AM,51298,PEPCO,,,ZONE,,31.10,34.337978,2.822514,0.415464,True,1
5/11/2021 10:00:00 AM,5/11/2021 6:00:00 AM,51299,PPL,,,ZONE,,31.10,27.685160,-2.782571,-0.632269,True,1
5/11/2021 10:00:00 AM,5/11/2021 6:00:00 AM,51300,PENELEC,,,ZONE,,31.10,30.739266,-0.631211,0.270477,True,1
5/11/2021 10:00:00 AM,5/11/2021 6:00:00 AM,51301,PSEG,,,ZONE,,31.10,26.239937,-4.230501,-0.629562,True,1
5/11/2021 10:00:00 AM,5/11/2021 6:00:00 AM,7633629,RECO,,,ZONE,,31.10,26.950674,-3.580984,-0.568342,True,1
5/11/2021 10:00:00 AM,5/11/2021 6:00:00 AM,8394954,APS,,,ZONE,,31.10,32.126341,0.980734,0.045607,True,1
5/11/2021 10:00:00 AM,5/11/2021 6:00:00 AM,8445784,AEP,,,ZONE,,31.10,32.186161,0.849400,0.236761,True,1
5/11/2021 10:00:00 AM,5/11/2021 6:00:00 AM,33092371,COMED,,,ZONE,,31.10,30.983797,0.770882,-0.887085,True,1
5/11/2021 10:00:00 AM,5/11/2021 6:00:00 AM,34508503,DAY,,,ZONE,,31.10,33.475588,0.782549,1.593039,True,1
5/11/2021 10:00:00 AM,5/11/2021 6:00:00 AM,34964545,DOM,,,ZONE,,31.10,33.569447,2.090199,0.379248,True,1
5/11/2021 10:00:00 AM,5/11/2021 6:00:00 AM,37737283,DUQ,,,ZONE,,31.10,31.459246,0.668342,-0.309096,True,1
5/11/2021 10:00:00 AM,5/11/2021 6:00:00 AM,116013753,ATSI,,,ZONE,,31.10,32.129984,0.585460,0.444524,True,1
5/11/2021 10:00:00 AM,5/11/2021 6:00:00 AM,124076095,DEOK,,,ZONE,,31.10,32.371910,0.820341,0.451569,True,1
5/11/2021 10:00:00 AM,5/11/2021 6:00:00 AM,970242670,EKPC,,,ZONE,,31.10,31.861564,0.862352,-0.100788,True,1
5/11/2021 10:00:00 AM,5/11/2021 6:00:00 AM,1709725933,OVEC,,,ZONE,,31.10,31.470000,0.840000,-0.470000,True,1
5/11/2021 11:00:00 AM,5/11/2021 7:00:00 AM,1,PJM-RTO,,,ZONE,,30.48,31.398829,0.685051,0.233778,True,1
5/11/2021 11:00:00 AM,5/11/2021 7:00:00 AM,3,MID-ATL/APS,,,ZONE,,30.48,31.800993,1.034149,0.286843,True,1
5/11/2021 11:00:00 AM,5/11/2021 7:00:00 AM,51291,AECO,,,ZONE,,30.48,26.506248,-3.372879,-0.600873,True,1
5/11/2021 11:00:00 AM,5/11/2021 7:00:00 AM,51292,BGE,,,ZONE,,30.48,35.685670,4.526306,0.679364,True,1
5/11/2021 11:00:00 AM,5/11/2021 7:00:00 AM,51293,DPL,,,ZONE,,30.48,25.959026,-4.118757,-0.402217,True,1
5/11/2021 11:00:00 AM,5/11/2021 7:00:00 AM,51295,JCPL,,,ZONE,,30.48,27.187916,-2.864105,-0.427979,True,1
5/11/2021 11:00:00 AM,5/11/2021 7:00:00 AM,51296,METED,,,ZONE,,30.48,28.379877,-1.753173,-0.346950,True,1
5/11/2021 11:00:00 AM,5/11/2021 7:00:00 AM,51297,PECO,,,ZONE,,30.48,25.797345,-3.847125,-0.835530,True,1
5/11/2021 11:00:00 AM,5/11/2021 7:00:00 AM,51298,PEPCO,,,ZONE,,30.48,32.960192,2.116192,0.364000,True,1
5/11/2021 11:00:00 AM,5/11/2021 7:00:00 AM,51299,PPL,,,ZONE,,30.48,27.689236,-2.247280,-0.543484,True,1
5/11/2021 11:00:00 AM,5/11/2021 7:00:00 AM,51300,PENELEC,,,ZONE,,30.48,30.178594,-0.489536,0.188130,True,1
5/11/2021 11:00:00 AM,5/11/2021 7:00:00 AM,51301,PSEG,,,ZONE,,30.48,27.046071,-2.874063,-0.559866,True,1
5/11/2021 11:00:00 AM,5/11/2021 7:00:00 AM,7633629,RECO,,,ZONE,,30.48,27.530984,-2.465327,-0.483689,True,1
5/11/2021 11:00:00 AM,5/11/2021 7:00:00 AM,8394954,APS,,,ZONE,,30.48,31.084877,0.602177,0.002700,True,1
5/11/2021 11:00:00 AM,5/11/2021 7:00:00 AM,8445784,AEP,,,ZONE,,30.48,31.151822,0.481596,0.190226,True,1
5/11/2021 11:00:00 AM,5/11/2021 7:00:00 AM,33092371,COMED,,,ZONE,,30.48,30.117479,0.433396,-0.795917,True,1
5/11/2021 11:00:00 AM,5/11/2021 7:00:00 AM,34508503,DAY,,,ZONE,,30.48,32.402758,0.440544,1.482214,True,1
5/11/2021 11:00:00 AM,5/11/2021 7:00:00 AM,34964545,DOM,,,ZONE,,30.48,32.350047,1.489473,0.380574,True,1
5/11/2021 11:00:00 AM,5/11/2021 7:00:00 AM,37737283,DUQ,,,ZONE,,30.48,30.524334,0.378422,-0.334088,True,1
5/11/2021 11:00:00 AM,5/11/2021 7:00:00 AM,116013753,ATSI,,,ZONE,,30.48,31.233886,0.330861,0.423025,True,1
5/11/2021 11:00:00 AM,5/11/2021 7:00:00 AM,124076095,DEOK,,,ZONE,,30.48,31.387668,0.460020,0.447648,True,1
5/11/2021 11:00:00 AM,5/11/2021 7:00:00 AM,970242670,EKPC,,,ZONE,,30.48,30.803106,0.484577,-0.161471,True,1
5/11/2021 11:00:00 AM,5/11/2021 7:00:00 AM,1709725933,OVEC,,,ZONE,,30.48,30.380000,0.470000,-0.570000,True,1
5/11/2021 12:00:00 PM,5/11/2021 8:00:00 AM,1,PJM-RTO,,,ZONE,,31.15,32.355635,0.973375,0.232260,True,1
5/11/2021 12:00:00 PM,5/11/2021 8:00:00 AM,3,MID-ATL/APS,,,ZONE,,31.15,32.699543,1.368800,0.180743,True,1
5/11/2021 12:00:00 PM,5/11/2021 8:00:00 AM,51291,AECO,,,ZONE,,31.15,24.966350,-5.392579,-0.791071,True,1
5/11/2021 12:00:00 PM,5/11/2021 8:00:00 AM,51292,BGE,,,ZONE,,31.15,37.793692,6.053907,0.589785,True,1
5/11/2021 12:00:00 PM,5/11/2021 8:00:00 AM,51293,DPL,,,ZONE,,31.15,23.904430,-6.675022,-0.570548,True,1
5/11/2021 12:00:00 PM,5/11/2021 8:00:00 AM,51295,JCPL,,,ZONE,,31.15,26.023674,-4.510018,-0.616308,True,1
5/11/2021 12:00:00 PM,5/11/2021 8:00:00 AM,51296,METED,,,ZONE,,31.15,28.388166,-2.211475,-0.550359,True,1
5/11/2021 12:00:00 PM,5/11/2021 8:00:00 AM,51297,PECO,,,ZONE,,31.15,23.949404,-6.199486,-1.001110,True,1
5/11/2021 12:00:00 PM,5/11/2021 8:00:00 AM,51298,PEPCO,,,ZONE,,31.15,34.674628,3.238423,0.286205,True,1
5/11/2021 12:00:00 PM,5/11/2021 8:00:00 AM,51299,PPL,,,ZONE,,31.15,27.256619,-3.146569,-0.746812,True,1
5/11/2021 12:00:00 PM,5/11/2021 8:00:00 AM,51300,PENELEC,,,ZONE,,31.15,30.354283,-0.744701,-0.051016,True,1
5/11/2021 12:00:00 PM,5/11/2021 8:00:00 AM,51301,PSEG,,,ZONE,,31.15,25.885712,-4.532320,-0.731968,True,1
5/11/2021 12:00:00 PM,5/11/2021 8:00:00 AM,7633629,RECO,,,ZONE,,31.15,26.640709,-3.863599,-0.645692,True,1
5/11/2021 12:00:00 PM,5/11/2021 8:00:00 AM,8394954,APS,,,ZONE,,31.15,32.098898,1.017954,-0.069056,True,1
5/11/2021 12:00:00 PM,5/11/2021 8:00:00 AM,8445784,AEP,,,ZONE,,31.15,32.273133,0.844468,0.278665,True,1
5/11/2021 12:00:00 PM,5/11/2021 8:00:00 AM,33092371,COMED,,,ZONE,,31.15,31.351753,0.756145,-0.554392,True,1
5/11/2021 12:00:00 PM,5/11/2021 8:00:00 AM,34508503,DAY,,,ZONE,,31.15,33.537419,0.762852,1.624567,True,1
5/11/2021 12:00:00 PM,5/11/2021 8:00:00 AM,34964545,DOM,,,ZONE,,31.15,33.810280,2.380798,0.279482,True,1
5/11/2021 12:00:00 PM,5/11/2021 8:00:00 AM,37737283,DUQ,,,ZONE,,31.15,31.409934,0.639289,-0.379355,True,1
5/11/2021 12:00:00 PM,5/11/2021 8:00:00 AM,116013753,ATSI,,,ZONE,,31.15,32.154323,0.557838,0.446485,True,1
5/11/2021 12:00:00 PM,5/11/2021 8:00:00 AM,124076095,DEOK,,,ZONE,,31.15,32.579397,0.801240,0.628157,True,1
5/11/2021 12:00:00 PM,5/11/2021 8:00:00 AM,970242670,EKPC,,,ZONE,,31.15,32.033172,0.848773,0.034399,True,1
5/11/2021 12:00:00 PM,5/11/2021 8:00:00 AM,1709725933,OVEC,,,ZONE,,31.15,31.460000,0.820000,-0.510000,True,1
5/11/2021 1:00:00 PM,5/11/2021 9:00:00 AM,1,PJM-RTO,,,ZONE,,31.05,32.513343,1.217751,0.245592,True,1
5/11/2021 1:00:00 PM,5/11/2021 9:00:00 AM,3,MID-ATL/APS,,,ZONE,,31.05,32.791092,1.529661,0.211431,True,1
5/11/2021 1:00:00 PM,5/11/2021 9:00:00 AM,51291,AECO,,,ZONE,,31.05,22.877900,-7.417975,-0.754125,True,1
5/11/2021 1:00:00 PM,5/11/2021 9:00:00 AM,51292,BGE,,,ZONE,,31.05,38.119079,6.427309,0.641770,True,1
5/11/2021 1:00:00 PM,5/11/2021 9:00:00 AM,51293,DPL,,,ZONE,,31.05,21.187436,-9.350775,-0.511789,True,1
5/11/2021 1:00:00 PM,5/11/2021 9:00:00 AM,51295,JCPL,,,ZONE,,31.05,24.433549,-6.066437,-0.550014,True,1
5/11/2021 1:00:00 PM,5/11/2021 9:00:00 AM,51296,METED,,,ZONE,,31.05,28.380784,-2.244287,-0.424929,True,1
5/11/2021 1:00:00 PM,5/11/2021 9:00:00 AM,51297,PECO,,,ZONE,,31.05,21.519753,-8.607142,-0.923105,True,1
5/11/2021 1:00:00 PM,5/11/2021 9:00:00 AM,51298,PEPCO,,,ZONE,,31.05,35.385410,4.061698,0.273712,True,1
5/11/2021 1:00:00 PM,5/11/2021 9:00:00 AM,51299,PPL,,,ZONE,,31.05,26.721423,-3.667152,-0.661425,True,1
5/11/2021 1:00:00 PM,5/11/2021 9:00:00 AM,51300,PENELEC,,,ZONE,,31.05,30.249997,-0.886032,0.086029,True,1
5/11/2021 1:00:00 PM,5/11/2021 9:00:00 AM,51301,PSEG,,,ZONE,,31.05,24.247451,-6.118472,-0.684077,True,1
5/11/2021 1:00:00 PM,5/11/2021 9:00:00 AM,7633629,RECO,,,ZONE,,31.05,25.305416,-5.150984,-0.593600,True,1
5/11/2021 1:00:00 PM,5/11/2021 9:00:00 AM,8394954,APS,,,ZONE,,31.05,32.496269,1.485835,-0.039566,True,1
5/11/2021 1:00:00 PM,5/11/2021 9:00:00 AM,8445784,AEP,,,ZONE,,31.05,32.578893,1.301176,0.227717,True,1
5/11/2021 1:00:00 PM,5/11/2021 9:00:00 AM,33092371,COMED,,,ZONE,,31.05,31.755215,1.172208,-0.466993,True,1
5/11/2021 1:00:00 PM,5/11/2021 9:00:00 AM,34508503,DAY,,,ZONE,,31.05,33.899536,1.184016,1.665520,True,1
5/11/2021 1:00:00 PM,5/11/2021 9:00:00 AM,34964545,DOM,,,ZONE,,31.05,34.294664,3.115305,0.129359,True,1
5/11/2021 1:00:00 PM,5/11/2021 9:00:00 AM,37737283,DUQ,,,ZONE,,31.05,31.722594,0.994099,-0.321505,True,1
5/11/2021 1:00:00 PM,5/11/2021 9:00:00 AM,116013753,ATSI,,,ZONE,,31.05,32.428229,0.867544,0.510685,True,1
5/11/2021 1:00:00 PM,5/11/2021 9:00:00 AM,124076095,DEOK,,,ZONE,,31.05,32.957291,1.244561,0.662730,True,1
5/11/2021 1:00:00 PM,5/11/2021 9:00:00 AM,970242670,EKPC,,,ZONE,,31.05,32.397868,1.316701,0.031167,True,1
5/11/2021 1:00:00 PM,5/11/2021 9:00:00 AM,1709725933,OVEC,,,ZONE,,31.05,31.810000,1.280000,-0.520000,True,1
5/11/2021 2:00:00 PM,5/11/2021 10:00:00 AM,1,PJM-RTO,,,ZONE,,30.32,31.692383,1.112234,0.260149,True,1
5/11/2021 2:00:00 PM,5/11/2021 10:00:00 AM,3,MID-ATL/APS,,,ZONE,,30.32,32.273279,1.677282,0.275997,True,1
5/11/2021 2:00:00 PM,5/11/2021 10:00:00 AM,51291,AECO,,,ZONE,,30.32,23.825972,-5.751683,-0.742345,True,1
5/11/2021 2:00:00 PM,5/11/2021 10:00:00 AM,51292,BGE,,,ZONE,,30.32,37.828445,6.846157,0.662288,True,1
5/11/2021 2:00:00 PM,5/11/2021 10:00:00 AM,51293,DPL,,,ZONE,,30.32,22.672014,-7.129317,-0.518669,True,1
5/11/2021 2:00:00 PM,5/11/2021 10:00:00 AM,51295,JCPL,,,ZONE,,30.32,24.913299,-4.837692,-0.569009,True,1
5/11/2021 2:00:00 PM,5/11/2021 10:00:00 AM,51296,METED,,,ZONE,,30.32,27.376809,-2.513587,-0.429604,True,1
5/11/2021 2:00:00 PM,5/11/2021 10:00:00 AM,51297,PECO,,,ZONE,,30.32,22.809451,-6.598845,-0.911704,True,1
5/11/2021 2:00:00 PM,5/11/2021 10:00:00 AM,51298,PEPCO,,,ZONE,,30.32,34.182367,3.541730,0.320637,True,1
5/11/2021 2:00:00 PM,5/11/2021 10:00:00 AM,51299,PPL,,,ZONE,,30.32,26.166934,-3.487624,-0.665442,True,1
5/11/2021 2:00:00 PM,5/11/2021 10:00:00 AM,51300,PENELEC,,,ZONE,,30.32,29.462508,-0.820310,-0.037182,True,1
5/11/2021 2:00:00 PM,5/11/2021 10:00:00 AM,51301,PSEG,,,ZONE,,30.32,24.737462,-4.857366,-0.725172,True,1
5/11/2021 2:00:00 PM,5/11/2021 10:00:00 AM,7633629,RECO,,,ZONE,,30.32,25.497763,-4.150984,-0.671253,True,1
5/11/2021 2:00:00 PM,5/11/2021 10:00:00 AM,8394954,APS,,,ZONE,,30.32,31.285759,1.071546,-0.105787,True,1
5/11/2021 2:00:00 PM,5/11/2021 10:00:00 AM,8445784,AEP,,,ZONE,,30.32,31.395088,0.873551,0.201537,True,1
5/11/2021 2:00:00 PM,5/11/2021 10:00:00 AM,33092371,COMED,,,ZONE,,30.32,30.631474,0.779291,-0.467817,True,1
5/11/2021 2:00:00 PM,5/11/2021 10:00:00 AM,34508503,DAY,,,ZONE,,30.32,32.630075,0.786115,1.523960,True,1
5/11/2021 2:00:00 PM,5/11/2021 10:00:00 AM,34964545,DOM,,,ZONE,,30.32,33.186468,2.582643,0.283825,True,1
5/11/2021 2:00:00 PM,5/11/2021 10:00:00 AM,37737283,DUQ,,,ZONE,,30.32,30.552950,0.659592,-0.426642,True,1
5/11/2021 2:00:00 PM,5/11/2021 10:00:00 AM,116013753,ATSI,,,ZONE,,30.32,31.315464,0.574721,0.420743,True,1
5/11/2021 2:00:00 PM,5/11/2021 10:00:00 AM,124076095,DEOK,,,ZONE,,30.32,31.741389,0.826386,0.595003,True,1
5/11/2021 2:00:00 PM,5/11/2021 10:00:00 AM,970242670,EKPC,,,ZONE,,30.32,31.202703,0.875392,0.007311,True,1
5/11/2021 2:00:00 PM,5/11/2021 10:00:00 AM,1709725933,OVEC,,,ZONE,,30.32,30.620000,0.850000,-0.550000,True,1
5/11/2021 3:00:00 PM,5/11/2021 11:00:00 AM,1,PJM-RTO,,,ZONE,,29.13,30.348594,1.008235,0.210359,True,1
5/11/2021 3:00:00 PM,5/11/2021 11:00:00 AM,3,MID-ATL/APS,,,ZONE,,29.13,30.885455,1.594983,0.160471,True,1
5/11/2021 3:00:00 PM,5/11/2021 11:00:00 AM,51291,AECO,,,ZONE,,29.13,23.270050,-4.855880,-1.004070,True,1
5/11/2021 3:00:00 PM,5/11/2021 11:00:00 AM,51292,BGE,,,ZONE,,29.13,35.798773,6.147336,0.521437,True,1
5/11/2021 3:00:00 PM,5/11/2021 11:00:00 AM,51293,DPL,,,ZONE,,29.13,22.357447,-5.981883,-0.790670,True,1
5/11/2021 3:00:00 PM,5/11/2021 11:00:00 AM,51295,JCPL,,,ZONE,,29.13,24.223035,-4.110224,-0.796741,True,1
5/11/2021 3:00:00 PM,5/11/2021 11:00:00 AM,51296,METED,,,ZONE,,29.13,26.198508,-2.275128,-0.656364,True,1
5/11/2021 3:00:00 PM,5/11/2021 11:00:00 AM,51297,PECO,,,ZONE,,29.13,22.460264,-5.555932,-1.113804,True,1
5/11/2021 3:00:00 PM,5/11/2021 11:00:00 AM,51298,PEPCO,,,ZONE,,29.13,32.480230,3.067147,0.283083,True,1
5/11/2021 3:00:00 PM,5/11/2021 11:00:00 AM,51299,PPL,,,ZONE,,29.13,25.185223,-3.072217,-0.872560,True,1
5/11/2021 3:00:00 PM,5/11/2021 11:00:00 AM,51300,PENELEC,,,ZONE,,29.13,28.224610,-0.727252,-0.178138,True,1
5/11/2021 3:00:00 PM,5/11/2021 11:00:00 AM,51301,PSEG,,,ZONE,,29.13,24.056686,-4.123506,-0.949808,True,1
5/11/2021 3:00:00 PM,5/11/2021 11:00:00 AM,7633629,RECO,,,ZONE,,29.13,24.734652,-3.533599,-0.861749,True,1
5/11/2021 3:00:00 PM,5/11/2021 11:00:00 AM,8394954,APS,,,ZONE,,29.13,29.866009,0.885777,-0.149768,True,1
5/11/2021 3:00:00 PM,5/11/2021 11:00:00 AM,8445784,AEP,,,ZONE,,29.13,30.115940,0.708614,0.277326,True,1
5/11/2021 3:00:00 PM,5/11/2021 11:00:00 AM,33092371,COMED,,,ZONE,,29.13,29.412755,0.630100,-0.347345,True,1
5/11/2021 3:00:00 PM,5/11/2021 11:00:00 AM,34508503,DAY,,,ZONE,,29.13,31.276635,0.634456,1.512179,True,1
5/11/2021 3:00:00 PM,5/11/2021 11:00:00 AM,34964545,DOM,,,ZONE,,29.13,31.737219,2.211270,0.395949,True,1
5/11/2021 3:00:00 PM,5/11/2021 11:00:00 AM,37737283,DUQ,,,ZONE,,29.13,29.247074,0.532141,-0.415067,True,1
5/11/2021 3:00:00 PM,5/11/2021 11:00:00 AM,116013753,ATSI,,,ZONE,,29.13,29.979087,0.463850,0.385237,True,1
5/11/2021 3:00:00 PM,5/11/2021 11:00:00 AM,124076095,DEOK,,,ZONE,,29.13,30.426349,0.669791,0.626558,True,1
5/11/2021 3:00:00 PM,5/11/2021 11:00:00 AM,970242670,EKPC,,,ZONE,,29.13,29.922110,0.706850,0.085260,True,1
5/11/2021 3:00:00 PM,5/11/2021 11:00:00 AM,1709725933,OVEC,,,ZONE,,29.13,29.350000,0.690000,-0.470000,True,1
5/11/2021 4:00:00 PM,5/11/2021 12:00:00 PM,1,PJM-RTO,,,ZONE,,29.12,30.185714,0.821974,0.243740,True,1
5/11/2021 4:00:00 PM,5/11/2021 12:00:00 PM,3,MID-ATL/APS,,,ZONE,,29.12,30.752463,1.399684,0.232779,True,1
5/11/2021 4:00:00 PM,5/11/2021 12:00:00 PM,51291,AECO,,,ZONE,,29.12,24.521791,-3.534680,-1.063529,True,1
5/11/2021 4:00:00 PM,5/11/2021 12:00:00 PM,51292,BGE,,,ZONE,,29.12,35.030850,5.353549,0.557301,True,1
5/11/2021 4:00:00 PM,5/11/2021 12:00:00 PM,51293,DPL,,,ZONE,,29.12,24.001408,-4.251219,-0.867373,True,1
5/11/2021 4:00:00 PM,5/11/2021 12:00:00 PM,51295,JCPL,,,ZONE,,29.12,25.194585,-3.054946,-0.870469,True,1
5/11/2021 4:00:00 PM,5/11/2021 12:00:00 PM,51296,METED,,,ZONE,,29.12,26.379730,-2.021962,-0.718308,True,1
5/11/2021 4:00:00 PM,5/11/2021 12:00:00 PM,51297,PECO,,,ZONE,,29.12,23.935953,-4.008465,-1.175582,True,1
5/11/2021 4:00:00 PM,5/11/2021 12:00:00 PM,51298,PEPCO,,,ZONE,,29.12,31.941886,2.415079,0.406807,True,1
5/11/2021 4:00:00 PM,5/11/2021 12:00:00 PM,51299,PPL,,,ZONE,,29.12,25.651121,-2.541726,-0.927153,True,1
5/11/2021 4:00:00 PM,5/11/2021 12:00:00 PM,51300,PENELEC,,,ZONE,,29.12,28.249926,-0.589601,-0.280473,True,1
5/11/2021 4:00:00 PM,5/11/2021 12:00:00 PM,51301,PSEG,,,ZONE,,29.12,25.058124,-3.056083,-1.005793,True,1
5/11/2021 4:00:00 PM,5/11/2021 12:00:00 PM,7633629,RECO,,,ZONE,,29.12,25.553599,-2.647784,-0.918617,True,1
5/11/2021 4:00:00 PM,5/11/2021 12:00:00 PM,8394954,APS,,,ZONE,,29.12,29.589002,0.605213,-0.136211,True,1
5/11/2021 4:00:00 PM,5/11/2021 12:00:00 PM,8445784,AEP,,,ZONE,,29.12,29.840544,0.451409,0.269135,True,1
5/11/2021 4:00:00 PM,5/11/2021 12:00:00 PM,33092371,COMED,,,ZONE,,29.12,29.089380,0.399475,-0.430095,True,1
5/11/2021 4:00:00 PM,5/11/2021 12:00:00 PM,34508503,DAY,,,ZONE,,29.12,30.876832,0.400701,1.356131,True,1
5/11/2021 4:00:00 PM,5/11/2021 12:00:00 PM,34964545,DOM,,,ZONE,,29.12,31.478371,1.684822,0.673549,True,1
5/11/2021 4:00:00 PM,5/11/2021 12:00:00 PM,37737283,DUQ,,,ZONE,,29.12,28.990313,0.337096,-0.466783,True,1
5/11/2021 4:00:00 PM,5/11/2021 12:00:00 PM,116013753,ATSI,,,ZONE,,29.12,29.729186,0.292427,0.316759,True,1
5/11/2021 4:00:00 PM,5/11/2021 12:00:00 PM,124076095,DEOK,,,ZONE,,29.12,30.072210,0.420344,0.531866,True,1
5/11/2021 4:00:00 PM,5/11/2021 12:00:00 PM,970242670,EKPC,,,ZONE,,29.12,29.579192,0.446437,0.012755,True,1
5/11/2021 4:00:00 PM,5/11/2021 12:00:00 PM,1709725933,OVEC,,,ZONE,,29.12,29.040000,0.430000,-0.510000,True,1
5/11/2021 5:00:00 PM,5/11/2021 1:00:00 PM,1,PJM-RTO,,,ZONE,,27.76,28.876204,0.868992,0.247212,True,1
5/11/2021 5:00:00 PM,5/11/2021 1:00:00 PM,3,MID-ATL/APS,,,ZONE,,27.76,29.415085,1.456123,0.198962,True,1
5/11/2021 5:00:00 PM,5/11/2021 1:00:00 PM,51291,AECO,,,ZONE,,27.76,22.999177,-3.617619,-1.143204,True,1
5/11/2021 5:00:00 PM,5/11/2021 1:00:00 PM,51292,BGE,,,ZONE,,27.76,33.729064,5.513628,0.455436,True,1
5/11/2021 5:00:00 PM,5/11/2021 1:00:00 PM,51293,DPL,,,ZONE,,27.76,22.456364,-4.367373,-0.936263,True,1
5/11/2021 5:00:00 PM,5/11/2021 1:00:00 PM,51295,JCPL,,,ZONE,,27.76,23.713526,-3.122586,-0.923888,True,1
5/11/2021 5:00:00 PM,5/11/2021 1:00:00 PM,51296,METED,,,ZONE,,27.76,24.948156,-2.030162,-0.781682,True,1
5/11/2021 5:00:00 PM,5/11/2021 1:00:00 PM,51297,PECO,,,ZONE,,27.76,22.448388,-4.103063,-1.208549,True,1
5/11/2021 5:00:00 PM,5/11/2021 1:00:00 PM,51298,PEPCO,,,ZONE,,27.76,30.735613,2.568743,0.406870,True,1
5/11/2021 5:00:00 PM,5/11/2021 1:00:00 PM,51299,PPL,,,ZONE,,27.76,24.218251,-2.576855,-0.964894,True,1
5/11/2021 5:00:00 PM,5/11/2021 1:00:00 PM,51300,PENELEC,,,ZONE,,27.76,26.786018,-0.600016,-0.373966,True,1
5/11/2021 5:00:00 PM,5/11/2021 1:00:00 PM,51301,PSEG,,,ZONE,,27.76,23.586694,-3.123935,-1.049371,True,1
5/11/2021 5:00:00 PM,5/11/2021 1:00:00 PM,7633629,RECO,,,ZONE,,27.76,24.067123,-2.703599,-0.989278,True,1
5/11/2021 5:00:00 PM,5/11/2021 1:00:00 PM,8394954,APS,,,ZONE,,27.76,28.246622,0.630668,-0.144046,True,1
5/11/2021 5:00:00 PM,5/11/2021 1:00:00 PM,8445784,AEP,,,ZONE,,27.76,28.432375,0.400573,0.271802,True,1
5/11/2021 5:00:00 PM,5/11/2021 1:00:00 PM,33092371,COMED,,,ZONE,,27.76,27.640851,0.305924,-0.425073,True,1
5/11/2021 5:00:00 PM,5/11/2021 1:00:00 PM,34508503,DAY,,,ZONE,,27.76,29.337957,0.302011,1.275946,True,1
5/11/2021 5:00:00 PM,5/11/2021 1:00:00 PM,34964545,DOM,,,ZONE,,27.76,30.417764,1.915638,0.742126,True,1
5/11/2021 5:00:00 PM,5/11/2021 1:00:00 PM,37737283,DUQ,,,ZONE,,27.76,27.572918,0.295553,-0.482635,True,1
5/11/2021 5:00:00 PM,5/11/2021 1:00:00 PM,116013753,ATSI,,,ZONE,,27.76,28.255694,0.235378,0.260316,True,1
5/11/2021 5:00:00 PM,5/11/2021 1:00:00 PM,124076095,DEOK,,,ZONE,,27.76,28.583359,0.319919,0.503440,True,1
5/11/2021 5:00:00 PM,5/11/2021 1:00:00 PM,970242670,EKPC,,,ZONE,,27.76,28.122747,0.352455,0.010292,True,1
5/11/2021 5:00:00 PM,5/11/2021 1:00:00 PM,1709725933,OVEC,,,ZONE,,27.76,27.590000,0.320000,-0.490000,True,1
5/11/2021 6:00:00 PM,5/11/2021 2:00:00 PM,1,PJM-RTO,,,ZONE,,26.09,27.171744,0.849511,0.232233,True,1
5/11/2021 6:00:00 PM,5/11/2021 2:00:00 PM,3,MID-ATL/APS,,,ZONE,,26.09,27.721622,1.485760,0.145862,True,1
5/11/2021 6:00:00 PM,5/11/2021 2:00:00 PM,51291,AECO,,,ZONE,,26.09,21.967060,-2.936178,-1.186762,True,1
5/11/2021 6:00:00 PM,5/11/2021 2:00:00 PM,51292,BGE,,,ZONE,,26.09,31.740775,5.264545,0.386230,True,1
5/11/2021 6:00:00 PM,5/11/2021 2:00:00 PM,51293,DPL,,,ZONE,,26.09,21.626845,-3.476715,-0.986440,True,1
5/11/2021 6:00:00 PM,5/11/2021 2:00:00 PM,51295,JCPL,,,ZONE,,26.09,22.548370,-2.582037,-0.959593,True,1
5/11/2021 6:00:00 PM,5/11/2021 2:00:00 PM,51296,METED,,,ZONE,,26.09,23.359253,-1.906918,-0.823829,True,1
5/11/2021 6:00:00 PM,5/11/2021 2:00:00 PM,51297,PECO,,,ZONE,,26.09,21.558879,-3.301900,-1.229221,True,1
5/11/2021 6:00:00 PM,5/11/2021 2:00:00 PM,51298,PEPCO,,,ZONE,,26.09,28.827610,2.370081,0.367529,True,1
5/11/2021 6:00:00 PM,5/11/2021 2:00:00 PM,51299,PPL,,,ZONE,,26.09,22.776945,-2.312923,-1.000132,True,1
5/11/2021 6:00:00 PM,5/11/2021 2:00:00 PM,51300,PENELEC,,,ZONE,,26.09,25.146663,-0.515394,-0.427943,True,1
5/11/2021 6:00:00 PM,5/11/2021 2:00:00 PM,51301,PSEG,,,ZONE,,26.09,22.458675,-2.574201,-1.057124,True,1
5/11/2021 6:00:00 PM,5/11/2021 2:00:00 PM,7633629,RECO,,,ZONE,,26.09,22.843613,-2.250000,-0.996387,True,1
5/11/2021 6:00:00 PM,5/11/2021 2:00:00 PM,8394954,APS,,,ZONE,,26.09,26.436880,0.497235,-0.150355,True,1
5/11/2021 6:00:00 PM,5/11/2021 2:00:00 PM,8445784,AEP,,,ZONE,,26.09,26.562493,0.193397,0.279096,True,1
5/11/2021 6:00:00 PM,5/11/2021 2:00:00 PM,33092371,COMED,,,ZONE,,26.09,25.850177,0.069845,-0.309668,True,1
5/11/2021 6:00:00 PM,5/11/2021 2:00:00 PM,34508503,DAY,,,ZONE,,26.09,27.368100,0.052982,1.225118,True,1
5/11/2021 6:00:00 PM,5/11/2021 2:00:00 PM,34964545,DOM,,,ZONE,,26.09,28.663492,1.870417,0.703075,True,1
5/11/2021 6:00:00 PM,5/11/2021 2:00:00 PM,37737283,DUQ,,,ZONE,,26.09,25.761288,0.134685,-0.463397,True,1
5/11/2021 6:00:00 PM,5/11/2021 2:00:00 PM,116013753,ATSI,,,ZONE,,26.09,26.377613,0.072402,0.215211,True,1
5/11/2021 6:00:00 PM,5/11/2021 2:00:00 PM,124076095,DEOK,,,ZONE,,26.09,26.661539,0.060037,0.511502,True,1
5/11/2021 6:00:00 PM,5/11/2021 2:00:00 PM,970242670,EKPC,,,ZONE,,26.09,26.235529,0.096427,0.049102,True,1
5/11/2021 6:00:00 PM,5/11/2021 2:00:00 PM,1709725933,OVEC,,,ZONE,,26.09,25.720000,0.040000,-0.410000,True,1
5/11/2021 7:00:00 PM,5/11/2021 3:00:00 PM,1,PJM-RTO,,,ZONE,,25.25,26.328996,0.870301,0.208695,True,1
5/11/2021 7:00:00 PM,5/11/2021 3:00:00 PM,3,MID-ATL/APS,,,ZONE,,25.25,27.007854,1.598258,0.159597,True,1
5/11/2021 7:00:00 PM,5/11/2021 3:00:00 PM,51291,AECO,,,ZONE,,25.25,21.531610,-2.681212,-1.037178,True,1
5/11/2021 7:00:00 PM,5/11/2021 3:00:00 PM,51292,BGE,,,ZONE,,25.25,31.509260,5.843753,0.415507,True,1
5/11/2021 7:00:00 PM,5/11/2021 3:00:00 PM,51293,DPL,,,ZONE,,25.25,21.337047,-3.068126,-0.844827,True,1
5/11/2021 7:00:00 PM,5/11/2021 3:00:00 PM,51295,JCPL,,,ZONE,,25.25,22.011111,-2.416960,-0.821929,True,1
5/11/2021 7:00:00 PM,5/11/2021 3:00:00 PM,51296,METED,,,ZONE,,25.25,22.435410,-2.082838,-0.731752,True,1
5/11/2021 7:00:00 PM,5/11/2021 3:00:00 PM,51297,PECO,,,ZONE,,25.25,21.186114,-2.975081,-1.088805,True,1
5/11/2021 7:00:00 PM,5/11/2021 3:00:00 PM,51298,PEPCO,,,ZONE,,25.25,28.143196,2.539716,0.353480,True,1
5/11/2021 7:00:00 PM,5/11/2021 3:00:00 PM,51299,PPL,,,ZONE,,25.25,21.936321,-2.413859,-0.899820,True,1
5/11/2021 7:00:00 PM,5/11/2021 3:00:00 PM,51300,PENELEC,,,ZONE,,25.25,24.298502,-0.528522,-0.422976,True,1
5/11/2021 7:00:00 PM,5/11/2021 3:00:00 PM,51301,PSEG,,,ZONE,,25.25,21.950567,-2.402329,-0.897104,True,1
5/11/2021 7:00:00 PM,5/11/2021 3:00:00 PM,7633629,RECO,,,ZONE,,25.25,22.283372,-2.123599,-0.843029,True,1
5/11/2021 7:00:00 PM,5/11/2021 3:00:00 PM,8394954,APS,,,ZONE,,25.25,25.526880,0.432189,-0.155309,True,1
5/11/2021 7:00:00 PM,5/11/2021 3:00:00 PM,8445784,AEP,,,ZONE,,25.25,25.497300,0.004605,0.242695,True,1
5/11/2021 7:00:00 PM,5/11/2021 3:00:00 PM,33092371,COMED,,,ZONE,,25.25,24.817433,-0.177185,-0.255382,True,1
5/11/2021 7:00:00 PM,5/11/2021 3:00:00 PM,34508503,DAY,,,ZONE,,25.25,26.229825,-0.200956,1.180781,True,1
5/11/2021 7:00:00 PM,5/11/2021 3:00:00 PM,34964545,DOM,,,ZONE,,25.25,27.996894,2.122907,0.623987,True,1
5/11/2021 7:00:00 PM,5/11/2021 3:00:00 PM,37737283,DUQ,,,ZONE,,25.25,24.750235,-0.015228,-0.484537,True,1
5/11/2021 7:00:00 PM,5/11/2021 3:00:00 PM,116013753,ATSI,,,ZONE,,25.25,25.325337,-0.090210,0.165547,True,1
5/11/2021 7:00:00 PM,5/11/2021 3:00:00 PM,124076095,DEOK,,,ZONE,,25.25,25.561955,-0.207377,0.519332,True,1
5/11/2021 7:00:00 PM,5/11/2021 3:00:00 PM,970242670,EKPC,,,ZONE,,25.25,25.155329,-0.161265,0.066594,True,1
5/11/2021 7:00:00 PM,5/11/2021 3:00:00 PM,1709725933,OVEC,,,ZONE,,25.25,24.630000,-0.250000,-0.370000,True,1
5/11/2021 8:00:00 PM,5/11/2021 4:00:00 PM,1,PJM-RTO,,,ZONE,,25.59,26.683142,0.841283,0.251858,True,1
5/11/2021 8:00:00 PM,5/11/2021 4:00:00 PM,3,MID-ATL/APS,,,ZONE,,25.59,27.456119,1.640815,0.225305,True,1
5/11/2021 8:00:00 PM,5/11/2021 4:00:00 PM,51291,AECO,,,ZONE,,25.59,22.589802,-2.020625,-0.979573,True,1
5/11/2021 8:00:00 PM,5/11/2021 4:00:00 PM,51292,BGE,,,ZONE,,25.59,32.555308,6.471027,0.494281,True,1
5/11/2021 8:00:00 PM,5/11/2021 4:00:00 PM,51293,DPL,,,ZONE,,25.59,22.595050,-2.215796,-0.779154,True,1
5/11/2021 8:00:00 PM,5/11/2021 4:00:00 PM,51295,JCPL,,,ZONE,,25.59,22.710385,-2.106651,-0.772964,True,1
5/11/2021 8:00:00 PM,5/11/2021 4:00:00 PM,51296,METED,,,ZONE,,25.59,22.614417,-2.308444,-0.667139,True,1
5/11/2021 8:00:00 PM,5/11/2021 4:00:00 PM,51297,PECO,,,ZONE,,25.59,22.232739,-2.300255,-1.057006,True,1
5/11/2021 8:00:00 PM,5/11/2021 4:00:00 PM,51298,PEPCO,,,ZONE,,25.59,28.377066,2.367755,0.419311,True,1
5/11/2021 8:00:00 PM,5/11/2021 4:00:00 PM,51299,PPL,,,ZONE,,25.59,22.205216,-2.532511,-0.852273,True,1
5/11/2021 8:00:00 PM,5/11/2021 4:00:00 PM,51300,PENELEC,,,ZONE,,25.59,24.771855,-0.459516,-0.358629,True,1
5/11/2021 8:00:00 PM,5/11/2021 4:00:00 PM,51301,PSEG,,,ZONE,,25.59,22.662287,-2.069403,-0.858310,True,1
5/11/2021 8:00:00 PM,5/11/2021 4:00:00 PM,7633629,RECO,,,ZONE,,25.59,22.917226,-1.880000,-0.792774,True,1
5/11/2021 8:00:00 PM,5/11/2021 4:00:00 PM,8394954,APS,,,ZONE,,25.59,25.700391,0.236938,-0.126547,True,1
5/11/2021 8:00:00 PM,5/11/2021 4:00:00 PM,8445784,AEP,,,ZONE,,25.59,25.679450,-0.142936,0.232386,True,1
5/11/2021 8:00:00 PM,5/11/2021 4:00:00 PM,33092371,COMED,,,ZONE,,25.59,24.797757,-0.440477,-0.351766,True,1
5/11/2021 8:00:00 PM,5/11/2021 4:00:00 PM,34508503,DAY,,,ZONE,,25.59,26.646362,-0.127148,1.183510,True,1
5/11/2021 8:00:00 PM,5/11/2021 4:00:00 PM,34964545,DOM,,,ZONE,,25.59,28.061003,1.813429,0.657574,True,1
5/11/2021 8:00:00 PM,5/11/2021 4:00:00 PM,37737283,DUQ,,,ZONE,,25.59,25.044724,-0.076556,-0.468720,True,1
5/11/2021 8:00:00 PM,5/11/2021 4:00:00 PM,116013753,ATSI,,,ZONE,,25.59,25.654592,-0.097776,0.162368,True,1
5/11/2021 8:00:00 PM,5/11/2021 4:00:00 PM,124076095,DEOK,,,ZONE,,25.59,25.827115,-0.275306,0.512421,True,1
5/11/2021 8:00:00 PM,5/11/2021 4:00:00 PM,970242670,EKPC,,,ZONE,,25.59,25.381982,-0.264150,0.056132,True,1
5/11/2021 8:00:00 PM,5/11/2021 4:00:00 PM,1709725933,OVEC,,,ZONE,,25.59,24.890000,-0.310000,-0.390000,True,1
5/11/2021 9:00:00 PM,5/11/2021 5:00:00 PM,1,PJM-RTO,,,ZONE,,27.04,28.104524,0.814179,0.250345,True,1
5/11/2021 9:00:00 PM,5/11/2021 5:00:00 PM,3,MID-ATL/APS,,,ZONE,,27.04,29.315603,1.849717,0.425886,True,1
5/11/2021 9:00:00 PM,5/11/2021 5:00:00 PM,51291,AECO,,,ZONE,,27.04,24.698647,-1.734708,-0.606645,True,1
5/11/2021 9:00:00 PM,5/11/2021 5:00:00 PM,51292,BGE,,,ZONE,,27.04,34.226873,6.472501,0.714372,True,1
5/11/2021 9:00:00 PM,5/11/2021 5:00:00 PM,51293,DPL,,,ZONE,,27.04,24.896080,-1.798490,-0.345430,True,1
5/11/2021 9:00:00 PM,5/11/2021 5:00:00 PM,51295,JCPL,,,ZONE,,27.04,24.712589,-1.878499,-0.448912,True,1
5/11/2021 9:00:00 PM,5/11/2021 5:00:00 PM,51296,METED,,,ZONE,,27.04,24.399047,-2.235360,-0.405593,True,1
5/11/2021 9:00:00 PM,5/11/2021 5:00:00 PM,51297,PECO,,,ZONE,,27.04,24.276745,-1.992300,-0.770955,True,1
5/11/2021 9:00:00 PM,5/11/2021 5:00:00 PM,51298,PEPCO,,,ZONE,,27.04,30.016838,2.417278,0.559560,True,1
5/11/2021 9:00:00 PM,5/11/2021 5:00:00 PM,51299,PPL,,,ZONE,,27.04,24.030748,-2.403605,-0.605647,True,1
5/11/2021 9:00:00 PM,5/11/2021 5:00:00 PM,51300,PENELEC,,,ZONE,,27.04,26.349257,-0.427566,-0.263177,True,1
5/11/2021 9:00:00 PM,5/11/2021 5:00:00 PM,51301,PSEG,,,ZONE,,27.04,24.652870,-1.838101,-0.549029,True,1
5/11/2021 9:00:00 PM,5/11/2021 5:00:00 PM,7633629,RECO,,,ZONE,,27.04,24.843235,-1.690000,-0.506765,True,1
5/11/2021 9:00:00 PM,5/11/2021 5:00:00 PM,8394954,APS,,,ZONE,,27.04,27.152418,0.202510,-0.090092,True,1
5/11/2021 9:00:00 PM,5/11/2021 5:00:00 PM,8445784,AEP,,,ZONE,,27.04,26.734190,-0.403119,0.097309,True,1
5/11/2021 9:00:00 PM,5/11/2021 5:00:00 PM,33092371,COMED,,,ZONE,,27.04,25.300380,-1.140545,-0.599075,True,1
5/11/2021 9:00:00 PM,5/11/2021 5:00:00 PM,34508503,DAY,,,ZONE,,27.04,28.162406,0.080693,1.041713,True,1
5/11/2021 9:00:00 PM,5/11/2021 5:00:00 PM,34964545,DOM,,,ZONE,,27.04,29.712532,1.940977,0.731555,True,1
5/11/2021 9:00:00 PM,5/11/2021 5:00:00 PM,37737283,DUQ,,,ZONE,,27.04,26.328269,-0.191579,-0.520152,True,1
5/11/2021 9:00:00 PM,5/11/2021 5:00:00 PM,116013753,ATSI,,,ZONE,,27.04,27.030658,-0.116768,0.107426,True,1
5/11/2021 9:00:00 PM,5/11/2021 5:00:00 PM,124076095,DEOK,,,ZONE,,27.04,26.846561,-0.502724,0.309285,True,1
5/11/2021 9:00:00 PM,5/11/2021 5:00:00 PM,970242670,EKPC,,,ZONE,,27.04,26.372496,-0.527741,-0.139763,True,1
5/11/2021 9:00:00 PM,5/11/2021 5:00:00 PM,1709725933,OVEC,,,ZONE,,27.04,25.890000,-0.560000,-0.590000,True,1
5/11/2021 10:00:00 PM,5/11/2021 6:00:00 PM,1,PJM-RTO,,,ZONE,,27.31,28.219697,0.660541,0.249156,True,1
5/11/2021 10:00:00 PM,5/11/2021 6:00:00 PM,3,MID-ATL/APS,,,ZONE,,27.31,29.474658,1.664173,0.500485,True,1
5/11/2021 10:00:00 PM,5/11/2021 6:00:00 PM,51291,AECO,,,ZONE,,27.31,25.247013,-1.454905,-0.608082,True,1
5/11/2021 10:00:00 PM,5/11/2021 6:00:00 PM,51292,BGE,,,ZONE,,27.31,34.045790,5.945982,0.789808,True,1
5/11/2021 10:00:00 PM,5/11/2021 6:00:00 PM,51293,DPL,,,ZONE,,27.31,25.389117,-1.607292,-0.313591,True,1
5/11/2021 10:00:00 PM,5/11/2021 6:00:00 PM,51295,JCPL,,,ZONE,,27.31,25.104774,-1.706511,-0.498715,True,1
5/11/2021 10:00:00 PM,5/11/2021 6:00:00 PM,51296,METED,,,ZONE,,27.31,24.852581,-2.018566,-0.438853,True,1
5/11/2021 10:00:00 PM,5/11/2021 6:00:00 PM,51297,PECO,,,ZONE,,27.31,24.681528,-1.815748,-0.812724,True,1
5/11/2021 10:00:00 PM,5/11/2021 6:00:00 PM,51298,PEPCO,,,ZONE,,27.31,30.225606,2.274281,0.641325,True,1
5/11/2021 10:00:00 PM,5/11/2021 6:00:00 PM,51299,PPL,,,ZONE,,27.31,24.468876,-2.183996,-0.657128,True,1
5/11/2021 10:00:00 PM,5/11/2021 6:00:00 PM,51300,PENELEC,,,ZONE,,27.31,26.610051,-0.393788,-0.306161,True,1
5/11/2021 10:00:00 PM,5/11/2021 6:00:00 PM,51301,PSEG,,,ZONE,,27.31,25.019331,-1.670444,-0.620225,True,1
5/11/2021 10:00:00 PM,5/11/2021 6:00:00 PM,7633629,RECO,,,ZONE,,27.31,25.164061,-1.533599,-0.612340,True,1
5/11/2021 10:00:00 PM,5/11/2021 6:00:00 PM,8394954,APS,,,ZONE,,27.31,27.435441,0.183346,-0.057905,True,1
5/11/2021 10:00:00 PM,5/11/2021 6:00:00 PM,8445784,AEP,,,ZONE,,27.31,26.977983,-0.411719,0.079702,True,1
5/11/2021 10:00:00 PM,5/11/2021 6:00:00 PM,33092371,COMED,,,ZONE,,27.31,25.597978,-1.043350,-0.668672,True,1
5/11/2021 10:00:00 PM,5/11/2021 6:00:00 PM,34508503,DAY,,,ZONE,,27.31,28.253927,-0.069093,1.013020,True,1
5/11/2021 10:00:00 PM,5/11/2021 6:00:00 PM,34964545,DOM,,,ZONE,,27.31,30.069051,1.900478,0.858573,True,1
5/11/2021 10:00:00 PM,5/11/2021 6:00:00 PM,37737283,DUQ,,,ZONE,,27.31,26.546187,-0.224290,-0.539523,True,1
5/11/2021 10:00:00 PM,5/11/2021 6:00:00 PM,116013753,ATSI,,,ZONE,,27.31,27.189984,-0.180266,0.060250,True,1
5/11/2021 10:00:00 PM,5/11/2021 6:00:00 PM,124076095,DEOK,,,ZONE,,27.31,27.046781,-0.548262,0.285043,True,1
5/11/2021 10:00:00 PM,5/11/2021 6:00:00 PM,970242670,EKPC,,,ZONE,,27.31,26.590137,-0.557924,-0.161939,True,1
5/11/2021 10:00:00 PM,5/11/2021 6:00:00 PM,1709725933,OVEC,,,ZONE,,27.31,26.090000,-0.610000,-0.610000,True,1
5/11/2021 11:00:00 PM,5/11/2021 7:00:00 PM,1,PJM-RTO,,,ZONE,,29.19,29.898016,0.463007,0.245009,True,1
5/11/2021 11:00:00 PM,5/11/2021 7:00:00 PM,3,MID-ATL/APS,,,ZONE,,29.19,31.015961,1.241660,0.584300,True,1
5/11/2021 11:00:00 PM,5/11/2021 7:00:00 PM,51291,AECO,,,ZONE,,29.19,26.825703,-1.796584,-0.567713,True,1
5/11/2021 11:00:00 PM,5/11/2021 7:00:00 PM,51292,BGE,,,ZONE,,29.19,35.735493,5.602017,0.943476,True,1
5/11/2021 11:00:00 PM,5/11/2021 7:00:00 PM,51293,DPL,,,ZONE,,29.19,26.844758,-2.076068,-0.269174,True,1
5/11/2021 11:00:00 PM,5/11/2021 7:00:00 PM,51295,JCPL,,,ZONE,,29.19,26.688441,-2.038398,-0.463161,True,1
5/11/2021 11:00:00 PM,5/11/2021 7:00:00 PM,51296,METED,,,ZONE,,29.19,26.334912,-2.444534,-0.410554,True,1
5/11/2021 11:00:00 PM,5/11/2021 7:00:00 PM,51297,PECO,,,ZONE,,29.19,26.192179,-2.185923,-0.811898,True,1
5/11/2021 11:00:00 PM,5/11/2021 7:00:00 PM,51298,PEPCO,,,ZONE,,29.19,31.618842,1.698292,0.730550,True,1
5/11/2021 11:00:00 PM,5/11/2021 7:00:00 PM,51299,PPL,,,ZONE,,29.19,25.971547,-2.569164,-0.649289,True,1
5/11/2021 11:00:00 PM,5/11/2021 7:00:00 PM,51300,PENELEC,,,ZONE,,29.19,28.158871,-0.572693,-0.458436,True,1
5/11/2021 11:00:00 PM,5/11/2021 7:00:00 PM,51301,PSEG,,,ZONE,,29.19,26.574688,-1.997678,-0.617634,True,1
5/11/2021 11:00:00 PM,5/11/2021 7:00:00 PM,7633629,RECO,,,ZONE,,29.19,26.695754,-1.840000,-0.654246,True,1
5/11/2021 11:00:00 PM,5/11/2021 7:00:00 PM,8394954,APS,,,ZONE,,29.19,29.114715,-0.002923,-0.072362,True,1
5/11/2021 11:00:00 PM,5/11/2021 7:00:00 PM,8445784,AEP,,,ZONE,,29.19,29.072191,-0.188301,0.070492,True,1
5/11/2021 11:00:00 PM,5/11/2021 7:00:00 PM,33092371,COMED,,,ZONE,,29.19,27.658635,-0.725552,-0.805813,True,1
5/11/2021 11:00:00 PM,5/11/2021 7:00:00 PM,34508503,DAY,,,ZONE,,29.19,30.355427,0.182572,0.982855,True,1
5/11/2021 11:00:00 PM,5/11/2021 7:00:00 PM,34964545,DOM,,,ZONE,,29.19,32.514599,2.322774,1.001825,True,1
5/11/2021 11:00:00 PM,5/11/2021 7:00:00 PM,37737283,DUQ,,,ZONE,,29.19,28.435275,-0.153562,-0.601163,True,1
5/11/2021 11:00:00 PM,5/11/2021 7:00:00 PM,116013753,ATSI,,,ZONE,,29.19,29.156722,-0.070763,0.037485,True,1
5/11/2021 11:00:00 PM,5/11/2021 7:00:00 PM,124076095,DEOK,,,ZONE,,29.19,29.191093,-0.232103,0.233196,True,1
5/11/2021 11:00:00 PM,5/11/2021 7:00:00 PM,970242670,EKPC,,,ZONE,,29.19,28.710988,-0.254897,-0.224115,True,1
5/11/2021 11:00:00 PM,5/11/2021 7:00:00 PM,1709725933,OVEC,,,ZONE,,29.19,28.230000,-0.260000,-0.700000,True,1
5/12/2021 12:00:00 AM,5/11/2021 8:00:00 PM,1,PJM-RTO,,,ZONE,,33.36,34.468357,0.774475,0.333882,True,1
5/12/2021 12:00:00 AM,5/11/2021 8:00:00 PM,3,MID-ATL/APS,,,ZONE,,33.36,35.876952,1.798120,0.718833,True,1
5/12/2021 12:00:00 AM,5/11/2021 8:00:00 PM,51291,AECO,,,ZONE,,33.36,29.936719,-2.856079,-0.567202,True,1
5/12/2021 12:00:00 AM,5/11/2021 8:00:00 PM,51292,BGE,,,ZONE,,33.36,44.314762,9.758427,1.196335,True,1
5/12/2021 12:00:00 AM,5/11/2021 8:00:00 PM,51293,DPL,,,ZONE,,33.36,29.866096,-3.268614,-0.225290,True,1
5/12/2021 12:00:00 AM,5/11/2021 8:00:00 PM,51295,JCPL,,,ZONE,,33.36,29.653085,-3.081893,-0.625022,True,1
5/12/2021 12:00:00 AM,5/11/2021 8:00:00 PM,51296,METED,,,ZONE,,33.36,29.023170,-3.799951,-0.536879,True,1
5/12/2021 12:00:00 AM,5/11/2021 8:00:00 PM,51297,PECO,,,ZONE,,33.36,29.117229,-3.341370,-0.901401,True,1
5/12/2021 12:00:00 AM,5/11/2021 8:00:00 PM,51298,PEPCO,,,ZONE,,33.36,37.291353,3.062241,0.869112,True,1
5/12/2021 12:00:00 AM,5/11/2021 8:00:00 PM,51299,PPL,,,ZONE,,33.36,28.561222,-4.004763,-0.794015,True,1
5/12/2021 12:00:00 AM,5/11/2021 8:00:00 PM,51300,PENELEC,,,ZONE,,33.36,32.111696,-0.748111,-0.500193,True,1
5/12/2021 12:00:00 AM,5/11/2021 8:00:00 PM,51301,PSEG,,,ZONE,,33.36,29.547303,-3.019305,-0.793392,True,1
5/12/2021 12:00:00 AM,5/11/2021 8:00:00 PM,7633629,RECO,,,ZONE,,33.36,29.709959,-2.773599,-0.876442,True,1
5/12/2021 12:00:00 AM,5/11/2021 8:00:00 PM,8394954,APS,,,ZONE,,33.36,33.543447,0.209728,-0.026281,True,1
5/12/2021 12:00:00 AM,5/11/2021 8:00:00 PM,8445784,AEP,,,ZONE,,33.36,33.364173,-0.073497,0.077670,True,1
5/12/2021 12:00:00 AM,5/11/2021 8:00:00 PM,33092371,COMED,,,ZONE,,33.36,31.715319,-0.685076,-0.959605,True,1
5/12/2021 12:00:00 AM,5/11/2021 8:00:00 PM,34508503,DAY,,,ZONE,,33.36,35.225208,0.550532,1.314676,True,1
5/12/2021 12:00:00 AM,5/11/2021 8:00:00 PM,34964545,DOM,,,ZONE,,33.36,36.580328,2.099280,1.121048,True,1
5/12/2021 12:00:00 AM,5/11/2021 8:00:00 PM,37737283,DUQ,,,ZONE,,33.36,32.730001,0.000000,-0.629999,True,1
5/12/2021 12:00:00 AM,5/11/2021 8:00:00 PM,116013753,ATSI,,,ZONE,,33.36,33.592129,0.135651,0.096478,True,1
5/12/2021 12:00:00 AM,5/11/2021 8:00:00 PM,124076095,DEOK,,,ZONE,,33.36,33.637772,-0.002855,0.280627,True,1
5/12/2021 12:00:00 AM,5/11/2021 8:00:00 PM,970242670,EKPC,,,ZONE,,33.36,33.073142,-0.061493,-0.225365,True,1
5/12/2021 12:00:00 AM,5/11/2021 8:00:00 PM,1709725933,OVEC,,,ZONE,,33.36,32.540000,0.000000,-0.820000,True,1
5/12/2021 1:00:00 AM,5/11/2021 9:00:00 PM,1,PJM-RTO,,,ZONE,,30.36,31.239931,0.645284,0.234647,True,1
5/12/2021 1:00:00 AM,5/11/2021 9:00:00 PM,3,MID-ATL/APS,,,ZONE,,30.36,32.359675,1.544986,0.454689,True,1
5/12/2021 1:00:00 AM,5/11/2021 9:00:00 PM,51291,AECO,,,ZONE,,30.36,28.065299,-1.495386,-0.799315,True,1
5/12/2021 1:00:00 AM,5/11/2021 9:00:00 PM,51292,BGE,,,ZONE,,30.36,36.964717,5.796543,0.808174,True,1
5/12/2021 1:00:00 AM,5/11/2021 9:00:00 PM,51293,DPL,,,ZONE,,30.36,28.210219,-1.625764,-0.524017,True,1
5/12/2021 1:00:00 AM,5/11/2021 9:00:00 PM,51295,JCPL,,,ZONE,,30.36,27.945552,-1.682629,-0.731819,True,1
5/12/2021 1:00:00 AM,5/11/2021 9:00:00 PM,51296,METED,,,ZONE,,30.36,27.708494,-1.990656,-0.660850,True,1
5/12/2021 1:00:00 AM,5/11/2021 9:00:00 PM,51297,PECO,,,ZONE,,30.36,27.534097,-1.763726,-1.062177,True,1
5/12/2021 1:00:00 AM,5/11/2021 9:00:00 PM,51298,PEPCO,,,ZONE,,30.36,33.128003,2.144322,0.623681,True,1
5/12/2021 1:00:00 AM,5/11/2021 9:00:00 PM,51299,PPL,,,ZONE,,30.36,27.303032,-2.154800,-0.902168,True,1
5/12/2021 1:00:00 AM,5/11/2021 9:00:00 PM,51300,PENELEC,,,ZONE,,30.36,29.620711,-0.395105,-0.344184,True,1
5/12/2021 1:00:00 AM,5/11/2021 9:00:00 PM,51301,PSEG,,,ZONE,,30.36,27.805640,-1.646329,-0.908031,True,1
5/12/2021 1:00:00 AM,5/11/2021 9:00:00 PM,7633629,RECO,,,ZONE,,30.36,27.953180,-1.510000,-0.896820,True,1
5/12/2021 1:00:00 AM,5/11/2021 9:00:00 PM,8394954,APS,,,ZONE,,30.36,30.470729,0.168467,-0.057738,True,1
5/12/2021 1:00:00 AM,5/11/2021 9:00:00 PM,8445784,AEP,,,ZONE,,30.36,30.298121,-0.238187,0.176308,True,1
5/12/2021 1:00:00 AM,5/11/2021 9:00:00 PM,33092371,COMED,,,ZONE,,30.36,29.293771,-0.369984,-0.696245,True,1
5/12/2021 1:00:00 AM,5/11/2021 9:00:00 PM,34508503,DAY,,,ZONE,,30.36,31.201091,-0.398431,1.239522,True,1
5/12/2021 1:00:00 AM,5/11/2021 9:00:00 PM,34964545,DOM,,,ZONE,,30.36,33.026776,1.695280,0.971496,True,1
5/12/2021 1:00:00 AM,5/11/2021 9:00:00 PM,37737283,DUQ,,,ZONE,,30.36,29.606575,-0.179085,-0.574340,True,1
5/12/2021 1:00:00 AM,5/11/2021 9:00:00 PM,116013753,ATSI,,,ZONE,,30.36,30.264938,-0.233260,0.138198,True,1
5/12/2021 1:00:00 AM,5/11/2021 9:00:00 PM,124076095,DEOK,,,ZONE,,30.36,30.312464,-0.413529,0.365993,True,1
5/12/2021 1:00:00 AM,5/11/2021 9:00:00 PM,970242670,EKPC,,,ZONE,,30.36,29.896841,-0.386670,-0.076489,True,1
5/12/2021 1:00:00 AM,5/11/2021 9:00:00 PM,1709725933,OVEC,,,ZONE,,30.36,29.260000,-0.460000,-0.640000,True,1
5/12/2021 2:00:00 AM,5/11/2021 10:00:00 PM,1,PJM-RTO,,,ZONE,,25.24,25.875686,0.430659,0.205027,True,1
5/12/2021 2:00:00 AM,5/11/2021 10:00:00 PM,3,MID-ATL/APS,,,ZONE,,25.24,26.406918,0.924005,0.242913,True,1
5/12/2021 2:00:00 AM,5/11/2021 10:00:00 PM,51291,AECO,,,ZONE,,25.24,23.453719,-1.230444,-0.555837,True,1
5/12/2021 2:00:00 AM,5/11/2021 10:00:00 PM,51292,BGE,,,ZONE,,25.24,29.812561,4.065404,0.507157,True,1
5/12/2021 2:00:00 AM,5/11/2021 10:00:00 PM,51293,DPL,,,ZONE,,25.24,23.390077,-1.474957,-0.374966,True,1
5/12/2021 2:00:00 AM,5/11/2021 10:00:00 PM,51295,JCPL,,,ZONE,,25.24,23.490680,-1.330840,-0.418480,True,1
5/12/2021 2:00:00 AM,5/11/2021 10:00:00 PM,51296,METED,,,ZONE,,25.24,23.228579,-1.532871,-0.478550,True,1
5/12/2021 2:00:00 AM,5/11/2021 10:00:00 PM,51297,PECO,,,ZONE,,25.24,22.969086,-1.487269,-0.783645,True,1
5/12/2021 2:00:00 AM,5/11/2021 10:00:00 PM,51298,PEPCO,,,ZONE,,25.24,26.903113,1.344573,0.318540,True,1
5/12/2021 2:00:00 AM,5/11/2021 10:00:00 PM,51299,PPL,,,ZONE,,25.24,22.932405,-1.646098,-0.661497,True,1
5/12/2021 2:00:00 AM,5/11/2021 10:00:00 PM,51300,PENELEC,,,ZONE,,25.24,24.870874,-0.302297,-0.066829,True,1
5/12/2021 2:00:00 AM,5/11/2021 10:00:00 PM,51301,PSEG,,,ZONE,,25.24,23.402726,-1.305735,-0.531539,True,1
5/12/2021 2:00:00 AM,5/11/2021 10:00:00 PM,7633629,RECO,,,ZONE,,25.24,23.564061,-1.190000,-0.485939,True,1
5/12/2021 2:00:00 AM,5/11/2021 10:00:00 PM,8394954,APS,,,ZONE,,25.24,25.306491,0.127909,-0.061418,True,1
5/12/2021 2:00:00 AM,5/11/2021 10:00:00 PM,8445784,AEP,,,ZONE,,25.24,25.435264,0.041441,0.153823,True,1
5/12/2021 2:00:00 AM,5/11/2021 10:00:00 PM,33092371,COMED,,,ZONE,,25.24,24.782310,0.029913,-0.487603,True,1
5/12/2021 2:00:00 AM,5/11/2021 10:00:00 PM,34508503,DAY,,,ZONE,,25.24,26.497194,0.029123,1.228071,True,1
5/12/2021 2:00:00 AM,5/11/2021 10:00:00 PM,34964545,DOM,,,ZONE,,25.24,26.620712,0.810991,0.569721,True,1
5/12/2021 2:00:00 AM,5/11/2021 10:00:00 PM,37737283,DUQ,,,ZONE,,25.24,24.792255,0.020000,-0.467745,True,1
5/12/2021 2:00:00 AM,5/11/2021 10:00:00 PM,116013753,ATSI,,,ZONE,,25.24,25.426739,0.020296,0.166443,True,1
5/12/2021 2:00:00 AM,5/11/2021 10:00:00 PM,124076095,DEOK,,,ZONE,,25.24,25.623764,0.030000,0.353764,True,1
5/12/2021 2:00:00 AM,5/11/2021 10:00:00 PM,970242670,EKPC,,,ZONE,,25.24,25.213251,0.030000,-0.056749,True,1
5/12/2021 2:00:00 AM,5/11/2021 10:00:00 PM,1709725933,OVEC,,,ZONE,,25.24,24.800000,0.030000,-0.470000,True,1
5/12/2021 3:00:00 AM,5/11/2021 11:00:00 PM,1,PJM-RTO,,,ZONE,,22.03,22.583844,0.396298,0.157546,True,1
5/12/2021 3:00:00 AM,5/11/2021 11:00:00 PM,3,MID-ATL/APS,,,ZONE,,22.03,22.715328,0.514112,0.171215,True,1
5/12/2021 3:00:00 AM,5/11/2021 11:00:00 PM,51291,AECO,,,ZONE,,22.03,19.433225,-2.150987,-0.445788,True,1
5/12/2021 3:00:00 AM,5/11/2021 11:00:00 PM,51292,BGE,,,ZONE,,22.03,24.331074,1.988184,0.312890,True,1
5/12/2021 3:00:00 AM,5/11/2021 11:00:00 PM,51293,DPL,,,ZONE,,22.03,19.011151,-2.671061,-0.347788,True,1
5/12/2021 3:00:00 AM,5/11/2021 11:00:00 PM,51295,JCPL,,,ZONE,,22.03,19.987701,-1.774013,-0.268286,True,1
5/12/2021 3:00:00 AM,5/11/2021 11:00:00 PM,51296,METED,,,ZONE,,22.03,20.801186,-0.805010,-0.423804,True,1
5/12/2021 3:00:00 AM,5/11/2021 11:00:00 PM,51297,PECO,,,ZONE,,22.03,18.936042,-2.450592,-0.643366,True,1
5/12/2021 3:00:00 AM,5/11/2021 11:00:00 PM,51298,PEPCO,,,ZONE,,22.03,23.483293,1.224304,0.228989,True,1
5/12/2021 3:00:00 AM,5/11/2021 11:00:00 PM,51299,PPL,,,ZONE,,22.03,20.172349,-1.295711,-0.561940,True,1
5/12/2021 3:00:00 AM,5/11/2021 11:00:00 PM,51300,PENELEC,,,ZONE,,22.03,21.825205,-0.221343,0.016548,True,1
5/12/2021 3:00:00 AM,5/11/2021 11:00:00 PM,51301,PSEG,,,ZONE,,22.03,19.850668,-1.787476,-0.391856,True,1
5/12/2021 3:00:00 AM,5/11/2021 11:00:00 PM,7633629,RECO,,,ZONE,,22.03,20.104033,-1.510000,-0.415967,True,1
5/12/2021 3:00:00 AM,5/11/2021 11:00:00 PM,8394954,APS,,,ZONE,,22.03,22.459667,0.412046,0.017621,True,1
5/12/2021 3:00:00 AM,5/11/2021 11:00:00 PM,8445784,AEP,,,ZONE,,22.03,22.525436,0.360012,0.135424,True,1
5/12/2021 3:00:00 AM,5/11/2021 11:00:00 PM,33092371,COMED,,,ZONE,,22.03,21.844582,0.311267,-0.496685,True,1
5/12/2021 3:00:00 AM,5/11/2021 11:00:00 PM,34508503,DAY,,,ZONE,,22.03,23.330667,0.321523,0.979144,True,1
5/12/2021 3:00:00 AM,5/11/2021 11:00:00 PM,34964545,DOM,,,ZONE,,22.03,23.443963,0.930019,0.483944,True,1
5/12/2021 3:00:00 AM,5/11/2021 11:00:00 PM,37737283,DUQ,,,ZONE,,22.03,22.021054,0.270808,-0.279754,True,1
5/12/2021 3:00:00 AM,5/11/2021 11:00:00 PM,116013753,ATSI,,,ZONE,,22.03,22.419777,0.242053,0.147724,True,1
5/12/2021 3:00:00 AM,5/11/2021 11:00:00 PM,124076095,DEOK,,,ZONE,,22.03,22.618703,0.339717,0.248986,True,1
5/12/2021 3:00:00 AM,5/11/2021 11:00:00 PM,970242670,EKPC,,,ZONE,,22.03,22.306756,0.355513,-0.078757,True,1
5/12/2021 3:00:00 AM,5/11/2021 11:00:00 PM,1709725933,OVEC,,,ZONE,,22.03,21.990000,0.350000,-0.390000,True,1
