INTERVALSTARTTIME_GMT,INTERVALENDTIME_GMT,OPR_DT,OPR_HR,OPR_INTERVAL,NODE_ID_XML,NODE_ID,NODE,MARKET_RUN_ID,LMP_TYPE,XML_DATA_ITEM,PNODE_RESMRID,GRP_TYPE,POS,MW,GROUP
2017-09-01T20:00:00-00:00,2017-09-01T21:00:00-00:00,2017-09-01,14,0,BAYSHOR2_1_N001,BAYSHOR2_1_N001,BAYSHOR2_1_N001,DAM,LMP,LMP_PRC,BAYSHOR2_1_N001,ALL,1,69.09093,1
2017-09-02T02:00:00-00:00,2017-09-02T03:00:00-00:00,2017-09-01,20,0,BAYSHOR2_1_N001,BAYSHOR2_1_N001,BAYSHOR2_1_N001,DAM,LMP,LMP_PRC,BAYSHOR2_1_N001,ALL,1,495.71713,1
2017-09-01T12:00:00-00:00,2017-09-01T13:00:00-00:00,2017-09-01,6,0,BAYSHOR2_1_N001,BAYSHOR2_1_N001,BAYSHOR2_1_N001,DAM,LMP,LMP_PRC,BAYSHOR2_1_N001,ALL,1,33.94554,1
2017-09-01T08:00:00-00:00,2017-09-01T09:00:00-00:00,2017-09-01,2,0,BAYSHOR2_1_N001,BAYSHOR2_1_N001,BAYSHOR2_1_N001,DAM,LMP,LMP_PRC,BAYSHOR2_1_N001,ALL,1,31.70264,1
2017-09-01T22:00:00-00:00,2017-09-01T23:00:00-00:00,2017-09-01,16,0,BAYSHOR2_1_N001,BAYSHOR2_1_N001,BAYSHOR2_1_N001,DAM,LMP,LMP_PRC,BAYSHOR2_1_N001,ALL,1,171.32101,1
2017-09-02T00:00:00-00:00,2017-09-02T01:00:00-00:00,2017-09-01,18,0,BAYSHOR2_1_N001,BAYSHOR2_1_N001,BAYSHOR2_1_N001,DAM,LMP,LMP_PRC,BAYSHOR2_1_N001,ALL,1,441.36861,1
2017-09-01T15:00:00-00:00,2017-09-01T16:00:00-00:00,2017-09-01,9,0,BAYSHOR2_1_N001,BAYSHOR2_1_N001,BAYSHOR2_1_N001,DAM,LMP,LMP_PRC,BAYSHOR2_1_N001,ALL,1,39.6378,1
2017-09-01T07:00:00-00:00,2017-09-01T08:00:00-00:00,2017-09-01,1,0,BAYSHOR2_1_N001,BAYSHOR2_1_N001,BAYSHOR2_1_N001,DAM,LMP,LMP_PRC,BAYSHOR2_1_N001,ALL,1,34.74124,1
2017-09-01T11:00:00-00:00,2017-09-01T12:00:00-00:00,2017-09-01,5,0,BAYSHOR2_1_N001,BAYSHOR2_1_N001,BAYSHOR2_1_N001,DAM,LMP,LMP_PRC,BAYSHOR2_1_N001,ALL,1,31.52395,1
2017-09-01T16:00:00-00:00,2017-09-01T17:00:00-00:00,2017-09-01,10,0,BAYSHOR2_1_N001,BAYSHOR2_1_N001,BAYSHOR2_1_N001,DAM,LMP,LMP_PRC,BAYSHOR2_1_N001,ALL,1,41.98311,1
2017-09-01T17:00:00-00:00,2017-09-01T18:00:00-00:00,2017-09-01,11,0,BAYSHOR2_1_N001,BAYSHOR2_1_N001,BAYSHOR2_1_N001,DAM,LMP,LMP_PRC,BAYSHOR2_1_N001,ALL,1,48.97855,1
2017-09-01T18:00:00-00:00,2017-09-01T19:00:00-00:00,2017-09-01,12,0,BAYSHOR2_1_N001,BAYSHOR2_1_N001,BAYSHOR2_1_N001,DAM,LMP,LMP_PRC,BAYSHOR2_1_N001,ALL,1,51.46246,1
2017-09-01T21:00:00-00:00,2017-09-01T22:00:00-00:00,2017-09-01,15,0,BAYSHOR2_1_N001,BAYSHOR2_1_N001,BAYSHOR2_1_N001,DAM,LMP,LMP_PRC,BAYSHOR2_1_N001,ALL,1,96.5474,1
2017-09-01T23:00:00-00:00,2017-09-02T00:00:00-00:00,2017-09-01,17,0,BAYSHOR2_1_N001,BAYSHOR2_1_N001,BAYSHOR2_1_N001,DAM,LMP,LMP_PRC,BAYSHOR2_1_N001,ALL,1,291.97322,1
2017-09-01T13:00:00-00:00,2017-09-01T14:00:00-00:00,2017-09-01,7,0,BAYSHOR2_1_N001,BAYSHOR2_1_N001,BAYSHOR2_1_N001,DAM,LMP,LMP_PRC,BAYSHOR2_1_N001,ALL,1,42.49662,1
2017-09-02T03:00:00-00:00,2017-09-02T04:00:00-00:00,2017-09-01,21,0,BAYSHOR2_1_N001,BAYSHOR2_1_N001,BAYSHOR2_1_N001,DAM,LMP,LMP_PRC,BAYSHOR2_1_N001,ALL,1,195.82324,1
2017-09-02T05:00:00-00:00,2017-09-02T06:00:00-00:00,2017-09-01,23,0,BAYSHOR2_1_N001,BAYSHOR2_1_N001,BAYSHOR2_1_N001,DAM,LMP,LMP_PRC,BAYSHOR2_1_N001,ALL,1,52.04442,1
2017-09-01T19:00:00-00:00,2017-09-01T20:00:00-00:00,2017-09-01,13,0,BAYSHOR2_1_N001,BAYSHOR2_1_N001,BAYSHOR2_1_N001,DAM,LMP,LMP_PRC,BAYSHOR2_1_N001,ALL,1,57.7776,1
2017-09-01T09:00:00-00:00,2017-09-01T10:00:00-00:00,2017-09-01,3,0,BAYSHOR2_1_N001,BAYSHOR2_1_N001,BAYSHOR2_1_N001,DAM,LMP,LMP_PRC,BAYSHOR2_1_N001,ALL,1,32.17944,1
2017-09-02T04:00:00-00:00,2017-09-02T05:00:00-00:00,2017-09-01,22,0,BAYSHOR2_1_N001,BAYSHOR2_1_N001,BAYSHOR2_1_N001,DAM,LMP,LMP_PRC,BAYSHOR2_1_N001,ALL,1,65.34183,1
2017-09-02T06:00:00-00:00,2017-09-02T07:00:00-00:00,2017-09-01,24,0,BAYSHOR2_1_N001,BAYSHOR2_1_N001,BAYSHOR2_1_N001,DAM,LMP,LMP_PRC,BAYSHOR2_1_N001,ALL,1,44.88524,1
2017-09-01T14:00:00-00:00,2017-09-01T15:00:00-00:00,2017-09-01,8,0,BAYSHOR2_1_N001,BAYSHOR2_1_N001,BAYSHOR2_1_N001,DAM,LMP,LMP_PRC,BAYSHOR2_1_N001,ALL,1,41.52317,1
2017-09-02T01:00:00-00:00,2017-09-02T02:00:00-00:00,2017-09-01,19,0,BAYSHOR2_1_N001,BAYSHOR2_1_N001,BAYSHOR2_1_N001,DAM,LMP,LMP_PRC,BAYSHOR2_1_N001,ALL,1,827.24417,1
2017-09-01T10:00:00-00:00,2017-09-01T11:00:00-00:00,2017-09-01,4,0,BAYSHOR2_1_N001,BAYSHOR2_1_N001,BAYSHOR2_1_N001,DAM,LMP,LMP_PRC,BAYSHOR2_1_N001,ALL,1,31.1361,1
2017-09-01T16:00:00-00:00,2017-09-01T17:00:00-00:00,2017-09-01,10,0,BAYSHOR2_1_N001,BAYSHOR2_1_N001,BAYSHOR2_1_N001,DAM,MCC,LMP_CONG_PRC,BAYSHOR2_1_N001,ALL,1,-0.17788,2
2017-09-01T17:00:00-00:00,2017-09-01T18:00:00-00:00,2017-09-01,11,0,BAYSHOR2_1_N001,BAYSHOR2_1_N001,BAYSHOR2_1_N001,DAM,MCC,LMP_CONG_PRC,BAYSHOR2_1_N001,ALL,1,0,2
2017-09-01T18:00:00-00:00,2017-09-01T19:00:00-00:00,2017-09-01,12,0,BAYSHOR2_1_N001,BAYSHOR2_1_N001,BAYSHOR2_1_N001,DAM,MCC,LMP_CONG_PRC,BAYSHOR2_1_N001,ALL,1,0,2
2017-09-01T19:00:00-00:00,2017-09-01T20:00:00-00:00,2017-09-01,13,0,BAYSHOR2_1_N001,BAYSHOR2_1_N001,BAYSHOR2_1_N001,DAM,MCC,LMP_CONG_PRC,BAYSHOR2_1_N001,ALL,1,-0.15087,2
2017-09-01T20:00:00-00:00,2017-09-01T21:00:00-00:00,2017-09-01,14,0,BAYSHOR2_1_N001,BAYSHOR2_1_N001,BAYSHOR2_1_N001,DAM,MCC,LMP_CONG_PRC,BAYSHOR2_1_N001,ALL,1,0.04302,2
2017-09-02T06:00:00-00:00,2017-09-02T07:00:00-00:00,2017-09-01,24,0,BAYSHOR2_1_N001,BAYSHOR2_1_N001,BAYSHOR2_1_N001,DAM,MCC,LMP_CONG_PRC,BAYSHOR2_1_N001,ALL,1,-5.83753,2
2017-09-01T10:00:00-00:00,2017-09-01T11:00:00-00:00,2017-09-01,4,0,BAYSHOR2_1_N001,BAYSHOR2_1_N001,BAYSHOR2_1_N001,DAM,MCC,LMP_CONG_PRC,BAYSHOR2_1_N001,ALL,1,-2.46228,2
2017-09-01T12:00:00-00:00,2017-09-01T13:00:00-00:00,2017-09-01,6,0,BAYSHOR2_1_N001,BAYSHOR2_1_N001,BAYSHOR2_1_N001,DAM,MCC,LMP_CONG_PRC,BAYSHOR2_1_N001,ALL,1,-2.15467,2
2017-09-02T03:00:00-00:00,2017-09-02T04:00:00-00:00,2017-09-01,21,0,BAYSHOR2_1_N001,BAYSHOR2_1_N001,BAYSHOR2_1_N001,DAM,MCC,LMP_CONG_PRC,BAYSHOR2_1_N001,ALL,1,0,2
2017-09-02T00:00:00-00:00,2017-09-02T01:00:00-00:00,2017-09-01,18,0,BAYSHOR2_1_N001,BAYSHOR2_1_N001,BAYSHOR2_1_N001,DAM,MCC,LMP_CONG_PRC,BAYSHOR2_1_N001,ALL,1,29.89575,2
2017-09-02T04:00:00-00:00,2017-09-02T05:00:00-00:00,2017-09-01,22,0,BAYSHOR2_1_N001,BAYSHOR2_1_N001,BAYSHOR2_1_N001,DAM,MCC,LMP_CONG_PRC,BAYSHOR2_1_N001,ALL,1,-4.5944,2
2017-09-01T07:00:00-00:00,2017-09-01T08:00:00-00:00,2017-09-01,1,0,BAYSHOR2_1_N001,BAYSHOR2_1_N001,BAYSHOR2_1_N001,DAM,MCC,LMP_CONG_PRC,BAYSHOR2_1_N001,ALL,1,-3.2178,2
2017-09-01T08:00:00-00:00,2017-09-01T09:00:00-00:00,2017-09-01,2,0,BAYSHOR2_1_N001,BAYSHOR2_1_N001,BAYSHOR2_1_N001,DAM,MCC,LMP_CONG_PRC,BAYSHOR2_1_N001,ALL,1,-3.54578,2
2017-09-01T14:00:00-00:00,2017-09-01T15:00:00-00:00,2017-09-01,8,0,BAYSHOR2_1_N001,BAYSHOR2_1_N001,BAYSHOR2_1_N001,DAM,MCC,LMP_CONG_PRC,BAYSHOR2_1_N001,ALL,1,-0.41996,2
2017-09-02T01:00:00-00:00,2017-09-02T02:00:00-00:00,2017-09-01,19,0,BAYSHOR2_1_N001,BAYSHOR2_1_N001,BAYSHOR2_1_N001,DAM,MCC,LMP_CONG_PRC,BAYSHOR2_1_N001,ALL,1,42.97859,2
2017-09-01T15:00:00-00:00,2017-09-01T16:00:00-00:00,2017-09-01,9,0,BAYSHOR2_1_N001,BAYSHOR2_1_N001,BAYSHOR2_1_N001,DAM,MCC,LMP_CONG_PRC,BAYSHOR2_1_N001,ALL,1,-0.93826,2
2017-09-01T13:00:00-00:00,2017-09-01T14:00:00-00:00,2017-09-01,7,0,BAYSHOR2_1_N001,BAYSHOR2_1_N001,BAYSHOR2_1_N001,DAM,MCC,LMP_CONG_PRC,BAYSHOR2_1_N001,ALL,1,-1.31388,2
2017-09-02T02:00:00-00:00,2017-09-02T03:00:00-00:00,2017-09-01,20,0,BAYSHOR2_1_N001,BAYSHOR2_1_N001,BAYSHOR2_1_N001,DAM,MCC,LMP_CONG_PRC,BAYSHOR2_1_N001,ALL,1,0.23806,2
2017-09-01T09:00:00-00:00,2017-09-01T10:00:00-00:00,2017-09-01,3,0,BAYSHOR2_1_N001,BAYSHOR2_1_N001,BAYSHOR2_1_N001,DAM,MCC,LMP_CONG_PRC,BAYSHOR2_1_N001,ALL,1,-2.73387,2
2017-09-01T11:00:00-00:00,2017-09-01T12:00:00-00:00,2017-09-01,5,0,BAYSHOR2_1_N001,BAYSHOR2_1_N001,BAYSHOR2_1_N001,DAM,MCC,LMP_CONG_PRC,BAYSHOR2_1_N001,ALL,1,-2.43179,2
2017-09-01T21:00:00-00:00,2017-09-01T22:00:00-00:00,2017-09-01,15,0,BAYSHOR2_1_N001,BAYSHOR2_1_N001,BAYSHOR2_1_N001,DAM,MCC,LMP_CONG_PRC,BAYSHOR2_1_N001,ALL,1,0.06791,2
2017-09-01T22:00:00-00:00,2017-09-01T23:00:00-00:00,2017-09-01,16,0,BAYSHOR2_1_N001,BAYSHOR2_1_N001,BAYSHOR2_1_N001,DAM,MCC,LMP_CONG_PRC,BAYSHOR2_1_N001,ALL,1,6.89307,2
2017-09-01T23:00:00-00:00,2017-09-02T00:00:00-00:00,2017-09-01,17,0,BAYSHOR2_1_N001,BAYSHOR2_1_N001,BAYSHOR2_1_N001,DAM,MCC,LMP_CONG_PRC,BAYSHOR2_1_N001,ALL,1,18.15182,2
2017-09-02T05:00:00-00:00,2017-09-02T06:00:00-00:00,2017-09-01,23,0,BAYSHOR2_1_N001,BAYSHOR2_1_N001,BAYSHOR2_1_N001,DAM,MCC,LMP_CONG_PRC,BAYSHOR2_1_N001,ALL,1,-4.57405,2
2017-09-01T16:00:00-00:00,2017-09-01T17:00:00-00:00,2017-09-01,10,0,BAYSHOR2_1_N001,BAYSHOR2_1_N001,BAYSHOR2_1_N001,DAM,MCE,LMP_ENE_PRC,BAYSHOR2_1_N001,ALL,1,41.00066,3
2017-09-02T01:00:00-00:00,2017-09-02T02:00:00-00:00,2017-09-01,19,0,BAYSHOR2_1_N001,BAYSHOR2_1_N001,BAYSHOR2_1_N001,DAM,MCE,LMP_ENE_PRC,BAYSHOR2_1_N001,ALL,1,772.52323,3
2017-09-01T11:00:00-00:00,2017-09-01T12:00:00-00:00,2017-09-01,5,0,BAYSHOR2_1_N001,BAYSHOR2_1_N001,BAYSHOR2_1_N001,DAM,MCE,LMP_ENE_PRC,BAYSHOR2_1_N001,ALL,1,33.49353,3
2017-09-01T07:00:00-00:00,2017-09-01T08:00:00-00:00,2017-09-01,1,0,BAYSHOR2_1_N001,BAYSHOR2_1_N001,BAYSHOR2_1_N001,DAM,MCE,LMP_ENE_PRC,BAYSHOR2_1_N001,ALL,1,37.42757,3
2017-09-02T06:00:00-00:00,2017-09-02T07:00:00-00:00,2017-09-01,24,0,BAYSHOR2_1_N001,BAYSHOR2_1_N001,BAYSHOR2_1_N001,DAM,MCE,LMP_ENE_PRC,BAYSHOR2_1_N001,ALL,1,49.75748,3
2017-09-01T23:00:00-00:00,2017-09-02T00:00:00-00:00,2017-09-01,17,0,BAYSHOR2_1_N001,BAYSHOR2_1_N001,BAYSHOR2_1_N001,DAM,MCE,LMP_ENE_PRC,BAYSHOR2_1_N001,ALL,1,263.59396,3
2017-09-01T22:00:00-00:00,2017-09-01T23:00:00-00:00,2017-09-01,16,0,BAYSHOR2_1_N001,BAYSHOR2_1_N001,BAYSHOR2_1_N001,DAM,MCE,LMP_ENE_PRC,BAYSHOR2_1_N001,ALL,1,158.91364,3
2017-09-02T02:00:00-00:00,2017-09-02T03:00:00-00:00,2017-09-01,20,0,BAYSHOR2_1_N001,BAYSHOR2_1_N001,BAYSHOR2_1_N001,DAM,MCE,LMP_ENE_PRC,BAYSHOR2_1_N001,ALL,1,486.90947,3
2017-09-01T10:00:00-00:00,2017-09-01T11:00:00-00:00,2017-09-01,4,0,BAYSHOR2_1_N001,BAYSHOR2_1_N001,BAYSHOR2_1_N001,DAM,MCE,LMP_ENE_PRC,BAYSHOR2_1_N001,ALL,1,33.10185,3
2017-09-02T05:00:00-00:00,2017-09-02T06:00:00-00:00,2017-09-01,23,0,BAYSHOR2_1_N001,BAYSHOR2_1_N001,BAYSHOR2_1_N001,DAM,MCE,LMP_ENE_PRC,BAYSHOR2_1_N001,ALL,1,55.71039,3
2017-09-02T03:00:00-00:00,2017-09-02T04:00:00-00:00,2017-09-01,21,0,BAYSHOR2_1_N001,BAYSHOR2_1_N001,BAYSHOR2_1_N001,DAM,MCE,LMP_ENE_PRC,BAYSHOR2_1_N001,ALL,1,192.13426,3
2017-09-01T20:00:00-00:00,2017-09-01T21:00:00-00:00,2017-09-01,14,0,BAYSHOR2_1_N001,BAYSHOR2_1_N001,BAYSHOR2_1_N001,DAM,MCE,LMP_ENE_PRC,BAYSHOR2_1_N001,ALL,1,67.25227,3
2017-09-01T17:00:00-00:00,2017-09-01T18:00:00-00:00,2017-09-01,11,0,BAYSHOR2_1_N001,BAYSHOR2_1_N001,BAYSHOR2_1_N001,DAM,MCE,LMP_ENE_PRC,BAYSHOR2_1_N001,ALL,1,47.89141,3
2017-09-02T04:00:00-00:00,2017-09-02T05:00:00-00:00,2017-09-01,22,0,BAYSHOR2_1_N001,BAYSHOR2_1_N001,BAYSHOR2_1_N001,DAM,MCE,LMP_ENE_PRC,BAYSHOR2_1_N001,ALL,1,69.34678,3
2017-09-01T13:00:00-00:00,2017-09-01T14:00:00-00:00,2017-09-01,7,0,BAYSHOR2_1_N001,BAYSHOR2_1_N001,BAYSHOR2_1_N001,DAM,MCE,LMP_ENE_PRC,BAYSHOR2_1_N001,ALL,1,43.23548,3
2017-09-01T12:00:00-00:00,2017-09-01T13:00:00-00:00,2017-09-01,6,0,BAYSHOR2_1_N001,BAYSHOR2_1_N001,BAYSHOR2_1_N001,DAM,MCE,LMP_ENE_PRC,BAYSHOR2_1_N001,ALL,1,35.35423,3
2017-09-01T08:00:00-00:00,2017-09-01T09:00:00-00:00,2017-09-01,2,0,BAYSHOR2_1_N001,BAYSHOR2_1_N001,BAYSHOR2_1_N001,DAM,MCE,LMP_ENE_PRC,BAYSHOR2_1_N001,ALL,1,34.77547,3
2017-09-01T21:00:00-00:00,2017-09-01T22:00:00-00:00,2017-09-01,15,0,BAYSHOR2_1_N001,BAYSHOR2_1_N001,BAYSHOR2_1_N001,DAM,MCE,LMP_ENE_PRC,BAYSHOR2_1_N001,ALL,1,93.5967,3
2017-09-01T15:00:00-00:00,2017-09-01T16:00:00-00:00,2017-09-01,9,0,BAYSHOR2_1_N001,BAYSHOR2_1_N001,BAYSHOR2_1_N001,DAM,MCE,LMP_ENE_PRC,BAYSHOR2_1_N001,ALL,1,39.68707,3
2017-09-01T09:00:00-00:00,2017-09-01T10:00:00-00:00,2017-09-01,3,0,BAYSHOR2_1_N001,BAYSHOR2_1_N001,BAYSHOR2_1_N001,DAM,MCE,LMP_ENE_PRC,BAYSHOR2_1_N001,ALL,1,34.43468,3
2017-09-01T18:00:00-00:00,2017-09-01T19:00:00-00:00,2017-09-01,12,0,BAYSHOR2_1_N001,BAYSHOR2_1_N001,BAYSHOR2_1_N001,DAM,MCE,LMP_ENE_PRC,BAYSHOR2_1_N001,ALL,1,50.76194,3
2017-09-01T14:00:00-00:00,2017-09-01T15:00:00-00:00,2017-09-01,8,0,BAYSHOR2_1_N001,BAYSHOR2_1_N001,BAYSHOR2_1_N001,DAM,MCE,LMP_ENE_PRC,BAYSHOR2_1_N001,ALL,1,41.06837,3
2017-09-01T19:00:00-00:00,2017-09-01T20:00:00-00:00,2017-09-01,13,0,BAYSHOR2_1_N001,BAYSHOR2_1_N001,BAYSHOR2_1_N001,DAM,MCE,LMP_ENE_PRC,BAYSHOR2_1_N001,ALL,1,56.96014,3
2017-09-02T00:00:00-00:00,2017-09-02T01:00:00-00:00,2017-09-01,18,0,BAYSHOR2_1_N001,BAYSHOR2_1_N001,BAYSHOR2_1_N001,DAM,MCE,LMP_ENE_PRC,BAYSHOR2_1_N001,ALL,1,400.65518,3
2017-09-01T16:00:00-00:00,2017-09-01T17:00:00-00:00,2017-09-01,10,0,BAYSHOR2_1_N001,BAYSHOR2_1_N001,BAYSHOR2_1_N001,DAM,MCL,LMP_LOSS_PRC,BAYSHOR2_1_N001,ALL,1,1.16032,4
2017-09-02T00:00:00-00:00,2017-09-02T01:00:00-00:00,2017-09-01,18,0,BAYSHOR2_1_N001,BAYSHOR2_1_N001,BAYSHOR2_1_N001,DAM,MCL,LMP_LOSS_PRC,BAYSHOR2_1_N001,ALL,1,10.81769,4
2017-09-01T19:00:00-00:00,2017-09-01T20:00:00-00:00,2017-09-01,13,0,BAYSHOR2_1_N001,BAYSHOR2_1_N001,BAYSHOR2_1_N001,DAM,MCL,LMP_LOSS_PRC,BAYSHOR2_1_N001,ALL,1,0.96832,4
2017-09-02T02:00:00-00:00,2017-09-02T03:00:00-00:00,2017-09-01,20,0,BAYSHOR2_1_N001,BAYSHOR2_1_N001,BAYSHOR2_1_N001,DAM,MCL,LMP_LOSS_PRC,BAYSHOR2_1_N001,ALL,1,8.56961,4
2017-09-02T01:00:00-00:00,2017-09-02T02:00:00-00:00,2017-09-01,19,0,BAYSHOR2_1_N001,BAYSHOR2_1_N001,BAYSHOR2_1_N001,DAM,MCL,LMP_LOSS_PRC,BAYSHOR2_1_N001,ALL,1,11.74235,4
2017-09-02T04:00:00-00:00,2017-09-02T05:00:00-00:00,2017-09-01,22,0,BAYSHOR2_1_N001,BAYSHOR2_1_N001,BAYSHOR2_1_N001,DAM,MCL,LMP_LOSS_PRC,BAYSHOR2_1_N001,ALL,1,0.58945,4
2017-09-02T06:00:00-00:00,2017-09-02T07:00:00-00:00,2017-09-01,24,0,BAYSHOR2_1_N001,BAYSHOR2_1_N001,BAYSHOR2_1_N001,DAM,MCL,LMP_LOSS_PRC,BAYSHOR2_1_N001,ALL,1,0.9653,4
2017-09-01T11:00:00-00:00,2017-09-01T12:00:00-00:00,2017-09-01,5,0,BAYSHOR2_1_N001,BAYSHOR2_1_N001,BAYSHOR2_1_N001,DAM,MCL,LMP_LOSS_PRC,BAYSHOR2_1_N001,ALL,1,0.46221,4
2017-09-01T14:00:00-00:00,2017-09-01T15:00:00-00:00,2017-09-01,8,0,BAYSHOR2_1_N001,BAYSHOR2_1_N001,BAYSHOR2_1_N001,DAM,MCL,LMP_LOSS_PRC,BAYSHOR2_1_N001,ALL,1,0.87476,4
2017-09-01T08:00:00-00:00,2017-09-01T09:00:00-00:00,2017-09-01,2,0,BAYSHOR2_1_N001,BAYSHOR2_1_N001,BAYSHOR2_1_N001,DAM,MCL,LMP_LOSS_PRC,BAYSHOR2_1_N001,ALL,1,0.47295,4
2017-09-01T18:00:00-00:00,2017-09-01T19:00:00-00:00,2017-09-01,12,0,BAYSHOR2_1_N001,BAYSHOR2_1_N001,BAYSHOR2_1_N001,DAM,MCL,LMP_LOSS_PRC,BAYSHOR2_1_N001,ALL,1,0.70051,4
2017-09-01T13:00:00-00:00,2017-09-01T14:00:00-00:00,2017-09-01,7,0,BAYSHOR2_1_N001,BAYSHOR2_1_N001,BAYSHOR2_1_N001,DAM,MCL,LMP_LOSS_PRC,BAYSHOR2_1_N001,ALL,1,0.57503,4
2017-09-01T15:00:00-00:00,2017-09-01T16:00:00-00:00,2017-09-01,9,0,BAYSHOR2_1_N001,BAYSHOR2_1_N001,BAYSHOR2_1_N001,DAM,MCL,LMP_LOSS_PRC,BAYSHOR2_1_N001,ALL,1,0.88899,4
2017-09-02T03:00:00-00:00,2017-09-02T04:00:00-00:00,2017-09-01,21,0,BAYSHOR2_1_N001,BAYSHOR2_1_N001,BAYSHOR2_1_N001,DAM,MCL,LMP_LOSS_PRC,BAYSHOR2_1_N001,ALL,1,3.68898,4
2017-09-01T12:00:00-00:00,2017-09-01T13:00:00-00:00,2017-09-01,6,0,BAYSHOR2_1_N001,BAYSHOR2_1_N001,BAYSHOR2_1_N001,DAM,MCL,LMP_LOSS_PRC,BAYSHOR2_1_N001,ALL,1,0.74597,4
2017-09-01T21:00:00-00:00,2017-09-01T22:00:00-00:00,2017-09-01,15,0,BAYSHOR2_1_N001,BAYSHOR2_1_N001,BAYSHOR2_1_N001,DAM,MCL,LMP_LOSS_PRC,BAYSHOR2_1_N001,ALL,1,2.88278,4
2017-09-01T20:00:00-00:00,2017-09-01T21:00:00-00:00,2017-09-01,14,0,BAYSHOR2_1_N001,BAYSHOR2_1_N001,BAYSHOR2_1_N001,DAM,MCL,LMP_LOSS_PRC,BAYSHOR2_1_N001,ALL,1,1.79564,4
2017-09-01T10:00:00-00:00,2017-09-01T11:00:00-00:00,2017-09-01,4,0,BAYSHOR2_1_N001,BAYSHOR2_1_N001,BAYSHOR2_1_N001,DAM,MCL,LMP_LOSS_PRC,BAYSHOR2_1_N001,ALL,1,0.49653,4
2017-09-01T17:00:00-00:00,2017-09-01T18:00:00-00:00,2017-09-01,11,0,BAYSHOR2_1_N001,BAYSHOR2_1_N001,BAYSHOR2_1_N001,DAM,MCL,LMP_LOSS_PRC,BAYSHOR2_1_N001,ALL,1,1.08714,4
2017-09-02T05:00:00-00:00,2017-09-02T06:00:00-00:00,2017-09-01,23,0,BAYSHOR2_1_N001,BAYSHOR2_1_N001,BAYSHOR2_1_N001,DAM,MCL,LMP_LOSS_PRC,BAYSHOR2_1_N001,ALL,1,0.90808,4
2017-09-01T07:00:00-00:00,2017-09-01T08:00:00-00:00,2017-09-01,1,0,BAYSHOR2_1_N001,BAYSHOR2_1_N001,BAYSHOR2_1_N001,DAM,MCL,LMP_LOSS_PRC,BAYSHOR2_1_N001,ALL,1,0.53147,4
2017-09-01T23:00:00-00:00,2017-09-02T00:00:00-00:00,2017-09-01,17,0,BAYSHOR2_1_N001,BAYSHOR2_1_N001,BAYSHOR2_1_N001,DAM,MCL,LMP_LOSS_PRC,BAYSHOR2_1_N001,ALL,1,10.22745,4
2017-09-01T22:00:00-00:00,2017-09-01T23:00:00-00:00,2017-09-01,16,0,BAYSHOR2_1_N001,BAYSHOR2_1_N001,BAYSHOR2_1_N001,DAM,MCL,LMP_LOSS_PRC,BAYSHOR2_1_N001,ALL,1,5.5143,4
2017-09-01T09:00:00-00:00,2017-09-01T10:00:00-00:00,2017-09-01,3,0,BAYSHOR2_1_N001,BAYSHOR2_1_N001,BAYSHOR2_1_N001,DAM,MCL,LMP_LOSS_PRC,BAYSHOR2_1_N001,ALL,1,0.47864,4
2017-09-02T05:00:00-00:00,2017-09-02T06:00:00-00:00,2017-09-01,23,0,TH_NP15_GEN-APND,TH_NP15_GEN-APND,TH_NP15_GEN-APND,DAM,LMP,LMP_PRC,TH_NP15_GEN-APND,ALL_APNODES,0,50.45771,5
2017-09-01T17:00:00-00:00,2017-09-01T18:00:00-00:00,2017-09-01,11,0,TH_NP15_GEN-APND,TH_NP15_GEN-APND,TH_NP15_GEN-APND,DAM,LMP,LMP_PRC,TH_NP15_GEN-APND,ALL_APNODES,0,46.46425,5
2017-09-01T19:00:00-00:00,2017-09-01T20:00:00-00:00,2017-09-01,13,0,TH_NP15_GEN-APND,TH_NP15_GEN-APND,TH_NP15_GEN-APND,DAM,LMP,LMP_PRC,TH_NP15_GEN-APND,ALL_APNODES,0,54.55935,5
2017-09-02T01:00:00-00:00,2017-09-02T02:00:00-00:00,2017-09-01,19,0,TH_NP15_GEN-APND,TH_NP15_GEN-APND,TH_NP15_GEN-APND,DAM,LMP,LMP_PRC,TH_NP15_GEN-APND,ALL_APNODES,0,742.00856,5
2017-09-01T11:00:00-00:00,2017-09-01T12:00:00-00:00,2017-09-01,5,0,TH_NP15_GEN-APND,TH_NP15_GEN-APND,TH_NP15_GEN-APND,DAM,LMP,LMP_PRC,TH_NP15_GEN-APND,ALL_APNODES,0,30.84114,5
2017-09-01T14:00:00-00:00,2017-09-01T15:00:00-00:00,2017-09-01,8,0,TH_NP15_GEN-APND,TH_NP15_GEN-APND,TH_NP15_GEN-APND,DAM,LMP,LMP_PRC,TH_NP15_GEN-APND,ALL_APNODES,0,39.65115,5
2017-09-01T16:00:00-00:00,2017-09-01T17:00:00-00:00,2017-09-01,10,0,TH_NP15_GEN-APND,TH_NP15_GEN-APND,TH_NP15_GEN-APND,DAM,LMP,LMP_PRC,TH_NP15_GEN-APND,ALL_APNODES,0,39.72807,5
2017-09-01T13:00:00-00:00,2017-09-01T14:00:00-00:00,2017-09-01,7,0,TH_NP15_GEN-APND,TH_NP15_GEN-APND,TH_NP15_GEN-APND,DAM,LMP,LMP_PRC,TH_NP15_GEN-APND,ALL_APNODES,0,41.05525,5
2017-09-01T08:00:00-00:00,2017-09-01T09:00:00-00:00,2017-09-01,2,0,TH_NP15_GEN-APND,TH_NP15_GEN-APND,TH_NP15_GEN-APND,DAM,LMP,LMP_PRC,TH_NP15_GEN-APND,ALL_APNODES,0,31.28099,5
2017-09-02T02:00:00-00:00,2017-09-02T03:00:00-00:00,2017-09-01,20,0,TH_NP15_GEN-APND,TH_NP15_GEN-APND,TH_NP15_GEN-APND,DAM,LMP,LMP_PRC,TH_NP15_GEN-APND,ALL_APNODES,0,470.93884,5
2017-09-02T06:00:00-00:00,2017-09-02T07:00:00-00:00,2017-09-01,24,0,TH_NP15_GEN-APND,TH_NP15_GEN-APND,TH_NP15_GEN-APND,DAM,LMP,LMP_PRC,TH_NP15_GEN-APND,ALL_APNODES,0,44.33865,5
2017-09-01T21:00:00-00:00,2017-09-01T22:00:00-00:00,2017-09-01,15,0,TH_NP15_GEN-APND,TH_NP15_GEN-APND,TH_NP15_GEN-APND,DAM,LMP,LMP_PRC,TH_NP15_GEN-APND,ALL_APNODES,0,90.52673,5
2017-09-01T09:00:00-00:00,2017-09-01T10:00:00-00:00,2017-09-01,3,0,TH_NP15_GEN-APND,TH_NP15_GEN-APND,TH_NP15_GEN-APND,DAM,LMP,LMP_PRC,TH_NP15_GEN-APND,ALL_APNODES,0,31.51596,5
2017-09-01T10:00:00-00:00,2017-09-01T11:00:00-00:00,2017-09-01,4,0,TH_NP15_GEN-APND,TH_NP15_GEN-APND,TH_NP15_GEN-APND,DAM,LMP,LMP_PRC,TH_NP15_GEN-APND,ALL_APNODES,0,30.44059,5
2017-09-01T07:00:00-00:00,2017-09-01T08:00:00-00:00,2017-09-01,1,0,TH_NP15_GEN-APND,TH_NP15_GEN-APND,TH_NP15_GEN-APND,DAM,LMP,LMP_PRC,TH_NP15_GEN-APND,ALL_APNODES,0,34.09512,5
2017-09-01T15:00:00-00:00,2017-09-01T16:00:00-00:00,2017-09-01,9,0,TH_NP15_GEN-APND,TH_NP15_GEN-APND,TH_NP15_GEN-APND,DAM,LMP,LMP_PRC,TH_NP15_GEN-APND,ALL_APNODES,0,37.60185,5
2017-09-01T20:00:00-00:00,2017-09-01T21:00:00-00:00,2017-09-01,14,0,TH_NP15_GEN-APND,TH_NP15_GEN-APND,TH_NP15_GEN-APND,DAM,LMP,LMP_PRC,TH_NP15_GEN-APND,ALL_APNODES,0,65.02622,5
2017-09-01T22:00:00-00:00,2017-09-01T23:00:00-00:00,2017-09-01,16,0,TH_NP15_GEN-APND,TH_NP15_GEN-APND,TH_NP15_GEN-APND,DAM,LMP,LMP_PRC,TH_NP15_GEN-APND,ALL_APNODES,0,154.27336,5
2017-09-01T23:00:00-00:00,2017-09-02T00:00:00-00:00,2017-09-01,17,0,TH_NP15_GEN-APND,TH_NP15_GEN-APND,TH_NP15_GEN-APND,DAM,LMP,LMP_PRC,TH_NP15_GEN-APND,ALL_APNODES,0,256.66143,5
2017-09-02T00:00:00-00:00,2017-09-02T01:00:00-00:00,2017-09-01,18,0,TH_NP15_GEN-APND,TH_NP15_GEN-APND,TH_NP15_GEN-APND,DAM,LMP,LMP_PRC,TH_NP15_GEN-APND,ALL_APNODES,0,387.75408,5
2017-09-02T04:00:00-00:00,2017-09-02T05:00:00-00:00,2017-09-01,22,0,TH_NP15_GEN-APND,TH_NP15_GEN-APND,TH_NP15_GEN-APND,DAM,LMP,LMP_PRC,TH_NP15_GEN-APND,ALL_APNODES,0,63.74232,5
2017-09-01T18:00:00-00:00,2017-09-01T19:00:00-00:00,2017-09-01,12,0,TH_NP15_GEN-APND,TH_NP15_GEN-APND,TH_NP15_GEN-APND,DAM,LMP,LMP_PRC,TH_NP15_GEN-APND,ALL_APNODES,0,48.77715,5
2017-09-01T12:00:00-00:00,2017-09-01T13:00:00-00:00,2017-09-01,6,0,TH_NP15_GEN-APND,TH_NP15_GEN-APND,TH_NP15_GEN-APND,DAM,LMP,LMP_PRC,TH_NP15_GEN-APND,ALL_APNODES,0,32.90107,5
2017-09-02T03:00:00-00:00,2017-09-02T04:00:00-00:00,2017-09-01,21,0,TH_NP15_GEN-APND,TH_NP15_GEN-APND,TH_NP15_GEN-APND,DAM,LMP,LMP_PRC,TH_NP15_GEN-APND,ALL_APNODES,0,186.35102,5
2017-09-01T15:00:00-00:00,2017-09-01T16:00:00-00:00,2017-09-01,9,0,TH_NP15_GEN-APND,TH_NP15_GEN-APND,TH_NP15_GEN-APND,DAM,MCC,LMP_CONG_PRC,TH_NP15_GEN-APND,ALL_APNODES,0,-0.93826,6
2017-09-01T22:00:00-00:00,2017-09-01T23:00:00-00:00,2017-09-01,16,0,TH_NP15_GEN-APND,TH_NP15_GEN-APND,TH_NP15_GEN-APND,DAM,MCC,LMP_CONG_PRC,TH_NP15_GEN-APND,ALL_APNODES,0,0,6
2017-09-02T05:00:00-00:00,2017-09-02T06:00:00-00:00,2017-09-01,23,0,TH_NP15_GEN-APND,TH_NP15_GEN-APND,TH_NP15_GEN-APND,DAM,MCC,LMP_CONG_PRC,TH_NP15_GEN-APND,ALL_APNODES,0,-3.4978,6
2017-09-01T21:00:00-00:00,2017-09-01T22:00:00-00:00,2017-09-01,15,0,TH_NP15_GEN-APND,TH_NP15_GEN-APND,TH_NP15_GEN-APND,DAM,MCC,LMP_CONG_PRC,TH_NP15_GEN-APND,ALL_APNODES,0,0,6
2017-09-01T10:00:00-00:00,2017-09-01T11:00:00-00:00,2017-09-01,4,0,TH_NP15_GEN-APND,TH_NP15_GEN-APND,TH_NP15_GEN-APND,DAM,MCC,LMP_CONG_PRC,TH_NP15_GEN-APND,ALL_APNODES,0,-2.08197,6
2017-09-01T16:00:00-00:00,2017-09-01T17:00:00-00:00,2017-09-01,10,0,TH_NP15_GEN-APND,TH_NP15_GEN-APND,TH_NP15_GEN-APND,DAM,MCC,LMP_CONG_PRC,TH_NP15_GEN-APND,ALL_APNODES,0,-0.17788,6
2017-09-01T19:00:00-00:00,2017-09-01T20:00:00-00:00,2017-09-01,13,0,TH_NP15_GEN-APND,TH_NP15_GEN-APND,TH_NP15_GEN-APND,DAM,MCC,LMP_CONG_PRC,TH_NP15_GEN-APND,ALL_APNODES,0,-0.15087,6
2017-09-02T04:00:00-00:00,2017-09-02T05:00:00-00:00,2017-09-01,22,0,TH_NP15_GEN-APND,TH_NP15_GEN-APND,TH_NP15_GEN-APND,DAM,MCC,LMP_CONG_PRC,TH_NP15_GEN-APND,ALL_APNODES,0,-3.10798,6
2017-09-02T06:00:00-00:00,2017-09-02T07:00:00-00:00,2017-09-01,24,0,TH_NP15_GEN-APND,TH_NP15_GEN-APND,TH_NP15_GEN-APND,DAM,MCC,LMP_CONG_PRC,TH_NP15_GEN-APND,ALL_APNODES,0,-4.46349,6
2017-09-02T00:00:00-00:00,2017-09-02T01:00:00-00:00,2017-09-01,18,0,TH_NP15_GEN-APND,TH_NP15_GEN-APND,TH_NP15_GEN-APND,DAM,MCC,LMP_CONG_PRC,TH_NP15_GEN-APND,ALL_APNODES,0,0,6
2017-09-02T01:00:00-00:00,2017-09-02T02:00:00-00:00,2017-09-01,19,0,TH_NP15_GEN-APND,TH_NP15_GEN-APND,TH_NP15_GEN-APND,DAM,MCC,LMP_CONG_PRC,TH_NP15_GEN-APND,ALL_APNODES,0,0,6
2017-09-01T07:00:00-00:00,2017-09-01T08:00:00-00:00,2017-09-01,1,0,TH_NP15_GEN-APND,TH_NP15_GEN-APND,TH_NP15_GEN-APND,DAM,MCC,LMP_CONG_PRC,TH_NP15_GEN-APND,ALL_APNODES,0,-2.55771,6
2017-09-01T09:00:00-00:00,2017-09-01T10:00:00-00:00,2017-09-01,3,0,TH_NP15_GEN-APND,TH_NP15_GEN-APND,TH_NP15_GEN-APND,DAM,MCC,LMP_CONG_PRC,TH_NP15_GEN-APND,ALL_APNODES,0,-2.28857,6
2017-09-01T12:00:00-00:00,2017-09-01T13:00:00-00:00,2017-09-01,6,0,TH_NP15_GEN-APND,TH_NP15_GEN-APND,TH_NP15_GEN-APND,DAM,MCC,LMP_CONG_PRC,TH_NP15_GEN-APND,ALL_APNODES,0,-1.7673,6
2017-09-02T02:00:00-00:00,2017-09-02T03:00:00-00:00,2017-09-01,20,0,TH_NP15_GEN-APND,TH_NP15_GEN-APND,TH_NP15_GEN-APND,DAM,MCC,LMP_CONG_PRC,TH_NP15_GEN-APND,ALL_APNODES,0,0,6
2017-09-01T14:00:00-00:00,2017-09-01T15:00:00-00:00,2017-09-01,8,0,TH_NP15_GEN-APND,TH_NP15_GEN-APND,TH_NP15_GEN-APND,DAM,MCC,LMP_CONG_PRC,TH_NP15_GEN-APND,ALL_APNODES,0,-0.35355,6
2017-09-01T11:00:00-00:00,2017-09-01T12:00:00-00:00,2017-09-01,5,0,TH_NP15_GEN-APND,TH_NP15_GEN-APND,TH_NP15_GEN-APND,DAM,MCC,LMP_CONG_PRC,TH_NP15_GEN-APND,ALL_APNODES,0,-1.97917,6
2017-09-01T13:00:00-00:00,2017-09-01T14:00:00-00:00,2017-09-01,7,0,TH_NP15_GEN-APND,TH_NP15_GEN-APND,TH_NP15_GEN-APND,DAM,MCC,LMP_CONG_PRC,TH_NP15_GEN-APND,ALL_APNODES,0,-0.9999,6
2017-09-02T03:00:00-00:00,2017-09-02T04:00:00-00:00,2017-09-01,21,0,TH_NP15_GEN-APND,TH_NP15_GEN-APND,TH_NP15_GEN-APND,DAM,MCC,LMP_CONG_PRC,TH_NP15_GEN-APND,ALL_APNODES,0,0,6
2017-09-01T20:00:00-00:00,2017-09-01T21:00:00-00:00,2017-09-01,14,0,TH_NP15_GEN-APND,TH_NP15_GEN-APND,TH_NP15_GEN-APND,DAM,MCC,LMP_CONG_PRC,TH_NP15_GEN-APND,ALL_APNODES,0,0,6
2017-09-01T17:00:00-00:00,2017-09-01T18:00:00-00:00,2017-09-01,11,0,TH_NP15_GEN-APND,TH_NP15_GEN-APND,TH_NP15_GEN-APND,DAM,MCC,LMP_CONG_PRC,TH_NP15_GEN-APND,ALL_APNODES,0,0,6
2017-09-01T18:00:00-00:00,2017-09-01T19:00:00-00:00,2017-09-01,12,0,TH_NP15_GEN-APND,TH_NP15_GEN-APND,TH_NP15_GEN-APND,DAM,MCC,LMP_CONG_PRC,TH_NP15_GEN-APND,ALL_APNODES,0,0,6
2017-09-01T23:00:00-00:00,2017-09-02T00:00:00-00:00,2017-09-01,17,0,TH_NP15_GEN-APND,TH_NP15_GEN-APND,TH_NP15_GEN-APND,DAM,MCC,LMP_CONG_PRC,TH_NP15_GEN-APND,ALL_APNODES,0,0,6
2017-09-01T08:00:00-00:00,2017-09-01T09:00:00-00:00,2017-09-01,2,0,TH_NP15_GEN-APND,TH_NP15_GEN-APND,TH_NP15_GEN-APND,DAM,MCC,LMP_CONG_PRC,TH_NP15_GEN-APND,ALL_APNODES,0,-2.76768,6
2017-09-01T08:00:00-00:00,2017-09-01T09:00:00-00:00,2017-09-01,2,0,TH_NP15_GEN-APND,TH_NP15_GEN-APND,TH_NP15_GEN-APND,DAM,MCE,LMP_ENE_PRC,TH_NP15_GEN-APND,ALL_APNODES,0,34.77547,7
2017-09-01T12:00:00-00:00,2017-09-01T13:00:00-00:00,2017-09-01,6,0,TH_NP15_GEN-APND,TH_NP15_GEN-APND,TH_NP15_GEN-APND,DAM,MCE,LMP_ENE_PRC,TH_NP15_GEN-APND,ALL_APNODES,0,35.35423,7
2017-09-01T10:00:00-00:00,2017-09-01T11:00:00-00:00,2017-09-01,4,0,TH_NP15_GEN-APND,TH_NP15_GEN-APND,TH_NP15_GEN-APND,DAM,MCE,LMP_ENE_PRC,TH_NP15_GEN-APND,ALL_APNODES,0,33.10185,7
2017-09-01T09:00:00-00:00,2017-09-01T10:00:00-00:00,2017-09-01,3,0,TH_NP15_GEN-APND,TH_NP15_GEN-APND,TH_NP15_GEN-APND,DAM,MCE,LMP_ENE_PRC,TH_NP15_GEN-APND,ALL_APNODES,0,34.43468,7
2017-09-02T03:00:00-00:00,2017-09-02T04:00:00-00:00,2017-09-01,21,0,TH_NP15_GEN-APND,TH_NP15_GEN-APND,TH_NP15_GEN-APND,DAM,MCE,LMP_ENE_PRC,TH_NP15_GEN-APND,ALL_APNODES,0,192.13426,7
2017-09-01T16:00:00-00:00,2017-09-01T17:00:00-00:00,2017-09-01,10,0,TH_NP15_GEN-APND,TH_NP15_GEN-APND,TH_NP15_GEN-APND,DAM,MCE,LMP_ENE_PRC,TH_NP15_GEN-APND,ALL_APNODES,0,41.00066,7
2017-09-01T20:00:00-00:00,2017-09-01T21:00:00-00:00,2017-09-01,14,0,TH_NP15_GEN-APND,TH_NP15_GEN-APND,TH_NP15_GEN-APND,DAM,MCE,LMP_ENE_PRC,TH_NP15_GEN-APND,ALL_APNODES,0,67.25227,7
2017-09-01T18:00:00-00:00,2017-09-01T19:00:00-00:00,2017-09-01,12,0,TH_NP15_GEN-APND,TH_NP15_GEN-APND,TH_NP15_GEN-APND,DAM,MCE,LMP_ENE_PRC,TH_NP15_GEN-APND,ALL_APNODES,0,50.76194,7
2017-09-02T04:00:00-00:00,2017-09-02T05:00:00-00:00,2017-09-01,22,0,TH_NP15_GEN-APND,TH_NP15_GEN-APND,TH_NP15_GEN-APND,DAM,MCE,LMP_ENE_PRC,TH_NP15_GEN-APND,ALL_APNODES,0,69.34678,7
2017-09-01T14:00:00-00:00,2017-09-01T15:00:00-00:00,2017-09-01,8,0,TH_NP15_GEN-APND,TH_NP15_GEN-APND,TH_NP15_GEN-APND,DAM,MCE,LMP_ENE_PRC,TH_NP15_GEN-APND,ALL_APNODES,0,41.06837,7
2017-09-01T13:00:00-00:00,2017-09-01T14:00:00-00:00,2017-09-01,7,0,TH_NP15_GEN-APND,TH_NP15_GEN-APND,TH_NP15_GEN-APND,DAM,MCE,LMP_ENE_PRC,TH_NP15_GEN-APND,ALL_APNODES,0,43.23548,7
2017-09-02T01:00:00-00:00,2017-09-02T02:00:00-00:00,2017-09-01,19,0,TH_NP15_GEN-APND,TH_NP15_GEN-APND,TH_NP15_GEN-APND,DAM,MCE,LMP_ENE_PRC,TH_NP15_GEN-APND,ALL_APNODES,0,772.52323,7
2017-09-02T06:00:00-00:00,2017-09-02T07:00:00-00:00,2017-09-01,24,0,TH_NP15_GEN-APND,TH_NP15_GEN-APND,TH_NP15_GEN-APND,DAM,MCE,LMP_ENE_PRC,TH_NP15_GEN-APND,ALL_APNODES,0,49.75748,7
2017-09-01T11:00:00-00:00,2017-09-01T12:00:00-00:00,2017-09-01,5,0,TH_NP15_GEN-APND,TH_NP15_GEN-APND,TH_NP15_GEN-APND,DAM,MCE,LMP_ENE_PRC,TH_NP15_GEN-APND,ALL_APNODES,0,33.49353,7
2017-09-01T07:00:00-00:00,2017-09-01T08:00:00-00:00,2017-09-01,1,0,TH_NP15_GEN-APND,TH_NP15_GEN-APND,TH_NP15_GEN-APND,DAM,MCE,LMP_ENE_PRC,TH_NP15_GEN-APND,ALL_APNODES,0,37.42757,7
2017-09-01T19:00:00-00:00,2017-09-01T20:00:00-00:00,2017-09-01,13,0,TH_NP15_GEN-APND,TH_NP15_GEN-APND,TH_NP15_GEN-APND,DAM,MCE,LMP_ENE_PRC,TH_NP15_GEN-APND,ALL_APNODES,0,56.96014,7
2017-09-02T00:00:00-00:00,2017-09-02T01:00:00-00:00,2017-09-01,18,0,TH_NP15_GEN-APND,TH_NP15_GEN-APND,TH_NP15_GEN-APND,DAM,MCE,LMP_ENE_PRC,TH_NP15_GEN-APND,ALL_APNODES,0,400.65518,7
2017-09-01T23:00:00-00:00,2017-09-02T00:00:00-00:00,2017-09-01,17,0,TH_NP15_GEN-APND,TH_NP15_GEN-APND,TH_NP15_GEN-APND,DAM,MCE,LMP_ENE_PRC,TH_NP15_GEN-APND,ALL_APNODES,0,263.59396,7
2017-09-01T22:00:00-00:00,2017-09-01T23:00:00-00:00,2017-09-01,16,0,TH_NP15_GEN-APND,TH_NP15_GEN-APND,TH_NP15_GEN-APND,DAM,MCE,LMP_ENE_PRC,TH_NP15_GEN-APND,ALL_APNODES,0,158.91364,7
2017-09-01T17:00:00-00:00,2017-09-01T18:00:00-00:00,2017-09-01,11,0,TH_NP15_GEN-APND,TH_NP15_GEN-APND,TH_NP15_GEN-APND,DAM,MCE,LMP_ENE_PRC,TH_NP15_GEN-APND,ALL_APNODES,0,47.89141,7
2017-09-01T15:00:00-00:00,2017-09-01T16:00:00-00:00,2017-09-01,9,0,TH_NP15_GEN-APND,TH_NP15_GEN-APND,TH_NP15_GEN-APND,DAM,MCE,LMP_ENE_PRC,TH_NP15_GEN-APND,ALL_APNODES,0,39.68707,7
2017-09-02T05:00:00-00:00,2017-09-02T06:00:00-00:00,2017-09-01,23,0,TH_NP15_GEN-APND,TH_NP15_GEN-APND,TH_NP15_GEN-APND,DAM,MCE,LMP_ENE_PRC,TH_NP15_GEN-APND,ALL_APNODES,0,55.71039,7
2017-09-02T02:00:00-00:00,2017-09-02T03:00:00-00:00,2017-09-01,20,0,TH_NP15_GEN-APND,TH_NP15_GEN-APND,TH_NP15_GEN-APND,DAM,MCE,LMP_ENE_PRC,TH_NP15_GEN-APND,ALL_APNODES,0,486.90947,7
2017-09-01T21:00:00-00:00,2017-09-01T22:00:00-00:00,2017-09-01,15,0,TH_NP15_GEN-APND,TH_NP15_GEN-APND,TH_NP15_GEN-APND,DAM,MCE,LMP_ENE_PRC,TH_NP15_GEN-APND,ALL_APNODES,0,93.5967,7
2017-09-01T09:00:00-00:00,2017-09-01T10:00:00-00:00,2017-09-01,3,0,TH_NP15_GEN-APND,TH_NP15_GEN-APND,TH_NP15_GEN-APND,DAM,MCL,LMP_LOSS_PRC,TH_NP15_GEN-APND,ALL_APNODES,0,-0.63015,8
2017-09-01T08:00:00-00:00,2017-09-01T09:00:00-00:00,2017-09-01,2,0,TH_NP15_GEN-APND,TH_NP15_GEN-APND,TH_NP15_GEN-APND,DAM,MCL,LMP_LOSS_PRC,TH_NP15_GEN-APND,ALL_APNODES,0,-0.72681,8
2017-09-02T03:00:00-00:00,2017-09-02T04:00:00-00:00,2017-09-01,21,0,TH_NP15_GEN-APND,TH_NP15_GEN-APND,TH_NP15_GEN-APND,DAM,MCL,LMP_LOSS_PRC,TH_NP15_GEN-APND,ALL_APNODES,0,-5.78324,8
2017-09-02T00:00:00-00:00,2017-09-02T01:00:00-00:00,2017-09-01,18,0,TH_NP15_GEN-APND,TH_NP15_GEN-APND,TH_NP15_GEN-APND,DAM,MCL,LMP_LOSS_PRC,TH_NP15_GEN-APND,ALL_APNODES,0,-12.9011,8
2017-09-01T19:00:00-00:00,2017-09-01T20:00:00-00:00,2017-09-01,13,0,TH_NP15_GEN-APND,TH_NP15_GEN-APND,TH_NP15_GEN-APND,DAM,MCL,LMP_LOSS_PRC,TH_NP15_GEN-APND,ALL_APNODES,0,-2.24993,8
2017-09-01T10:00:00-00:00,2017-09-01T11:00:00-00:00,2017-09-01,4,0,TH_NP15_GEN-APND,TH_NP15_GEN-APND,TH_NP15_GEN-APND,DAM,MCL,LMP_LOSS_PRC,TH_NP15_GEN-APND,ALL_APNODES,0,-0.57928,8
2017-09-01T07:00:00-00:00,2017-09-01T08:00:00-00:00,2017-09-01,1,0,TH_NP15_GEN-APND,TH_NP15_GEN-APND,TH_NP15_GEN-APND,DAM,MCL,LMP_LOSS_PRC,TH_NP15_GEN-APND,ALL_APNODES,0,-0.77475,8
2017-09-01T23:00:00-00:00,2017-09-02T00:00:00-00:00,2017-09-01,17,0,TH_NP15_GEN-APND,TH_NP15_GEN-APND,TH_NP15_GEN-APND,DAM,MCL,LMP_LOSS_PRC,TH_NP15_GEN-APND,ALL_APNODES,0,-6.93252,8
2017-09-01T22:00:00-00:00,2017-09-01T23:00:00-00:00,2017-09-01,16,0,TH_NP15_GEN-APND,TH_NP15_GEN-APND,TH_NP15_GEN-APND,DAM,MCL,LMP_LOSS_PRC,TH_NP15_GEN-APND,ALL_APNODES,0,-4.64028,8
2017-09-01T21:00:00-00:00,2017-09-01T22:00:00-00:00,2017-09-01,15,0,TH_NP15_GEN-APND,TH_NP15_GEN-APND,TH_NP15_GEN-APND,DAM,MCL,LMP_LOSS_PRC,TH_NP15_GEN-APND,ALL_APNODES,0,-3.06997,8
2017-09-01T20:00:00-00:00,2017-09-01T21:00:00-00:00,2017-09-01,14,0,TH_NP15_GEN-APND,TH_NP15_GEN-APND,TH_NP15_GEN-APND,DAM,MCL,LMP_LOSS_PRC,TH_NP15_GEN-APND,ALL_APNODES,0,-2.22605,8
2017-09-01T18:00:00-00:00,2017-09-01T19:00:00-00:00,2017-09-01,12,0,TH_NP15_GEN-APND,TH_NP15_GEN-APND,TH_NP15_GEN-APND,DAM,MCL,LMP_LOSS_PRC,TH_NP15_GEN-APND,ALL_APNODES,0,-1.98479,8
2017-09-01T17:00:00-00:00,2017-09-01T18:00:00-00:00,2017-09-01,11,0,TH_NP15_GEN-APND,TH_NP15_GEN-APND,TH_NP15_GEN-APND,DAM,MCL,LMP_LOSS_PRC,TH_NP15_GEN-APND,ALL_APNODES,0,-1.42716,8
2017-09-02T06:00:00-00:00,2017-09-02T07:00:00-00:00,2017-09-01,24,0,TH_NP15_GEN-APND,TH_NP15_GEN-APND,TH_NP15_GEN-APND,DAM,MCL,LMP_LOSS_PRC,TH_NP15_GEN-APND,ALL_APNODES,0,-0.95534,8
2017-09-02T05:00:00-00:00,2017-09-02T06:00:00-00:00,2017-09-01,23,0,TH_NP15_GEN-APND,TH_NP15_GEN-APND,TH_NP15_GEN-APND,DAM,MCL,LMP_LOSS_PRC,TH_NP15_GEN-APND,ALL_APNODES,0,-1.75488,8
2017-09-01T15:00:00-00:00,2017-09-01T16:00:00-00:00,2017-09-01,9,0,TH_NP15_GEN-APND,TH_NP15_GEN-APND,TH_NP15_GEN-APND,DAM,MCL,LMP_LOSS_PRC,TH_NP15_GEN-APND,ALL_APNODES,0,-1.14696,8
2017-09-01T11:00:00-00:00,2017-09-01T12:00:00-00:00,2017-09-01,5,0,TH_NP15_GEN-APND,TH_NP15_GEN-APND,TH_NP15_GEN-APND,DAM,MCL,LMP_LOSS_PRC,TH_NP15_GEN-APND,ALL_APNODES,0,-0.67322,8
2017-09-02T01:00:00-00:00,2017-09-02T02:00:00-00:00,2017-09-01,19,0,TH_NP15_GEN-APND,TH_NP15_GEN-APND,TH_NP15_GEN-APND,DAM,MCL,LMP_LOSS_PRC,TH_NP15_GEN-APND,ALL_APNODES,0,-30.51467,8
2017-09-01T16:00:00-00:00,2017-09-01T17:00:00-00:00,2017-09-01,10,0,TH_NP15_GEN-APND,TH_NP15_GEN-APND,TH_NP15_GEN-APND,DAM,MCL,LMP_LOSS_PRC,TH_NP15_GEN-APND,ALL_APNODES,0,-1.09472,8
2017-09-02T02:00:00-00:00,2017-09-02T03:00:00-00:00,2017-09-01,20,0,TH_NP15_GEN-APND,TH_NP15_GEN-APND,TH_NP15_GEN-APND,DAM,MCL,LMP_LOSS_PRC,TH_NP15_GEN-APND,ALL_APNODES,0,-15.97063,8
2017-09-01T13:00:00-00:00,2017-09-01T14:00:00-00:00,2017-09-01,7,0,TH_NP15_GEN-APND,TH_NP15_GEN-APND,TH_NP15_GEN-APND,DAM,MCL,LMP_LOSS_PRC,TH_NP15_GEN-APND,ALL_APNODES,0,-1.18033,8
2017-09-01T12:00:00-00:00,2017-09-01T13:00:00-00:00,2017-09-01,6,0,TH_NP15_GEN-APND,TH_NP15_GEN-APND,TH_NP15_GEN-APND,DAM,MCL,LMP_LOSS_PRC,TH_NP15_GEN-APND,ALL_APNODES,0,-0.68587,8
2017-09-02T04:00:00-00:00,2017-09-02T05:00:00-00:00,2017-09-01,22,0,TH_NP15_GEN-APND,TH_NP15_GEN-APND,TH_NP15_GEN-APND,DAM,MCL,LMP_LOSS_PRC,TH_NP15_GEN-APND,ALL_APNODES,0,-2.49648,8
2017-09-01T14:00:00-00:00,2017-09-01T15:00:00-00:00,2017-09-01,8,0,TH_NP15_GEN-APND,TH_NP15_GEN-APND,TH_NP15_GEN-APND,DAM,MCL,LMP_LOSS_PRC,TH_NP15_GEN-APND,ALL_APNODES,0,-1.06367,8
2017-09-01T09:00:00-00:00,2017-09-01T10:00:00-00:00,2017-09-01,3,0,TH_SP15_GEN-APND,TH_SP15_GEN-APND,TH_SP15_GEN-APND,DAM,LMP,LMP_PRC,TH_SP15_GEN-APND,ALL_APNODES,0,33.57725,9
2017-09-01T18:00:00-00:00,2017-09-01T19:00:00-00:00,2017-09-01,12,0,TH_SP15_GEN-APND,TH_SP15_GEN-APND,TH_SP15_GEN-APND,DAM,LMP,LMP_PRC,TH_SP15_GEN-APND,ALL_APNODES,0,49.23909,9
2017-09-02T04:00:00-00:00,2017-09-02T05:00:00-00:00,2017-09-01,22,0,TH_SP15_GEN-APND,TH_SP15_GEN-APND,TH_SP15_GEN-APND,DAM,LMP,LMP_PRC,TH_SP15_GEN-APND,ALL_APNODES,0,67.44668,9
2017-09-01T08:00:00-00:00,2017-09-01T09:00:00-00:00,2017-09-01,2,0,TH_SP15_GEN-APND,TH_SP15_GEN-APND,TH_SP15_GEN-APND,DAM,LMP,LMP_PRC,TH_SP15_GEN-APND,ALL_APNODES,0,33.91652,9
2017-09-01T07:00:00-00:00,2017-09-01T08:00:00-00:00,2017-09-01,1,0,TH_SP15_GEN-APND,TH_SP15_GEN-APND,TH_SP15_GEN-APND,DAM,LMP,LMP_PRC,TH_SP15_GEN-APND,ALL_APNODES,0,36.40206,9
2017-09-02T05:00:00-00:00,2017-09-02T06:00:00-00:00,2017-09-01,23,0,TH_SP15_GEN-APND,TH_SP15_GEN-APND,TH_SP15_GEN-APND,DAM,LMP,LMP_PRC,TH_SP15_GEN-APND,ALL_APNODES,0,54.06665,9
2017-09-02T03:00:00-00:00,2017-09-02T04:00:00-00:00,2017-09-01,21,0,TH_SP15_GEN-APND,TH_SP15_GEN-APND,TH_SP15_GEN-APND,DAM,LMP,LMP_PRC,TH_SP15_GEN-APND,ALL_APNODES,0,185.65934,9
2017-09-02T00:00:00-00:00,2017-09-02T01:00:00-00:00,2017-09-01,18,0,TH_SP15_GEN-APND,TH_SP15_GEN-APND,TH_SP15_GEN-APND,DAM,LMP,LMP_PRC,TH_SP15_GEN-APND,ALL_APNODES,0,386.23159,9
2017-09-01T21:00:00-00:00,2017-09-01T22:00:00-00:00,2017-09-01,15,0,TH_SP15_GEN-APND,TH_SP15_GEN-APND,TH_SP15_GEN-APND,DAM,LMP,LMP_PRC,TH_SP15_GEN-APND,ALL_APNODES,0,90.10555,9
2017-09-01T19:00:00-00:00,2017-09-01T20:00:00-00:00,2017-09-01,13,0,TH_SP15_GEN-APND,TH_SP15_GEN-APND,TH_SP15_GEN-APND,DAM,LMP,LMP_PRC,TH_SP15_GEN-APND,ALL_APNODES,0,55.30433,9
2017-09-01T11:00:00-00:00,2017-09-01T12:00:00-00:00,2017-09-01,5,0,TH_SP15_GEN-APND,TH_SP15_GEN-APND,TH_SP15_GEN-APND,DAM,LMP,LMP_PRC,TH_SP15_GEN-APND,ALL_APNODES,0,32.69638,9
2017-09-01T16:00:00-00:00,2017-09-01T17:00:00-00:00,2017-09-01,10,0,TH_SP15_GEN-APND,TH_SP15_GEN-APND,TH_SP15_GEN-APND,DAM,LMP,LMP_PRC,TH_SP15_GEN-APND,ALL_APNODES,0,39.84882,9
2017-09-01T15:00:00-00:00,2017-09-01T16:00:00-00:00,2017-09-01,9,0,TH_SP15_GEN-APND,TH_SP15_GEN-APND,TH_SP15_GEN-APND,DAM,LMP,LMP_PRC,TH_SP15_GEN-APND,ALL_APNODES,0,39.16556,9
2017-09-01T22:00:00-00:00,2017-09-01T23:00:00-00:00,2017-09-01,16,0,TH_SP15_GEN-APND,TH_SP15_GEN-APND,TH_SP15_GEN-APND,DAM,LMP,LMP_PRC,TH_SP15_GEN-APND,ALL_APNODES,0,152.66833,9
2017-09-01T23:00:00-00:00,2017-09-02T00:00:00-00:00,2017-09-01,17,0,TH_SP15_GEN-APND,TH_SP15_GEN-APND,TH_SP15_GEN-APND,DAM,LMP,LMP_PRC,TH_SP15_GEN-APND,ALL_APNODES,0,252.47029,9
2017-09-02T01:00:00-00:00,2017-09-02T02:00:00-00:00,2017-09-01,19,0,TH_SP15_GEN-APND,TH_SP15_GEN-APND,TH_SP15_GEN-APND,DAM,LMP,LMP_PRC,TH_SP15_GEN-APND,ALL_APNODES,0,753.67366,9
2017-09-01T17:00:00-00:00,2017-09-01T18:00:00-00:00,2017-09-01,11,0,TH_SP15_GEN-APND,TH_SP15_GEN-APND,TH_SP15_GEN-APND,DAM,LMP,LMP_PRC,TH_SP15_GEN-APND,ALL_APNODES,0,46.3062,9
2017-09-02T06:00:00-00:00,2017-09-02T07:00:00-00:00,2017-09-01,24,0,TH_SP15_GEN-APND,TH_SP15_GEN-APND,TH_SP15_GEN-APND,DAM,LMP,LMP_PRC,TH_SP15_GEN-APND,ALL_APNODES,0,47.99109,9
2017-09-02T02:00:00-00:00,2017-09-02T03:00:00-00:00,2017-09-01,20,0,TH_SP15_GEN-APND,TH_SP15_GEN-APND,TH_SP15_GEN-APND,DAM,LMP,LMP_PRC,TH_SP15_GEN-APND,ALL_APNODES,0,473.66553,9
2017-09-01T13:00:00-00:00,2017-09-01T14:00:00-00:00,2017-09-01,7,0,TH_SP15_GEN-APND,TH_SP15_GEN-APND,TH_SP15_GEN-APND,DAM,LMP,LMP_PRC,TH_SP15_GEN-APND,ALL_APNODES,0,42.18918,9
2017-09-01T12:00:00-00:00,2017-09-01T13:00:00-00:00,2017-09-01,6,0,TH_SP15_GEN-APND,TH_SP15_GEN-APND,TH_SP15_GEN-APND,DAM,LMP,LMP_PRC,TH_SP15_GEN-APND,ALL_APNODES,0,34.37846,9
2017-09-01T20:00:00-00:00,2017-09-01T21:00:00-00:00,2017-09-01,14,0,TH_SP15_GEN-APND,TH_SP15_GEN-APND,TH_SP15_GEN-APND,DAM,LMP,LMP_PRC,TH_SP15_GEN-APND,ALL_APNODES,0,64.78411,9
2017-09-01T14:00:00-00:00,2017-09-01T15:00:00-00:00,2017-09-01,8,0,TH_SP15_GEN-APND,TH_SP15_GEN-APND,TH_SP15_GEN-APND,DAM,LMP,LMP_PRC,TH_SP15_GEN-APND,ALL_APNODES,0,40.13082,9
2017-09-01T10:00:00-00:00,2017-09-01T11:00:00-00:00,2017-09-01,4,0,TH_SP15_GEN-APND,TH_SP15_GEN-APND,TH_SP15_GEN-APND,DAM,LMP,LMP_PRC,TH_SP15_GEN-APND,ALL_APNODES,0,32.28093,9
2017-09-01T23:00:00-00:00,2017-09-02T00:00:00-00:00,2017-09-01,17,0,TH_SP15_GEN-APND,TH_SP15_GEN-APND,TH_SP15_GEN-APND,DAM,MCC,LMP_CONG_PRC,TH_SP15_GEN-APND,ALL_APNODES,0,0,10
2017-09-01T08:00:00-00:00,2017-09-01T09:00:00-00:00,2017-09-01,2,0,TH_SP15_GEN-APND,TH_SP15_GEN-APND,TH_SP15_GEN-APND,DAM,MCC,LMP_CONG_PRC,TH_SP15_GEN-APND,ALL_APNODES,0,0,10
2017-09-01T19:00:00-00:00,2017-09-01T20:00:00-00:00,2017-09-01,13,0,TH_SP15_GEN-APND,TH_SP15_GEN-APND,TH_SP15_GEN-APND,DAM,MCC,LMP_CONG_PRC,TH_SP15_GEN-APND,ALL_APNODES,0,0.08717,10
2017-09-01T18:00:00-00:00,2017-09-01T19:00:00-00:00,2017-09-01,12,0,TH_SP15_GEN-APND,TH_SP15_GEN-APND,TH_SP15_GEN-APND,DAM,MCC,LMP_CONG_PRC,TH_SP15_GEN-APND,ALL_APNODES,0,0,10
2017-09-02T04:00:00-00:00,2017-09-02T05:00:00-00:00,2017-09-01,22,0,TH_SP15_GEN-APND,TH_SP15_GEN-APND,TH_SP15_GEN-APND,DAM,MCC,LMP_CONG_PRC,TH_SP15_GEN-APND,ALL_APNODES,0,0,10
2017-09-02T01:00:00-00:00,2017-09-02T02:00:00-00:00,2017-09-01,19,0,TH_SP15_GEN-APND,TH_SP15_GEN-APND,TH_SP15_GEN-APND,DAM,MCC,LMP_CONG_PRC,TH_SP15_GEN-APND,ALL_APNODES,0,0,10
2017-09-02T02:00:00-00:00,2017-09-02T03:00:00-00:00,2017-09-01,20,0,TH_SP15_GEN-APND,TH_SP15_GEN-APND,TH_SP15_GEN-APND,DAM,MCC,LMP_CONG_PRC,TH_SP15_GEN-APND,ALL_APNODES,0,0,10
2017-09-01T17:00:00-00:00,2017-09-01T18:00:00-00:00,2017-09-01,11,0,TH_SP15_GEN-APND,TH_SP15_GEN-APND,TH_SP15_GEN-APND,DAM,MCC,LMP_CONG_PRC,TH_SP15_GEN-APND,ALL_APNODES,0,0,10
2017-09-01T15:00:00-00:00,2017-09-01T16:00:00-00:00,2017-09-01,9,0,TH_SP15_GEN-APND,TH_SP15_GEN-APND,TH_SP15_GEN-APND,DAM,MCC,LMP_CONG_PRC,TH_SP15_GEN-APND,ALL_APNODES,0,0.54211,10
2017-09-01T10:00:00-00:00,2017-09-01T11:00:00-00:00,2017-09-01,4,0,TH_SP15_GEN-APND,TH_SP15_GEN-APND,TH_SP15_GEN-APND,DAM,MCC,LMP_CONG_PRC,TH_SP15_GEN-APND,ALL_APNODES,0,0,10
2017-09-02T03:00:00-00:00,2017-09-02T04:00:00-00:00,2017-09-01,21,0,TH_SP15_GEN-APND,TH_SP15_GEN-APND,TH_SP15_GEN-APND,DAM,MCC,LMP_CONG_PRC,TH_SP15_GEN-APND,ALL_APNODES,0,0,10
2017-09-01T09:00:00-00:00,2017-09-01T10:00:00-00:00,2017-09-01,3,0,TH_SP15_GEN-APND,TH_SP15_GEN-APND,TH_SP15_GEN-APND,DAM,MCC,LMP_CONG_PRC,TH_SP15_GEN-APND,ALL_APNODES,0,0,10
2017-09-01T07:00:00-00:00,2017-09-01T08:00:00-00:00,2017-09-01,1,0,TH_SP15_GEN-APND,TH_SP15_GEN-APND,TH_SP15_GEN-APND,DAM,MCC,LMP_CONG_PRC,TH_SP15_GEN-APND,ALL_APNODES,0,0,10
2017-09-01T21:00:00-00:00,2017-09-01T22:00:00-00:00,2017-09-01,15,0,TH_SP15_GEN-APND,TH_SP15_GEN-APND,TH_SP15_GEN-APND,DAM,MCC,LMP_CONG_PRC,TH_SP15_GEN-APND,ALL_APNODES,0,0,10
2017-09-01T16:00:00-00:00,2017-09-01T17:00:00-00:00,2017-09-01,10,0,TH_SP15_GEN-APND,TH_SP15_GEN-APND,TH_SP15_GEN-APND,DAM,MCC,LMP_CONG_PRC,TH_SP15_GEN-APND,ALL_APNODES,0,0.10277,10
2017-09-02T05:00:00-00:00,2017-09-02T06:00:00-00:00,2017-09-01,23,0,TH_SP15_GEN-APND,TH_SP15_GEN-APND,TH_SP15_GEN-APND,DAM,MCC,LMP_CONG_PRC,TH_SP15_GEN-APND,ALL_APNODES,0,-0.00028,10
2017-09-01T13:00:00-00:00,2017-09-01T14:00:00-00:00,2017-09-01,7,0,TH_SP15_GEN-APND,TH_SP15_GEN-APND,TH_SP15_GEN-APND,DAM,MCC,LMP_CONG_PRC,TH_SP15_GEN-APND,ALL_APNODES,0,0,10
2017-09-01T11:00:00-00:00,2017-09-01T12:00:00-00:00,2017-09-01,5,0,TH_SP15_GEN-APND,TH_SP15_GEN-APND,TH_SP15_GEN-APND,DAM,MCC,LMP_CONG_PRC,TH_SP15_GEN-APND,ALL_APNODES,0,0,10
2017-09-01T22:00:00-00:00,2017-09-01T23:00:00-00:00,2017-09-01,16,0,TH_SP15_GEN-APND,TH_SP15_GEN-APND,TH_SP15_GEN-APND,DAM,MCC,LMP_CONG_PRC,TH_SP15_GEN-APND,ALL_APNODES,0,0,10
2017-09-01T14:00:00-00:00,2017-09-01T15:00:00-00:00,2017-09-01,8,0,TH_SP15_GEN-APND,TH_SP15_GEN-APND,TH_SP15_GEN-APND,DAM,MCC,LMP_CONG_PRC,TH_SP15_GEN-APND,ALL_APNODES,0,0.13844,10
2017-09-01T12:00:00-00:00,2017-09-01T13:00:00-00:00,2017-09-01,6,0,TH_SP15_GEN-APND,TH_SP15_GEN-APND,TH_SP15_GEN-APND,DAM,MCC,LMP_CONG_PRC,TH_SP15_GEN-APND,ALL_APNODES,0,0,10
2017-09-01T20:00:00-00:00,2017-09-01T21:00:00-00:00,2017-09-01,14,0,TH_SP15_GEN-APND,TH_SP15_GEN-APND,TH_SP15_GEN-APND,DAM,MCC,LMP_CONG_PRC,TH_SP15_GEN-APND,ALL_APNODES,0,0,10
2017-09-02T00:00:00-00:00,2017-09-02T01:00:00-00:00,2017-09-01,18,0,TH_SP15_GEN-APND,TH_SP15_GEN-APND,TH_SP15_GEN-APND,DAM,MCC,LMP_CONG_PRC,TH_SP15_GEN-APND,ALL_APNODES,0,0,10
2017-09-02T06:00:00-00:00,2017-09-02T07:00:00-00:00,2017-09-01,24,0,TH_SP15_GEN-APND,TH_SP15_GEN-APND,TH_SP15_GEN-APND,DAM,MCC,LMP_CONG_PRC,TH_SP15_GEN-APND,ALL_APNODES,0,0,10
2017-09-02T00:00:00-00:00,2017-09-02T01:00:00-00:00,2017-09-01,18,0,TH_SP15_GEN-APND,TH_SP15_GEN-APND,TH_SP15_GEN-APND,DAM,MCE,LMP_ENE_PRC,TH_SP15_GEN-APND,ALL_APNODES,0,400.65518,11
2017-09-02T01:00:00-00:00,2017-09-02T02:00:00-00:00,2017-09-01,19,0,TH_SP15_GEN-APND,TH_SP15_GEN-APND,TH_SP15_GEN-APND,DAM,MCE,LMP_ENE_PRC,TH_SP15_GEN-APND,ALL_APNODES,0,772.52323,11
2017-09-01T20:00:00-00:00,2017-09-01T21:00:00-00:00,2017-09-01,14,0,TH_SP15_GEN-APND,TH_SP15_GEN-APND,TH_SP15_GEN-APND,DAM,MCE,LMP_ENE_PRC,TH_SP15_GEN-APND,ALL_APNODES,0,67.25227,11
2017-09-01T18:00:00-00:00,2017-09-01T19:00:00-00:00,2017-09-01,12,0,TH_SP15_GEN-APND,TH_SP15_GEN-APND,TH_SP15_GEN-APND,DAM,MCE,LMP_ENE_PRC,TH_SP15_GEN-APND,ALL_APNODES,0,50.76194,11
2017-09-02T05:00:00-00:00,2017-09-02T06:00:00-00:00,2017-09-01,23,0,TH_SP15_GEN-APND,TH_SP15_GEN-APND,TH_SP15_GEN-APND,DAM,MCE,LMP_ENE_PRC,TH_SP15_GEN-APND,ALL_APNODES,0,55.71039,11
2017-09-02T06:00:00-00:00,2017-09-02T07:00:00-00:00,2017-09-01,24,0,TH_SP15_GEN-APND,TH_SP15_GEN-APND,TH_SP15_GEN-APND,DAM,MCE,LMP_ENE_PRC,TH_SP15_GEN-APND,ALL_APNODES,0,49.75748,11
2017-09-01T16:00:00-00:00,2017-09-01T17:00:00-00:00,2017-09-01,10,0,TH_SP15_GEN-APND,TH_SP15_GEN-APND,TH_SP15_GEN-APND,DAM,MCE,LMP_ENE_PRC,TH_SP15_GEN-APND,ALL_APNODES,0,41.00066,11
2017-09-02T02:00:00-00:00,2017-09-02T03:00:00-00:00,2017-09-01,20,0,TH_SP15_GEN-APND,TH_SP15_GEN-APND,TH_SP15_GEN-APND,DAM,MCE,LMP_ENE_PRC,TH_SP15_GEN-APND,ALL_APNODES,0,486.90947,11
2017-09-02T04:00:00-00:00,2017-09-02T05:00:00-00:00,2017-09-01,22,0,TH_SP15_GEN-APND,TH_SP15_GEN-APND,TH_SP15_GEN-APND,DAM,MCE,LMP_ENE_PRC,TH_SP15_GEN-APND,ALL_APNODES,0,69.34678,11
2017-09-01T13:00:00-00:00,2017-09-01T14:00:00-00:00,2017-09-01,7,0,TH_SP15_GEN-APND,TH_SP15_GEN-APND,TH_SP15_GEN-APND,DAM,MCE,LMP_ENE_PRC,TH_SP15_GEN-APND,ALL_APNODES,0,43.23548,11
2017-09-01T15:00:00-00:00,2017-09-01T16:00:00-00:00,2017-09-01,9,0,TH_SP15_GEN-APND,TH_SP15_GEN-APND,TH_SP15_GEN-APND,DAM,MCE,LMP_ENE_PRC,TH_SP15_GEN-APND,ALL_APNODES,0,39.68707,11
2017-09-01T17:00:00-00:00,2017-09-01T18:00:00-00:00,2017-09-01,11,0,TH_SP15_GEN-APND,TH_SP15_GEN-APND,TH_SP15_GEN-APND,DAM,MCE,LMP_ENE_PRC,TH_SP15_GEN-APND,ALL_APNODES,0,47.89141,11
2017-09-01T22:00:00-00:00,2017-09-01T23:00:00-00:00,2017-09-01,16,0,TH_SP15_GEN-APND,TH_SP15_GEN-APND,TH_SP15_GEN-APND,DAM,MCE,LMP_ENE_PRC,TH_SP15_GEN-APND,ALL_APNODES,0,158.91364,11
2017-09-01T10:00:00-00:00,2017-09-01T11:00:00-00:00,2017-09-01,4,0,TH_SP15_GEN-APND,TH_SP15_GEN-APND,TH_SP15_GEN-APND,DAM,MCE,LMP_ENE_PRC,TH_SP15_GEN-APND,ALL_APNODES,0,33.10185,11
2017-09-01T11:00:00-00:00,2017-09-01T12:00:00-00:00,2017-09-01,5,0,TH_SP15_GEN-APND,TH_SP15_GEN-APND,TH_SP15_GEN-APND,DAM,MCE,LMP_ENE_PRC,TH_SP15_GEN-APND,ALL_APNODES,0,33.49353,11
2017-09-01T14:00:00-00:00,2017-09-01T15:00:00-00:00,2017-09-01,8,0,TH_SP15_GEN-APND,TH_SP15_GEN-APND,TH_SP15_GEN-APND,DAM,MCE,LMP_ENE_PRC,TH_SP15_GEN-APND,ALL_APNODES,0,41.06837,11
2017-09-02T03:00:00-00:00,2017-09-02T04:00:00-00:00,2017-09-01,21,0,TH_SP15_GEN-APND,TH_SP15_GEN-APND,TH_SP15_GEN-APND,DAM,MCE,LMP_ENE_PRC,TH_SP15_GEN-APND,ALL_APNODES,0,192.13426,11
2017-09-01T23:00:00-00:00,2017-09-02T00:00:00-00:00,2017-09-01,17,0,TH_SP15_GEN-APND,TH_SP15_GEN-APND,TH_SP15_GEN-APND,DAM,MCE,LMP_ENE_PRC,TH_SP15_GEN-APND,ALL_APNODES,0,263.59396,11
2017-09-01T12:00:00-00:00,2017-09-01T13:00:00-00:00,2017-09-01,6,0,TH_SP15_GEN-APND,TH_SP15_GEN-APND,TH_SP15_GEN-APND,DAM,MCE,LMP_ENE_PRC,TH_SP15_GEN-APND,ALL_APNODES,0,35.35423,11
2017-09-01T19:00:00-00:00,2017-09-01T20:00:00-00:00,2017-09-01,13,0,TH_SP15_GEN-APND,TH_SP15_GEN-APND,TH_SP15_GEN-APND,DAM,MCE,LMP_ENE_PRC,TH_SP15_GEN-APND,ALL_APNODES,0,56.96014,11
2017-09-01T07:00:00-00:00,2017-09-01T08:00:00-00:00,2017-09-01,1,0,TH_SP15_GEN-APND,TH_SP15_GEN-APND,TH_SP15_GEN-APND,DAM,MCE,LMP_ENE_PRC,TH_SP15_GEN-APND,ALL_APNODES,0,37.42757,11
2017-09-01T08:00:00-00:00,2017-09-01T09:00:00-00:00,2017-09-01,2,0,TH_SP15_GEN-APND,TH_SP15_GEN-APND,TH_SP15_GEN-APND,DAM,MCE,LMP_ENE_PRC,TH_SP15_GEN-APND,ALL_APNODES,0,34.77547,11
2017-09-01T09:00:00-00:00,2017-09-01T10:00:00-00:00,2017-09-01,3,0,TH_SP15_GEN-APND,TH_SP15_GEN-APND,TH_SP15_GEN-APND,DAM,MCE,LMP_ENE_PRC,TH_SP15_GEN-APND,ALL_APNODES,0,34.43468,11
2017-09-01T21:00:00-00:00,2017-09-01T22:00:00-00:00,2017-09-01,15,0,TH_SP15_GEN-APND,TH_SP15_GEN-APND,TH_SP15_GEN-APND,DAM,MCE,LMP_ENE_PRC,TH_SP15_GEN-APND,ALL_APNODES,0,93.5967,11
2017-09-01T23:00:00-00:00,2017-09-02T00:00:00-00:00,2017-09-01,17,0,TH_SP15_GEN-APND,TH_SP15_GEN-APND,TH_SP15_GEN-APND,DAM,MCL,LMP_LOSS_PRC,TH_SP15_GEN-APND,ALL_APNODES,0,-11.12366,12
2017-09-01T14:00:00-00:00,2017-09-01T15:00:00-00:00,2017-09-01,8,0,TH_SP15_GEN-APND,TH_SP15_GEN-APND,TH_SP15_GEN-APND,DAM,MCL,LMP_LOSS_PRC,TH_SP15_GEN-APND,ALL_APNODES,0,-1.07599,12
2017-09-02T01:00:00-00:00,2017-09-02T02:00:00-00:00,2017-09-01,19,0,TH_SP15_GEN-APND,TH_SP15_GEN-APND,TH_SP15_GEN-APND,DAM,MCL,LMP_LOSS_PRC,TH_SP15_GEN-APND,ALL_APNODES,0,-18.84957,12
2017-09-01T20:00:00-00:00,2017-09-01T21:00:00-00:00,2017-09-01,14,0,TH_SP15_GEN-APND,TH_SP15_GEN-APND,TH_SP15_GEN-APND,DAM,MCL,LMP_LOSS_PRC,TH_SP15_GEN-APND,ALL_APNODES,0,-2.46816,12
2017-09-01T19:00:00-00:00,2017-09-01T20:00:00-00:00,2017-09-01,13,0,TH_SP15_GEN-APND,TH_SP15_GEN-APND,TH_SP15_GEN-APND,DAM,MCL,LMP_LOSS_PRC,TH_SP15_GEN-APND,ALL_APNODES,0,-1.74298,12
2017-09-01T18:00:00-00:00,2017-09-01T19:00:00-00:00,2017-09-01,12,0,TH_SP15_GEN-APND,TH_SP15_GEN-APND,TH_SP15_GEN-APND,DAM,MCL,LMP_LOSS_PRC,TH_SP15_GEN-APND,ALL_APNODES,0,-1.52286,12
2017-09-02T06:00:00-00:00,2017-09-02T07:00:00-00:00,2017-09-01,24,0,TH_SP15_GEN-APND,TH_SP15_GEN-APND,TH_SP15_GEN-APND,DAM,MCL,LMP_LOSS_PRC,TH_SP15_GEN-APND,ALL_APNODES,0,-1.76639,12
2017-09-01T15:00:00-00:00,2017-09-01T16:00:00-00:00,2017-09-01,9,0,TH_SP15_GEN-APND,TH_SP15_GEN-APND,TH_SP15_GEN-APND,DAM,MCL,LMP_LOSS_PRC,TH_SP15_GEN-APND,ALL_APNODES,0,-1.06361,12
2017-09-01T08:00:00-00:00,2017-09-01T09:00:00-00:00,2017-09-01,2,0,TH_SP15_GEN-APND,TH_SP15_GEN-APND,TH_SP15_GEN-APND,DAM,MCL,LMP_LOSS_PRC,TH_SP15_GEN-APND,ALL_APNODES,0,-0.85895,12
2017-09-01T13:00:00-00:00,2017-09-01T14:00:00-00:00,2017-09-01,7,0,TH_SP15_GEN-APND,TH_SP15_GEN-APND,TH_SP15_GEN-APND,DAM,MCL,LMP_LOSS_PRC,TH_SP15_GEN-APND,ALL_APNODES,0,-1.0463,12
2017-09-01T09:00:00-00:00,2017-09-01T10:00:00-00:00,2017-09-01,3,0,TH_SP15_GEN-APND,TH_SP15_GEN-APND,TH_SP15_GEN-APND,DAM,MCL,LMP_LOSS_PRC,TH_SP15_GEN-APND,ALL_APNODES,0,-0.85742,12
2017-09-02T00:00:00-00:00,2017-09-02T01:00:00-00:00,2017-09-01,18,0,TH_SP15_GEN-APND,TH_SP15_GEN-APND,TH_SP15_GEN-APND,DAM,MCL,LMP_LOSS_PRC,TH_SP15_GEN-APND,ALL_APNODES,0,-14.42359,12
2017-09-01T22:00:00-00:00,2017-09-01T23:00:00-00:00,2017-09-01,16,0,TH_SP15_GEN-APND,TH_SP15_GEN-APND,TH_SP15_GEN-APND,DAM,MCL,LMP_LOSS_PRC,TH_SP15_GEN-APND,ALL_APNODES,0,-6.24531,12
2017-09-02T02:00:00-00:00,2017-09-02T03:00:00-00:00,2017-09-01,20,0,TH_SP15_GEN-APND,TH_SP15_GEN-APND,TH_SP15_GEN-APND,DAM,MCL,LMP_LOSS_PRC,TH_SP15_GEN-APND,ALL_APNODES,0,-13.24394,12
2017-09-01T10:00:00-00:00,2017-09-01T11:00:00-00:00,2017-09-01,4,0,TH_SP15_GEN-APND,TH_SP15_GEN-APND,TH_SP15_GEN-APND,DAM,MCL,LMP_LOSS_PRC,TH_SP15_GEN-APND,ALL_APNODES,0,-0.82093,12
2017-09-02T05:00:00-00:00,2017-09-02T06:00:00-00:00,2017-09-01,23,0,TH_SP15_GEN-APND,TH_SP15_GEN-APND,TH_SP15_GEN-APND,DAM,MCL,LMP_LOSS_PRC,TH_SP15_GEN-APND,ALL_APNODES,0,-1.64346,12
2017-09-01T21:00:00-00:00,2017-09-01T22:00:00-00:00,2017-09-01,15,0,TH_SP15_GEN-APND,TH_SP15_GEN-APND,TH_SP15_GEN-APND,DAM,MCL,LMP_LOSS_PRC,TH_SP15_GEN-APND,ALL_APNODES,0,-3.49116,12
2017-09-01T16:00:00-00:00,2017-09-01T17:00:00-00:00,2017-09-01,10,0,TH_SP15_GEN-APND,TH_SP15_GEN-APND,TH_SP15_GEN-APND,DAM,MCL,LMP_LOSS_PRC,TH_SP15_GEN-APND,ALL_APNODES,0,-1.25462,12
2017-09-02T04:00:00-00:00,2017-09-02T05:00:00-00:00,2017-09-01,22,0,TH_SP15_GEN-APND,TH_SP15_GEN-APND,TH_SP15_GEN-APND,DAM,MCL,LMP_LOSS_PRC,TH_SP15_GEN-APND,ALL_APNODES,0,-1.9001,12
2017-09-01T17:00:00-00:00,2017-09-01T18:00:00-00:00,2017-09-01,11,0,TH_SP15_GEN-APND,TH_SP15_GEN-APND,TH_SP15_GEN-APND,DAM,MCL,LMP_LOSS_PRC,TH_SP15_GEN-APND,ALL_APNODES,0,-1.58521,12
2017-09-02T03:00:00-00:00,2017-09-02T04:00:00-00:00,2017-09-01,21,0,TH_SP15_GEN-APND,TH_SP15_GEN-APND,TH_SP15_GEN-APND,DAM,MCL,LMP_LOSS_PRC,TH_SP15_GEN-APND,ALL_APNODES,0,-6.47492,12
2017-09-01T12:00:00-00:00,2017-09-01T13:00:00-00:00,2017-09-01,6,0,TH_SP15_GEN-APND,TH_SP15_GEN-APND,TH_SP15_GEN-APND,DAM,MCL,LMP_LOSS_PRC,TH_SP15_GEN-APND,ALL_APNODES,0,-0.97578,12
2017-09-01T11:00:00-00:00,2017-09-01T12:00:00-00:00,2017-09-01,5,0,TH_SP15_GEN-APND,TH_SP15_GEN-APND,TH_SP15_GEN-APND,DAM,MCL,LMP_LOSS_PRC,TH_SP15_GEN-APND,ALL_APNODES,0,-0.79715,12
2017-09-01T07:00:00-00:00,2017-09-01T08:00:00-00:00,2017-09-01,1,0,TH_SP15_GEN-APND,TH_SP15_GEN-APND,TH_SP15_GEN-APND,DAM,MCL,LMP_LOSS_PRC,TH_SP15_GEN-APND,ALL_APNODES,0,-1.02552,12
2017-09-01T22:00:00-00:00,2017-09-01T23:00:00-00:00,2017-09-01,16,0,TH_ZP26_GEN-APND,TH_ZP26_GEN-APND,TH_ZP26_GEN-APND,DAM,LMP,LMP_PRC,TH_ZP26_GEN-APND,ALL_APNODES,0,150.26874,13
2017-09-01T17:00:00-00:00,2017-09-01T18:00:00-00:00,2017-09-01,11,0,TH_ZP26_GEN-APND,TH_ZP26_GEN-APND,TH_ZP26_GEN-APND,DAM,LMP,LMP_PRC,TH_ZP26_GEN-APND,ALL_APNODES,0,45.19033,13
2017-09-01T13:00:00-00:00,2017-09-01T14:00:00-00:00,2017-09-01,7,0,TH_ZP26_GEN-APND,TH_ZP26_GEN-APND,TH_ZP26_GEN-APND,DAM,LMP,LMP_PRC,TH_ZP26_GEN-APND,ALL_APNODES,0,41.80438,13
2017-09-01T19:00:00-00:00,2017-09-01T20:00:00-00:00,2017-09-01,13,0,TH_ZP26_GEN-APND,TH_ZP26_GEN-APND,TH_ZP26_GEN-APND,DAM,LMP,LMP_PRC,TH_ZP26_GEN-APND,ALL_APNODES,0,53.45602,13
2017-09-01T16:00:00-00:00,2017-09-01T17:00:00-00:00,2017-09-01,10,0,TH_ZP26_GEN-APND,TH_ZP26_GEN-APND,TH_ZP26_GEN-APND,DAM,LMP,LMP_PRC,TH_ZP26_GEN-APND,ALL_APNODES,0,38.72633,13
2017-09-01T14:00:00-00:00,2017-09-01T15:00:00-00:00,2017-09-01,8,0,TH_ZP26_GEN-APND,TH_ZP26_GEN-APND,TH_ZP26_GEN-APND,DAM,LMP,LMP_PRC,TH_ZP26_GEN-APND,ALL_APNODES,0,39.23625,13
2017-09-01T10:00:00-00:00,2017-09-01T11:00:00-00:00,2017-09-01,4,0,TH_ZP26_GEN-APND,TH_ZP26_GEN-APND,TH_ZP26_GEN-APND,DAM,LMP,LMP_PRC,TH_ZP26_GEN-APND,ALL_APNODES,0,31.90025,13
2017-09-01T21:00:00-00:00,2017-09-01T22:00:00-00:00,2017-09-01,15,0,TH_ZP26_GEN-APND,TH_ZP26_GEN-APND,TH_ZP26_GEN-APND,DAM,LMP,LMP_PRC,TH_ZP26_GEN-APND,ALL_APNODES,0,88.21489,13
2017-09-02T06:00:00-00:00,2017-09-02T07:00:00-00:00,2017-09-01,24,0,TH_ZP26_GEN-APND,TH_ZP26_GEN-APND,TH_ZP26_GEN-APND,DAM,LMP,LMP_PRC,TH_ZP26_GEN-APND,ALL_APNODES,0,47.73732,13
2017-09-02T05:00:00-00:00,2017-09-02T06:00:00-00:00,2017-09-01,23,0,TH_ZP26_GEN-APND,TH_ZP26_GEN-APND,TH_ZP26_GEN-APND,DAM,LMP,LMP_PRC,TH_ZP26_GEN-APND,ALL_APNODES,0,53.38727,13
2017-09-01T12:00:00-00:00,2017-09-01T13:00:00-00:00,2017-09-01,6,0,TH_ZP26_GEN-APND,TH_ZP26_GEN-APND,TH_ZP26_GEN-APND,DAM,LMP,LMP_PRC,TH_ZP26_GEN-APND,ALL_APNODES,0,34.06027,13
2017-09-01T09:00:00-00:00,2017-09-01T10:00:00-00:00,2017-09-01,3,0,TH_ZP26_GEN-APND,TH_ZP26_GEN-APND,TH_ZP26_GEN-APND,DAM,LMP,LMP_PRC,TH_ZP26_GEN-APND,ALL_APNODES,0,33.19503,13
2017-09-01T08:00:00-00:00,2017-09-01T09:00:00-00:00,2017-09-01,2,0,TH_ZP26_GEN-APND,TH_ZP26_GEN-APND,TH_ZP26_GEN-APND,DAM,LMP,LMP_PRC,TH_ZP26_GEN-APND,ALL_APNODES,0,33.49574,13
2017-09-02T03:00:00-00:00,2017-09-02T04:00:00-00:00,2017-09-01,21,0,TH_ZP26_GEN-APND,TH_ZP26_GEN-APND,TH_ZP26_GEN-APND,DAM,LMP,LMP_PRC,TH_ZP26_GEN-APND,ALL_APNODES,0,184.67945,13
2017-09-02T00:00:00-00:00,2017-09-02T01:00:00-00:00,2017-09-01,18,0,TH_ZP26_GEN-APND,TH_ZP26_GEN-APND,TH_ZP26_GEN-APND,DAM,LMP,LMP_PRC,TH_ZP26_GEN-APND,ALL_APNODES,0,381.26347,13
2017-09-01T23:00:00-00:00,2017-09-02T00:00:00-00:00,2017-09-01,17,0,TH_ZP26_GEN-APND,TH_ZP26_GEN-APND,TH_ZP26_GEN-APND,DAM,LMP,LMP_PRC,TH_ZP26_GEN-APND,ALL_APNODES,0,249.62348,13
2017-09-01T20:00:00-00:00,2017-09-01T21:00:00-00:00,2017-09-01,14,0,TH_ZP26_GEN-APND,TH_ZP26_GEN-APND,TH_ZP26_GEN-APND,DAM,LMP,LMP_PRC,TH_ZP26_GEN-APND,ALL_APNODES,0,63.29783,13
2017-09-01T15:00:00-00:00,2017-09-01T16:00:00-00:00,2017-09-01,9,0,TH_ZP26_GEN-APND,TH_ZP26_GEN-APND,TH_ZP26_GEN-APND,DAM,LMP,LMP_PRC,TH_ZP26_GEN-APND,ALL_APNODES,0,37.10292,13
2017-09-02T04:00:00-00:00,2017-09-02T05:00:00-00:00,2017-09-01,22,0,TH_ZP26_GEN-APND,TH_ZP26_GEN-APND,TH_ZP26_GEN-APND,DAM,LMP,LMP_PRC,TH_ZP26_GEN-APND,ALL_APNODES,0,66.74628,13
2017-09-02T02:00:00-00:00,2017-09-02T03:00:00-00:00,2017-09-01,20,0,TH_ZP26_GEN-APND,TH_ZP26_GEN-APND,TH_ZP26_GEN-APND,DAM,LMP,LMP_PRC,TH_ZP26_GEN-APND,ALL_APNODES,0,467.92,13
2017-09-01T11:00:00-00:00,2017-09-01T12:00:00-00:00,2017-09-01,5,0,TH_ZP26_GEN-APND,TH_ZP26_GEN-APND,TH_ZP26_GEN-APND,DAM,LMP,LMP_PRC,TH_ZP26_GEN-APND,ALL_APNODES,0,32.27436,13
2017-09-01T07:00:00-00:00,2017-09-01T08:00:00-00:00,2017-09-01,1,0,TH_ZP26_GEN-APND,TH_ZP26_GEN-APND,TH_ZP26_GEN-APND,DAM,LMP,LMP_PRC,TH_ZP26_GEN-APND,ALL_APNODES,0,36.07269,13
2017-09-01T18:00:00-00:00,2017-09-01T19:00:00-00:00,2017-09-01,12,0,TH_ZP26_GEN-APND,TH_ZP26_GEN-APND,TH_ZP26_GEN-APND,DAM,LMP,LMP_PRC,TH_ZP26_GEN-APND,ALL_APNODES,0,47.81775,13
2017-09-02T01:00:00-00:00,2017-09-02T02:00:00-00:00,2017-09-01,19,0,TH_ZP26_GEN-APND,TH_ZP26_GEN-APND,TH_ZP26_GEN-APND,DAM,LMP,LMP_PRC,TH_ZP26_GEN-APND,ALL_APNODES,0,740,13
2017-09-02T02:00:00-00:00,2017-09-02T03:00:00-00:00,2017-09-01,20,0,TH_ZP26_GEN-APND,TH_ZP26_GEN-APND,TH_ZP26_GEN-APND,DAM,MCC,LMP_CONG_PRC,TH_ZP26_GEN-APND,ALL_APNODES,0,0,14
2017-09-02T05:00:00-00:00,2017-09-02T06:00:00-00:00,2017-09-01,23,0,TH_ZP26_GEN-APND,TH_ZP26_GEN-APND,TH_ZP26_GEN-APND,DAM,MCC,LMP_CONG_PRC,TH_ZP26_GEN-APND,ALL_APNODES,0,0,14
2017-09-01T17:00:00-00:00,2017-09-01T18:00:00-00:00,2017-09-01,11,0,TH_ZP26_GEN-APND,TH_ZP26_GEN-APND,TH_ZP26_GEN-APND,DAM,MCC,LMP_CONG_PRC,TH_ZP26_GEN-APND,ALL_APNODES,0,0,14
2017-09-01T12:00:00-00:00,2017-09-01T13:00:00-00:00,2017-09-01,6,0,TH_ZP26_GEN-APND,TH_ZP26_GEN-APND,TH_ZP26_GEN-APND,DAM,MCC,LMP_CONG_PRC,TH_ZP26_GEN-APND,ALL_APNODES,0,0,14
2017-09-01T19:00:00-00:00,2017-09-01T20:00:00-00:00,2017-09-01,13,0,TH_ZP26_GEN-APND,TH_ZP26_GEN-APND,TH_ZP26_GEN-APND,DAM,MCC,LMP_CONG_PRC,TH_ZP26_GEN-APND,ALL_APNODES,0,-0.1207,14
2017-09-02T00:00:00-00:00,2017-09-02T01:00:00-00:00,2017-09-01,18,0,TH_ZP26_GEN-APND,TH_ZP26_GEN-APND,TH_ZP26_GEN-APND,DAM,MCC,LMP_CONG_PRC,TH_ZP26_GEN-APND,ALL_APNODES,0,0,14
2017-09-01T07:00:00-00:00,2017-09-01T08:00:00-00:00,2017-09-01,1,0,TH_ZP26_GEN-APND,TH_ZP26_GEN-APND,TH_ZP26_GEN-APND,DAM,MCC,LMP_CONG_PRC,TH_ZP26_GEN-APND,ALL_APNODES,0,0,14
2017-09-01T08:00:00-00:00,2017-09-01T09:00:00-00:00,2017-09-01,2,0,TH_ZP26_GEN-APND,TH_ZP26_GEN-APND,TH_ZP26_GEN-APND,DAM,MCC,LMP_CONG_PRC,TH_ZP26_GEN-APND,ALL_APNODES,0,0,14
2017-09-02T03:00:00-00:00,2017-09-02T04:00:00-00:00,2017-09-01,21,0,TH_ZP26_GEN-APND,TH_ZP26_GEN-APND,TH_ZP26_GEN-APND,DAM,MCC,LMP_CONG_PRC,TH_ZP26_GEN-APND,ALL_APNODES,0,0,14
2017-09-02T06:00:00-00:00,2017-09-02T07:00:00-00:00,2017-09-01,24,0,TH_ZP26_GEN-APND,TH_ZP26_GEN-APND,TH_ZP26_GEN-APND,DAM,MCC,LMP_CONG_PRC,TH_ZP26_GEN-APND,ALL_APNODES,0,0,14
2017-09-01T22:00:00-00:00,2017-09-01T23:00:00-00:00,2017-09-01,16,0,TH_ZP26_GEN-APND,TH_ZP26_GEN-APND,TH_ZP26_GEN-APND,DAM,MCC,LMP_CONG_PRC,TH_ZP26_GEN-APND,ALL_APNODES,0,0,14
2017-09-01T15:00:00-00:00,2017-09-01T16:00:00-00:00,2017-09-01,9,0,TH_ZP26_GEN-APND,TH_ZP26_GEN-APND,TH_ZP26_GEN-APND,DAM,MCC,LMP_CONG_PRC,TH_ZP26_GEN-APND,ALL_APNODES,0,-0.75061,14
2017-09-01T16:00:00-00:00,2017-09-01T17:00:00-00:00,2017-09-01,10,0,TH_ZP26_GEN-APND,TH_ZP26_GEN-APND,TH_ZP26_GEN-APND,DAM,MCC,LMP_CONG_PRC,TH_ZP26_GEN-APND,ALL_APNODES,0,-0.1423,14
2017-09-01T20:00:00-00:00,2017-09-01T21:00:00-00:00,2017-09-01,14,0,TH_ZP26_GEN-APND,TH_ZP26_GEN-APND,TH_ZP26_GEN-APND,DAM,MCC,LMP_CONG_PRC,TH_ZP26_GEN-APND,ALL_APNODES,0,0,14
2017-09-01T14:00:00-00:00,2017-09-01T15:00:00-00:00,2017-09-01,8,0,TH_ZP26_GEN-APND,TH_ZP26_GEN-APND,TH_ZP26_GEN-APND,DAM,MCC,LMP_CONG_PRC,TH_ZP26_GEN-APND,ALL_APNODES,0,-0.18939,14
2017-09-01T18:00:00-00:00,2017-09-01T19:00:00-00:00,2017-09-01,12,0,TH_ZP26_GEN-APND,TH_ZP26_GEN-APND,TH_ZP26_GEN-APND,DAM,MCC,LMP_CONG_PRC,TH_ZP26_GEN-APND,ALL_APNODES,0,0,14
2017-09-01T21:00:00-00:00,2017-09-01T22:00:00-00:00,2017-09-01,15,0,TH_ZP26_GEN-APND,TH_ZP26_GEN-APND,TH_ZP26_GEN-APND,DAM,MCC,LMP_CONG_PRC,TH_ZP26_GEN-APND,ALL_APNODES,0,0,14
2017-09-01T09:00:00-00:00,2017-09-01T10:00:00-00:00,2017-09-01,3,0,TH_ZP26_GEN-APND,TH_ZP26_GEN-APND,TH_ZP26_GEN-APND,DAM,MCC,LMP_CONG_PRC,TH_ZP26_GEN-APND,ALL_APNODES,0,0,14
2017-09-01T11:00:00-00:00,2017-09-01T12:00:00-00:00,2017-09-01,5,0,TH_ZP26_GEN-APND,TH_ZP26_GEN-APND,TH_ZP26_GEN-APND,DAM,MCC,LMP_CONG_PRC,TH_ZP26_GEN-APND,ALL_APNODES,0,0,14
2017-09-01T13:00:00-00:00,2017-09-01T14:00:00-00:00,2017-09-01,7,0,TH_ZP26_GEN-APND,TH_ZP26_GEN-APND,TH_ZP26_GEN-APND,DAM,MCC,LMP_CONG_PRC,TH_ZP26_GEN-APND,ALL_APNODES,0,0,14
2017-09-02T04:00:00-00:00,2017-09-02T05:00:00-00:00,2017-09-01,22,0,TH_ZP26_GEN-APND,TH_ZP26_GEN-APND,TH_ZP26_GEN-APND,DAM,MCC,LMP_CONG_PRC,TH_ZP26_GEN-APND,ALL_APNODES,0,0,14
2017-09-02T01:00:00-00:00,2017-09-02T02:00:00-00:00,2017-09-01,19,0,TH_ZP26_GEN-APND,TH_ZP26_GEN-APND,TH_ZP26_GEN-APND,DAM,MCC,LMP_CONG_PRC,TH_ZP26_GEN-APND,ALL_APNODES,0,0,14
2017-09-01T10:00:00-00:00,2017-09-01T11:00:00-00:00,2017-09-01,4,0,TH_ZP26_GEN-APND,TH_ZP26_GEN-APND,TH_ZP26_GEN-APND,DAM,MCC,LMP_CONG_PRC,TH_ZP26_GEN-APND,ALL_APNODES,0,0,14
2017-09-01T23:00:00-00:00,2017-09-02T00:00:00-00:00,2017-09-01,17,0,TH_ZP26_GEN-APND,TH_ZP26_GEN-APND,TH_ZP26_GEN-APND,DAM,MCC,LMP_CONG_PRC,TH_ZP26_GEN-APND,ALL_APNODES,0,0,14
2017-09-01T15:00:00-00:00,2017-09-01T16:00:00-00:00,2017-09-01,9,0,TH_ZP26_GEN-APND,TH_ZP26_GEN-APND,TH_ZP26_GEN-APND,DAM,MCE,LMP_ENE_PRC,TH_ZP26_GEN-APND,ALL_APNODES,0,39.68707,15
2017-09-01T07:00:00-00:00,2017-09-01T08:00:00-00:00,2017-09-01,1,0,TH_ZP26_GEN-APND,TH_ZP26_GEN-APND,TH_ZP26_GEN-APND,DAM,MCE,LMP_ENE_PRC,TH_ZP26_GEN-APND,ALL_APNODES,0,37.42757,15
2017-09-01T16:00:00-00:00,2017-09-01T17:00:00-00:00,2017-09-01,10,0,TH_ZP26_GEN-APND,TH_ZP26_GEN-APND,TH_ZP26_GEN-APND,DAM,MCE,LMP_ENE_PRC,TH_ZP26_GEN-APND,ALL_APNODES,0,41.00066,15
2017-09-02T05:00:00-00:00,2017-09-02T06:00:00-00:00,2017-09-01,23,0,TH_ZP26_GEN-APND,TH_ZP26_GEN-APND,TH_ZP26_GEN-APND,DAM,MCE,LMP_ENE_PRC,TH_ZP26_GEN-APND,ALL_APNODES,0,55.71039,15
2017-09-02T04:00:00-00:00,2017-09-02T05:00:00-00:00,2017-09-01,22,0,TH_ZP26_GEN-APND,TH_ZP26_GEN-APND,TH_ZP26_GEN-APND,DAM,MCE,LMP_ENE_PRC,TH_ZP26_GEN-APND,ALL_APNODES,0,69.34678,15
2017-09-02T03:00:00-00:00,2017-09-02T04:00:00-00:00,2017-09-01,21,0,TH_ZP26_GEN-APND,TH_ZP26_GEN-APND,TH_ZP26_GEN-APND,DAM,MCE,LMP_ENE_PRC,TH_ZP26_GEN-APND,ALL_APNODES,0,192.13426,15
2017-09-01T12:00:00-00:00,2017-09-01T13:00:00-00:00,2017-09-01,6,0,TH_ZP26_GEN-APND,TH_ZP26_GEN-APND,TH_ZP26_GEN-APND,DAM,MCE,LMP_ENE_PRC,TH_ZP26_GEN-APND,ALL_APNODES,0,35.35423,15
2017-09-01T09:00:00-00:00,2017-09-01T10:00:00-00:00,2017-09-01,3,0,TH_ZP26_GEN-APND,TH_ZP26_GEN-APND,TH_ZP26_GEN-APND,DAM,MCE,LMP_ENE_PRC,TH_ZP26_GEN-APND,ALL_APNODES,0,34.43468,15
2017-09-01T20:00:00-00:00,2017-09-01T21:00:00-00:00,2017-09-01,14,0,TH_ZP26_GEN-APND,TH_ZP26_GEN-APND,TH_ZP26_GEN-APND,DAM,MCE,LMP_ENE_PRC,TH_ZP26_GEN-APND,ALL_APNODES,0,67.25227,15
2017-09-02T02:00:00-00:00,2017-09-02T03:00:00-00:00,2017-09-01,20,0,TH_ZP26_GEN-APND,TH_ZP26_GEN-APND,TH_ZP26_GEN-APND,DAM,MCE,LMP_ENE_PRC,TH_ZP26_GEN-APND,ALL_APNODES,0,486.90947,15
2017-09-01T14:00:00-00:00,2017-09-01T15:00:00-00:00,2017-09-01,8,0,TH_ZP26_GEN-APND,TH_ZP26_GEN-APND,TH_ZP26_GEN-APND,DAM,MCE,LMP_ENE_PRC,TH_ZP26_GEN-APND,ALL_APNODES,0,41.06837,15
2017-09-01T08:00:00-00:00,2017-09-01T09:00:00-00:00,2017-09-01,2,0,TH_ZP26_GEN-APND,TH_ZP26_GEN-APND,TH_ZP26_GEN-APND,DAM,MCE,LMP_ENE_PRC,TH_ZP26_GEN-APND,ALL_APNODES,0,34.77547,15
2017-09-01T21:00:00-00:00,2017-09-01T22:00:00-00:00,2017-09-01,15,0,TH_ZP26_GEN-APND,TH_ZP26_GEN-APND,TH_ZP26_GEN-APND,DAM,MCE,LMP_ENE_PRC,TH_ZP26_GEN-APND,ALL_APNODES,0,93.5967,15
2017-09-02T00:00:00-00:00,2017-09-02T01:00:00-00:00,2017-09-01,18,0,TH_ZP26_GEN-APND,TH_ZP26_GEN-APND,TH_ZP26_GEN-APND,DAM,MCE,LMP_ENE_PRC,TH_ZP26_GEN-APND,ALL_APNODES,0,400.65518,15
2017-09-01T23:00:00-00:00,2017-09-02T00:00:00-00:00,2017-09-01,17,0,TH_ZP26_GEN-APND,TH_ZP26_GEN-APND,TH_ZP26_GEN-APND,DAM,MCE,LMP_ENE_PRC,TH_ZP26_GEN-APND,ALL_APNODES,0,263.59396,15
2017-09-01T17:00:00-00:00,2017-09-01T18:00:00-00:00,2017-09-01,11,0,TH_ZP26_GEN-APND,TH_ZP26_GEN-APND,TH_ZP26_GEN-APND,DAM,MCE,LMP_ENE_PRC,TH_ZP26_GEN-APND,ALL_APNODES,0,47.89141,15
2017-09-01T13:00:00-00:00,2017-09-01T14:00:00-00:00,2017-09-01,7,0,TH_ZP26_GEN-APND,TH_ZP26_GEN-APND,TH_ZP26_GEN-APND,DAM,MCE,LMP_ENE_PRC,TH_ZP26_GEN-APND,ALL_APNODES,0,43.23548,15
2017-09-01T11:00:00-00:00,2017-09-01T12:00:00-00:00,2017-09-01,5,0,TH_ZP26_GEN-APND,TH_ZP26_GEN-APND,TH_ZP26_GEN-APND,DAM,MCE,LMP_ENE_PRC,TH_ZP26_GEN-APND,ALL_APNODES,0,33.49353,15
2017-09-01T10:00:00-00:00,2017-09-01T11:00:00-00:00,2017-09-01,4,0,TH_ZP26_GEN-APND,TH_ZP26_GEN-APND,TH_ZP26_GEN-APND,DAM,MCE,LMP_ENE_PRC,TH_ZP26_GEN-APND,ALL_APNODES,0,33.10185,15
2017-09-02T06:00:00-00:00,2017-09-02T07:00:00-00:00,2017-09-01,24,0,TH_ZP26_GEN-APND,TH_ZP26_GEN-APND,TH_ZP26_GEN-APND,DAM,MCE,LMP_ENE_PRC,TH_ZP26_GEN-APND,ALL_APNODES,0,49.75748,15
2017-09-02T01:00:00-00:00,2017-09-02T02:00:00-00:00,2017-09-01,19,0,TH_ZP26_GEN-APND,TH_ZP26_GEN-APND,TH_ZP26_GEN-APND,DAM,MCE,LMP_ENE_PRC,TH_ZP26_GEN-APND,ALL_APNODES,0,772.52323,15
2017-09-01T18:00:00-00:00,2017-09-01T19:00:00-00:00,2017-09-01,12,0,TH_ZP26_GEN-APND,TH_ZP26_GEN-APND,TH_ZP26_GEN-APND,DAM,MCE,LMP_ENE_PRC,TH_ZP26_GEN-APND,ALL_APNODES,0,50.76194,15
2017-09-01T22:00:00-00:00,2017-09-01T23:00:00-00:00,2017-09-01,16,0,TH_ZP26_GEN-APND,TH_ZP26_GEN-APND,TH_ZP26_GEN-APND,DAM,MCE,LMP_ENE_PRC,TH_ZP26_GEN-APND,ALL_APNODES,0,158.91364,15
2017-09-01T19:00:00-00:00,2017-09-01T20:00:00-00:00,2017-09-01,13,0,TH_ZP26_GEN-APND,TH_ZP26_GEN-APND,TH_ZP26_GEN-APND,DAM,MCE,LMP_ENE_PRC,TH_ZP26_GEN-APND,ALL_APNODES,0,56.96014,15
2017-09-02T04:00:00-00:00,2017-09-02T05:00:00-00:00,2017-09-01,22,0,TH_ZP26_GEN-APND,TH_ZP26_GEN-APND,TH_ZP26_GEN-APND,DAM,MCL,LMP_LOSS_PRC,TH_ZP26_GEN-APND,ALL_APNODES,0,-2.6005,16
2017-09-02T03:00:00-00:00,2017-09-02T04:00:00-00:00,2017-09-01,21,0,TH_ZP26_GEN-APND,TH_ZP26_GEN-APND,TH_ZP26_GEN-APND,DAM,MCL,LMP_LOSS_PRC,TH_ZP26_GEN-APND,ALL_APNODES,0,-7.45481,16
2017-09-01T18:00:00-00:00,2017-09-01T19:00:00-00:00,2017-09-01,12,0,TH_ZP26_GEN-APND,TH_ZP26_GEN-APND,TH_ZP26_GEN-APND,DAM,MCL,LMP_LOSS_PRC,TH_ZP26_GEN-APND,ALL_APNODES,0,-2.94419,16
2017-09-02T06:00:00-00:00,2017-09-02T07:00:00-00:00,2017-09-01,24,0,TH_ZP26_GEN-APND,TH_ZP26_GEN-APND,TH_ZP26_GEN-APND,DAM,MCL,LMP_LOSS_PRC,TH_ZP26_GEN-APND,ALL_APNODES,0,-2.02015,16
2017-09-01T17:00:00-00:00,2017-09-01T18:00:00-00:00,2017-09-01,11,0,TH_ZP26_GEN-APND,TH_ZP26_GEN-APND,TH_ZP26_GEN-APND,DAM,MCL,LMP_LOSS_PRC,TH_ZP26_GEN-APND,ALL_APNODES,0,-2.70108,16
2017-09-02T02:00:00-00:00,2017-09-02T03:00:00-00:00,2017-09-01,20,0,TH_ZP26_GEN-APND,TH_ZP26_GEN-APND,TH_ZP26_GEN-APND,DAM,MCL,LMP_LOSS_PRC,TH_ZP26_GEN-APND,ALL_APNODES,0,-18.98947,16
2017-09-01T15:00:00-00:00,2017-09-01T16:00:00-00:00,2017-09-01,9,0,TH_ZP26_GEN-APND,TH_ZP26_GEN-APND,TH_ZP26_GEN-APND,DAM,MCL,LMP_LOSS_PRC,TH_ZP26_GEN-APND,ALL_APNODES,0,-1.83354,16
2017-09-01T13:00:00-00:00,2017-09-01T14:00:00-00:00,2017-09-01,7,0,TH_ZP26_GEN-APND,TH_ZP26_GEN-APND,TH_ZP26_GEN-APND,DAM,MCL,LMP_LOSS_PRC,TH_ZP26_GEN-APND,ALL_APNODES,0,-1.43109,16
2017-09-01T21:00:00-00:00,2017-09-01T22:00:00-00:00,2017-09-01,15,0,TH_ZP26_GEN-APND,TH_ZP26_GEN-APND,TH_ZP26_GEN-APND,DAM,MCL,LMP_LOSS_PRC,TH_ZP26_GEN-APND,ALL_APNODES,0,-5.38181,16
2017-09-02T00:00:00-00:00,2017-09-02T01:00:00-00:00,2017-09-01,18,0,TH_ZP26_GEN-APND,TH_ZP26_GEN-APND,TH_ZP26_GEN-APND,DAM,MCL,LMP_LOSS_PRC,TH_ZP26_GEN-APND,ALL_APNODES,0,-19.39171,16
2017-09-01T08:00:00-00:00,2017-09-01T09:00:00-00:00,2017-09-01,2,0,TH_ZP26_GEN-APND,TH_ZP26_GEN-APND,TH_ZP26_GEN-APND,DAM,MCL,LMP_LOSS_PRC,TH_ZP26_GEN-APND,ALL_APNODES,0,-1.27974,16
2017-09-01T23:00:00-00:00,2017-09-02T00:00:00-00:00,2017-09-01,17,0,TH_ZP26_GEN-APND,TH_ZP26_GEN-APND,TH_ZP26_GEN-APND,DAM,MCL,LMP_LOSS_PRC,TH_ZP26_GEN-APND,ALL_APNODES,0,-13.97048,16
2017-09-01T22:00:00-00:00,2017-09-01T23:00:00-00:00,2017-09-01,16,0,TH_ZP26_GEN-APND,TH_ZP26_GEN-APND,TH_ZP26_GEN-APND,DAM,MCL,LMP_LOSS_PRC,TH_ZP26_GEN-APND,ALL_APNODES,0,-8.6449,16
2017-09-01T14:00:00-00:00,2017-09-01T15:00:00-00:00,2017-09-01,8,0,TH_ZP26_GEN-APND,TH_ZP26_GEN-APND,TH_ZP26_GEN-APND,DAM,MCL,LMP_LOSS_PRC,TH_ZP26_GEN-APND,ALL_APNODES,0,-1.64273,16
2017-09-01T12:00:00-00:00,2017-09-01T13:00:00-00:00,2017-09-01,6,0,TH_ZP26_GEN-APND,TH_ZP26_GEN-APND,TH_ZP26_GEN-APND,DAM,MCL,LMP_LOSS_PRC,TH_ZP26_GEN-APND,ALL_APNODES,0,-1.29396,16
2017-09-01T19:00:00-00:00,2017-09-01T20:00:00-00:00,2017-09-01,13,0,TH_ZP26_GEN-APND,TH_ZP26_GEN-APND,TH_ZP26_GEN-APND,DAM,MCL,LMP_LOSS_PRC,TH_ZP26_GEN-APND,ALL_APNODES,0,-3.38343,16
2017-09-01T20:00:00-00:00,2017-09-01T21:00:00-00:00,2017-09-01,14,0,TH_ZP26_GEN-APND,TH_ZP26_GEN-APND,TH_ZP26_GEN-APND,DAM,MCL,LMP_LOSS_PRC,TH_ZP26_GEN-APND,ALL_APNODES,0,-3.95443,16
2017-09-01T16:00:00-00:00,2017-09-01T17:00:00-00:00,2017-09-01,10,0,TH_ZP26_GEN-APND,TH_ZP26_GEN-APND,TH_ZP26_GEN-APND,DAM,MCL,LMP_LOSS_PRC,TH_ZP26_GEN-APND,ALL_APNODES,0,-2.13203,16
2017-09-01T10:00:00-00:00,2017-09-01T11:00:00-00:00,2017-09-01,4,0,TH_ZP26_GEN-APND,TH_ZP26_GEN-APND,TH_ZP26_GEN-APND,DAM,MCL,LMP_LOSS_PRC,TH_ZP26_GEN-APND,ALL_APNODES,0,-1.2016,16
2017-09-01T07:00:00-00:00,2017-09-01T08:00:00-00:00,2017-09-01,1,0,TH_ZP26_GEN-APND,TH_ZP26_GEN-APND,TH_ZP26_GEN-APND,DAM,MCL,LMP_LOSS_PRC,TH_ZP26_GEN-APND,ALL_APNODES,0,-1.35488,16
2017-09-02T05:00:00-00:00,2017-09-02T06:00:00-00:00,2017-09-01,23,0,TH_ZP26_GEN-APND,TH_ZP26_GEN-APND,TH_ZP26_GEN-APND,DAM,MCL,LMP_LOSS_PRC,TH_ZP26_GEN-APND,ALL_APNODES,0,-2.32312,16
2017-09-02T01:00:00-00:00,2017-09-02T02:00:00-00:00,2017-09-01,19,0,TH_ZP26_GEN-APND,TH_ZP26_GEN-APND,TH_ZP26_GEN-APND,DAM,MCL,LMP_LOSS_PRC,TH_ZP26_GEN-APND,ALL_APNODES,0,-32.52323,16
2017-09-01T11:00:00-00:00,2017-09-01T12:00:00-00:00,2017-09-01,5,0,TH_ZP26_GEN-APND,TH_ZP26_GEN-APND,TH_ZP26_GEN-APND,DAM,MCL,LMP_LOSS_PRC,TH_ZP26_GEN-APND,ALL_APNODES,0,-1.21916,16
2017-09-01T09:00:00-00:00,2017-09-01T10:00:00-00:00,2017-09-01,3,0,TH_ZP26_GEN-APND,TH_ZP26_GEN-APND,TH_ZP26_GEN-APND,DAM,MCL,LMP_LOSS_PRC,TH_ZP26_GEN-APND,ALL_APNODES,0,-1.23965,16
2017-09-01T12:00:00-00:00,2017-09-01T13:00:00-00:00,2017-09-01,6,0,URBAN_6_N005,URBAN_6_N005,URBAN_6_N005,DAM,LMP,LMP_PRC,URBAN_6_N005,ALL,1,35.3613,17
2017-09-02T00:00:00-00:00,2017-09-02T01:00:00-00:00,2017-09-01,18,0,URBAN_6_N005,URBAN_6_N005,URBAN_6_N005,DAM,LMP,LMP_PRC,URBAN_6_N005,ALL,1,379.26213,17
2017-09-02T04:00:00-00:00,2017-09-02T05:00:00-00:00,2017-09-01,22,0,URBAN_6_N005,URBAN_6_N005,URBAN_6_N005,DAM,LMP,LMP_PRC,URBAN_6_N005,ALL,1,69.61724,17
2017-09-01T19:00:00-00:00,2017-09-01T20:00:00-00:00,2017-09-01,13,0,URBAN_6_N005,URBAN_6_N005,URBAN_6_N005,DAM,LMP,LMP_PRC,URBAN_6_N005,ALL,1,60.0733,17
2017-09-02T02:00:00-00:00,2017-09-02T03:00:00-00:00,2017-09-01,20,0,URBAN_6_N005,URBAN_6_N005,URBAN_6_N005,DAM,LMP,LMP_PRC,URBAN_6_N005,ALL,1,486.69496,17
2017-09-01T23:00:00-00:00,2017-09-02T00:00:00-00:00,2017-09-01,17,0,URBAN_6_N005,URBAN_6_N005,URBAN_6_N005,DAM,LMP,LMP_PRC,URBAN_6_N005,ALL,1,250.22237,17
2017-09-01T17:00:00-00:00,2017-09-01T18:00:00-00:00,2017-09-01,11,0,URBAN_6_N005,URBAN_6_N005,URBAN_6_N005,DAM,LMP,LMP_PRC,URBAN_6_N005,ALL,1,48.41822,17
2017-09-01T16:00:00-00:00,2017-09-01T17:00:00-00:00,2017-09-01,10,0,URBAN_6_N005,URBAN_6_N005,URBAN_6_N005,DAM,LMP,LMP_PRC,URBAN_6_N005,ALL,1,43.38409,17
2017-09-02T05:00:00-00:00,2017-09-02T06:00:00-00:00,2017-09-01,23,0,URBAN_6_N005,URBAN_6_N005,URBAN_6_N005,DAM,LMP,LMP_PRC,URBAN_6_N005,ALL,1,56.21736,17
2017-09-01T10:00:00-00:00,2017-09-01T11:00:00-00:00,2017-09-01,4,0,URBAN_6_N005,URBAN_6_N005,URBAN_6_N005,DAM,LMP,LMP_PRC,URBAN_6_N005,ALL,1,33.05551,17
2017-09-01T07:00:00-00:00,2017-09-01T08:00:00-00:00,2017-09-01,1,0,URBAN_6_N005,URBAN_6_N005,URBAN_6_N005,DAM,LMP,LMP_PRC,URBAN_6_N005,ALL,1,37.36769,17
2017-09-02T01:00:00-00:00,2017-09-02T02:00:00-00:00,2017-09-01,19,0,URBAN_6_N005,URBAN_6_N005,URBAN_6_N005,DAM,LMP,LMP_PRC,URBAN_6_N005,ALL,1,744.22368,17
2017-09-01T21:00:00-00:00,2017-09-01T22:00:00-00:00,2017-09-01,15,0,URBAN_6_N005,URBAN_6_N005,URBAN_6_N005,DAM,LMP,LMP_PRC,URBAN_6_N005,ALL,1,94.25328,17
2017-09-01T15:00:00-00:00,2017-09-01T16:00:00-00:00,2017-09-01,9,0,URBAN_6_N005,URBAN_6_N005,URBAN_6_N005,DAM,LMP,LMP_PRC,URBAN_6_N005,ALL,1,51.36301,17
2017-09-01T22:00:00-00:00,2017-09-01T23:00:00-00:00,2017-09-01,16,0,URBAN_6_N005,URBAN_6_N005,URBAN_6_N005,DAM,LMP,LMP_PRC,URBAN_6_N005,ALL,1,154.41347,17
2017-09-02T06:00:00-00:00,2017-09-02T07:00:00-00:00,2017-09-01,24,0,URBAN_6_N005,URBAN_6_N005,URBAN_6_N005,DAM,LMP,LMP_PRC,URBAN_6_N005,ALL,1,49.68782,17
2017-09-01T14:00:00-00:00,2017-09-01T15:00:00-00:00,2017-09-01,8,0,URBAN_6_N005,URBAN_6_N005,URBAN_6_N005,DAM,LMP,LMP_PRC,URBAN_6_N005,ALL,1,44.19765,17
2017-09-01T13:00:00-00:00,2017-09-01T14:00:00-00:00,2017-09-01,7,0,URBAN_6_N005,URBAN_6_N005,URBAN_6_N005,DAM,LMP,LMP_PRC,URBAN_6_N005,ALL,1,43.53812,17
2017-09-01T08:00:00-00:00,2017-09-01T09:00:00-00:00,2017-09-01,2,0,URBAN_6_N005,URBAN_6_N005,URBAN_6_N005,DAM,LMP,LMP_PRC,URBAN_6_N005,ALL,1,34.76852,17
2017-09-01T11:00:00-00:00,2017-09-01T12:00:00-00:00,2017-09-01,5,0,URBAN_6_N005,URBAN_6_N005,URBAN_6_N005,DAM,LMP,LMP_PRC,URBAN_6_N005,ALL,1,33.48683,17
2017-09-01T09:00:00-00:00,2017-09-01T10:00:00-00:00,2017-09-01,3,0,URBAN_6_N005,URBAN_6_N005,URBAN_6_N005,DAM,LMP,LMP_PRC,URBAN_6_N005,ALL,1,34.36925,17
2017-09-01T20:00:00-00:00,2017-09-01T21:00:00-00:00,2017-09-01,14,0,URBAN_6_N005,URBAN_6_N005,URBAN_6_N005,DAM,LMP,LMP_PRC,URBAN_6_N005,ALL,1,67.90116,17
2017-09-02T03:00:00-00:00,2017-09-02T04:00:00-00:00,2017-09-01,21,0,URBAN_6_N005,URBAN_6_N005,URBAN_6_N005,DAM,LMP,LMP_PRC,URBAN_6_N005,ALL,1,191.53865,17
2017-09-01T18:00:00-00:00,2017-09-01T19:00:00-00:00,2017-09-01,12,0,URBAN_6_N005,URBAN_6_N005,URBAN_6_N005,DAM,LMP,LMP_PRC,URBAN_6_N005,ALL,1,51.73657,17
2017-09-01T23:00:00-00:00,2017-09-02T00:00:00-00:00,2017-09-01,17,0,URBAN_6_N005,URBAN_6_N005,URBAN_6_N005,DAM,MCC,LMP_CONG_PRC,URBAN_6_N005,ALL,1,-13.6879,18
2017-09-02T06:00:00-00:00,2017-09-02T07:00:00-00:00,2017-09-01,24,0,URBAN_6_N005,URBAN_6_N005,URBAN_6_N005,DAM,MCC,LMP_CONG_PRC,URBAN_6_N005,ALL,1,0,18
2017-09-01T09:00:00-00:00,2017-09-01T10:00:00-00:00,2017-09-01,3,0,URBAN_6_N005,URBAN_6_N005,URBAN_6_N005,DAM,MCC,LMP_CONG_PRC,URBAN_6_N005,ALL,1,0,18
2017-09-01T21:00:00-00:00,2017-09-01T22:00:00-00:00,2017-09-01,15,0,URBAN_6_N005,URBAN_6_N005,URBAN_6_N005,DAM,MCC,LMP_CONG_PRC,URBAN_6_N005,ALL,1,-0.02668,18
2017-09-02T02:00:00-00:00,2017-09-02T03:00:00-00:00,2017-09-01,20,0,URBAN_6_N005,URBAN_6_N005,URBAN_6_N005,DAM,MCC,LMP_CONG_PRC,URBAN_6_N005,ALL,1,-0.06844,18
2017-09-01T19:00:00-00:00,2017-09-01T20:00:00-00:00,2017-09-01,13,0,URBAN_6_N005,URBAN_6_N005,URBAN_6_N005,DAM,MCC,LMP_CONG_PRC,URBAN_6_N005,ALL,1,1.83725,18
2017-09-01T18:00:00-00:00,2017-09-01T19:00:00-00:00,2017-09-01,12,0,URBAN_6_N005,URBAN_6_N005,URBAN_6_N005,DAM,MCC,LMP_CONG_PRC,URBAN_6_N005,ALL,1,0,18
2017-09-01T17:00:00-00:00,2017-09-01T18:00:00-00:00,2017-09-01,11,0,URBAN_6_N005,URBAN_6_N005,URBAN_6_N005,DAM,MCC,LMP_CONG_PRC,URBAN_6_N005,ALL,1,0,18
2017-09-02T01:00:00-00:00,2017-09-02T02:00:00-00:00,2017-09-01,19,0,URBAN_6_N005,URBAN_6_N005,URBAN_6_N005,DAM,MCC,LMP_CONG_PRC,URBAN_6_N005,ALL,1,-32.62568,18
2017-09-01T22:00:00-00:00,2017-09-01T23:00:00-00:00,2017-09-01,16,0,URBAN_6_N005,URBAN_6_N005,URBAN_6_N005,DAM,MCC,LMP_CONG_PRC,URBAN_6_N005,ALL,1,-4.92924,18
2017-09-02T03:00:00-00:00,2017-09-02T04:00:00-00:00,2017-09-01,21,0,URBAN_6_N005,URBAN_6_N005,URBAN_6_N005,DAM,MCC,LMP_CONG_PRC,URBAN_6_N005,ALL,1,0,18
2017-09-01T08:00:00-00:00,2017-09-01T09:00:00-00:00,2017-09-01,2,0,URBAN_6_N005,URBAN_6_N005,URBAN_6_N005,DAM,MCC,LMP_CONG_PRC,URBAN_6_N005,ALL,1,0,18
2017-09-01T13:00:00-00:00,2017-09-01T14:00:00-00:00,2017-09-01,7,0,URBAN_6_N005,URBAN_6_N005,URBAN_6_N005,DAM,MCC,LMP_CONG_PRC,URBAN_6_N005,ALL,1,0,18
2017-09-01T12:00:00-00:00,2017-09-01T13:00:00-00:00,2017-09-01,6,0,URBAN_6_N005,URBAN_6_N005,URBAN_6_N005,DAM,MCC,LMP_CONG_PRC,URBAN_6_N005,ALL,1,0,18
2017-09-01T11:00:00-00:00,2017-09-01T12:00:00-00:00,2017-09-01,5,0,URBAN_6_N005,URBAN_6_N005,URBAN_6_N005,DAM,MCC,LMP_CONG_PRC,URBAN_6_N005,ALL,1,0,18
2017-09-01T20:00:00-00:00,2017-09-01T21:00:00-00:00,2017-09-01,14,0,URBAN_6_N005,URBAN_6_N005,URBAN_6_N005,DAM,MCC,LMP_CONG_PRC,URBAN_6_N005,ALL,1,-0.0169,18
2017-09-01T10:00:00-00:00,2017-09-01T11:00:00-00:00,2017-09-01,4,0,URBAN_6_N005,URBAN_6_N005,URBAN_6_N005,DAM,MCC,LMP_CONG_PRC,URBAN_6_N005,ALL,1,0,18
2017-09-01T16:00:00-00:00,2017-09-01T17:00:00-00:00,2017-09-01,10,0,URBAN_6_N005,URBAN_6_N005,URBAN_6_N005,DAM,MCC,LMP_CONG_PRC,URBAN_6_N005,ALL,1,2.16613,18
2017-09-01T15:00:00-00:00,2017-09-01T16:00:00-00:00,2017-09-01,9,0,URBAN_6_N005,URBAN_6_N005,URBAN_6_N005,DAM,MCC,LMP_CONG_PRC,URBAN_6_N005,ALL,1,11.42592,18
2017-09-02T04:00:00-00:00,2017-09-02T05:00:00-00:00,2017-09-01,22,0,URBAN_6_N005,URBAN_6_N005,URBAN_6_N005,DAM,MCC,LMP_CONG_PRC,URBAN_6_N005,ALL,1,0,18
2017-09-02T05:00:00-00:00,2017-09-02T06:00:00-00:00,2017-09-01,23,0,URBAN_6_N005,URBAN_6_N005,URBAN_6_N005,DAM,MCC,LMP_CONG_PRC,URBAN_6_N005,ALL,1,0,18
2017-09-02T00:00:00-00:00,2017-09-02T01:00:00-00:00,2017-09-01,18,0,URBAN_6_N005,URBAN_6_N005,URBAN_6_N005,DAM,MCC,LMP_CONG_PRC,URBAN_6_N005,ALL,1,-21.83376,18
2017-09-01T07:00:00-00:00,2017-09-01T08:00:00-00:00,2017-09-01,1,0,URBAN_6_N005,URBAN_6_N005,URBAN_6_N005,DAM,MCC,LMP_CONG_PRC,URBAN_6_N005,ALL,1,0,18
2017-09-01T14:00:00-00:00,2017-09-01T15:00:00-00:00,2017-09-01,8,0,URBAN_6_N005,URBAN_6_N005,URBAN_6_N005,DAM,MCC,LMP_CONG_PRC,URBAN_6_N005,ALL,1,2.88287,18
2017-09-02T02:00:00-00:00,2017-09-02T03:00:00-00:00,2017-09-01,20,0,URBAN_6_N005,URBAN_6_N005,URBAN_6_N005,DAM,MCE,LMP_ENE_PRC,URBAN_6_N005,ALL,1,486.90947,19
2017-09-01T16:00:00-00:00,2017-09-01T17:00:00-00:00,2017-09-01,10,0,URBAN_6_N005,URBAN_6_N005,URBAN_6_N005,DAM,MCE,LMP_ENE_PRC,URBAN_6_N005,ALL,1,41.00066,19
2017-09-01T21:00:00-00:00,2017-09-01T22:00:00-00:00,2017-09-01,15,0,URBAN_6_N005,URBAN_6_N005,URBAN_6_N005,DAM,MCE,LMP_ENE_PRC,URBAN_6_N005,ALL,1,93.5967,19
2017-09-01T11:00:00-00:00,2017-09-01T12:00:00-00:00,2017-09-01,5,0,URBAN_6_N005,URBAN_6_N005,URBAN_6_N005,DAM,MCE,LMP_ENE_PRC,URBAN_6_N005,ALL,1,33.49353,19
2017-09-01T18:00:00-00:00,2017-09-01T19:00:00-00:00,2017-09-01,12,0,URBAN_6_N005,URBAN_6_N005,URBAN_6_N005,DAM,MCE,LMP_ENE_PRC,URBAN_6_N005,ALL,1,50.76194,19
2017-09-02T06:00:00-00:00,2017-09-02T07:00:00-00:00,2017-09-01,24,0,URBAN_6_N005,URBAN_6_N005,URBAN_6_N005,DAM,MCE,LMP_ENE_PRC,URBAN_6_N005,ALL,1,49.75748,19
2017-09-01T17:00:00-00:00,2017-09-01T18:00:00-00:00,2017-09-01,11,0,URBAN_6_N005,URBAN_6_N005,URBAN_6_N005,DAM,MCE,LMP_ENE_PRC,URBAN_6_N005,ALL,1,47.89141,19
2017-09-01T20:00:00-00:00,2017-09-01T21:00:00-00:00,2017-09-01,14,0,URBAN_6_N005,URBAN_6_N005,URBAN_6_N005,DAM,MCE,LMP_ENE_PRC,URBAN_6_N005,ALL,1,67.25227,19
2017-09-01T23:00:00-00:00,2017-09-02T00:00:00-00:00,2017-09-01,17,0,URBAN_6_N005,URBAN_6_N005,URBAN_6_N005,DAM,MCE,LMP_ENE_PRC,URBAN_6_N005,ALL,1,263.59396,19
2017-09-02T01:00:00-00:00,2017-09-02T02:00:00-00:00,2017-09-01,19,0,URBAN_6_N005,URBAN_6_N005,URBAN_6_N005,DAM,MCE,LMP_ENE_PRC,URBAN_6_N005,ALL,1,772.52323,19
2017-09-01T08:00:00-00:00,2017-09-01T09:00:00-00:00,2017-09-01,2,0,URBAN_6_N005,URBAN_6_N005,URBAN_6_N005,DAM,MCE,LMP_ENE_PRC,URBAN_6_N005,ALL,1,34.77547,19
2017-09-01T10:00:00-00:00,2017-09-01T11:00:00-00:00,2017-09-01,4,0,URBAN_6_N005,URBAN_6_N005,URBAN_6_N005,DAM,MCE,LMP_ENE_PRC,URBAN_6_N005,ALL,1,33.10185,19
2017-09-01T12:00:00-00:00,2017-09-01T13:00:00-00:00,2017-09-01,6,0,URBAN_6_N005,URBAN_6_N005,URBAN_6_N005,DAM,MCE,LMP_ENE_PRC,URBAN_6_N005,ALL,1,35.35423,19
2017-09-01T22:00:00-00:00,2017-09-01T23:00:00-00:00,2017-09-01,16,0,URBAN_6_N005,URBAN_6_N005,URBAN_6_N005,DAM,MCE,LMP_ENE_PRC,URBAN_6_N005,ALL,1,158.91364,19
2017-09-01T13:00:00-00:00,2017-09-01T14:00:00-00:00,2017-09-01,7,0,URBAN_6_N005,URBAN_6_N005,URBAN_6_N005,DAM,MCE,LMP_ENE_PRC,URBAN_6_N005,ALL,1,43.23548,19
2017-09-01T14:00:00-00:00,2017-09-01T15:00:00-00:00,2017-09-01,8,0,URBAN_6_N005,URBAN_6_N005,URBAN_6_N005,DAM,MCE,LMP_ENE_PRC,URBAN_6_N005,ALL,1,41.06837,19
2017-09-02T04:00:00-00:00,2017-09-02T05:00:00-00:00,2017-09-01,22,0,URBAN_6_N005,URBAN_6_N005,URBAN_6_N005,DAM,MCE,LMP_ENE_PRC,URBAN_6_N005,ALL,1,69.34678,19
2017-09-02T00:00:00-00:00,2017-09-02T01:00:00-00:00,2017-09-01,18,0,URBAN_6_N005,URBAN_6_N005,URBAN_6_N005,DAM,MCE,LMP_ENE_PRC,URBAN_6_N005,ALL,1,400.65518,19
2017-09-02T03:00:00-00:00,2017-09-02T04:00:00-00:00,2017-09-01,21,0,URBAN_6_N005,URBAN_6_N005,URBAN_6_N005,DAM,MCE,LMP_ENE_PRC,URBAN_6_N005,ALL,1,192.13426,19
2017-09-01T15:00:00-00:00,2017-09-01T16:00:00-00:00,2017-09-01,9,0,URBAN_6_N005,URBAN_6_N005,URBAN_6_N005,DAM,MCE,LMP_ENE_PRC,URBAN_6_N005,ALL,1,39.68707,19
2017-09-01T19:00:00-00:00,2017-09-01T20:00:00-00:00,2017-09-01,13,0,URBAN_6_N005,URBAN_6_N005,URBAN_6_N005,DAM,MCE,LMP_ENE_PRC,URBAN_6_N005,ALL,1,56.96014,19
2017-09-02T05:00:00-00:00,2017-09-02T06:00:00-00:00,2017-09-01,23,0,URBAN_6_N005,URBAN_6_N005,URBAN_6_N005,DAM,MCE,LMP_ENE_PRC,URBAN_6_N005,ALL,1,55.71039,19
2017-09-01T07:00:00-00:00,2017-09-01T08:00:00-00:00,2017-09-01,1,0,URBAN_6_N005,URBAN_6_N005,URBAN_6_N005,DAM,MCE,LMP_ENE_PRC,URBAN_6_N005,ALL,1,37.42757,19
2017-09-01T09:00:00-00:00,2017-09-01T10:00:00-00:00,2017-09-01,3,0,URBAN_6_N005,URBAN_6_N005,URBAN_6_N005,DAM,MCE,LMP_ENE_PRC,URBAN_6_N005,ALL,1,34.43468,19
2017-09-02T00:00:00-00:00,2017-09-02T01:00:00-00:00,2017-09-01,18,0,URBAN_6_N005,URBAN_6_N005,URBAN_6_N005,DAM,MCL,LMP_LOSS_PRC,URBAN_6_N005,ALL,1,0.44072,20
2017-09-02T01:00:00-00:00,2017-09-02T02:00:00-00:00,2017-09-01,19,0,URBAN_6_N005,URBAN_6_N005,URBAN_6_N005,DAM,MCL,LMP_LOSS_PRC,URBAN_6_N005,ALL,1,4.32613,20
2017-09-01T22:00:00-00:00,2017-09-01T23:00:00-00:00,2017-09-01,16,0,URBAN_6_N005,URBAN_6_N005,URBAN_6_N005,DAM,MCL,LMP_LOSS_PRC,URBAN_6_N005,ALL,1,0.42907,20
2017-09-01T14:00:00-00:00,2017-09-01T15:00:00-00:00,2017-09-01,8,0,URBAN_6_N005,URBAN_6_N005,URBAN_6_N005,DAM,MCL,LMP_LOSS_PRC,URBAN_6_N005,ALL,1,0.24641,20
2017-09-02T03:00:00-00:00,2017-09-02T04:00:00-00:00,2017-09-01,21,0,URBAN_6_N005,URBAN_6_N005,URBAN_6_N005,DAM,MCL,LMP_LOSS_PRC,URBAN_6_N005,ALL,1,-0.59562,20
2017-09-01T16:00:00-00:00,2017-09-01T17:00:00-00:00,2017-09-01,10,0,URBAN_6_N005,URBAN_6_N005,URBAN_6_N005,DAM,MCL,LMP_LOSS_PRC,URBAN_6_N005,ALL,1,0.2173,20
2017-09-01T13:00:00-00:00,2017-09-01T14:00:00-00:00,2017-09-01,7,0,URBAN_6_N005,URBAN_6_N005,URBAN_6_N005,DAM,MCL,LMP_LOSS_PRC,URBAN_6_N005,ALL,1,0.30265,20
2017-09-01T18:00:00-00:00,2017-09-01T19:00:00-00:00,2017-09-01,12,0,URBAN_6_N005,URBAN_6_N005,URBAN_6_N005,DAM,MCL,LMP_LOSS_PRC,URBAN_6_N005,ALL,1,0.97463,20
2017-09-01T23:00:00-00:00,2017-09-02T00:00:00-00:00,2017-09-01,17,0,URBAN_6_N005,URBAN_6_N005,URBAN_6_N005,DAM,MCL,LMP_LOSS_PRC,URBAN_6_N005,ALL,1,0.31631,20
2017-09-01T10:00:00-00:00,2017-09-01T11:00:00-00:00,2017-09-01,4,0,URBAN_6_N005,URBAN_6_N005,URBAN_6_N005,DAM,MCL,LMP_LOSS_PRC,URBAN_6_N005,ALL,1,-0.04634,20
2017-09-01T11:00:00-00:00,2017-09-01T12:00:00-00:00,2017-09-01,5,0,URBAN_6_N005,URBAN_6_N005,URBAN_6_N005,DAM,MCL,LMP_LOSS_PRC,URBAN_6_N005,ALL,1,-0.0067,20
2017-09-01T20:00:00-00:00,2017-09-01T21:00:00-00:00,2017-09-01,14,0,URBAN_6_N005,URBAN_6_N005,URBAN_6_N005,DAM,MCL,LMP_LOSS_PRC,URBAN_6_N005,ALL,1,0.6658,20
2017-09-01T08:00:00-00:00,2017-09-01T09:00:00-00:00,2017-09-01,2,0,URBAN_6_N005,URBAN_6_N005,URBAN_6_N005,DAM,MCL,LMP_LOSS_PRC,URBAN_6_N005,ALL,1,-0.00696,20
2017-09-02T04:00:00-00:00,2017-09-02T05:00:00-00:00,2017-09-01,22,0,URBAN_6_N005,URBAN_6_N005,URBAN_6_N005,DAM,MCL,LMP_LOSS_PRC,URBAN_6_N005,ALL,1,0.27045,20
2017-09-02T06:00:00-00:00,2017-09-02T07:00:00-00:00,2017-09-01,24,0,URBAN_6_N005,URBAN_6_N005,URBAN_6_N005,DAM,MCL,LMP_LOSS_PRC,URBAN_6_N005,ALL,1,-0.06966,20
2017-09-01T17:00:00-00:00,2017-09-01T18:00:00-00:00,2017-09-01,11,0,URBAN_6_N005,URBAN_6_N005,URBAN_6_N005,DAM,MCL,LMP_LOSS_PRC,URBAN_6_N005,ALL,1,0.52681,20
2017-09-01T07:00:00-00:00,2017-09-01T08:00:00-00:00,2017-09-01,1,0,URBAN_6_N005,URBAN_6_N005,URBAN_6_N005,DAM,MCL,LMP_LOSS_PRC,URBAN_6_N005,ALL,1,-0.05988,20
2017-09-01T21:00:00-00:00,2017-09-01T22:00:00-00:00,2017-09-01,15,0,URBAN_6_N005,URBAN_6_N005,URBAN_6_N005,DAM,MCL,LMP_LOSS_PRC,URBAN_6_N005,ALL,1,0.68326,20
2017-09-01T09:00:00-00:00,2017-09-01T10:00:00-00:00,2017-09-01,3,0,URBAN_6_N005,URBAN_6_N005,URBAN_6_N005,DAM,MCL,LMP_LOSS_PRC,URBAN_6_N005,ALL,1,-0.06543,20
2017-09-01T12:00:00-00:00,2017-09-01T13:00:00-00:00,2017-09-01,6,0,URBAN_6_N005,URBAN_6_N005,URBAN_6_N005,DAM,MCL,LMP_LOSS_PRC,URBAN_6_N005,ALL,1,0.00707,20
2017-09-02T02:00:00-00:00,2017-09-02T03:00:00-00:00,2017-09-01,20,0,URBAN_6_N005,URBAN_6_N005,URBAN_6_N005,DAM,MCL,LMP_LOSS_PRC,URBAN_6_N005,ALL,1,-0.14607,20
2017-09-02T05:00:00-00:00,2017-09-02T06:00:00-00:00,2017-09-01,23,0,URBAN_6_N005,URBAN_6_N005,URBAN_6_N005,DAM,MCL,LMP_LOSS_PRC,URBAN_6_N005,ALL,1,0.50696,20
2017-09-01T15:00:00-00:00,2017-09-01T16:00:00-00:00,2017-09-01,9,0,URBAN_6_N005,URBAN_6_N005,URBAN_6_N005,DAM,MCL,LMP_LOSS_PRC,URBAN_6_N005,ALL,1,0.25003,20
2017-09-01T19:00:00-00:00,2017-09-01T20:00:00-00:00,2017-09-01,13,0,URBAN_6_N005,URBAN_6_N005,URBAN_6_N005,DAM,MCL,LMP_LOSS_PRC,URBAN_6_N005,ALL,1,1.27591,20
2017-09-02T20:00:00-00:00,2017-09-02T21:00:00-00:00,2017-09-02,14,0,BAYSHOR2_1_N001,BAYSHOR2_1_N001,BAYSHOR2_1_N001,DAM,LMP,LMP_PRC,BAYSHOR2_1_N001,ALL,1,56.81895,21
2017-09-02T16:00:00-00:00,2017-09-02T17:00:00-00:00,2017-09-02,10,0,BAYSHOR2_1_N001,BAYSHOR2_1_N001,BAYSHOR2_1_N001,DAM,LMP,LMP_PRC,BAYSHOR2_1_N001,ALL,1,35.6944,21
2017-09-02T13:00:00-00:00,2017-09-02T14:00:00-00:00,2017-09-02,7,0,BAYSHOR2_1_N001,BAYSHOR2_1_N001,BAYSHOR2_1_N001,DAM,LMP,LMP_PRC,BAYSHOR2_1_N001,ALL,1,36.24383,21
2017-09-02T15:00:00-00:00,2017-09-02T16:00:00-00:00,2017-09-02,9,0,BAYSHOR2_1_N001,BAYSHOR2_1_N001,BAYSHOR2_1_N001,DAM,LMP,LMP_PRC,BAYSHOR2_1_N001,ALL,1,33.60867,21
2017-09-02T08:00:00-00:00,2017-09-02T09:00:00-00:00,2017-09-02,2,0,BAYSHOR2_1_N001,BAYSHOR2_1_N001,BAYSHOR2_1_N001,DAM,LMP,LMP_PRC,BAYSHOR2_1_N001,ALL,1,34.37561,21
2017-09-02T12:00:00-00:00,2017-09-02T13:00:00-00:00,2017-09-02,6,0,BAYSHOR2_1_N001,BAYSHOR2_1_N001,BAYSHOR2_1_N001,DAM,LMP,LMP_PRC,BAYSHOR2_1_N001,ALL,1,33.91219,21
2017-09-02T17:00:00-00:00,2017-09-02T18:00:00-00:00,2017-09-02,11,0,BAYSHOR2_1_N001,BAYSHOR2_1_N001,BAYSHOR2_1_N001,DAM,LMP,LMP_PRC,BAYSHOR2_1_N001,ALL,1,39.69815,21
2017-09-02T19:00:00-00:00,2017-09-02T20:00:00-00:00,2017-09-02,13,0,BAYSHOR2_1_N001,BAYSHOR2_1_N001,BAYSHOR2_1_N001,DAM,LMP,LMP_PRC,BAYSHOR2_1_N001,ALL,1,50.8947,21
2017-09-03T01:00:00-00:00,2017-09-03T02:00:00-00:00,2017-09-02,19,0,BAYSHOR2_1_N001,BAYSHOR2_1_N001,BAYSHOR2_1_N001,DAM,LMP,LMP_PRC,BAYSHOR2_1_N001,ALL,1,281.92453,21
2017-09-02T09:00:00-00:00,2017-09-02T10:00:00-00:00,2017-09-02,3,0,BAYSHOR2_1_N001,BAYSHOR2_1_N001,BAYSHOR2_1_N001,DAM,LMP,LMP_PRC,BAYSHOR2_1_N001,ALL,1,34.10677,21
2017-09-02T10:00:00-00:00,2017-09-02T11:00:00-00:00,2017-09-02,4,0,BAYSHOR2_1_N001,BAYSHOR2_1_N001,BAYSHOR2_1_N001,DAM,LMP,LMP_PRC,BAYSHOR2_1_N001,ALL,1,33.04537,21
2017-09-03T02:00:00-00:00,2017-09-03T03:00:00-00:00,2017-09-02,20,0,BAYSHOR2_1_N001,BAYSHOR2_1_N001,BAYSHOR2_1_N001,DAM,LMP,LMP_PRC,BAYSHOR2_1_N001,ALL,1,235.36691,21
2017-09-03T04:00:00-00:00,2017-09-03T05:00:00-00:00,2017-09-02,22,0,BAYSHOR2_1_N001,BAYSHOR2_1_N001,BAYSHOR2_1_N001,DAM,LMP,LMP_PRC,BAYSHOR2_1_N001,ALL,1,60.21851,21
2017-09-02T18:00:00-00:00,2017-09-02T19:00:00-00:00,2017-09-02,12,0,BAYSHOR2_1_N001,BAYSHOR2_1_N001,BAYSHOR2_1_N001,DAM,LMP,LMP_PRC,BAYSHOR2_1_N001,ALL,1,44.90198,21
2017-09-02T21:00:00-00:00,2017-09-02T22:00:00-00:00,2017-09-02,15,0,BAYSHOR2_1_N001,BAYSHOR2_1_N001,BAYSHOR2_1_N001,DAM,LMP,LMP_PRC,BAYSHOR2_1_N001,ALL,1,64.43681,21
2017-09-02T22:00:00-00:00,2017-09-02T23:00:00-00:00,2017-09-02,16,0,BAYSHOR2_1_N001,BAYSHOR2_1_N001,BAYSHOR2_1_N001,DAM,LMP,LMP_PRC,BAYSHOR2_1_N001,ALL,1,78.18351,21
2017-09-03T00:00:00-00:00,2017-09-03T01:00:00-00:00,2017-09-02,18,0,BAYSHOR2_1_N001,BAYSHOR2_1_N001,BAYSHOR2_1_N001,DAM,LMP,LMP_PRC,BAYSHOR2_1_N001,ALL,1,148.77458,21
2017-09-02T07:00:00-00:00,2017-09-02T08:00:00-00:00,2017-09-02,1,0,BAYSHOR2_1_N001,BAYSHOR2_1_N001,BAYSHOR2_1_N001,DAM,LMP,LMP_PRC,BAYSHOR2_1_N001,ALL,1,38.5548,21
2017-09-02T11:00:00-00:00,2017-09-02T12:00:00-00:00,2017-09-02,5,0,BAYSHOR2_1_N001,BAYSHOR2_1_N001,BAYSHOR2_1_N001,DAM,LMP,LMP_PRC,BAYSHOR2_1_N001,ALL,1,32.26268,21
2017-09-02T14:00:00-00:00,2017-09-02T15:00:00-00:00,2017-09-02,8,0,BAYSHOR2_1_N001,BAYSHOR2_1_N001,BAYSHOR2_1_N001,DAM,LMP,LMP_PRC,BAYSHOR2_1_N001,ALL,1,35.77454,21
2017-09-03T03:00:00-00:00,2017-09-03T04:00:00-00:00,2017-09-02,21,0,BAYSHOR2_1_N001,BAYSHOR2_1_N001,BAYSHOR2_1_N001,DAM,LMP,LMP_PRC,BAYSHOR2_1_N001,ALL,1,110.22087,21
2017-09-03T06:00:00-00:00,2017-09-03T07:00:00-00:00,2017-09-02,24,0,BAYSHOR2_1_N001,BAYSHOR2_1_N001,BAYSHOR2_1_N001,DAM,LMP,LMP_PRC,BAYSHOR2_1_N001,ALL,1,44.3279,21
2017-09-02T23:00:00-00:00,2017-09-03T00:00:00-00:00,2017-09-02,17,0,BAYSHOR2_1_N001,BAYSHOR2_1_N001,BAYSHOR2_1_N001,DAM,LMP,LMP_PRC,BAYSHOR2_1_N001,ALL,1,96.47256,21
2017-09-03T05:00:00-00:00,2017-09-03T06:00:00-00:00,2017-09-02,23,0,BAYSHOR2_1_N001,BAYSHOR2_1_N001,BAYSHOR2_1_N001,DAM,LMP,LMP_PRC,BAYSHOR2_1_N001,ALL,1,51.27726,21
2017-09-02T11:00:00-00:00,2017-09-02T12:00:00-00:00,2017-09-02,5,0,BAYSHOR2_1_N001,BAYSHOR2_1_N001,BAYSHOR2_1_N001,DAM,MCC,LMP_CONG_PRC,BAYSHOR2_1_N001,ALL,1,-2.23365,22
2017-09-02T13:00:00-00:00,2017-09-02T14:00:00-00:00,2017-09-02,7,0,BAYSHOR2_1_N001,BAYSHOR2_1_N001,BAYSHOR2_1_N001,DAM,MCC,LMP_CONG_PRC,BAYSHOR2_1_N001,ALL,1,-1.29823,22
2017-09-02T23:00:00-00:00,2017-09-03T00:00:00-00:00,2017-09-02,17,0,BAYSHOR2_1_N001,BAYSHOR2_1_N001,BAYSHOR2_1_N001,DAM,MCC,LMP_CONG_PRC,BAYSHOR2_1_N001,ALL,1,0,22
2017-09-02T10:00:00-00:00,2017-09-02T11:00:00-00:00,2017-09-02,4,0,BAYSHOR2_1_N001,BAYSHOR2_1_N001,BAYSHOR2_1_N001,DAM,MCC,LMP_CONG_PRC,BAYSHOR2_1_N001,ALL,1,-2.3707,22
2017-09-02T16:00:00-00:00,2017-09-02T17:00:00-00:00,2017-09-02,10,0,BAYSHOR2_1_N001,BAYSHOR2_1_N001,BAYSHOR2_1_N001,DAM,MCC,LMP_CONG_PRC,BAYSHOR2_1_N001,ALL,1,-0.01324,22
2017-09-02T07:00:00-00:00,2017-09-02T08:00:00-00:00,2017-09-02,1,0,BAYSHOR2_1_N001,BAYSHOR2_1_N001,BAYSHOR2_1_N001,DAM,MCC,LMP_CONG_PRC,BAYSHOR2_1_N001,ALL,1,-2.15371,22
2017-09-02T12:00:00-00:00,2017-09-02T13:00:00-00:00,2017-09-02,6,0,BAYSHOR2_1_N001,BAYSHOR2_1_N001,BAYSHOR2_1_N001,DAM,MCC,LMP_CONG_PRC,BAYSHOR2_1_N001,ALL,1,-1.9658,22
2017-09-02T22:00:00-00:00,2017-09-02T23:00:00-00:00,2017-09-02,16,0,BAYSHOR2_1_N001,BAYSHOR2_1_N001,BAYSHOR2_1_N001,DAM,MCC,LMP_CONG_PRC,BAYSHOR2_1_N001,ALL,1,0,22
2017-09-03T01:00:00-00:00,2017-09-03T02:00:00-00:00,2017-09-02,19,0,BAYSHOR2_1_N001,BAYSHOR2_1_N001,BAYSHOR2_1_N001,DAM,MCC,LMP_CONG_PRC,BAYSHOR2_1_N001,ALL,1,0,22
2017-09-02T20:00:00-00:00,2017-09-02T21:00:00-00:00,2017-09-02,14,0,BAYSHOR2_1_N001,BAYSHOR2_1_N001,BAYSHOR2_1_N001,DAM,MCC,LMP_CONG_PRC,BAYSHOR2_1_N001,ALL,1,0.00694,22
2017-09-02T14:00:00-00:00,2017-09-02T15:00:00-00:00,2017-09-02,8,0,BAYSHOR2_1_N001,BAYSHOR2_1_N001,BAYSHOR2_1_N001,DAM,MCC,LMP_CONG_PRC,BAYSHOR2_1_N001,ALL,1,-0.75899,22
2017-09-03T02:00:00-00:00,2017-09-03T03:00:00-00:00,2017-09-02,20,0,BAYSHOR2_1_N001,BAYSHOR2_1_N001,BAYSHOR2_1_N001,DAM,MCC,LMP_CONG_PRC,BAYSHOR2_1_N001,ALL,1,0,22
2017-09-03T05:00:00-00:00,2017-09-03T06:00:00-00:00,2017-09-02,23,0,BAYSHOR2_1_N001,BAYSHOR2_1_N001,BAYSHOR2_1_N001,DAM,MCC,LMP_CONG_PRC,BAYSHOR2_1_N001,ALL,1,-2.52985,22
2017-09-02T17:00:00-00:00,2017-09-02T18:00:00-00:00,2017-09-02,11,0,BAYSHOR2_1_N001,BAYSHOR2_1_N001,BAYSHOR2_1_N001,DAM,MCC,LMP_CONG_PRC,BAYSHOR2_1_N001,ALL,1,0,22
2017-09-03T00:00:00-00:00,2017-09-03T01:00:00-00:00,2017-09-02,18,0,BAYSHOR2_1_N001,BAYSHOR2_1_N001,BAYSHOR2_1_N001,DAM,MCC,LMP_CONG_PRC,BAYSHOR2_1_N001,ALL,1,0,22
2017-09-02T09:00:00-00:00,2017-09-02T10:00:00-00:00,2017-09-02,3,0,BAYSHOR2_1_N001,BAYSHOR2_1_N001,BAYSHOR2_1_N001,DAM,MCC,LMP_CONG_PRC,BAYSHOR2_1_N001,ALL,1,-2.43271,22
2017-09-03T04:00:00-00:00,2017-09-03T05:00:00-00:00,2017-09-02,22,0,BAYSHOR2_1_N001,BAYSHOR2_1_N001,BAYSHOR2_1_N001,DAM,MCC,LMP_CONG_PRC,BAYSHOR2_1_N001,ALL,1,-1.81898,22
2017-09-03T06:00:00-00:00,2017-09-03T07:00:00-00:00,2017-09-02,24,0,BAYSHOR2_1_N001,BAYSHOR2_1_N001,BAYSHOR2_1_N001,DAM,MCC,LMP_CONG_PRC,BAYSHOR2_1_N001,ALL,1,-2.70379,22
2017-09-02T18:00:00-00:00,2017-09-02T19:00:00-00:00,2017-09-02,12,0,BAYSHOR2_1_N001,BAYSHOR2_1_N001,BAYSHOR2_1_N001,DAM,MCC,LMP_CONG_PRC,BAYSHOR2_1_N001,ALL,1,0,22
2017-09-02T21:00:00-00:00,2017-09-02T22:00:00-00:00,2017-09-02,15,0,BAYSHOR2_1_N001,BAYSHOR2_1_N001,BAYSHOR2_1_N001,DAM,MCC,LMP_CONG_PRC,BAYSHOR2_1_N001,ALL,1,0.00551,22
2017-09-02T08:00:00-00:00,2017-09-02T09:00:00-00:00,2017-09-02,2,0,BAYSHOR2_1_N001,BAYSHOR2_1_N001,BAYSHOR2_1_N001,DAM,MCC,LMP_CONG_PRC,BAYSHOR2_1_N001,ALL,1,-2.74757,22
2017-09-03T03:00:00-00:00,2017-09-03T04:00:00-00:00,2017-09-02,21,0,BAYSHOR2_1_N001,BAYSHOR2_1_N001,BAYSHOR2_1_N001,DAM,MCC,LMP_CONG_PRC,BAYSHOR2_1_N001,ALL,1,0,22
2017-09-02T15:00:00-00:00,2017-09-02T16:00:00-00:00,2017-09-02,9,0,BAYSHOR2_1_N001,BAYSHOR2_1_N001,BAYSHOR2_1_N001,DAM,MCC,LMP_CONG_PRC,BAYSHOR2_1_N001,ALL,1,0,22
2017-09-02T19:00:00-00:00,2017-09-02T20:00:00-00:00,2017-09-02,13,0,BAYSHOR2_1_N001,BAYSHOR2_1_N001,BAYSHOR2_1_N001,DAM,MCC,LMP_CONG_PRC,BAYSHOR2_1_N001,ALL,1,0,22
2017-09-02T22:00:00-00:00,2017-09-02T23:00:00-00:00,2017-09-02,16,0,BAYSHOR2_1_N001,BAYSHOR2_1_N001,BAYSHOR2_1_N001,DAM,MCE,LMP_ENE_PRC,BAYSHOR2_1_N001,ALL,1,75.1331,23
2017-09-02T10:00:00-00:00,2017-09-02T11:00:00-00:00,2017-09-02,4,0,BAYSHOR2_1_N001,BAYSHOR2_1_N001,BAYSHOR2_1_N001,DAM,MCE,LMP_ENE_PRC,BAYSHOR2_1_N001,ALL,1,34.22504,23
2017-09-03T06:00:00-00:00,2017-09-03T07:00:00-00:00,2017-09-02,24,0,BAYSHOR2_1_N001,BAYSHOR2_1_N001,BAYSHOR2_1_N001,DAM,MCE,LMP_ENE_PRC,BAYSHOR2_1_N001,ALL,1,45.94734,23
2017-09-02T16:00:00-00:00,2017-09-02T17:00:00-00:00,2017-09-02,10,0,BAYSHOR2_1_N001,BAYSHOR2_1_N001,BAYSHOR2_1_N001,DAM,MCE,LMP_ENE_PRC,BAYSHOR2_1_N001,ALL,1,33.83969,23
2017-09-03T05:00:00-00:00,2017-09-03T06:00:00-00:00,2017-09-02,23,0,BAYSHOR2_1_N001,BAYSHOR2_1_N001,BAYSHOR2_1_N001,DAM,MCE,LMP_ENE_PRC,BAYSHOR2_1_N001,ALL,1,52.57682,23
2017-09-02T09:00:00-00:00,2017-09-02T10:00:00-00:00,2017-09-02,3,0,BAYSHOR2_1_N001,BAYSHOR2_1_N001,BAYSHOR2_1_N001,DAM,MCE,LMP_ENE_PRC,BAYSHOR2_1_N001,ALL,1,35.36877,23
2017-09-02T15:00:00-00:00,2017-09-02T16:00:00-00:00,2017-09-02,9,0,BAYSHOR2_1_N001,BAYSHOR2_1_N001,BAYSHOR2_1_N001,DAM,MCE,LMP_ENE_PRC,BAYSHOR2_1_N001,ALL,1,32.00826,23
2017-09-02T14:00:00-00:00,2017-09-02T15:00:00-00:00,2017-09-02,8,0,BAYSHOR2_1_N001,BAYSHOR2_1_N001,BAYSHOR2_1_N001,DAM,MCE,LMP_ENE_PRC,BAYSHOR2_1_N001,ALL,1,35.23681,23
2017-09-03T01:00:00-00:00,2017-09-03T02:00:00-00:00,2017-09-02,19,0,BAYSHOR2_1_N001,BAYSHOR2_1_N001,BAYSHOR2_1_N001,DAM,MCE,LMP_ENE_PRC,BAYSHOR2_1_N001,ALL,1,272.4435,23
2017-09-02T20:00:00-00:00,2017-09-02T21:00:00-00:00,2017-09-02,14,0,BAYSHOR2_1_N001,BAYSHOR2_1_N001,BAYSHOR2_1_N001,DAM,MCE,LMP_ENE_PRC,BAYSHOR2_1_N001,ALL,1,55.33458,23
2017-09-02T19:00:00-00:00,2017-09-02T20:00:00-00:00,2017-09-02,13,0,BAYSHOR2_1_N001,BAYSHOR2_1_N001,BAYSHOR2_1_N001,DAM,MCE,LMP_ENE_PRC,BAYSHOR2_1_N001,ALL,1,48.86204,23
2017-09-02T17:00:00-00:00,2017-09-02T18:00:00-00:00,2017-09-02,11,0,BAYSHOR2_1_N001,BAYSHOR2_1_N001,BAYSHOR2_1_N001,DAM,MCE,LMP_ENE_PRC,BAYSHOR2_1_N001,ALL,1,37.87268,23
2017-09-02T11:00:00-00:00,2017-09-02T12:00:00-00:00,2017-09-02,5,0,BAYSHOR2_1_N001,BAYSHOR2_1_N001,BAYSHOR2_1_N001,DAM,MCE,LMP_ENE_PRC,BAYSHOR2_1_N001,ALL,1,33.52087,23
2017-09-03T00:00:00-00:00,2017-09-03T01:00:00-00:00,2017-09-02,18,0,BAYSHOR2_1_N001,BAYSHOR2_1_N001,BAYSHOR2_1_N001,DAM,MCE,LMP_ENE_PRC,BAYSHOR2_1_N001,ALL,1,142.49074,23
2017-09-02T18:00:00-00:00,2017-09-02T19:00:00-00:00,2017-09-02,12,0,BAYSHOR2_1_N001,BAYSHOR2_1_N001,BAYSHOR2_1_N001,DAM,MCE,LMP_ENE_PRC,BAYSHOR2_1_N001,ALL,1,42.82906,23
2017-09-03T02:00:00-00:00,2017-09-03T03:00:00-00:00,2017-09-02,20,0,BAYSHOR2_1_N001,BAYSHOR2_1_N001,BAYSHOR2_1_N001,DAM,MCE,LMP_ENE_PRC,BAYSHOR2_1_N001,ALL,1,227.71566,23
2017-09-02T08:00:00-00:00,2017-09-02T09:00:00-00:00,2017-09-02,2,0,BAYSHOR2_1_N001,BAYSHOR2_1_N001,BAYSHOR2_1_N001,DAM,MCE,LMP_ENE_PRC,BAYSHOR2_1_N001,ALL,1,35.82627,23
2017-09-02T07:00:00-00:00,2017-09-02T08:00:00-00:00,2017-09-02,1,0,BAYSHOR2_1_N001,BAYSHOR2_1_N001,BAYSHOR2_1_N001,DAM,MCE,LMP_ENE_PRC,BAYSHOR2_1_N001,ALL,1,39.473,23
2017-09-02T23:00:00-00:00,2017-09-03T00:00:00-00:00,2017-09-02,17,0,BAYSHOR2_1_N001,BAYSHOR2_1_N001,BAYSHOR2_1_N001,DAM,MCE,LMP_ENE_PRC,BAYSHOR2_1_N001,ALL,1,92.13309,23
2017-09-02T21:00:00-00:00,2017-09-02T22:00:00-00:00,2017-09-02,15,0,BAYSHOR2_1_N001,BAYSHOR2_1_N001,BAYSHOR2_1_N001,DAM,MCE,LMP_ENE_PRC,BAYSHOR2_1_N001,ALL,1,62.12641,23
2017-09-03T04:00:00-00:00,2017-09-03T05:00:00-00:00,2017-09-02,22,0,BAYSHOR2_1_N001,BAYSHOR2_1_N001,BAYSHOR2_1_N001,DAM,MCE,LMP_ENE_PRC,BAYSHOR2_1_N001,ALL,1,60.14298,23
2017-09-02T13:00:00-00:00,2017-09-02T14:00:00-00:00,2017-09-02,7,0,BAYSHOR2_1_N001,BAYSHOR2_1_N001,BAYSHOR2_1_N001,DAM,MCE,LMP_ENE_PRC,BAYSHOR2_1_N001,ALL,1,36.44506,23
2017-09-03T03:00:00-00:00,2017-09-03T04:00:00-00:00,2017-09-02,21,0,BAYSHOR2_1_N001,BAYSHOR2_1_N001,BAYSHOR2_1_N001,DAM,MCE,LMP_ENE_PRC,BAYSHOR2_1_N001,ALL,1,106.77213,23
2017-09-02T12:00:00-00:00,2017-09-02T13:00:00-00:00,2017-09-02,6,0,BAYSHOR2_1_N001,BAYSHOR2_1_N001,BAYSHOR2_1_N001,DAM,MCE,LMP_ENE_PRC,BAYSHOR2_1_N001,ALL,1,34.71168,23
2017-09-03T00:00:00-00:00,2017-09-03T01:00:00-00:00,2017-09-02,18,0,BAYSHOR2_1_N001,BAYSHOR2_1_N001,BAYSHOR2_1_N001,DAM,MCL,LMP_LOSS_PRC,BAYSHOR2_1_N001,ALL,1,6.28384,24
2017-09-02T18:00:00-00:00,2017-09-02T19:00:00-00:00,2017-09-02,12,0,BAYSHOR2_1_N001,BAYSHOR2_1_N001,BAYSHOR2_1_N001,DAM,MCL,LMP_LOSS_PRC,BAYSHOR2_1_N001,ALL,1,2.07293,24
2017-09-02T14:00:00-00:00,2017-09-02T15:00:00-00:00,2017-09-02,8,0,BAYSHOR2_1_N001,BAYSHOR2_1_N001,BAYSHOR2_1_N001,DAM,MCL,LMP_LOSS_PRC,BAYSHOR2_1_N001,ALL,1,1.29671,24
2017-09-02T19:00:00-00:00,2017-09-02T20:00:00-00:00,2017-09-02,13,0,BAYSHOR2_1_N001,BAYSHOR2_1_N001,BAYSHOR2_1_N001,DAM,MCL,LMP_LOSS_PRC,BAYSHOR2_1_N001,ALL,1,2.03266,24
2017-09-02T11:00:00-00:00,2017-09-02T12:00:00-00:00,2017-09-02,5,0,BAYSHOR2_1_N001,BAYSHOR2_1_N001,BAYSHOR2_1_N001,DAM,MCL,LMP_LOSS_PRC,BAYSHOR2_1_N001,ALL,1,0.97546,24
2017-09-02T23:00:00-00:00,2017-09-03T00:00:00-00:00,2017-09-02,17,0,BAYSHOR2_1_N001,BAYSHOR2_1_N001,BAYSHOR2_1_N001,DAM,MCL,LMP_LOSS_PRC,BAYSHOR2_1_N001,ALL,1,4.33947,24
2017-09-03T01:00:00-00:00,2017-09-03T02:00:00-00:00,2017-09-02,19,0,BAYSHOR2_1_N001,BAYSHOR2_1_N001,BAYSHOR2_1_N001,DAM,MCL,LMP_LOSS_PRC,BAYSHOR2_1_N001,ALL,1,9.48103,24
2017-09-02T16:00:00-00:00,2017-09-02T17:00:00-00:00,2017-09-02,10,0,BAYSHOR2_1_N001,BAYSHOR2_1_N001,BAYSHOR2_1_N001,DAM,MCL,LMP_LOSS_PRC,BAYSHOR2_1_N001,ALL,1,1.86795,24
2017-09-02T15:00:00-00:00,2017-09-02T16:00:00-00:00,2017-09-02,9,0,BAYSHOR2_1_N001,BAYSHOR2_1_N001,BAYSHOR2_1_N001,DAM,MCL,LMP_LOSS_PRC,BAYSHOR2_1_N001,ALL,1,1.60041,24
2017-09-03T05:00:00-00:00,2017-09-03T06:00:00-00:00,2017-09-02,23,0,BAYSHOR2_1_N001,BAYSHOR2_1_N001,BAYSHOR2_1_N001,DAM,MCL,LMP_LOSS_PRC,BAYSHOR2_1_N001,ALL,1,1.2303,24
2017-09-02T12:00:00-00:00,2017-09-02T13:00:00-00:00,2017-09-02,6,0,BAYSHOR2_1_N001,BAYSHOR2_1_N001,BAYSHOR2_1_N001,DAM,MCL,LMP_LOSS_PRC,BAYSHOR2_1_N001,ALL,1,1.16631,24
2017-09-03T03:00:00-00:00,2017-09-03T04:00:00-00:00,2017-09-02,21,0,BAYSHOR2_1_N001,BAYSHOR2_1_N001,BAYSHOR2_1_N001,DAM,MCL,LMP_LOSS_PRC,BAYSHOR2_1_N001,ALL,1,3.44874,24
2017-09-03T02:00:00-00:00,2017-09-03T03:00:00-00:00,2017-09-02,20,0,BAYSHOR2_1_N001,BAYSHOR2_1_N001,BAYSHOR2_1_N001,DAM,MCL,LMP_LOSS_PRC,BAYSHOR2_1_N001,ALL,1,7.65125,24
2017-09-02T20:00:00-00:00,2017-09-02T21:00:00-00:00,2017-09-02,14,0,BAYSHOR2_1_N001,BAYSHOR2_1_N001,BAYSHOR2_1_N001,DAM,MCL,LMP_LOSS_PRC,BAYSHOR2_1_N001,ALL,1,1.47743,24
2017-09-02T22:00:00-00:00,2017-09-02T23:00:00-00:00,2017-09-02,16,0,BAYSHOR2_1_N001,BAYSHOR2_1_N001,BAYSHOR2_1_N001,DAM,MCL,LMP_LOSS_PRC,BAYSHOR2_1_N001,ALL,1,3.0504,24
2017-09-02T10:00:00-00:00,2017-09-02T11:00:00-00:00,2017-09-02,4,0,BAYSHOR2_1_N001,BAYSHOR2_1_N001,BAYSHOR2_1_N001,DAM,MCL,LMP_LOSS_PRC,BAYSHOR2_1_N001,ALL,1,1.19103,24
2017-09-02T09:00:00-00:00,2017-09-02T10:00:00-00:00,2017-09-02,3,0,BAYSHOR2_1_N001,BAYSHOR2_1_N001,BAYSHOR2_1_N001,DAM,MCL,LMP_LOSS_PRC,BAYSHOR2_1_N001,ALL,1,1.17071,24
2017-09-02T08:00:00-00:00,2017-09-02T09:00:00-00:00,2017-09-02,2,0,BAYSHOR2_1_N001,BAYSHOR2_1_N001,BAYSHOR2_1_N001,DAM,MCL,LMP_LOSS_PRC,BAYSHOR2_1_N001,ALL,1,1.29691,24
2017-09-02T21:00:00-00:00,2017-09-02T22:00:00-00:00,2017-09-02,15,0,BAYSHOR2_1_N001,BAYSHOR2_1_N001,BAYSHOR2_1_N001,DAM,MCL,LMP_LOSS_PRC,BAYSHOR2_1_N001,ALL,1,2.30489,24
2017-09-03T06:00:00-00:00,2017-09-03T07:00:00-00:00,2017-09-02,24,0,BAYSHOR2_1_N001,BAYSHOR2_1_N001,BAYSHOR2_1_N001,DAM,MCL,LMP_LOSS_PRC,BAYSHOR2_1_N001,ALL,1,1.08436,24
2017-09-03T04:00:00-00:00,2017-09-03T05:00:00-00:00,2017-09-02,22,0,BAYSHOR2_1_N001,BAYSHOR2_1_N001,BAYSHOR2_1_N001,DAM,MCL,LMP_LOSS_PRC,BAYSHOR2_1_N001,ALL,1,1.8945,24
2017-09-02T07:00:00-00:00,2017-09-02T08:00:00-00:00,2017-09-02,1,0,BAYSHOR2_1_N001,BAYSHOR2_1_N001,BAYSHOR2_1_N001,DAM,MCL,LMP_LOSS_PRC,BAYSHOR2_1_N001,ALL,1,1.2355,24
2017-09-02T13:00:00-00:00,2017-09-02T14:00:00-00:00,2017-09-02,7,0,BAYSHOR2_1_N001,BAYSHOR2_1_N001,BAYSHOR2_1_N001,DAM,MCL,LMP_LOSS_PRC,BAYSHOR2_1_N001,ALL,1,1.097,24
2017-09-02T17:00:00-00:00,2017-09-02T18:00:00-00:00,2017-09-02,11,0,BAYSHOR2_1_N001,BAYSHOR2_1_N001,BAYSHOR2_1_N001,DAM,MCL,LMP_LOSS_PRC,BAYSHOR2_1_N001,ALL,1,1.82546,24
2017-09-02T20:00:00-00:00,2017-09-02T21:00:00-00:00,2017-09-02,14,0,TH_NP15_GEN-APND,TH_NP15_GEN-APND,TH_NP15_GEN-APND,DAM,LMP,LMP_PRC,TH_NP15_GEN-APND,ALL_APNODES,0,53.60814,25
2017-09-02T14:00:00-00:00,2017-09-02T15:00:00-00:00,2017-09-02,8,0,TH_NP15_GEN-APND,TH_NP15_GEN-APND,TH_NP15_GEN-APND,DAM,LMP,LMP_PRC,TH_NP15_GEN-APND,ALL_APNODES,0,34.80501,25
2017-09-02T10:00:00-00:00,2017-09-02T11:00:00-00:00,2017-09-02,4,0,TH_NP15_GEN-APND,TH_NP15_GEN-APND,TH_NP15_GEN-APND,DAM,LMP,LMP_PRC,TH_NP15_GEN-APND,ALL_APNODES,0,33.58524,25
2017-09-02T21:00:00-00:00,2017-09-02T22:00:00-00:00,2017-09-02,15,0,TH_NP15_GEN-APND,TH_NP15_GEN-APND,TH_NP15_GEN-APND,DAM,LMP,LMP_PRC,TH_NP15_GEN-APND,ALL_APNODES,0,60.46143,25
2017-09-02T15:00:00-00:00,2017-09-02T16:00:00-00:00,2017-09-02,9,0,TH_NP15_GEN-APND,TH_NP15_GEN-APND,TH_NP15_GEN-APND,DAM,LMP,LMP_PRC,TH_NP15_GEN-APND,ALL_APNODES,0,31.86078,25
2017-09-02T09:00:00-00:00,2017-09-02T10:00:00-00:00,2017-09-02,3,0,TH_NP15_GEN-APND,TH_NP15_GEN-APND,TH_NP15_GEN-APND,DAM,LMP,LMP_PRC,TH_NP15_GEN-APND,ALL_APNODES,0,34.89465,25
2017-09-02T12:00:00-00:00,2017-09-02T13:00:00-00:00,2017-09-02,6,0,TH_NP15_GEN-APND,TH_NP15_GEN-APND,TH_NP15_GEN-APND,DAM,LMP,LMP_PRC,TH_NP15_GEN-APND,ALL_APNODES,0,34.4288,25
2017-09-03T03:00:00-00:00,2017-09-03T04:00:00-00:00,2017-09-02,21,0,TH_NP15_GEN-APND,TH_NP15_GEN-APND,TH_NP15_GEN-APND,DAM,LMP,LMP_PRC,TH_NP15_GEN-APND,ALL_APNODES,0,104.27366,25
2017-09-03T05:00:00-00:00,2017-09-03T06:00:00-00:00,2017-09-02,23,0,TH_NP15_GEN-APND,TH_NP15_GEN-APND,TH_NP15_GEN-APND,DAM,LMP,LMP_PRC,TH_NP15_GEN-APND,ALL_APNODES,0,49.05294,25
2017-09-02T16:00:00-00:00,2017-09-02T17:00:00-00:00,2017-09-02,10,0,TH_NP15_GEN-APND,TH_NP15_GEN-APND,TH_NP15_GEN-APND,DAM,LMP,LMP_PRC,TH_NP15_GEN-APND,ALL_APNODES,0,33.55835,25
2017-09-03T00:00:00-00:00,2017-09-03T01:00:00-00:00,2017-09-02,18,0,TH_NP15_GEN-APND,TH_NP15_GEN-APND,TH_NP15_GEN-APND,DAM,LMP,LMP_PRC,TH_NP15_GEN-APND,ALL_APNODES,0,140.0399,25
2017-09-03T02:00:00-00:00,2017-09-03T03:00:00-00:00,2017-09-02,20,0,TH_NP15_GEN-APND,TH_NP15_GEN-APND,TH_NP15_GEN-APND,DAM,LMP,LMP_PRC,TH_NP15_GEN-APND,ALL_APNODES,0,222,25
2017-09-02T17:00:00-00:00,2017-09-02T18:00:00-00:00,2017-09-02,11,0,TH_NP15_GEN-APND,TH_NP15_GEN-APND,TH_NP15_GEN-APND,DAM,LMP,LMP_PRC,TH_NP15_GEN-APND,ALL_APNODES,0,37.26885,25
2017-09-02T13:00:00-00:00,2017-09-02T14:00:00-00:00,2017-09-02,7,0,TH_NP15_GEN-APND,TH_NP15_GEN-APND,TH_NP15_GEN-APND,DAM,LMP,LMP_PRC,TH_NP15_GEN-APND,ALL_APNODES,0,35.82026,25
2017-09-02T18:00:00-00:00,2017-09-02T19:00:00-00:00,2017-09-02,12,0,TH_NP15_GEN-APND,TH_NP15_GEN-APND,TH_NP15_GEN-APND,DAM,LMP,LMP_PRC,TH_NP15_GEN-APND,ALL_APNODES,0,41.81689,25
2017-09-02T19:00:00-00:00,2017-09-02T20:00:00-00:00,2017-09-02,13,0,TH_NP15_GEN-APND,TH_NP15_GEN-APND,TH_NP15_GEN-APND,DAM,LMP,LMP_PRC,TH_NP15_GEN-APND,ALL_APNODES,0,47.31264,25
2017-09-02T23:00:00-00:00,2017-09-03T00:00:00-00:00,2017-09-02,17,0,TH_NP15_GEN-APND,TH_NP15_GEN-APND,TH_NP15_GEN-APND,DAM,LMP,LMP_PRC,TH_NP15_GEN-APND,ALL_APNODES,0,90.45627,25
2017-09-02T07:00:00-00:00,2017-09-02T08:00:00-00:00,2017-09-02,1,0,TH_NP15_GEN-APND,TH_NP15_GEN-APND,TH_NP15_GEN-APND,DAM,LMP,LMP_PRC,TH_NP15_GEN-APND,ALL_APNODES,0,38.41045,25
2017-09-02T08:00:00-00:00,2017-09-02T09:00:00-00:00,2017-09-02,2,0,TH_NP15_GEN-APND,TH_NP15_GEN-APND,TH_NP15_GEN-APND,DAM,LMP,LMP_PRC,TH_NP15_GEN-APND,ALL_APNODES,0,35.17512,25
2017-09-03T04:00:00-00:00,2017-09-03T05:00:00-00:00,2017-09-02,22,0,TH_NP15_GEN-APND,TH_NP15_GEN-APND,TH_NP15_GEN-APND,DAM,LMP,LMP_PRC,TH_NP15_GEN-APND,ALL_APNODES,0,57.02939,25
2017-09-03T06:00:00-00:00,2017-09-03T07:00:00-00:00,2017-09-02,24,0,TH_NP15_GEN-APND,TH_NP15_GEN-APND,TH_NP15_GEN-APND,DAM,LMP,LMP_PRC,TH_NP15_GEN-APND,ALL_APNODES,0,42.7062,25
2017-09-02T22:00:00-00:00,2017-09-02T23:00:00-00:00,2017-09-02,16,0,TH_NP15_GEN-APND,TH_NP15_GEN-APND,TH_NP15_GEN-APND,DAM,LMP,LMP_PRC,TH_NP15_GEN-APND,ALL_APNODES,0,73.37499,25
2017-09-02T11:00:00-00:00,2017-09-02T12:00:00-00:00,2017-09-02,5,0,TH_NP15_GEN-APND,TH_NP15_GEN-APND,TH_NP15_GEN-APND,DAM,LMP,LMP_PRC,TH_NP15_GEN-APND,ALL_APNODES,0,32.8634,25
2017-09-03T01:00:00-00:00,2017-09-03T02:00:00-00:00,2017-09-02,19,0,TH_NP15_GEN-APND,TH_NP15_GEN-APND,TH_NP15_GEN-APND,DAM,LMP,LMP_PRC,TH_NP15_GEN-APND,ALL_APNODES,0,265.71414,25
2017-09-02T12:00:00-00:00,2017-09-02T13:00:00-00:00,2017-09-02,6,0,TH_NP15_GEN-APND,TH_NP15_GEN-APND,TH_NP15_GEN-APND,DAM,MCC,LMP_CONG_PRC,TH_NP15_GEN-APND,ALL_APNODES,0,-0.08849,26
2017-09-03T05:00:00-00:00,2017-09-03T06:00:00-00:00,2017-09-02,23,0,TH_NP15_GEN-APND,TH_NP15_GEN-APND,TH_NP15_GEN-APND,DAM,MCC,LMP_CONG_PRC,TH_NP15_GEN-APND,ALL_APNODES,0,-2.0675,26
2017-09-02T19:00:00-00:00,2017-09-02T20:00:00-00:00,2017-09-02,13,0,TH_NP15_GEN-APND,TH_NP15_GEN-APND,TH_NP15_GEN-APND,DAM,MCC,LMP_CONG_PRC,TH_NP15_GEN-APND,ALL_APNODES,0,-0.00536,26
2017-09-02T23:00:00-00:00,2017-09-03T00:00:00-00:00,2017-09-02,17,0,TH_NP15_GEN-APND,TH_NP15_GEN-APND,TH_NP15_GEN-APND,DAM,MCC,LMP_CONG_PRC,TH_NP15_GEN-APND,ALL_APNODES,0,0,26
2017-09-02T21:00:00-00:00,2017-09-02T22:00:00-00:00,2017-09-02,15,0,TH_NP15_GEN-APND,TH_NP15_GEN-APND,TH_NP15_GEN-APND,DAM,MCC,LMP_CONG_PRC,TH_NP15_GEN-APND,ALL_APNODES,0,0,26
2017-09-02T18:00:00-00:00,2017-09-02T19:00:00-00:00,2017-09-02,12,0,TH_NP15_GEN-APND,TH_NP15_GEN-APND,TH_NP15_GEN-APND,DAM,MCC,LMP_CONG_PRC,TH_NP15_GEN-APND,ALL_APNODES,0,-0.00141,26
2017-09-02T10:00:00-00:00,2017-09-02T11:00:00-00:00,2017-09-02,4,0,TH_NP15_GEN-APND,TH_NP15_GEN-APND,TH_NP15_GEN-APND,DAM,MCC,LMP_CONG_PRC,TH_NP15_GEN-APND,ALL_APNODES,0,-0.31124,26
2017-09-02T13:00:00-00:00,2017-09-02T14:00:00-00:00,2017-09-02,7,0,TH_NP15_GEN-APND,TH_NP15_GEN-APND,TH_NP15_GEN-APND,DAM,MCC,LMP_CONG_PRC,TH_NP15_GEN-APND,ALL_APNODES,0,-0.26035,26
2017-09-02T11:00:00-00:00,2017-09-02T12:00:00-00:00,2017-09-02,5,0,TH_NP15_GEN-APND,TH_NP15_GEN-APND,TH_NP15_GEN-APND,DAM,MCC,LMP_CONG_PRC,TH_NP15_GEN-APND,ALL_APNODES,0,-0.3122,26
2017-09-03T00:00:00-00:00,2017-09-03T01:00:00-00:00,2017-09-02,18,0,TH_NP15_GEN-APND,TH_NP15_GEN-APND,TH_NP15_GEN-APND,DAM,MCC,LMP_CONG_PRC,TH_NP15_GEN-APND,ALL_APNODES,0,0,26
2017-09-02T22:00:00-00:00,2017-09-02T23:00:00-00:00,2017-09-02,16,0,TH_NP15_GEN-APND,TH_NP15_GEN-APND,TH_NP15_GEN-APND,DAM,MCC,LMP_CONG_PRC,TH_NP15_GEN-APND,ALL_APNODES,0,0,26
2017-09-02T16:00:00-00:00,2017-09-02T17:00:00-00:00,2017-09-02,10,0,TH_NP15_GEN-APND,TH_NP15_GEN-APND,TH_NP15_GEN-APND,DAM,MCC,LMP_CONG_PRC,TH_NP15_GEN-APND,ALL_APNODES,0,-0.00724,26
2017-09-02T15:00:00-00:00,2017-09-02T16:00:00-00:00,2017-09-02,9,0,TH_NP15_GEN-APND,TH_NP15_GEN-APND,TH_NP15_GEN-APND,DAM,MCC,LMP_CONG_PRC,TH_NP15_GEN-APND,ALL_APNODES,0,0.00296,26
2017-09-02T09:00:00-00:00,2017-09-02T10:00:00-00:00,2017-09-02,3,0,TH_NP15_GEN-APND,TH_NP15_GEN-APND,TH_NP15_GEN-APND,DAM,MCC,LMP_CONG_PRC,TH_NP15_GEN-APND,ALL_APNODES,0,-0.1841,26
2017-09-03T04:00:00-00:00,2017-09-03T05:00:00-00:00,2017-09-02,22,0,TH_NP15_GEN-APND,TH_NP15_GEN-APND,TH_NP15_GEN-APND,DAM,MCC,LMP_CONG_PRC,TH_NP15_GEN-APND,ALL_APNODES,0,-1.17699,26
2017-09-03T03:00:00-00:00,2017-09-03T04:00:00-00:00,2017-09-02,21,0,TH_NP15_GEN-APND,TH_NP15_GEN-APND,TH_NP15_GEN-APND,DAM,MCC,LMP_CONG_PRC,TH_NP15_GEN-APND,ALL_APNODES,0,0,26
2017-09-03T01:00:00-00:00,2017-09-03T02:00:00-00:00,2017-09-02,19,0,TH_NP15_GEN-APND,TH_NP15_GEN-APND,TH_NP15_GEN-APND,DAM,MCC,LMP_CONG_PRC,TH_NP15_GEN-APND,ALL_APNODES,0,0,26
2017-09-03T02:00:00-00:00,2017-09-03T03:00:00-00:00,2017-09-02,20,0,TH_NP15_GEN-APND,TH_NP15_GEN-APND,TH_NP15_GEN-APND,DAM,MCC,LMP_CONG_PRC,TH_NP15_GEN-APND,ALL_APNODES,0,0,26
2017-09-02T08:00:00-00:00,2017-09-02T09:00:00-00:00,2017-09-02,2,0,TH_NP15_GEN-APND,TH_NP15_GEN-APND,TH_NP15_GEN-APND,DAM,MCC,LMP_CONG_PRC,TH_NP15_GEN-APND,ALL_APNODES,0,-0.35021,26
2017-09-02T07:00:00-00:00,2017-09-02T08:00:00-00:00,2017-09-02,1,0,TH_NP15_GEN-APND,TH_NP15_GEN-APND,TH_NP15_GEN-APND,DAM,MCC,LMP_CONG_PRC,TH_NP15_GEN-APND,ALL_APNODES,0,-0.4744,26
2017-09-02T20:00:00-00:00,2017-09-02T21:00:00-00:00,2017-09-02,14,0,TH_NP15_GEN-APND,TH_NP15_GEN-APND,TH_NP15_GEN-APND,DAM,MCC,LMP_CONG_PRC,TH_NP15_GEN-APND,ALL_APNODES,0,0,26
2017-09-02T17:00:00-00:00,2017-09-02T18:00:00-00:00,2017-09-02,11,0,TH_NP15_GEN-APND,TH_NP15_GEN-APND,TH_NP15_GEN-APND,DAM,MCC,LMP_CONG_PRC,TH_NP15_GEN-APND,ALL_APNODES,0,0.00213,26
2017-09-03T06:00:00-00:00,2017-09-03T07:00:00-00:00,2017-09-02,24,0,TH_NP15_GEN-APND,TH_NP15_GEN-APND,TH_NP15_GEN-APND,DAM,MCC,LMP_CONG_PRC,TH_NP15_GEN-APND,ALL_APNODES,0,-2.20733,26
2017-09-02T14:00:00-00:00,2017-09-02T15:00:00-00:00,2017-09-02,8,0,TH_NP15_GEN-APND,TH_NP15_GEN-APND,TH_NP15_GEN-APND,DAM,MCC,LMP_CONG_PRC,TH_NP15_GEN-APND,ALL_APNODES,0,-0.19924,26
2017-09-02T14:00:00-00:00,2017-09-02T15:00:00-00:00,2017-09-02,8,0,TH_NP15_GEN-APND,TH_NP15_GEN-APND,TH_NP15_GEN-APND,DAM,MCE,LMP_ENE_PRC,TH_NP15_GEN-APND,ALL_APNODES,0,35.23681,27
2017-09-02T13:00:00-00:00,2017-09-02T14:00:00-00:00,2017-09-02,7,0,TH_NP15_GEN-APND,TH_NP15_GEN-APND,TH_NP15_GEN-APND,DAM,MCE,LMP_ENE_PRC,TH_NP15_GEN-APND,ALL_APNODES,0,36.44506,27
2017-09-02T15:00:00-00:00,2017-09-02T16:00:00-00:00,2017-09-02,9,0,TH_NP15_GEN-APND,TH_NP15_GEN-APND,TH_NP15_GEN-APND,DAM,MCE,LMP_ENE_PRC,TH_NP15_GEN-APND,ALL_APNODES,0,32.00826,27
2017-09-03T00:00:00-00:00,2017-09-03T01:00:00-00:00,2017-09-02,18,0,TH_NP15_GEN-APND,TH_NP15_GEN-APND,TH_NP15_GEN-APND,DAM,MCE,LMP_ENE_PRC,TH_NP15_GEN-APND,ALL_APNODES,0,142.49074,27
2017-09-03T02:00:00-00:00,2017-09-03T03:00:00-00:00,2017-09-02,20,0,TH_NP15_GEN-APND,TH_NP15_GEN-APND,TH_NP15_GEN-APND,DAM,MCE,LMP_ENE_PRC,TH_NP15_GEN-APND,ALL_APNODES,0,227.71566,27
2017-09-02T08:00:00-00:00,2017-09-02T09:00:00-00:00,2017-09-02,2,0,TH_NP15_GEN-APND,TH_NP15_GEN-APND,TH_NP15_GEN-APND,DAM,MCE,LMP_ENE_PRC,TH_NP15_GEN-APND,ALL_APNODES,0,35.82627,27
2017-09-03T04:00:00-00:00,2017-09-03T05:00:00-00:00,2017-09-02,22,0,TH_NP15_GEN-APND,TH_NP15_GEN-APND,TH_NP15_GEN-APND,DAM,MCE,LMP_ENE_PRC,TH_NP15_GEN-APND,ALL_APNODES,0,60.14298,27
2017-09-02T12:00:00-00:00,2017-09-02T13:00:00-00:00,2017-09-02,6,0,TH_NP15_GEN-APND,TH_NP15_GEN-APND,TH_NP15_GEN-APND,DAM,MCE,LMP_ENE_PRC,TH_NP15_GEN-APND,ALL_APNODES,0,34.71168,27
2017-09-02T09:00:00-00:00,2017-09-02T10:00:00-00:00,2017-09-02,3,0,TH_NP15_GEN-APND,TH_NP15_GEN-APND,TH_NP15_GEN-APND,DAM,MCE,LMP_ENE_PRC,TH_NP15_GEN-APND,ALL_APNODES,0,35.36877,27
2017-09-02T16:00:00-00:00,2017-09-02T17:00:00-00:00,2017-09-02,10,0,TH_NP15_GEN-APND,TH_NP15_GEN-APND,TH_NP15_GEN-APND,DAM,MCE,LMP_ENE_PRC,TH_NP15_GEN-APND,ALL_APNODES,0,33.83969,27
2017-09-03T06:00:00-00:00,2017-09-03T07:00:00-00:00,2017-09-02,24,0,TH_NP15_GEN-APND,TH_NP15_GEN-APND,TH_NP15_GEN-APND,DAM,MCE,LMP_ENE_PRC,TH_NP15_GEN-APND,ALL_APNODES,0,45.94734,27
2017-09-03T05:00:00-00:00,2017-09-03T06:00:00-00:00,2017-09-02,23,0,TH_NP15_GEN-APND,TH_NP15_GEN-APND,TH_NP15_GEN-APND,DAM,MCE,LMP_ENE_PRC,TH_NP15_GEN-APND,ALL_APNODES,0,52.57682,27
2017-09-03T03:00:00-00:00,2017-09-03T04:00:00-00:00,2017-09-02,21,0,TH_NP15_GEN-APND,TH_NP15_GEN-APND,TH_NP15_GEN-APND,DAM,MCE,LMP_ENE_PRC,TH_NP15_GEN-APND,ALL_APNODES,0,106.77213,27
2017-09-02T11:00:00-00:00,2017-09-02T12:00:00-00:00,2017-09-02,5,0,TH_NP15_GEN-APND,TH_NP15_GEN-APND,TH_NP15_GEN-APND,DAM,MCE,LMP_ENE_PRC,TH_NP15_GEN-APND,ALL_APNODES,0,33.52087,27
2017-09-02T07:00:00-00:00,2017-09-02T08:00:00-00:00,2017-09-02,1,0,TH_NP15_GEN-APND,TH_NP15_GEN-APND,TH_NP15_GEN-APND,DAM,MCE,LMP_ENE_PRC,TH_NP15_GEN-APND,ALL_APNODES,0,39.473,27
2017-09-02T21:00:00-00:00,2017-09-02T22:00:00-00:00,2017-09-02,15,0,TH_NP15_GEN-APND,TH_NP15_GEN-APND,TH_NP15_GEN-APND,DAM,MCE,LMP_ENE_PRC,TH_NP15_GEN-APND,ALL_APNODES,0,62.12641,27
2017-09-02T10:00:00-00:00,2017-09-02T11:00:00-00:00,2017-09-02,4,0,TH_NP15_GEN-APND,TH_NP15_GEN-APND,TH_NP15_GEN-APND,DAM,MCE,LMP_ENE_PRC,TH_NP15_GEN-APND,ALL_APNODES,0,34.22504,27
2017-09-02T20:00:00-00:00,2017-09-02T21:00:00-00:00,2017-09-02,14,0,TH_NP15_GEN-APND,TH_NP15_GEN-APND,TH_NP15_GEN-APND,DAM,MCE,LMP_ENE_PRC,TH_NP15_GEN-APND,ALL_APNODES,0,55.33458,27
2017-09-03T01:00:00-00:00,2017-09-03T02:00:00-00:00,2017-09-02,19,0,TH_NP15_GEN-APND,TH_NP15_GEN-APND,TH_NP15_GEN-APND,DAM,MCE,LMP_ENE_PRC,TH_NP15_GEN-APND,ALL_APNODES,0,272.4435,27
2017-09-02T23:00:00-00:00,2017-09-03T00:00:00-00:00,2017-09-02,17,0,TH_NP15_GEN-APND,TH_NP15_GEN-APND,TH_NP15_GEN-APND,DAM,MCE,LMP_ENE_PRC,TH_NP15_GEN-APND,ALL_APNODES,0,92.13309,27
2017-09-02T22:00:00-00:00,2017-09-02T23:00:00-00:00,2017-09-02,16,0,TH_NP15_GEN-APND,TH_NP15_GEN-APND,TH_NP15_GEN-APND,DAM,MCE,LMP_ENE_PRC,TH_NP15_GEN-APND,ALL_APNODES,0,75.1331,27
2017-09-02T19:00:00-00:00,2017-09-02T20:00:00-00:00,2017-09-02,13,0,TH_NP15_GEN-APND,TH_NP15_GEN-APND,TH_NP15_GEN-APND,DAM,MCE,LMP_ENE_PRC,TH_NP15_GEN-APND,ALL_APNODES,0,48.86204,27
2017-09-02T17:00:00-00:00,2017-09-02T18:00:00-00:00,2017-09-02,11,0,TH_NP15_GEN-APND,TH_NP15_GEN-APND,TH_NP15_GEN-APND,DAM,MCE,LMP_ENE_PRC,TH_NP15_GEN-APND,ALL_APNODES,0,37.87268,27
2017-09-02T18:00:00-00:00,2017-09-02T19:00:00-00:00,2017-09-02,12,0,TH_NP15_GEN-APND,TH_NP15_GEN-APND,TH_NP15_GEN-APND,DAM,MCE,LMP_ENE_PRC,TH_NP15_GEN-APND,ALL_APNODES,0,42.82906,27
2017-09-02T15:00:00-00:00,2017-09-02T16:00:00-00:00,2017-09-02,9,0,TH_NP15_GEN-APND,TH_NP15_GEN-APND,TH_NP15_GEN-APND,DAM,MCL,LMP_LOSS_PRC,TH_NP15_GEN-APND,ALL_APNODES,0,-0.15044,28
2017-09-02T09:00:00-00:00,2017-09-02T10:00:00-00:00,2017-09-02,3,0,TH_NP15_GEN-APND,TH_NP15_GEN-APND,TH_NP15_GEN-APND,DAM,MCL,LMP_LOSS_PRC,TH_NP15_GEN-APND,ALL_APNODES,0,-0.29002,28
2017-09-03T02:00:00-00:00,2017-09-03T03:00:00-00:00,2017-09-02,20,0,TH_NP15_GEN-APND,TH_NP15_GEN-APND,TH_NP15_GEN-APND,DAM,MCL,LMP_LOSS_PRC,TH_NP15_GEN-APND,ALL_APNODES,0,-5.71566,28
2017-09-02T21:00:00-00:00,2017-09-02T22:00:00-00:00,2017-09-02,15,0,TH_NP15_GEN-APND,TH_NP15_GEN-APND,TH_NP15_GEN-APND,DAM,MCL,LMP_LOSS_PRC,TH_NP15_GEN-APND,ALL_APNODES,0,-1.66499,28
2017-09-03T01:00:00-00:00,2017-09-03T02:00:00-00:00,2017-09-02,19,0,TH_NP15_GEN-APND,TH_NP15_GEN-APND,TH_NP15_GEN-APND,DAM,MCL,LMP_LOSS_PRC,TH_NP15_GEN-APND,ALL_APNODES,0,-6.72935,28
2017-09-02T10:00:00-00:00,2017-09-02T11:00:00-00:00,2017-09-02,4,0,TH_NP15_GEN-APND,TH_NP15_GEN-APND,TH_NP15_GEN-APND,DAM,MCL,LMP_LOSS_PRC,TH_NP15_GEN-APND,ALL_APNODES,0,-0.32856,28
2017-09-02T14:00:00-00:00,2017-09-02T15:00:00-00:00,2017-09-02,8,0,TH_NP15_GEN-APND,TH_NP15_GEN-APND,TH_NP15_GEN-APND,DAM,MCL,LMP_LOSS_PRC,TH_NP15_GEN-APND,ALL_APNODES,0,-0.23256,28
2017-09-02T17:00:00-00:00,2017-09-02T18:00:00-00:00,2017-09-02,11,0,TH_NP15_GEN-APND,TH_NP15_GEN-APND,TH_NP15_GEN-APND,DAM,MCL,LMP_LOSS_PRC,TH_NP15_GEN-APND,ALL_APNODES,0,-0.60596,28
2017-09-02T23:00:00-00:00,2017-09-03T00:00:00-00:00,2017-09-02,17,0,TH_NP15_GEN-APND,TH_NP15_GEN-APND,TH_NP15_GEN-APND,DAM,MCL,LMP_LOSS_PRC,TH_NP15_GEN-APND,ALL_APNODES,0,-1.67682,28
2017-09-02T07:00:00-00:00,2017-09-02T08:00:00-00:00,2017-09-02,1,0,TH_NP15_GEN-APND,TH_NP15_GEN-APND,TH_NP15_GEN-APND,DAM,MCL,LMP_LOSS_PRC,TH_NP15_GEN-APND,ALL_APNODES,0,-0.58815,28
2017-09-02T08:00:00-00:00,2017-09-02T09:00:00-00:00,2017-09-02,2,0,TH_NP15_GEN-APND,TH_NP15_GEN-APND,TH_NP15_GEN-APND,DAM,MCL,LMP_LOSS_PRC,TH_NP15_GEN-APND,ALL_APNODES,0,-0.30094,28
2017-09-02T13:00:00-00:00,2017-09-02T14:00:00-00:00,2017-09-02,7,0,TH_NP15_GEN-APND,TH_NP15_GEN-APND,TH_NP15_GEN-APND,DAM,MCL,LMP_LOSS_PRC,TH_NP15_GEN-APND,ALL_APNODES,0,-0.36445,28
2017-09-03T05:00:00-00:00,2017-09-03T06:00:00-00:00,2017-09-02,23,0,TH_NP15_GEN-APND,TH_NP15_GEN-APND,TH_NP15_GEN-APND,DAM,MCL,LMP_LOSS_PRC,TH_NP15_GEN-APND,ALL_APNODES,0,-1.45638,28
2017-09-02T18:00:00-00:00,2017-09-02T19:00:00-00:00,2017-09-02,12,0,TH_NP15_GEN-APND,TH_NP15_GEN-APND,TH_NP15_GEN-APND,DAM,MCL,LMP_LOSS_PRC,TH_NP15_GEN-APND,ALL_APNODES,0,-1.01077,28
2017-09-02T20:00:00-00:00,2017-09-02T21:00:00-00:00,2017-09-02,14,0,TH_NP15_GEN-APND,TH_NP15_GEN-APND,TH_NP15_GEN-APND,DAM,MCL,LMP_LOSS_PRC,TH_NP15_GEN-APND,ALL_APNODES,0,-1.72644,28
2017-09-03T00:00:00-00:00,2017-09-03T01:00:00-00:00,2017-09-02,18,0,TH_NP15_GEN-APND,TH_NP15_GEN-APND,TH_NP15_GEN-APND,DAM,MCL,LMP_LOSS_PRC,TH_NP15_GEN-APND,ALL_APNODES,0,-2.45084,28
2017-09-02T12:00:00-00:00,2017-09-02T13:00:00-00:00,2017-09-02,6,0,TH_NP15_GEN-APND,TH_NP15_GEN-APND,TH_NP15_GEN-APND,DAM,MCL,LMP_LOSS_PRC,TH_NP15_GEN-APND,ALL_APNODES,0,-0.19439,28
2017-09-02T19:00:00-00:00,2017-09-02T20:00:00-00:00,2017-09-02,13,0,TH_NP15_GEN-APND,TH_NP15_GEN-APND,TH_NP15_GEN-APND,DAM,MCL,LMP_LOSS_PRC,TH_NP15_GEN-APND,ALL_APNODES,0,-1.54404,28
2017-09-03T03:00:00-00:00,2017-09-03T04:00:00-00:00,2017-09-02,21,0,TH_NP15_GEN-APND,TH_NP15_GEN-APND,TH_NP15_GEN-APND,DAM,MCL,LMP_LOSS_PRC,TH_NP15_GEN-APND,ALL_APNODES,0,-2.49847,28
2017-09-03T06:00:00-00:00,2017-09-03T07:00:00-00:00,2017-09-02,24,0,TH_NP15_GEN-APND,TH_NP15_GEN-APND,TH_NP15_GEN-APND,DAM,MCL,LMP_LOSS_PRC,TH_NP15_GEN-APND,ALL_APNODES,0,-1.03382,28
2017-09-02T11:00:00-00:00,2017-09-02T12:00:00-00:00,2017-09-02,5,0,TH_NP15_GEN-APND,TH_NP15_GEN-APND,TH_NP15_GEN-APND,DAM,MCL,LMP_LOSS_PRC,TH_NP15_GEN-APND,ALL_APNODES,0,-0.34526,28
2017-09-03T04:00:00-00:00,2017-09-03T05:00:00-00:00,2017-09-02,22,0,TH_NP15_GEN-APND,TH_NP15_GEN-APND,TH_NP15_GEN-APND,DAM,MCL,LMP_LOSS_PRC,TH_NP15_GEN-APND,ALL_APNODES,0,-1.9366,28
2017-09-02T16:00:00-00:00,2017-09-02T17:00:00-00:00,2017-09-02,10,0,TH_NP15_GEN-APND,TH_NP15_GEN-APND,TH_NP15_GEN-APND,DAM,MCL,LMP_LOSS_PRC,TH_NP15_GEN-APND,ALL_APNODES,0,-0.2741,28
2017-09-02T22:00:00-00:00,2017-09-02T23:00:00-00:00,2017-09-02,16,0,TH_NP15_GEN-APND,TH_NP15_GEN-APND,TH_NP15_GEN-APND,DAM,MCL,LMP_LOSS_PRC,TH_NP15_GEN-APND,ALL_APNODES,0,-1.75811,28
2017-09-02T13:00:00-00:00,2017-09-02T14:00:00-00:00,2017-09-02,7,0,TH_SP15_GEN-APND,TH_SP15_GEN-APND,TH_SP15_GEN-APND,DAM,LMP,LMP_PRC,TH_SP15_GEN-APND,ALL_APNODES,0,35.29704,29
2017-09-02T08:00:00-00:00,2017-09-02T09:00:00-00:00,2017-09-02,2,0,TH_SP15_GEN-APND,TH_SP15_GEN-APND,TH_SP15_GEN-APND,DAM,LMP,LMP_PRC,TH_SP15_GEN-APND,ALL_APNODES,0,34.54011,29
2017-09-02T07:00:00-00:00,2017-09-02T08:00:00-00:00,2017-09-02,1,0,TH_SP15_GEN-APND,TH_SP15_GEN-APND,TH_SP15_GEN-APND,DAM,LMP,LMP_PRC,TH_SP15_GEN-APND,ALL_APNODES,0,38.18223,29
2017-09-02T11:00:00-00:00,2017-09-02T12:00:00-00:00,2017-09-02,5,0,TH_SP15_GEN-APND,TH_SP15_GEN-APND,TH_SP15_GEN-APND,DAM,LMP,LMP_PRC,TH_SP15_GEN-APND,ALL_APNODES,0,32.41803,29
2017-09-03T06:00:00-00:00,2017-09-03T07:00:00-00:00,2017-09-02,24,0,TH_SP15_GEN-APND,TH_SP15_GEN-APND,TH_SP15_GEN-APND,DAM,LMP,LMP_PRC,TH_SP15_GEN-APND,ALL_APNODES,0,44.47703,29
2017-09-02T16:00:00-00:00,2017-09-02T17:00:00-00:00,2017-09-02,10,0,TH_SP15_GEN-APND,TH_SP15_GEN-APND,TH_SP15_GEN-APND,DAM,LMP,LMP_PRC,TH_SP15_GEN-APND,ALL_APNODES,0,32.5,29
2017-09-02T19:00:00-00:00,2017-09-02T20:00:00-00:00,2017-09-02,13,0,TH_SP15_GEN-APND,TH_SP15_GEN-APND,TH_SP15_GEN-APND,DAM,LMP,LMP_PRC,TH_SP15_GEN-APND,ALL_APNODES,0,47.20561,29
2017-09-02T15:00:00-00:00,2017-09-02T16:00:00-00:00,2017-09-02,9,0,TH_SP15_GEN-APND,TH_SP15_GEN-APND,TH_SP15_GEN-APND,DAM,LMP,LMP_PRC,TH_SP15_GEN-APND,ALL_APNODES,0,30.7733,29
2017-09-03T04:00:00-00:00,2017-09-03T05:00:00-00:00,2017-09-02,22,0,TH_SP15_GEN-APND,TH_SP15_GEN-APND,TH_SP15_GEN-APND,DAM,LMP,LMP_PRC,TH_SP15_GEN-APND,ALL_APNODES,0,58.17631,29
2017-09-03T05:00:00-00:00,2017-09-03T06:00:00-00:00,2017-09-02,23,0,TH_SP15_GEN-APND,TH_SP15_GEN-APND,TH_SP15_GEN-APND,DAM,LMP,LMP_PRC,TH_SP15_GEN-APND,ALL_APNODES,0,50.82065,29
2017-09-02T20:00:00-00:00,2017-09-02T21:00:00-00:00,2017-09-02,14,0,TH_SP15_GEN-APND,TH_SP15_GEN-APND,TH_SP15_GEN-APND,DAM,LMP,LMP_PRC,TH_SP15_GEN-APND,ALL_APNODES,0,53.37573,29
2017-09-03T01:00:00-00:00,2017-09-03T02:00:00-00:00,2017-09-02,19,0,TH_SP15_GEN-APND,TH_SP15_GEN-APND,TH_SP15_GEN-APND,DAM,LMP,LMP_PRC,TH_SP15_GEN-APND,ALL_APNODES,0,263.12593,29
2017-09-02T09:00:00-00:00,2017-09-02T10:00:00-00:00,2017-09-02,3,0,TH_SP15_GEN-APND,TH_SP15_GEN-APND,TH_SP15_GEN-APND,DAM,LMP,LMP_PRC,TH_SP15_GEN-APND,ALL_APNODES,0,34.10964,29
2017-09-02T14:00:00-00:00,2017-09-02T15:00:00-00:00,2017-09-02,8,0,TH_SP15_GEN-APND,TH_SP15_GEN-APND,TH_SP15_GEN-APND,DAM,LMP,LMP_PRC,TH_SP15_GEN-APND,ALL_APNODES,0,34.01834,29
2017-09-02T21:00:00-00:00,2017-09-02T22:00:00-00:00,2017-09-02,15,0,TH_SP15_GEN-APND,TH_SP15_GEN-APND,TH_SP15_GEN-APND,DAM,LMP,LMP_PRC,TH_SP15_GEN-APND,ALL_APNODES,0,59.59166,29
2017-09-03T02:00:00-00:00,2017-09-03T03:00:00-00:00,2017-09-02,20,0,TH_SP15_GEN-APND,TH_SP15_GEN-APND,TH_SP15_GEN-APND,DAM,LMP,LMP_PRC,TH_SP15_GEN-APND,ALL_APNODES,0,219.65453,29
2017-09-03T03:00:00-00:00,2017-09-03T04:00:00-00:00,2017-09-02,21,0,TH_SP15_GEN-APND,TH_SP15_GEN-APND,TH_SP15_GEN-APND,DAM,LMP,LMP_PRC,TH_SP15_GEN-APND,ALL_APNODES,0,102.55463,29
2017-09-03T00:00:00-00:00,2017-09-03T01:00:00-00:00,2017-09-02,18,0,TH_SP15_GEN-APND,TH_SP15_GEN-APND,TH_SP15_GEN-APND,DAM,LMP,LMP_PRC,TH_SP15_GEN-APND,ALL_APNODES,0,135.85067,29
2017-09-02T10:00:00-00:00,2017-09-02T11:00:00-00:00,2017-09-02,4,0,TH_SP15_GEN-APND,TH_SP15_GEN-APND,TH_SP15_GEN-APND,DAM,LMP,LMP_PRC,TH_SP15_GEN-APND,ALL_APNODES,0,33.06482,29
2017-09-02T12:00:00-00:00,2017-09-02T13:00:00-00:00,2017-09-02,6,0,TH_SP15_GEN-APND,TH_SP15_GEN-APND,TH_SP15_GEN-APND,DAM,LMP,LMP_PRC,TH_SP15_GEN-APND,ALL_APNODES,0,33.47247,29
2017-09-02T17:00:00-00:00,2017-09-02T18:00:00-00:00,2017-09-02,11,0,TH_SP15_GEN-APND,TH_SP15_GEN-APND,TH_SP15_GEN-APND,DAM,LMP,LMP_PRC,TH_SP15_GEN-APND,ALL_APNODES,0,36.46799,29
2017-09-02T18:00:00-00:00,2017-09-02T19:00:00-00:00,2017-09-02,12,0,TH_SP15_GEN-APND,TH_SP15_GEN-APND,TH_SP15_GEN-APND,DAM,LMP,LMP_PRC,TH_SP15_GEN-APND,ALL_APNODES,0,41.24078,29
2017-09-02T23:00:00-00:00,2017-09-03T00:00:00-00:00,2017-09-02,17,0,TH_SP15_GEN-APND,TH_SP15_GEN-APND,TH_SP15_GEN-APND,DAM,LMP,LMP_PRC,TH_SP15_GEN-APND,ALL_APNODES,0,87.81205,29
2017-09-02T22:00:00-00:00,2017-09-02T23:00:00-00:00,2017-09-02,16,0,TH_SP15_GEN-APND,TH_SP15_GEN-APND,TH_SP15_GEN-APND,DAM,LMP,LMP_PRC,TH_SP15_GEN-APND,ALL_APNODES,0,71.97,29
2017-09-02T18:00:00-00:00,2017-09-02T19:00:00-00:00,2017-09-02,12,0,TH_SP15_GEN-APND,TH_SP15_GEN-APND,TH_SP15_GEN-APND,DAM,MCC,LMP_CONG_PRC,TH_SP15_GEN-APND,ALL_APNODES,0,0.00068,30
2017-09-02T17:00:00-00:00,2017-09-02T18:00:00-00:00,2017-09-02,11,0,TH_SP15_GEN-APND,TH_SP15_GEN-APND,TH_SP15_GEN-APND,DAM,MCC,LMP_CONG_PRC,TH_SP15_GEN-APND,ALL_APNODES,0,0.00038,30
2017-09-02T12:00:00-00:00,2017-09-02T13:00:00-00:00,2017-09-02,6,0,TH_SP15_GEN-APND,TH_SP15_GEN-APND,TH_SP15_GEN-APND,DAM,MCC,LMP_CONG_PRC,TH_SP15_GEN-APND,ALL_APNODES,0,0,30
2017-09-02T13:00:00-00:00,2017-09-02T14:00:00-00:00,2017-09-02,7,0,TH_SP15_GEN-APND,TH_SP15_GEN-APND,TH_SP15_GEN-APND,DAM,MCC,LMP_CONG_PRC,TH_SP15_GEN-APND,ALL_APNODES,0,0,30
2017-09-03T05:00:00-00:00,2017-09-03T06:00:00-00:00,2017-09-02,23,0,TH_SP15_GEN-APND,TH_SP15_GEN-APND,TH_SP15_GEN-APND,DAM,MCC,LMP_CONG_PRC,TH_SP15_GEN-APND,ALL_APNODES,0,-0.00011,30
2017-09-02T21:00:00-00:00,2017-09-02T22:00:00-00:00,2017-09-02,15,0,TH_SP15_GEN-APND,TH_SP15_GEN-APND,TH_SP15_GEN-APND,DAM,MCC,LMP_CONG_PRC,TH_SP15_GEN-APND,ALL_APNODES,0,0,30
2017-09-02T22:00:00-00:00,2017-09-02T23:00:00-00:00,2017-09-02,16,0,TH_SP15_GEN-APND,TH_SP15_GEN-APND,TH_SP15_GEN-APND,DAM,MCC,LMP_CONG_PRC,TH_SP15_GEN-APND,ALL_APNODES,0,0,30
2017-09-02T09:00:00-00:00,2017-09-02T10:00:00-00:00,2017-09-02,3,0,TH_SP15_GEN-APND,TH_SP15_GEN-APND,TH_SP15_GEN-APND,DAM,MCC,LMP_CONG_PRC,TH_SP15_GEN-APND,ALL_APNODES,0,0,30
2017-09-03T02:00:00-00:00,2017-09-03T03:00:00-00:00,2017-09-02,20,0,TH_SP15_GEN-APND,TH_SP15_GEN-APND,TH_SP15_GEN-APND,DAM,MCC,LMP_CONG_PRC,TH_SP15_GEN-APND,ALL_APNODES,0,0,30
2017-09-02T23:00:00-00:00,2017-09-03T00:00:00-00:00,2017-09-02,17,0,TH_SP15_GEN-APND,TH_SP15_GEN-APND,TH_SP15_GEN-APND,DAM,MCC,LMP_CONG_PRC,TH_SP15_GEN-APND,ALL_APNODES,0,0,30
2017-09-02T20:00:00-00:00,2017-09-02T21:00:00-00:00,2017-09-02,14,0,TH_SP15_GEN-APND,TH_SP15_GEN-APND,TH_SP15_GEN-APND,DAM,MCC,LMP_CONG_PRC,TH_SP15_GEN-APND,ALL_APNODES,0,0,30
2017-09-02T14:00:00-00:00,2017-09-02T15:00:00-00:00,2017-09-02,8,0,TH_SP15_GEN-APND,TH_SP15_GEN-APND,TH_SP15_GEN-APND,DAM,MCC,LMP_CONG_PRC,TH_SP15_GEN-APND,ALL_APNODES,0,0.00073,30
2017-09-02T15:00:00-00:00,2017-09-02T16:00:00-00:00,2017-09-02,9,0,TH_SP15_GEN-APND,TH_SP15_GEN-APND,TH_SP15_GEN-APND,DAM,MCC,LMP_CONG_PRC,TH_SP15_GEN-APND,ALL_APNODES,0,0.00055,30
2017-09-02T19:00:00-00:00,2017-09-02T20:00:00-00:00,2017-09-02,13,0,TH_SP15_GEN-APND,TH_SP15_GEN-APND,TH_SP15_GEN-APND,DAM,MCC,LMP_CONG_PRC,TH_SP15_GEN-APND,ALL_APNODES,0,0,30
2017-09-03T01:00:00-00:00,2017-09-03T02:00:00-00:00,2017-09-02,19,0,TH_SP15_GEN-APND,TH_SP15_GEN-APND,TH_SP15_GEN-APND,DAM,MCC,LMP_CONG_PRC,TH_SP15_GEN-APND,ALL_APNODES,0,0,30
2017-09-03T06:00:00-00:00,2017-09-03T07:00:00-00:00,2017-09-02,24,0,TH_SP15_GEN-APND,TH_SP15_GEN-APND,TH_SP15_GEN-APND,DAM,MCC,LMP_CONG_PRC,TH_SP15_GEN-APND,ALL_APNODES,0,0,30
2017-09-03T00:00:00-00:00,2017-09-03T01:00:00-00:00,2017-09-02,18,0,TH_SP15_GEN-APND,TH_SP15_GEN-APND,TH_SP15_GEN-APND,DAM,MCC,LMP_CONG_PRC,TH_SP15_GEN-APND,ALL_APNODES,0,0,30
2017-09-02T16:00:00-00:00,2017-09-02T17:00:00-00:00,2017-09-02,10,0,TH_SP15_GEN-APND,TH_SP15_GEN-APND,TH_SP15_GEN-APND,DAM,MCC,LMP_CONG_PRC,TH_SP15_GEN-APND,ALL_APNODES,0,0.00036,30
2017-09-02T08:00:00-00:00,2017-09-02T09:00:00-00:00,2017-09-02,2,0,TH_SP15_GEN-APND,TH_SP15_GEN-APND,TH_SP15_GEN-APND,DAM,MCC,LMP_CONG_PRC,TH_SP15_GEN-APND,ALL_APNODES,0,0,30
2017-09-02T10:00:00-00:00,2017-09-02T11:00:00-00:00,2017-09-02,4,0,TH_SP15_GEN-APND,TH_SP15_GEN-APND,TH_SP15_GEN-APND,DAM,MCC,LMP_CONG_PRC,TH_SP15_GEN-APND,ALL_APNODES,0,0,30
2017-09-02T07:00:00-00:00,2017-09-02T08:00:00-00:00,2017-09-02,1,0,TH_SP15_GEN-APND,TH_SP15_GEN-APND,TH_SP15_GEN-APND,DAM,MCC,LMP_CONG_PRC,TH_SP15_GEN-APND,ALL_APNODES,0,0,30
2017-09-02T11:00:00-00:00,2017-09-02T12:00:00-00:00,2017-09-02,5,0,TH_SP15_GEN-APND,TH_SP15_GEN-APND,TH_SP15_GEN-APND,DAM,MCC,LMP_CONG_PRC,TH_SP15_GEN-APND,ALL_APNODES,0,0,30
2017-09-03T03:00:00-00:00,2017-09-03T04:00:00-00:00,2017-09-02,21,0,TH_SP15_GEN-APND,TH_SP15_GEN-APND,TH_SP15_GEN-APND,DAM,MCC,LMP_CONG_PRC,TH_SP15_GEN-APND,ALL_APNODES,0,0,30
2017-09-03T04:00:00-00:00,2017-09-03T05:00:00-00:00,2017-09-02,22,0,TH_SP15_GEN-APND,TH_SP15_GEN-APND,TH_SP15_GEN-APND,DAM,MCC,LMP_CONG_PRC,TH_SP15_GEN-APND,ALL_APNODES,0,0,30
2017-09-03T00:00:00-00:00,2017-09-03T01:00:00-00:00,2017-09-02,18,0,TH_SP15_GEN-APND,TH_SP15_GEN-APND,TH_SP15_GEN-APND,DAM,MCE,LMP_ENE_PRC,TH_SP15_GEN-APND,ALL_APNODES,0,142.49074,31
2017-09-03T04:00:00-00:00,2017-09-03T05:00:00-00:00,2017-09-02,22,0,TH_SP15_GEN-APND,TH_SP15_GEN-APND,TH_SP15_GEN-APND,DAM,MCE,LMP_ENE_PRC,TH_SP15_GEN-APND,ALL_APNODES,0,60.14298,31
2017-09-03T01:00:00-00:00,2017-09-03T02:00:00-00:00,2017-09-02,19,0,TH_SP15_GEN-APND,TH_SP15_GEN-APND,TH_SP15_GEN-APND,DAM,MCE,LMP_ENE_PRC,TH_SP15_GEN-APND,ALL_APNODES,0,272.4435,31
2017-09-02T21:00:00-00:00,2017-09-02T22:00:00-00:00,2017-09-02,15,0,TH_SP15_GEN-APND,TH_SP15_GEN-APND,TH_SP15_GEN-APND,DAM,MCE,LMP_ENE_PRC,TH_SP15_GEN-APND,ALL_APNODES,0,62.12641,31
2017-09-02T16:00:00-00:00,2017-09-02T17:00:00-00:00,2017-09-02,10,0,TH_SP15_GEN-APND,TH_SP15_GEN-APND,TH_SP15_GEN-APND,DAM,MCE,LMP_ENE_PRC,TH_SP15_GEN-APND,ALL_APNODES,0,33.83969,31
2017-09-03T02:00:00-00:00,2017-09-03T03:00:00-00:00,2017-09-02,20,0,TH_SP15_GEN-APND,TH_SP15_GEN-APND,TH_SP15_GEN-APND,DAM,MCE,LMP_ENE_PRC,TH_SP15_GEN-APND,ALL_APNODES,0,227.71566,31
2017-09-02T13:00:00-00:00,2017-09-02T14:00:00-00:00,2017-09-02,7,0,TH_SP15_GEN-APND,TH_SP15_GEN-APND,TH_SP15_GEN-APND,DAM,MCE,LMP_ENE_PRC,TH_SP15_GEN-APND,ALL_APNODES,0,36.44506,31
2017-09-02T14:00:00-00:00,2017-09-02T15:00:00-00:00,2017-09-02,8,0,TH_SP15_GEN-APND,TH_SP15_GEN-APND,TH_SP15_GEN-APND,DAM,MCE,LMP_ENE_PRC,TH_SP15_GEN-APND,ALL_APNODES,0,35.23681,31
2017-09-02T08:00:00-00:00,2017-09-02T09:00:00-00:00,2017-09-02,2,0,TH_SP15_GEN-APND,TH_SP15_GEN-APND,TH_SP15_GEN-APND,DAM,MCE,LMP_ENE_PRC,TH_SP15_GEN-APND,ALL_APNODES,0,35.82627,31
2017-09-02T20:00:00-00:00,2017-09-02T21:00:00-00:00,2017-09-02,14,0,TH_SP15_GEN-APND,TH_SP15_GEN-APND,TH_SP15_GEN-APND,DAM,MCE,LMP_ENE_PRC,TH_SP15_GEN-APND,ALL_APNODES,0,55.33458,31
2017-09-02T12:00:00-00:00,2017-09-02T13:00:00-00:00,2017-09-02,6,0,TH_SP15_GEN-APND,TH_SP15_GEN-APND,TH_SP15_GEN-APND,DAM,MCE,LMP_ENE_PRC,TH_SP15_GEN-APND,ALL_APNODES,0,34.71168,31
2017-09-02T10:00:00-00:00,2017-09-02T11:00:00-00:00,2017-09-02,4,0,TH_SP15_GEN-APND,TH_SP15_GEN-APND,TH_SP15_GEN-APND,DAM,MCE,LMP_ENE_PRC,TH_SP15_GEN-APND,ALL_APNODES,0,34.22504,31
2017-09-02T09:00:00-00:00,2017-09-02T10:00:00-00:00,2017-09-02,3,0,TH_SP15_GEN-APND,TH_SP15_GEN-APND,TH_SP15_GEN-APND,DAM,MCE,LMP_ENE_PRC,TH_SP15_GEN-APND,ALL_APNODES,0,35.36877,31
2017-09-02T19:00:00-00:00,2017-09-02T20:00:00-00:00,2017-09-02,13,0,TH_SP15_GEN-APND,TH_SP15_GEN-APND,TH_SP15_GEN-APND,DAM,MCE,LMP_ENE_PRC,TH_SP15_GEN-APND,ALL_APNODES,0,48.86204,31
2017-09-02T18:00:00-00:00,2017-09-02T19:00:00-00:00,2017-09-02,12,0,TH_SP15_GEN-APND,TH_SP15_GEN-APND,TH_SP15_GEN-APND,DAM,MCE,LMP_ENE_PRC,TH_SP15_GEN-APND,ALL_APNODES,0,42.82906,31
2017-09-02T17:00:00-00:00,2017-09-02T18:00:00-00:00,2017-09-02,11,0,TH_SP15_GEN-APND,TH_SP15_GEN-APND,TH_SP15_GEN-APND,DAM,MCE,LMP_ENE_PRC,TH_SP15_GEN-APND,ALL_APNODES,0,37.87268,31
2017-09-02T22:00:00-00:00,2017-09-02T23:00:00-00:00,2017-09-02,16,0,TH_SP15_GEN-APND,TH_SP15_GEN-APND,TH_SP15_GEN-APND,DAM,MCE,LMP_ENE_PRC,TH_SP15_GEN-APND,ALL_APNODES,0,75.1331,31
2017-09-02T15:00:00-00:00,2017-09-02T16:00:00-00:00,2017-09-02,9,0,TH_SP15_GEN-APND,TH_SP15_GEN-APND,TH_SP15_GEN-APND,DAM,MCE,LMP_ENE_PRC,TH_SP15_GEN-APND,ALL_APNODES,0,32.00826,31
2017-09-02T23:00:00-00:00,2017-09-03T00:00:00-00:00,2017-09-02,17,0,TH_SP15_GEN-APND,TH_SP15_GEN-APND,TH_SP15_GEN-APND,DAM,MCE,LMP_ENE_PRC,TH_SP15_GEN-APND,ALL_APNODES,0,92.13309,31
2017-09-03T06:00:00-00:00,2017-09-03T07:00:00-00:00,2017-09-02,24,0,TH_SP15_GEN-APND,TH_SP15_GEN-APND,TH_SP15_GEN-APND,DAM,MCE,LMP_ENE_PRC,TH_SP15_GEN-APND,ALL_APNODES,0,45.94734,31
2017-09-03T05:00:00-00:00,2017-09-03T06:00:00-00:00,2017-09-02,23,0,TH_SP15_GEN-APND,TH_SP15_GEN-APND,TH_SP15_GEN-APND,DAM,MCE,LMP_ENE_PRC,TH_SP15_GEN-APND,ALL_APNODES,0,52.57682,31
2017-09-03T03:00:00-00:00,2017-09-03T04:00:00-00:00,2017-09-02,21,0,TH_SP15_GEN-APND,TH_SP15_GEN-APND,TH_SP15_GEN-APND,DAM,MCE,LMP_ENE_PRC,TH_SP15_GEN-APND,ALL_APNODES,0,106.77213,31
2017-09-02T11:00:00-00:00,2017-09-02T12:00:00-00:00,2017-09-02,5,0,TH_SP15_GEN-APND,TH_SP15_GEN-APND,TH_SP15_GEN-APND,DAM,MCE,LMP_ENE_PRC,TH_SP15_GEN-APND,ALL_APNODES,0,33.52087,31
2017-09-02T07:00:00-00:00,2017-09-02T08:00:00-00:00,2017-09-02,1,0,TH_SP15_GEN-APND,TH_SP15_GEN-APND,TH_SP15_GEN-APND,DAM,MCE,LMP_ENE_PRC,TH_SP15_GEN-APND,ALL_APNODES,0,39.473,31
2017-09-02T22:00:00-00:00,2017-09-02T23:00:00-00:00,2017-09-02,16,0,TH_SP15_GEN-APND,TH_SP15_GEN-APND,TH_SP15_GEN-APND,DAM,MCL,LMP_LOSS_PRC,TH_SP15_GEN-APND,ALL_APNODES,0,-3.1631,32
2017-09-02T19:00:00-00:00,2017-09-02T20:00:00-00:00,2017-09-02,13,0,TH_SP15_GEN-APND,TH_SP15_GEN-APND,TH_SP15_GEN-APND,DAM,MCL,LMP_LOSS_PRC,TH_SP15_GEN-APND,ALL_APNODES,0,-1.65642,32
2017-09-02T08:00:00-00:00,2017-09-02T09:00:00-00:00,2017-09-02,2,0,TH_SP15_GEN-APND,TH_SP15_GEN-APND,TH_SP15_GEN-APND,DAM,MCL,LMP_LOSS_PRC,TH_SP15_GEN-APND,ALL_APNODES,0,-1.28616,32
2017-09-03T03:00:00-00:00,2017-09-03T04:00:00-00:00,2017-09-02,21,0,TH_SP15_GEN-APND,TH_SP15_GEN-APND,TH_SP15_GEN-APND,DAM,MCL,LMP_LOSS_PRC,TH_SP15_GEN-APND,ALL_APNODES,0,-4.2175,32
2017-09-02T15:00:00-00:00,2017-09-02T16:00:00-00:00,2017-09-02,9,0,TH_SP15_GEN-APND,TH_SP15_GEN-APND,TH_SP15_GEN-APND,DAM,MCL,LMP_LOSS_PRC,TH_SP15_GEN-APND,ALL_APNODES,0,-1.23552,32
2017-09-02T23:00:00-00:00,2017-09-03T00:00:00-00:00,2017-09-02,17,0,TH_SP15_GEN-APND,TH_SP15_GEN-APND,TH_SP15_GEN-APND,DAM,MCL,LMP_LOSS_PRC,TH_SP15_GEN-APND,ALL_APNODES,0,-4.32104,32
2017-09-02T16:00:00-00:00,2017-09-02T17:00:00-00:00,2017-09-02,10,0,TH_SP15_GEN-APND,TH_SP15_GEN-APND,TH_SP15_GEN-APND,DAM,MCL,LMP_LOSS_PRC,TH_SP15_GEN-APND,ALL_APNODES,0,-1.34005,32
2017-09-03T01:00:00-00:00,2017-09-03T02:00:00-00:00,2017-09-02,19,0,TH_SP15_GEN-APND,TH_SP15_GEN-APND,TH_SP15_GEN-APND,DAM,MCL,LMP_LOSS_PRC,TH_SP15_GEN-APND,ALL_APNODES,0,-9.31757,32
2017-09-02T11:00:00-00:00,2017-09-02T12:00:00-00:00,2017-09-02,5,0,TH_SP15_GEN-APND,TH_SP15_GEN-APND,TH_SP15_GEN-APND,DAM,MCL,LMP_LOSS_PRC,TH_SP15_GEN-APND,ALL_APNODES,0,-1.10284,32
2017-09-02T21:00:00-00:00,2017-09-02T22:00:00-00:00,2017-09-02,15,0,TH_SP15_GEN-APND,TH_SP15_GEN-APND,TH_SP15_GEN-APND,DAM,MCL,LMP_LOSS_PRC,TH_SP15_GEN-APND,ALL_APNODES,0,-2.53476,32
2017-09-02T18:00:00-00:00,2017-09-02T19:00:00-00:00,2017-09-02,12,0,TH_SP15_GEN-APND,TH_SP15_GEN-APND,TH_SP15_GEN-APND,DAM,MCL,LMP_LOSS_PRC,TH_SP15_GEN-APND,ALL_APNODES,0,-1.58896,32
2017-09-03T00:00:00-00:00,2017-09-03T01:00:00-00:00,2017-09-02,18,0,TH_SP15_GEN-APND,TH_SP15_GEN-APND,TH_SP15_GEN-APND,DAM,MCL,LMP_LOSS_PRC,TH_SP15_GEN-APND,ALL_APNODES,0,-6.64007,32
2017-09-02T07:00:00-00:00,2017-09-02T08:00:00-00:00,2017-09-02,1,0,TH_SP15_GEN-APND,TH_SP15_GEN-APND,TH_SP15_GEN-APND,DAM,MCL,LMP_LOSS_PRC,TH_SP15_GEN-APND,ALL_APNODES,0,-1.29077,32
2017-09-02T10:00:00-00:00,2017-09-02T11:00:00-00:00,2017-09-02,4,0,TH_SP15_GEN-APND,TH_SP15_GEN-APND,TH_SP15_GEN-APND,DAM,MCL,LMP_LOSS_PRC,TH_SP15_GEN-APND,ALL_APNODES,0,-1.16023,32
2017-09-02T20:00:00-00:00,2017-09-02T21:00:00-00:00,2017-09-02,14,0,TH_SP15_GEN-APND,TH_SP15_GEN-APND,TH_SP15_GEN-APND,DAM,MCL,LMP_LOSS_PRC,TH_SP15_GEN-APND,ALL_APNODES,0,-1.95884,32
2017-09-02T13:00:00-00:00,2017-09-02T14:00:00-00:00,2017-09-02,7,0,TH_SP15_GEN-APND,TH_SP15_GEN-APND,TH_SP15_GEN-APND,DAM,MCL,LMP_LOSS_PRC,TH_SP15_GEN-APND,ALL_APNODES,0,-1.14802,32
2017-09-03T02:00:00-00:00,2017-09-03T03:00:00-00:00,2017-09-02,20,0,TH_SP15_GEN-APND,TH_SP15_GEN-APND,TH_SP15_GEN-APND,DAM,MCL,LMP_LOSS_PRC,TH_SP15_GEN-APND,ALL_APNODES,0,-8.06113,32
2017-09-02T14:00:00-00:00,2017-09-02T15:00:00-00:00,2017-09-02,8,0,TH_SP15_GEN-APND,TH_SP15_GEN-APND,TH_SP15_GEN-APND,DAM,MCL,LMP_LOSS_PRC,TH_SP15_GEN-APND,ALL_APNODES,0,-1.21919,32
2017-09-03T06:00:00-00:00,2017-09-03T07:00:00-00:00,2017-09-02,24,0,TH_SP15_GEN-APND,TH_SP15_GEN-APND,TH_SP15_GEN-APND,DAM,MCL,LMP_LOSS_PRC,TH_SP15_GEN-APND,ALL_APNODES,0,-1.47031,32
2017-09-02T17:00:00-00:00,2017-09-02T18:00:00-00:00,2017-09-02,11,0,TH_SP15_GEN-APND,TH_SP15_GEN-APND,TH_SP15_GEN-APND,DAM,MCL,LMP_LOSS_PRC,TH_SP15_GEN-APND,ALL_APNODES,0,-1.40508,32
2017-09-03T04:00:00-00:00,2017-09-03T05:00:00-00:00,2017-09-02,22,0,TH_SP15_GEN-APND,TH_SP15_GEN-APND,TH_SP15_GEN-APND,DAM,MCL,LMP_LOSS_PRC,TH_SP15_GEN-APND,ALL_APNODES,0,-1.96668,32
2017-09-02T12:00:00-00:00,2017-09-02T13:00:00-00:00,2017-09-02,6,0,TH_SP15_GEN-APND,TH_SP15_GEN-APND,TH_SP15_GEN-APND,DAM,MCL,LMP_LOSS_PRC,TH_SP15_GEN-APND,ALL_APNODES,0,-1.23921,32
2017-09-03T05:00:00-00:00,2017-09-03T06:00:00-00:00,2017-09-02,23,0,TH_SP15_GEN-APND,TH_SP15_GEN-APND,TH_SP15_GEN-APND,DAM,MCL,LMP_LOSS_PRC,TH_SP15_GEN-APND,ALL_APNODES,0,-1.75607,32
2017-09-02T09:00:00-00:00,2017-09-02T10:00:00-00:00,2017-09-02,3,0,TH_SP15_GEN-APND,TH_SP15_GEN-APND,TH_SP15_GEN-APND,DAM,MCL,LMP_LOSS_PRC,TH_SP15_GEN-APND,ALL_APNODES,0,-1.25913,32
2017-09-02T10:00:00-00:00,2017-09-02T11:00:00-00:00,2017-09-02,4,0,TH_ZP26_GEN-APND,TH_ZP26_GEN-APND,TH_ZP26_GEN-APND,DAM,LMP,LMP_PRC,TH_ZP26_GEN-APND,ALL_APNODES,0,32.89027,33
2017-09-03T06:00:00-00:00,2017-09-03T07:00:00-00:00,2017-09-02,24,0,TH_ZP26_GEN-APND,TH_ZP26_GEN-APND,TH_ZP26_GEN-APND,DAM,LMP,LMP_PRC,TH_ZP26_GEN-APND,ALL_APNODES,0,44.0635,33
2017-09-02T16:00:00-00:00,2017-09-02T17:00:00-00:00,2017-09-02,10,0,TH_ZP26_GEN-APND,TH_ZP26_GEN-APND,TH_ZP26_GEN-APND,DAM,LMP,LMP_PRC,TH_ZP26_GEN-APND,ALL_APNODES,0,32.05634,33
2017-09-02T21:00:00-00:00,2017-09-02T22:00:00-00:00,2017-09-02,15,0,TH_ZP26_GEN-APND,TH_ZP26_GEN-APND,TH_ZP26_GEN-APND,DAM,LMP,LMP_PRC,TH_ZP26_GEN-APND,ALL_APNODES,0,58.54793,33
2017-09-02T12:00:00-00:00,2017-09-02T13:00:00-00:00,2017-09-02,6,0,TH_ZP26_GEN-APND,TH_ZP26_GEN-APND,TH_ZP26_GEN-APND,DAM,LMP,LMP_PRC,TH_ZP26_GEN-APND,ALL_APNODES,0,33.36139,33
2017-09-03T01:00:00-00:00,2017-09-03T02:00:00-00:00,2017-09-02,19,0,TH_ZP26_GEN-APND,TH_ZP26_GEN-APND,TH_ZP26_GEN-APND,DAM,LMP,LMP_PRC,TH_ZP26_GEN-APND,ALL_APNODES,0,261.02812,33
2017-09-02T08:00:00-00:00,2017-09-02T09:00:00-00:00,2017-09-02,2,0,TH_ZP26_GEN-APND,TH_ZP26_GEN-APND,TH_ZP26_GEN-APND,DAM,LMP,LMP_PRC,TH_ZP26_GEN-APND,ALL_APNODES,0,34.43621,33
2017-09-02T15:00:00-00:00,2017-09-02T16:00:00-00:00,2017-09-02,9,0,TH_ZP26_GEN-APND,TH_ZP26_GEN-APND,TH_ZP26_GEN-APND,DAM,LMP,LMP_PRC,TH_ZP26_GEN-APND,ALL_APNODES,0,30.51668,33
2017-09-02T07:00:00-00:00,2017-09-02T08:00:00-00:00,2017-09-02,1,0,TH_ZP26_GEN-APND,TH_ZP26_GEN-APND,TH_ZP26_GEN-APND,DAM,LMP,LMP_PRC,TH_ZP26_GEN-APND,ALL_APNODES,0,37.94539,33
2017-09-02T19:00:00-00:00,2017-09-02T20:00:00-00:00,2017-09-02,13,0,TH_ZP26_GEN-APND,TH_ZP26_GEN-APND,TH_ZP26_GEN-APND,DAM,LMP,LMP_PRC,TH_ZP26_GEN-APND,ALL_APNODES,0,45.88,33
2017-09-02T20:00:00-00:00,2017-09-02T21:00:00-00:00,2017-09-02,14,0,TH_ZP26_GEN-APND,TH_ZP26_GEN-APND,TH_ZP26_GEN-APND,DAM,LMP,LMP_PRC,TH_ZP26_GEN-APND,ALL_APNODES,0,52.0643,33
2017-09-02T22:00:00-00:00,2017-09-02T23:00:00-00:00,2017-09-02,16,0,TH_ZP26_GEN-APND,TH_ZP26_GEN-APND,TH_ZP26_GEN-APND,DAM,LMP,LMP_PRC,TH_ZP26_GEN-APND,ALL_APNODES,0,71.04586,33
2017-09-02T17:00:00-00:00,2017-09-02T18:00:00-00:00,2017-09-02,11,0,TH_ZP26_GEN-APND,TH_ZP26_GEN-APND,TH_ZP26_GEN-APND,DAM,LMP,LMP_PRC,TH_ZP26_GEN-APND,ALL_APNODES,0,35.78969,33
2017-09-02T18:00:00-00:00,2017-09-02T19:00:00-00:00,2017-09-02,12,0,TH_ZP26_GEN-APND,TH_ZP26_GEN-APND,TH_ZP26_GEN-APND,DAM,LMP,LMP_PRC,TH_ZP26_GEN-APND,ALL_APNODES,0,40.3352,33
2017-09-02T09:00:00-00:00,2017-09-02T10:00:00-00:00,2017-09-02,3,0,TH_ZP26_GEN-APND,TH_ZP26_GEN-APND,TH_ZP26_GEN-APND,DAM,LMP,LMP_PRC,TH_ZP26_GEN-APND,ALL_APNODES,0,33.98939,33
2017-09-02T14:00:00-00:00,2017-09-02T15:00:00-00:00,2017-09-02,8,0,TH_ZP26_GEN-APND,TH_ZP26_GEN-APND,TH_ZP26_GEN-APND,DAM,LMP,LMP_PRC,TH_ZP26_GEN-APND,ALL_APNODES,0,33.85201,33
2017-09-03T04:00:00-00:00,2017-09-03T05:00:00-00:00,2017-09-02,22,0,TH_ZP26_GEN-APND,TH_ZP26_GEN-APND,TH_ZP26_GEN-APND,DAM,LMP,LMP_PRC,TH_ZP26_GEN-APND,ALL_APNODES,0,57.7965,33
2017-09-03T05:00:00-00:00,2017-09-03T06:00:00-00:00,2017-09-02,23,0,TH_ZP26_GEN-APND,TH_ZP26_GEN-APND,TH_ZP26_GEN-APND,DAM,LMP,LMP_PRC,TH_ZP26_GEN-APND,ALL_APNODES,0,50.35282,33
2017-09-02T23:00:00-00:00,2017-09-03T00:00:00-00:00,2017-09-02,17,0,TH_ZP26_GEN-APND,TH_ZP26_GEN-APND,TH_ZP26_GEN-APND,DAM,LMP,LMP_PRC,TH_ZP26_GEN-APND,ALL_APNODES,0,87.26847,33
2017-09-03T00:00:00-00:00,2017-09-03T01:00:00-00:00,2017-09-02,18,0,TH_ZP26_GEN-APND,TH_ZP26_GEN-APND,TH_ZP26_GEN-APND,DAM,LMP,LMP_PRC,TH_ZP26_GEN-APND,ALL_APNODES,0,135.4517,33
2017-09-02T11:00:00-00:00,2017-09-02T12:00:00-00:00,2017-09-02,5,0,TH_ZP26_GEN-APND,TH_ZP26_GEN-APND,TH_ZP26_GEN-APND,DAM,LMP,LMP_PRC,TH_ZP26_GEN-APND,ALL_APNODES,0,32.24037,33
2017-09-02T13:00:00-00:00,2017-09-02T14:00:00-00:00,2017-09-02,7,0,TH_ZP26_GEN-APND,TH_ZP26_GEN-APND,TH_ZP26_GEN-APND,DAM,LMP,LMP_PRC,TH_ZP26_GEN-APND,ALL_APNODES,0,35.12575,33
2017-09-03T02:00:00-00:00,2017-09-03T03:00:00-00:00,2017-09-02,20,0,TH_ZP26_GEN-APND,TH_ZP26_GEN-APND,TH_ZP26_GEN-APND,DAM,LMP,LMP_PRC,TH_ZP26_GEN-APND,ALL_APNODES,0,218.74367,33
2017-09-03T03:00:00-00:00,2017-09-03T04:00:00-00:00,2017-09-02,21,0,TH_ZP26_GEN-APND,TH_ZP26_GEN-APND,TH_ZP26_GEN-APND,DAM,LMP,LMP_PRC,TH_ZP26_GEN-APND,ALL_APNODES,0,102.5653,33
2017-09-02T07:00:00-00:00,2017-09-02T08:00:00-00:00,2017-09-02,1,0,TH_ZP26_GEN-APND,TH_ZP26_GEN-APND,TH_ZP26_GEN-APND,DAM,MCC,LMP_CONG_PRC,TH_ZP26_GEN-APND,ALL_APNODES,0,0,34
2017-09-03T02:00:00-00:00,2017-09-03T03:00:00-00:00,2017-09-02,20,0,TH_ZP26_GEN-APND,TH_ZP26_GEN-APND,TH_ZP26_GEN-APND,DAM,MCC,LMP_CONG_PRC,TH_ZP26_GEN-APND,ALL_APNODES,0,0,34
2017-09-02T18:00:00-00:00,2017-09-02T19:00:00-00:00,2017-09-02,12,0,TH_ZP26_GEN-APND,TH_ZP26_GEN-APND,TH_ZP26_GEN-APND,DAM,MCC,LMP_CONG_PRC,TH_ZP26_GEN-APND,ALL_APNODES,0,0.00308,34
2017-09-02T08:00:00-00:00,2017-09-02T09:00:00-00:00,2017-09-02,2,0,TH_ZP26_GEN-APND,TH_ZP26_GEN-APND,TH_ZP26_GEN-APND,DAM,MCC,LMP_CONG_PRC,TH_ZP26_GEN-APND,ALL_APNODES,0,0,34
2017-09-02T12:00:00-00:00,2017-09-02T13:00:00-00:00,2017-09-02,6,0,TH_ZP26_GEN-APND,TH_ZP26_GEN-APND,TH_ZP26_GEN-APND,DAM,MCC,LMP_CONG_PRC,TH_ZP26_GEN-APND,ALL_APNODES,0,0,34
2017-09-02T14:00:00-00:00,2017-09-02T15:00:00-00:00,2017-09-02,8,0,TH_ZP26_GEN-APND,TH_ZP26_GEN-APND,TH_ZP26_GEN-APND,DAM,MCC,LMP_CONG_PRC,TH_ZP26_GEN-APND,ALL_APNODES,0,0,34
2017-09-03T05:00:00-00:00,2017-09-03T06:00:00-00:00,2017-09-02,23,0,TH_ZP26_GEN-APND,TH_ZP26_GEN-APND,TH_ZP26_GEN-APND,DAM,MCC,LMP_CONG_PRC,TH_ZP26_GEN-APND,ALL_APNODES,0,0,34
2017-09-02T20:00:00-00:00,2017-09-02T21:00:00-00:00,2017-09-02,14,0,TH_ZP26_GEN-APND,TH_ZP26_GEN-APND,TH_ZP26_GEN-APND,DAM,MCC,LMP_CONG_PRC,TH_ZP26_GEN-APND,ALL_APNODES,0,0,34
2017-09-02T22:00:00-00:00,2017-09-02T23:00:00-00:00,2017-09-02,16,0,TH_ZP26_GEN-APND,TH_ZP26_GEN-APND,TH_ZP26_GEN-APND,DAM,MCC,LMP_CONG_PRC,TH_ZP26_GEN-APND,ALL_APNODES,0,0,34
2017-09-02T23:00:00-00:00,2017-09-03T00:00:00-00:00,2017-09-02,17,0,TH_ZP26_GEN-APND,TH_ZP26_GEN-APND,TH_ZP26_GEN-APND,DAM,MCC,LMP_CONG_PRC,TH_ZP26_GEN-APND,ALL_APNODES,0,0,34
2017-09-03T00:00:00-00:00,2017-09-03T01:00:00-00:00,2017-09-02,18,0,TH_ZP26_GEN-APND,TH_ZP26_GEN-APND,TH_ZP26_GEN-APND,DAM,MCC,LMP_CONG_PRC,TH_ZP26_GEN-APND,ALL_APNODES,0,0,34
2017-09-02T09:00:00-00:00,2017-09-02T10:00:00-00:00,2017-09-02,3,0,TH_ZP26_GEN-APND,TH_ZP26_GEN-APND,TH_ZP26_GEN-APND,DAM,MCC,LMP_CONG_PRC,TH_ZP26_GEN-APND,ALL_APNODES,0,0,34
2017-09-02T11:00:00-00:00,2017-09-02T12:00:00-00:00,2017-09-02,5,0,TH_ZP26_GEN-APND,TH_ZP26_GEN-APND,TH_ZP26_GEN-APND,DAM,MCC,LMP_CONG_PRC,TH_ZP26_GEN-APND,ALL_APNODES,0,0,34
2017-09-03T04:00:00-00:00,2017-09-03T05:00:00-00:00,2017-09-02,22,0,TH_ZP26_GEN-APND,TH_ZP26_GEN-APND,TH_ZP26_GEN-APND,DAM,MCC,LMP_CONG_PRC,TH_ZP26_GEN-APND,ALL_APNODES,0,0.01112,34
2017-09-03T06:00:00-00:00,2017-09-03T07:00:00-00:00,2017-09-02,24,0,TH_ZP26_GEN-APND,TH_ZP26_GEN-APND,TH_ZP26_GEN-APND,DAM,MCC,LMP_CONG_PRC,TH_ZP26_GEN-APND,ALL_APNODES,0,0,34
2017-09-02T10:00:00-00:00,2017-09-02T11:00:00-00:00,2017-09-02,4,0,TH_ZP26_GEN-APND,TH_ZP26_GEN-APND,TH_ZP26_GEN-APND,DAM,MCC,LMP_CONG_PRC,TH_ZP26_GEN-APND,ALL_APNODES,0,0,34
2017-09-02T15:00:00-00:00,2017-09-02T16:00:00-00:00,2017-09-02,9,0,TH_ZP26_GEN-APND,TH_ZP26_GEN-APND,TH_ZP26_GEN-APND,DAM,MCC,LMP_CONG_PRC,TH_ZP26_GEN-APND,ALL_APNODES,0,0,34
2017-09-03T03:00:00-00:00,2017-09-03T04:00:00-00:00,2017-09-02,21,0,TH_ZP26_GEN-APND,TH_ZP26_GEN-APND,TH_ZP26_GEN-APND,DAM,MCC,LMP_CONG_PRC,TH_ZP26_GEN-APND,ALL_APNODES,0,0,34
2017-09-02T19:00:00-00:00,2017-09-02T20:00:00-00:00,2017-09-02,13,0,TH_ZP26_GEN-APND,TH_ZP26_GEN-APND,TH_ZP26_GEN-APND,DAM,MCC,LMP_CONG_PRC,TH_ZP26_GEN-APND,ALL_APNODES,0,0.00343,34
2017-09-03T01:00:00-00:00,2017-09-03T02:00:00-00:00,2017-09-02,19,0,TH_ZP26_GEN-APND,TH_ZP26_GEN-APND,TH_ZP26_GEN-APND,DAM,MCC,LMP_CONG_PRC,TH_ZP26_GEN-APND,ALL_APNODES,0,0,34
2017-09-02T16:00:00-00:00,2017-09-02T17:00:00-00:00,2017-09-02,10,0,TH_ZP26_GEN-APND,TH_ZP26_GEN-APND,TH_ZP26_GEN-APND,DAM,MCC,LMP_CONG_PRC,TH_ZP26_GEN-APND,ALL_APNODES,0,0,34
2017-09-02T17:00:00-00:00,2017-09-02T18:00:00-00:00,2017-09-02,11,0,TH_ZP26_GEN-APND,TH_ZP26_GEN-APND,TH_ZP26_GEN-APND,DAM,MCC,LMP_CONG_PRC,TH_ZP26_GEN-APND,ALL_APNODES,0,0,34
2017-09-02T21:00:00-00:00,2017-09-02T22:00:00-00:00,2017-09-02,15,0,TH_ZP26_GEN-APND,TH_ZP26_GEN-APND,TH_ZP26_GEN-APND,DAM,MCC,LMP_CONG_PRC,TH_ZP26_GEN-APND,ALL_APNODES,0,0,34
2017-09-02T13:00:00-00:00,2017-09-02T14:00:00-00:00,2017-09-02,7,0,TH_ZP26_GEN-APND,TH_ZP26_GEN-APND,TH_ZP26_GEN-APND,DAM,MCC,LMP_CONG_PRC,TH_ZP26_GEN-APND,ALL_APNODES,0,0,34
2017-09-02T09:00:00-00:00,2017-09-02T10:00:00-00:00,2017-09-02,3,0,TH_ZP26_GEN-APND,TH_ZP26_GEN-APND,TH_ZP26_GEN-APND,DAM,MCE,LMP_ENE_PRC,TH_ZP26_GEN-APND,ALL_APNODES,0,35.36877,35
2017-09-02T16:00:00-00:00,2017-09-02T17:00:00-00:00,2017-09-02,10,0,TH_ZP26_GEN-APND,TH_ZP26_GEN-APND,TH_ZP26_GEN-APND,DAM,MCE,LMP_ENE_PRC,TH_ZP26_GEN-APND,ALL_APNODES,0,33.83969,35
2017-09-03T02:00:00-00:00,2017-09-03T03:00:00-00:00,2017-09-02,20,0,TH_ZP26_GEN-APND,TH_ZP26_GEN-APND,TH_ZP26_GEN-APND,DAM,MCE,LMP_ENE_PRC,TH_ZP26_GEN-APND,ALL_APNODES,0,227.71566,35
2017-09-02T23:00:00-00:00,2017-09-03T00:00:00-00:00,2017-09-02,17,0,TH_ZP26_GEN-APND,TH_ZP26_GEN-APND,TH_ZP26_GEN-APND,DAM,MCE,LMP_ENE_PRC,TH_ZP26_GEN-APND,ALL_APNODES,0,92.13309,35
2017-09-03T05:00:00-00:00,2017-09-03T06:00:00-00:00,2017-09-02,23,0,TH_ZP26_GEN-APND,TH_ZP26_GEN-APND,TH_ZP26_GEN-APND,DAM,MCE,LMP_ENE_PRC,TH_ZP26_GEN-APND,ALL_APNODES,0,52.57682,35
2017-09-02T15:00:00-00:00,2017-09-02T16:00:00-00:00,2017-09-02,9,0,TH_ZP26_GEN-APND,TH_ZP26_GEN-APND,TH_ZP26_GEN-APND,DAM,MCE,LMP_ENE_PRC,TH_ZP26_GEN-APND,ALL_APNODES,0,32.00826,35
2017-09-02T07:00:00-00:00,2017-09-02T08:00:00-00:00,2017-09-02,1,0,TH_ZP26_GEN-APND,TH_ZP26_GEN-APND,TH_ZP26_GEN-APND,DAM,MCE,LMP_ENE_PRC,TH_ZP26_GEN-APND,ALL_APNODES,0,39.473,35
2017-09-03T06:00:00-00:00,2017-09-03T07:00:00-00:00,2017-09-02,24,0,TH_ZP26_GEN-APND,TH_ZP26_GEN-APND,TH_ZP26_GEN-APND,DAM,MCE,LMP_ENE_PRC,TH_ZP26_GEN-APND,ALL_APNODES,0,45.94734,35
2017-09-02T13:00:00-00:00,2017-09-02T14:00:00-00:00,2017-09-02,7,0,TH_ZP26_GEN-APND,TH_ZP26_GEN-APND,TH_ZP26_GEN-APND,DAM,MCE,LMP_ENE_PRC,TH_ZP26_GEN-APND,ALL_APNODES,0,36.44506,35
2017-09-03T00:00:00-00:00,2017-09-03T01:00:00-00:00,2017-09-02,18,0,TH_ZP26_GEN-APND,TH_ZP26_GEN-APND,TH_ZP26_GEN-APND,DAM,MCE,LMP_ENE_PRC,TH_ZP26_GEN-APND,ALL_APNODES,0,142.49074,35
2017-09-02T22:00:00-00:00,2017-09-02T23:00:00-00:00,2017-09-02,16,0,TH_ZP26_GEN-APND,TH_ZP26_GEN-APND,TH_ZP26_GEN-APND,DAM,MCE,LMP_ENE_PRC,TH_ZP26_GEN-APND,ALL_APNODES,0,75.1331,35
2017-09-03T04:00:00-00:00,2017-09-03T05:00:00-00:00,2017-09-02,22,0,TH_ZP26_GEN-APND,TH_ZP26_GEN-APND,TH_ZP26_GEN-APND,DAM,MCE,LMP_ENE_PRC,TH_ZP26_GEN-APND,ALL_APNODES,0,60.14298,35
2017-09-02T21:00:00-00:00,2017-09-02T22:00:00-00:00,2017-09-02,15,0,TH_ZP26_GEN-APND,TH_ZP26_GEN-APND,TH_ZP26_GEN-APND,DAM,MCE,LMP_ENE_PRC,TH_ZP26_GEN-APND,ALL_APNODES,0,62.12641,35
2017-09-02T19:00:00-00:00,2017-09-02T20:00:00-00:00,2017-09-02,13,0,TH_ZP26_GEN-APND,TH_ZP26_GEN-APND,TH_ZP26_GEN-APND,DAM,MCE,LMP_ENE_PRC,TH_ZP26_GEN-APND,ALL_APNODES,0,48.86204,35
2017-09-03T03:00:00-00:00,2017-09-03T04:00:00-00:00,2017-09-02,21,0,TH_ZP26_GEN-APND,TH_ZP26_GEN-APND,TH_ZP26_GEN-APND,DAM,MCE,LMP_ENE_PRC,TH_ZP26_GEN-APND,ALL_APNODES,0,106.77213,35
2017-09-02T11:00:00-00:00,2017-09-02T12:00:00-00:00,2017-09-02,5,0,TH_ZP26_GEN-APND,TH_ZP26_GEN-APND,TH_ZP26_GEN-APND,DAM,MCE,LMP_ENE_PRC,TH_ZP26_GEN-APND,ALL_APNODES,0,33.52087,35
2017-09-03T01:00:00-00:00,2017-09-03T02:00:00-00:00,2017-09-02,19,0,TH_ZP26_GEN-APND,TH_ZP26_GEN-APND,TH_ZP26_GEN-APND,DAM,MCE,LMP_ENE_PRC,TH_ZP26_GEN-APND,ALL_APNODES,0,272.4435,35
2017-09-02T14:00:00-00:00,2017-09-02T15:00:00-00:00,2017-09-02,8,0,TH_ZP26_GEN-APND,TH_ZP26_GEN-APND,TH_ZP26_GEN-APND,DAM,MCE,LMP_ENE_PRC,TH_ZP26_GEN-APND,ALL_APNODES,0,35.23681,35
2017-09-02T08:00:00-00:00,2017-09-02T09:00:00-00:00,2017-09-02,2,0,TH_ZP26_GEN-APND,TH_ZP26_GEN-APND,TH_ZP26_GEN-APND,DAM,MCE,LMP_ENE_PRC,TH_ZP26_GEN-APND,ALL_APNODES,0,35.82627,35
2017-09-02T18:00:00-00:00,2017-09-02T19:00:00-00:00,2017-09-02,12,0,TH_ZP26_GEN-APND,TH_ZP26_GEN-APND,TH_ZP26_GEN-APND,DAM,MCE,LMP_ENE_PRC,TH_ZP26_GEN-APND,ALL_APNODES,0,42.82906,35
2017-09-02T12:00:00-00:00,2017-09-02T13:00:00-00:00,2017-09-02,6,0,TH_ZP26_GEN-APND,TH_ZP26_GEN-APND,TH_ZP26_GEN-APND,DAM,MCE,LMP_ENE_PRC,TH_ZP26_GEN-APND,ALL_APNODES,0,34.71168,35
2017-09-02T20:00:00-00:00,2017-09-02T21:00:00-00:00,2017-09-02,14,0,TH_ZP26_GEN-APND,TH_ZP26_GEN-APND,TH_ZP26_GEN-APND,DAM,MCE,LMP_ENE_PRC,TH_ZP26_GEN-APND,ALL_APNODES,0,55.33458,35
2017-09-02T10:00:00-00:00,2017-09-02T11:00:00-00:00,2017-09-02,4,0,TH_ZP26_GEN-APND,TH_ZP26_GEN-APND,TH_ZP26_GEN-APND,DAM,MCE,LMP_ENE_PRC,TH_ZP26_GEN-APND,ALL_APNODES,0,34.22504,35
2017-09-02T17:00:00-00:00,2017-09-02T18:00:00-00:00,2017-09-02,11,0,TH_ZP26_GEN-APND,TH_ZP26_GEN-APND,TH_ZP26_GEN-APND,DAM,MCE,LMP_ENE_PRC,TH_ZP26_GEN-APND,ALL_APNODES,0,37.87268,35
2017-09-02T14:00:00-00:00,2017-09-02T15:00:00-00:00,2017-09-02,8,0,TH_ZP26_GEN-APND,TH_ZP26_GEN-APND,TH_ZP26_GEN-APND,DAM,MCL,LMP_LOSS_PRC,TH_ZP26_GEN-APND,ALL_APNODES,0,-1.38481,36
2017-09-02T07:00:00-00:00,2017-09-02T08:00:00-00:00,2017-09-02,1,0,TH_ZP26_GEN-APND,TH_ZP26_GEN-APND,TH_ZP26_GEN-APND,DAM,MCL,LMP_LOSS_PRC,TH_ZP26_GEN-APND,ALL_APNODES,0,-1.52761,36
2017-09-02T23:00:00-00:00,2017-09-03T00:00:00-00:00,2017-09-02,17,0,TH_ZP26_GEN-APND,TH_ZP26_GEN-APND,TH_ZP26_GEN-APND,DAM,MCL,LMP_LOSS_PRC,TH_ZP26_GEN-APND,ALL_APNODES,0,-4.86463,36
2017-09-02T22:00:00-00:00,2017-09-02T23:00:00-00:00,2017-09-02,16,0,TH_ZP26_GEN-APND,TH_ZP26_GEN-APND,TH_ZP26_GEN-APND,DAM,MCL,LMP_LOSS_PRC,TH_ZP26_GEN-APND,ALL_APNODES,0,-4.08724,36
2017-09-03T05:00:00-00:00,2017-09-03T06:00:00-00:00,2017-09-02,23,0,TH_ZP26_GEN-APND,TH_ZP26_GEN-APND,TH_ZP26_GEN-APND,DAM,MCL,LMP_LOSS_PRC,TH_ZP26_GEN-APND,ALL_APNODES,0,-2.224,36
2017-09-03T04:00:00-00:00,2017-09-03T05:00:00-00:00,2017-09-02,22,0,TH_ZP26_GEN-APND,TH_ZP26_GEN-APND,TH_ZP26_GEN-APND,DAM,MCL,LMP_LOSS_PRC,TH_ZP26_GEN-APND,ALL_APNODES,0,-2.35761,36
2017-09-02T11:00:00-00:00,2017-09-02T12:00:00-00:00,2017-09-02,5,0,TH_ZP26_GEN-APND,TH_ZP26_GEN-APND,TH_ZP26_GEN-APND,DAM,MCL,LMP_LOSS_PRC,TH_ZP26_GEN-APND,ALL_APNODES,0,-1.2805,36
2017-09-02T10:00:00-00:00,2017-09-02T11:00:00-00:00,2017-09-02,4,0,TH_ZP26_GEN-APND,TH_ZP26_GEN-APND,TH_ZP26_GEN-APND,DAM,MCL,LMP_LOSS_PRC,TH_ZP26_GEN-APND,ALL_APNODES,0,-1.33478,36
2017-09-02T09:00:00-00:00,2017-09-02T10:00:00-00:00,2017-09-02,3,0,TH_ZP26_GEN-APND,TH_ZP26_GEN-APND,TH_ZP26_GEN-APND,DAM,MCL,LMP_LOSS_PRC,TH_ZP26_GEN-APND,ALL_APNODES,0,-1.37938,36
2017-09-03T03:00:00-00:00,2017-09-03T04:00:00-00:00,2017-09-02,21,0,TH_ZP26_GEN-APND,TH_ZP26_GEN-APND,TH_ZP26_GEN-APND,DAM,MCL,LMP_LOSS_PRC,TH_ZP26_GEN-APND,ALL_APNODES,0,-4.20682,36
2017-09-03T01:00:00-00:00,2017-09-03T02:00:00-00:00,2017-09-02,19,0,TH_ZP26_GEN-APND,TH_ZP26_GEN-APND,TH_ZP26_GEN-APND,DAM,MCL,LMP_LOSS_PRC,TH_ZP26_GEN-APND,ALL_APNODES,0,-11.41538,36
2017-09-02T21:00:00-00:00,2017-09-02T22:00:00-00:00,2017-09-02,15,0,TH_ZP26_GEN-APND,TH_ZP26_GEN-APND,TH_ZP26_GEN-APND,DAM,MCL,LMP_LOSS_PRC,TH_ZP26_GEN-APND,ALL_APNODES,0,-3.57848,36
2017-09-02T13:00:00-00:00,2017-09-02T14:00:00-00:00,2017-09-02,7,0,TH_ZP26_GEN-APND,TH_ZP26_GEN-APND,TH_ZP26_GEN-APND,DAM,MCL,LMP_LOSS_PRC,TH_ZP26_GEN-APND,ALL_APNODES,0,-1.31931,36
2017-09-02T17:00:00-00:00,2017-09-02T18:00:00-00:00,2017-09-02,11,0,TH_ZP26_GEN-APND,TH_ZP26_GEN-APND,TH_ZP26_GEN-APND,DAM,MCL,LMP_LOSS_PRC,TH_ZP26_GEN-APND,ALL_APNODES,0,-2.083,36
2017-09-03T06:00:00-00:00,2017-09-03T07:00:00-00:00,2017-09-02,24,0,TH_ZP26_GEN-APND,TH_ZP26_GEN-APND,TH_ZP26_GEN-APND,DAM,MCL,LMP_LOSS_PRC,TH_ZP26_GEN-APND,ALL_APNODES,0,-1.88384,36
2017-09-02T20:00:00-00:00,2017-09-02T21:00:00-00:00,2017-09-02,14,0,TH_ZP26_GEN-APND,TH_ZP26_GEN-APND,TH_ZP26_GEN-APND,DAM,MCL,LMP_LOSS_PRC,TH_ZP26_GEN-APND,ALL_APNODES,0,-3.27027,36
2017-09-02T12:00:00-00:00,2017-09-02T13:00:00-00:00,2017-09-02,6,0,TH_ZP26_GEN-APND,TH_ZP26_GEN-APND,TH_ZP26_GEN-APND,DAM,MCL,LMP_LOSS_PRC,TH_ZP26_GEN-APND,ALL_APNODES,0,-1.35028,36
2017-09-02T16:00:00-00:00,2017-09-02T17:00:00-00:00,2017-09-02,10,0,TH_ZP26_GEN-APND,TH_ZP26_GEN-APND,TH_ZP26_GEN-APND,DAM,MCL,LMP_LOSS_PRC,TH_ZP26_GEN-APND,ALL_APNODES,0,-1.78335,36
2017-09-02T19:00:00-00:00,2017-09-02T20:00:00-00:00,2017-09-02,13,0,TH_ZP26_GEN-APND,TH_ZP26_GEN-APND,TH_ZP26_GEN-APND,DAM,MCL,LMP_LOSS_PRC,TH_ZP26_GEN-APND,ALL_APNODES,0,-2.98547,36
2017-09-02T18:00:00-00:00,2017-09-02T19:00:00-00:00,2017-09-02,12,0,TH_ZP26_GEN-APND,TH_ZP26_GEN-APND,TH_ZP26_GEN-APND,DAM,MCL,LMP_LOSS_PRC,TH_ZP26_GEN-APND,ALL_APNODES,0,-2.49693,36
2017-09-03T02:00:00-00:00,2017-09-03T03:00:00-00:00,2017-09-02,20,0,TH_ZP26_GEN-APND,TH_ZP26_GEN-APND,TH_ZP26_GEN-APND,DAM,MCL,LMP_LOSS_PRC,TH_ZP26_GEN-APND,ALL_APNODES,0,-8.972,36
2017-09-02T15:00:00-00:00,2017-09-02T16:00:00-00:00,2017-09-02,9,0,TH_ZP26_GEN-APND,TH_ZP26_GEN-APND,TH_ZP26_GEN-APND,DAM,MCL,LMP_LOSS_PRC,TH_ZP26_GEN-APND,ALL_APNODES,0,-1.49158,36
2017-09-02T08:00:00-00:00,2017-09-02T09:00:00-00:00,2017-09-02,2,0,TH_ZP26_GEN-APND,TH_ZP26_GEN-APND,TH_ZP26_GEN-APND,DAM,MCL,LMP_LOSS_PRC,TH_ZP26_GEN-APND,ALL_APNODES,0,-1.39006,36
2017-09-03T00:00:00-00:00,2017-09-03T01:00:00-00:00,2017-09-02,18,0,TH_ZP26_GEN-APND,TH_ZP26_GEN-APND,TH_ZP26_GEN-APND,DAM,MCL,LMP_LOSS_PRC,TH_ZP26_GEN-APND,ALL_APNODES,0,-7.03904,36
2017-09-02T22:00:00-00:00,2017-09-02T23:00:00-00:00,2017-09-02,16,0,URBAN_6_N005,URBAN_6_N005,URBAN_6_N005,DAM,LMP,LMP_PRC,URBAN_6_N005,ALL,1,74.99035,37
2017-09-02T09:00:00-00:00,2017-09-02T10:00:00-00:00,2017-09-02,3,0,URBAN_6_N005,URBAN_6_N005,URBAN_6_N005,DAM,LMP,LMP_PRC,URBAN_6_N005,ALL,1,35.25205,37
2017-09-03T03:00:00-00:00,2017-09-03T04:00:00-00:00,2017-09-02,21,0,URBAN_6_N005,URBAN_6_N005,URBAN_6_N005,DAM,LMP,LMP_PRC,URBAN_6_N005,ALL,1,106.04608,37
2017-09-02T18:00:00-00:00,2017-09-02T19:00:00-00:00,2017-09-02,12,0,URBAN_6_N005,URBAN_6_N005,URBAN_6_N005,DAM,LMP,LMP_PRC,URBAN_6_N005,ALL,1,42.90187,37
2017-09-02T19:00:00-00:00,2017-09-02T20:00:00-00:00,2017-09-02,13,0,URBAN_6_N005,URBAN_6_N005,URBAN_6_N005,DAM,LMP,LMP_PRC,URBAN_6_N005,ALL,1,49.52167,37
2017-09-02T20:00:00-00:00,2017-09-02T21:00:00-00:00,2017-09-02,14,0,URBAN_6_N005,URBAN_6_N005,URBAN_6_N005,DAM,LMP,LMP_PRC,URBAN_6_N005,ALL,1,56.25653,37
2017-09-03T01:00:00-00:00,2017-09-03T02:00:00-00:00,2017-09-02,19,0,URBAN_6_N005,URBAN_6_N005,URBAN_6_N005,DAM,LMP,LMP_PRC,URBAN_6_N005,ALL,1,272.1983,37
2017-09-03T02:00:00-00:00,2017-09-03T03:00:00-00:00,2017-09-02,20,0,URBAN_6_N005,URBAN_6_N005,URBAN_6_N005,DAM,LMP,LMP_PRC,URBAN_6_N005,ALL,1,227.00974,37
2017-09-03T05:00:00-00:00,2017-09-03T06:00:00-00:00,2017-09-02,23,0,URBAN_6_N005,URBAN_6_N005,URBAN_6_N005,DAM,LMP,LMP_PRC,URBAN_6_N005,ALL,1,52.88702,37
2017-09-02T07:00:00-00:00,2017-09-02T08:00:00-00:00,2017-09-02,1,0,URBAN_6_N005,URBAN_6_N005,URBAN_6_N005,DAM,LMP,LMP_PRC,URBAN_6_N005,ALL,1,39.37432,37
2017-09-02T15:00:00-00:00,2017-09-02T16:00:00-00:00,2017-09-02,9,0,URBAN_6_N005,URBAN_6_N005,URBAN_6_N005,DAM,LMP,LMP_PRC,URBAN_6_N005,ALL,1,31.91224,37
2017-09-03T00:00:00-00:00,2017-09-03T01:00:00-00:00,2017-09-02,18,0,URBAN_6_N005,URBAN_6_N005,URBAN_6_N005,DAM,LMP,LMP_PRC,URBAN_6_N005,ALL,1,141.20832,37
2017-09-02T12:00:00-00:00,2017-09-02T13:00:00-00:00,2017-09-02,6,0,URBAN_6_N005,URBAN_6_N005,URBAN_6_N005,DAM,LMP,LMP_PRC,URBAN_6_N005,ALL,1,34.55548,37
2017-09-03T04:00:00-00:00,2017-09-03T05:00:00-00:00,2017-09-02,22,0,URBAN_6_N005,URBAN_6_N005,URBAN_6_N005,DAM,LMP,LMP_PRC,URBAN_6_N005,ALL,1,60.80456,37
2017-09-02T23:00:00-00:00,2017-09-03T00:00:00-00:00,2017-09-02,17,0,URBAN_6_N005,URBAN_6_N005,URBAN_6_N005,DAM,LMP,LMP_PRC,URBAN_6_N005,ALL,1,91.46052,37
2017-09-02T10:00:00-00:00,2017-09-02T11:00:00-00:00,2017-09-02,4,0,URBAN_6_N005,URBAN_6_N005,URBAN_6_N005,DAM,LMP,LMP_PRC,URBAN_6_N005,ALL,1,34.13264,37
2017-09-02T14:00:00-00:00,2017-09-02T15:00:00-00:00,2017-09-02,8,0,URBAN_6_N005,URBAN_6_N005,URBAN_6_N005,DAM,LMP,LMP_PRC,URBAN_6_N005,ALL,1,35.22624,37
2017-09-03T06:00:00-00:00,2017-09-03T07:00:00-00:00,2017-09-02,24,0,URBAN_6_N005,URBAN_6_N005,URBAN_6_N005,DAM,LMP,LMP_PRC,URBAN_6_N005,ALL,1,45.73598,37
2017-09-02T17:00:00-00:00,2017-09-02T18:00:00-00:00,2017-09-02,11,0,URBAN_6_N005,URBAN_6_N005,URBAN_6_N005,DAM,LMP,LMP_PRC,URBAN_6_N005,ALL,1,37.92949,37
2017-09-02T11:00:00-00:00,2017-09-02T12:00:00-00:00,2017-09-02,5,0,URBAN_6_N005,URBAN_6_N005,URBAN_6_N005,DAM,LMP,LMP_PRC,URBAN_6_N005,ALL,1,33.45383,37
2017-09-02T16:00:00-00:00,2017-09-02T17:00:00-00:00,2017-09-02,10,0,URBAN_6_N005,URBAN_6_N005,URBAN_6_N005,DAM,LMP,LMP_PRC,URBAN_6_N005,ALL,1,33.81939,37
2017-09-02T21:00:00-00:00,2017-09-02T22:00:00-00:00,2017-09-02,15,0,URBAN_6_N005,URBAN_6_N005,URBAN_6_N005,DAM,LMP,LMP_PRC,URBAN_6_N005,ALL,1,62.47263,37
2017-09-02T08:00:00-00:00,2017-09-02T09:00:00-00:00,2017-09-02,2,0,URBAN_6_N005,URBAN_6_N005,URBAN_6_N005,DAM,LMP,LMP_PRC,URBAN_6_N005,ALL,1,35.50383,37
2017-09-02T13:00:00-00:00,2017-09-02T14:00:00-00:00,2017-09-02,7,0,URBAN_6_N005,URBAN_6_N005,URBAN_6_N005,DAM,LMP,LMP_PRC,URBAN_6_N005,ALL,1,36.51066,37
2017-09-02T19:00:00-00:00,2017-09-02T20:00:00-00:00,2017-09-02,13,0,URBAN_6_N005,URBAN_6_N005,URBAN_6_N005,DAM,MCC,LMP_CONG_PRC,URBAN_6_N005,ALL,1,0,38
2017-09-02T20:00:00-00:00,2017-09-02T21:00:00-00:00,2017-09-02,14,0,URBAN_6_N005,URBAN_6_N005,URBAN_6_N005,DAM,MCC,LMP_CONG_PRC,URBAN_6_N005,ALL,1,-0.00214,38
2017-09-02T21:00:00-00:00,2017-09-02T22:00:00-00:00,2017-09-02,15,0,URBAN_6_N005,URBAN_6_N005,URBAN_6_N005,DAM,MCC,LMP_CONG_PRC,URBAN_6_N005,ALL,1,-0.0017,38
2017-09-02T23:00:00-00:00,2017-09-03T00:00:00-00:00,2017-09-02,17,0,URBAN_6_N005,URBAN_6_N005,URBAN_6_N005,DAM,MCC,LMP_CONG_PRC,URBAN_6_N005,ALL,1,0,38
2017-09-03T00:00:00-00:00,2017-09-03T01:00:00-00:00,2017-09-02,18,0,URBAN_6_N005,URBAN_6_N005,URBAN_6_N005,DAM,MCC,LMP_CONG_PRC,URBAN_6_N005,ALL,1,0,38
2017-09-02T10:00:00-00:00,2017-09-02T11:00:00-00:00,2017-09-02,4,0,URBAN_6_N005,URBAN_6_N005,URBAN_6_N005,DAM,MCC,LMP_CONG_PRC,URBAN_6_N005,ALL,1,0,38
2017-09-03T02:00:00-00:00,2017-09-03T03:00:00-00:00,2017-09-02,20,0,URBAN_6_N005,URBAN_6_N005,URBAN_6_N005,DAM,MCC,LMP_CONG_PRC,URBAN_6_N005,ALL,1,0,38
2017-09-03T03:00:00-00:00,2017-09-03T04:00:00-00:00,2017-09-02,21,0,URBAN_6_N005,URBAN_6_N005,URBAN_6_N005,DAM,MCC,LMP_CONG_PRC,URBAN_6_N005,ALL,1,0,38
2017-09-02T22:00:00-00:00,2017-09-02T23:00:00-00:00,2017-09-02,16,0,URBAN_6_N005,URBAN_6_N005,URBAN_6_N005,DAM,MCC,LMP_CONG_PRC,URBAN_6_N005,ALL,1,0,38
2017-09-02T07:00:00-00:00,2017-09-02T08:00:00-00:00,2017-09-02,1,0,URBAN_6_N005,URBAN_6_N005,URBAN_6_N005,DAM,MCC,LMP_CONG_PRC,URBAN_6_N005,ALL,1,0,38
2017-09-02T08:00:00-00:00,2017-09-02T09:00:00-00:00,2017-09-02,2,0,URBAN_6_N005,URBAN_6_N005,URBAN_6_N005,DAM,MCC,LMP_CONG_PRC,URBAN_6_N005,ALL,1,0,38
2017-09-02T09:00:00-00:00,2017-09-02T10:00:00-00:00,2017-09-02,3,0,URBAN_6_N005,URBAN_6_N005,URBAN_6_N005,DAM,MCC,LMP_CONG_PRC,URBAN_6_N005,ALL,1,0,38
2017-09-03T04:00:00-00:00,2017-09-03T05:00:00-00:00,2017-09-02,22,0,URBAN_6_N005,URBAN_6_N005,URBAN_6_N005,DAM,MCC,LMP_CONG_PRC,URBAN_6_N005,ALL,1,0,38
2017-09-02T12:00:00-00:00,2017-09-02T13:00:00-00:00,2017-09-02,6,0,URBAN_6_N005,URBAN_6_N005,URBAN_6_N005,DAM,MCC,LMP_CONG_PRC,URBAN_6_N005,ALL,1,0,38
2017-09-03T05:00:00-00:00,2017-09-03T06:00:00-00:00,2017-09-02,23,0,URBAN_6_N005,URBAN_6_N005,URBAN_6_N005,DAM,MCC,LMP_CONG_PRC,URBAN_6_N005,ALL,1,0,38
2017-09-03T06:00:00-00:00,2017-09-03T07:00:00-00:00,2017-09-02,24,0,URBAN_6_N005,URBAN_6_N005,URBAN_6_N005,DAM,MCC,LMP_CONG_PRC,URBAN_6_N005,ALL,1,0,38
2017-09-02T15:00:00-00:00,2017-09-02T16:00:00-00:00,2017-09-02,9,0,URBAN_6_N005,URBAN_6_N005,URBAN_6_N005,DAM,MCC,LMP_CONG_PRC,URBAN_6_N005,ALL,1,0,38
2017-09-02T16:00:00-00:00,2017-09-02T17:00:00-00:00,2017-09-02,10,0,URBAN_6_N005,URBAN_6_N005,URBAN_6_N005,DAM,MCC,LMP_CONG_PRC,URBAN_6_N005,ALL,1,0,38
2017-09-02T17:00:00-00:00,2017-09-02T18:00:00-00:00,2017-09-02,11,0,URBAN_6_N005,URBAN_6_N005,URBAN_6_N005,DAM,MCC,LMP_CONG_PRC,URBAN_6_N005,ALL,1,0,38
2017-09-02T11:00:00-00:00,2017-09-02T12:00:00-00:00,2017-09-02,5,0,URBAN_6_N005,URBAN_6_N005,URBAN_6_N005,DAM,MCC,LMP_CONG_PRC,URBAN_6_N005,ALL,1,0,38
2017-09-02T14:00:00-00:00,2017-09-02T15:00:00-00:00,2017-09-02,8,0,URBAN_6_N005,URBAN_6_N005,URBAN_6_N005,DAM,MCC,LMP_CONG_PRC,URBAN_6_N005,ALL,1,0,38
2017-09-03T01:00:00-00:00,2017-09-03T02:00:00-00:00,2017-09-02,19,0,URBAN_6_N005,URBAN_6_N005,URBAN_6_N005,DAM,MCC,LMP_CONG_PRC,URBAN_6_N005,ALL,1,0,38
2017-09-02T18:00:00-00:00,2017-09-02T19:00:00-00:00,2017-09-02,12,0,URBAN_6_N005,URBAN_6_N005,URBAN_6_N005,DAM,MCC,LMP_CONG_PRC,URBAN_6_N005,ALL,1,0,38
2017-09-02T13:00:00-00:00,2017-09-02T14:00:00-00:00,2017-09-02,7,0,URBAN_6_N005,URBAN_6_N005,URBAN_6_N005,DAM,MCC,LMP_CONG_PRC,URBAN_6_N005,ALL,1,0,38
2017-09-02T23:00:00-00:00,2017-09-03T00:00:00-00:00,2017-09-02,17,0,URBAN_6_N005,URBAN_6_N005,URBAN_6_N005,DAM,MCE,LMP_ENE_PRC,URBAN_6_N005,ALL,1,92.13309,39
2017-09-02T17:00:00-00:00,2017-09-02T18:00:00-00:00,2017-09-02,11,0,URBAN_6_N005,URBAN_6_N005,URBAN_6_N005,DAM,MCE,LMP_ENE_PRC,URBAN_6_N005,ALL,1,37.87268,39
2017-09-02T21:00:00-00:00,2017-09-02T22:00:00-00:00,2017-09-02,15,0,URBAN_6_N005,URBAN_6_N005,URBAN_6_N005,DAM,MCE,LMP_ENE_PRC,URBAN_6_N005,ALL,1,62.12641,39
2017-09-03T03:00:00-00:00,2017-09-03T04:00:00-00:00,2017-09-02,21,0,URBAN_6_N005,URBAN_6_N005,URBAN_6_N005,DAM,MCE,LMP_ENE_PRC,URBAN_6_N005,ALL,1,106.77213,39
2017-09-02T16:00:00-00:00,2017-09-02T17:00:00-00:00,2017-09-02,10,0,URBAN_6_N005,URBAN_6_N005,URBAN_6_N005,DAM,MCE,LMP_ENE_PRC,URBAN_6_N005,ALL,1,33.83969,39
2017-09-02T14:00:00-00:00,2017-09-02T15:00:00-00:00,2017-09-02,8,0,URBAN_6_N005,URBAN_6_N005,URBAN_6_N005,DAM,MCE,LMP_ENE_PRC,URBAN_6_N005,ALL,1,35.23681,39
2017-09-02T13:00:00-00:00,2017-09-02T14:00:00-00:00,2017-09-02,7,0,URBAN_6_N005,URBAN_6_N005,URBAN_6_N005,DAM,MCE,LMP_ENE_PRC,URBAN_6_N005,ALL,1,36.44506,39
2017-09-03T05:00:00-00:00,2017-09-03T06:00:00-00:00,2017-09-02,23,0,URBAN_6_N005,URBAN_6_N005,URBAN_6_N005,DAM,MCE,LMP_ENE_PRC,URBAN_6_N005,ALL,1,52.57682,39
2017-09-02T09:00:00-00:00,2017-09-02T10:00:00-00:00,2017-09-02,3,0,URBAN_6_N005,URBAN_6_N005,URBAN_6_N005,DAM,MCE,LMP_ENE_PRC,URBAN_6_N005,ALL,1,35.36877,39
2017-09-03T04:00:00-00:00,2017-09-03T05:00:00-00:00,2017-09-02,22,0,URBAN_6_N005,URBAN_6_N005,URBAN_6_N005,DAM,MCE,LMP_ENE_PRC,URBAN_6_N005,ALL,1,60.14298,39
2017-09-02T11:00:00-00:00,2017-09-02T12:00:00-00:00,2017-09-02,5,0,URBAN_6_N005,URBAN_6_N005,URBAN_6_N005,DAM,MCE,LMP_ENE_PRC,URBAN_6_N005,ALL,1,33.52087,39
2017-09-02T19:00:00-00:00,2017-09-02T20:00:00-00:00,2017-09-02,13,0,URBAN_6_N005,URBAN_6_N005,URBAN_6_N005,DAM,MCE,LMP_ENE_PRC,URBAN_6_N005,ALL,1,48.86204,39
2017-09-02T18:00:00-00:00,2017-09-02T19:00:00-00:00,2017-09-02,12,0,URBAN_6_N005,URBAN_6_N005,URBAN_6_N005,DAM,MCE,LMP_ENE_PRC,URBAN_6_N005,ALL,1,42.82906,39
2017-09-03T02:00:00-00:00,2017-09-03T03:00:00-00:00,2017-09-02,20,0,URBAN_6_N005,URBAN_6_N005,URBAN_6_N005,DAM,MCE,LMP_ENE_PRC,URBAN_6_N005,ALL,1,227.71566,39
2017-09-02T12:00:00-00:00,2017-09-02T13:00:00-00:00,2017-09-02,6,0,URBAN_6_N005,URBAN_6_N005,URBAN_6_N005,DAM,MCE,LMP_ENE_PRC,URBAN_6_N005,ALL,1,34.71168,39
2017-09-02T07:00:00-00:00,2017-09-02T08:00:00-00:00,2017-09-02,1,0,URBAN_6_N005,URBAN_6_N005,URBAN_6_N005,DAM,MCE,LMP_ENE_PRC,URBAN_6_N005,ALL,1,39.473,39
2017-09-02T08:00:00-00:00,2017-09-02T09:00:00-00:00,2017-09-02,2,0,URBAN_6_N005,URBAN_6_N005,URBAN_6_N005,DAM,MCE,LMP_ENE_PRC,URBAN_6_N005,ALL,1,35.82627,39
2017-09-03T00:00:00-00:00,2017-09-03T01:00:00-00:00,2017-09-02,18,0,URBAN_6_N005,URBAN_6_N005,URBAN_6_N005,DAM,MCE,LMP_ENE_PRC,URBAN_6_N005,ALL,1,142.49074,39
2017-09-02T10:00:00-00:00,2017-09-02T11:00:00-00:00,2017-09-02,4,0,URBAN_6_N005,URBAN_6_N005,URBAN_6_N005,DAM,MCE,LMP_ENE_PRC,URBAN_6_N005,ALL,1,34.22504,39
2017-09-02T22:00:00-00:00,2017-09-02T23:00:00-00:00,2017-09-02,16,0,URBAN_6_N005,URBAN_6_N005,URBAN_6_N005,DAM,MCE,LMP_ENE_PRC,URBAN_6_N005,ALL,1,75.1331,39
2017-09-03T01:00:00-00:00,2017-09-03T02:00:00-00:00,2017-09-02,19,0,URBAN_6_N005,URBAN_6_N005,URBAN_6_N005,DAM,MCE,LMP_ENE_PRC,URBAN_6_N005,ALL,1,272.4435,39
2017-09-03T06:00:00-00:00,2017-09-03T07:00:00-00:00,2017-09-02,24,0,URBAN_6_N005,URBAN_6_N005,URBAN_6_N005,DAM,MCE,LMP_ENE_PRC,URBAN_6_N005,ALL,1,45.94734,39
2017-09-02T20:00:00-00:00,2017-09-02T21:00:00-00:00,2017-09-02,14,0,URBAN_6_N005,URBAN_6_N005,URBAN_6_N005,DAM,MCE,LMP_ENE_PRC,URBAN_6_N005,ALL,1,55.33458,39
2017-09-02T15:00:00-00:00,2017-09-02T16:00:00-00:00,2017-09-02,9,0,URBAN_6_N005,URBAN_6_N005,URBAN_6_N005,DAM,MCE,LMP_ENE_PRC,URBAN_6_N005,ALL,1,32.00826,39
2017-09-02T17:00:00-00:00,2017-09-02T18:00:00-00:00,2017-09-02,11,0,URBAN_6_N005,URBAN_6_N005,URBAN_6_N005,DAM,MCL,LMP_LOSS_PRC,URBAN_6_N005,ALL,1,0.05681,40
2017-09-02T15:00:00-00:00,2017-09-02T16:00:00-00:00,2017-09-02,9,0,URBAN_6_N005,URBAN_6_N005,URBAN_6_N005,DAM,MCL,LMP_LOSS_PRC,URBAN_6_N005,ALL,1,-0.09602,40
2017-09-03T01:00:00-00:00,2017-09-03T02:00:00-00:00,2017-09-02,19,0,URBAN_6_N005,URBAN_6_N005,URBAN_6_N005,DAM,MCL,LMP_LOSS_PRC,URBAN_6_N005,ALL,1,-0.2452,40
2017-09-02T10:00:00-00:00,2017-09-02T11:00:00-00:00,2017-09-02,4,0,URBAN_6_N005,URBAN_6_N005,URBAN_6_N005,DAM,MCL,LMP_LOSS_PRC,URBAN_6_N005,ALL,1,-0.09241,40
2017-09-02T08:00:00-00:00,2017-09-02T09:00:00-00:00,2017-09-02,2,0,URBAN_6_N005,URBAN_6_N005,URBAN_6_N005,DAM,MCL,LMP_LOSS_PRC,URBAN_6_N005,ALL,1,-0.32244,40
2017-09-02T07:00:00-00:00,2017-09-02T08:00:00-00:00,2017-09-02,1,0,URBAN_6_N005,URBAN_6_N005,URBAN_6_N005,DAM,MCL,LMP_LOSS_PRC,URBAN_6_N005,ALL,1,-0.09868,40
2017-09-02T23:00:00-00:00,2017-09-03T00:00:00-00:00,2017-09-02,17,0,URBAN_6_N005,URBAN_6_N005,URBAN_6_N005,DAM,MCL,LMP_LOSS_PRC,URBAN_6_N005,ALL,1,-0.67257,40
2017-09-02T12:00:00-00:00,2017-09-02T13:00:00-00:00,2017-09-02,6,0,URBAN_6_N005,URBAN_6_N005,URBAN_6_N005,DAM,MCL,LMP_LOSS_PRC,URBAN_6_N005,ALL,1,-0.1562,40
2017-09-03T00:00:00-00:00,2017-09-03T01:00:00-00:00,2017-09-02,18,0,URBAN_6_N005,URBAN_6_N005,URBAN_6_N005,DAM,MCL,LMP_LOSS_PRC,URBAN_6_N005,ALL,1,-1.28242,40
2017-09-02T16:00:00-00:00,2017-09-02T17:00:00-00:00,2017-09-02,10,0,URBAN_6_N005,URBAN_6_N005,URBAN_6_N005,DAM,MCL,LMP_LOSS_PRC,URBAN_6_N005,ALL,1,-0.0203,40
2017-09-02T13:00:00-00:00,2017-09-02T14:00:00-00:00,2017-09-02,7,0,URBAN_6_N005,URBAN_6_N005,URBAN_6_N005,DAM,MCL,LMP_LOSS_PRC,URBAN_6_N005,ALL,1,0.0656,40
2017-09-02T18:00:00-00:00,2017-09-02T19:00:00-00:00,2017-09-02,12,0,URBAN_6_N005,URBAN_6_N005,URBAN_6_N005,DAM,MCL,LMP_LOSS_PRC,URBAN_6_N005,ALL,1,0.07281,40
2017-09-02T14:00:00-00:00,2017-09-02T15:00:00-00:00,2017-09-02,8,0,URBAN_6_N005,URBAN_6_N005,URBAN_6_N005,DAM,MCL,LMP_LOSS_PRC,URBAN_6_N005,ALL,1,-0.01057,40
2017-09-02T11:00:00-00:00,2017-09-02T12:00:00-00:00,2017-09-02,5,0,URBAN_6_N005,URBAN_6_N005,URBAN_6_N005,DAM,MCL,LMP_LOSS_PRC,URBAN_6_N005,ALL,1,-0.06704,40
2017-09-02T21:00:00-00:00,2017-09-02T22:00:00-00:00,2017-09-02,15,0,URBAN_6_N005,URBAN_6_N005,URBAN_6_N005,DAM,MCL,LMP_LOSS_PRC,URBAN_6_N005,ALL,1,0.34791,40
2017-09-02T19:00:00-00:00,2017-09-02T20:00:00-00:00,2017-09-02,13,0,URBAN_6_N005,URBAN_6_N005,URBAN_6_N005,DAM,MCL,LMP_LOSS_PRC,URBAN_6_N005,ALL,1,0.65964,40
2017-09-03T06:00:00-00:00,2017-09-03T07:00:00-00:00,2017-09-02,24,0,URBAN_6_N005,URBAN_6_N005,URBAN_6_N005,DAM,MCL,LMP_LOSS_PRC,URBAN_6_N005,ALL,1,-0.21136,40
2017-09-03T02:00:00-00:00,2017-09-03T03:00:00-00:00,2017-09-02,20,0,URBAN_6_N005,URBAN_6_N005,URBAN_6_N005,DAM,MCL,LMP_LOSS_PRC,URBAN_6_N005,ALL,1,-0.70592,40
2017-09-03T05:00:00-00:00,2017-09-03T06:00:00-00:00,2017-09-02,23,0,URBAN_6_N005,URBAN_6_N005,URBAN_6_N005,DAM,MCL,LMP_LOSS_PRC,URBAN_6_N005,ALL,1,0.3102,40
2017-09-03T04:00:00-00:00,2017-09-03T05:00:00-00:00,2017-09-02,22,0,URBAN_6_N005,URBAN_6_N005,URBAN_6_N005,DAM,MCL,LMP_LOSS_PRC,URBAN_6_N005,ALL,1,0.66157,40
2017-09-03T03:00:00-00:00,2017-09-03T04:00:00-00:00,2017-09-02,21,0,URBAN_6_N005,URBAN_6_N005,URBAN_6_N005,DAM,MCL,LMP_LOSS_PRC,URBAN_6_N005,ALL,1,-0.72605,40
2017-09-02T22:00:00-00:00,2017-09-02T23:00:00-00:00,2017-09-02,16,0,URBAN_6_N005,URBAN_6_N005,URBAN_6_N005,DAM,MCL,LMP_LOSS_PRC,URBAN_6_N005,ALL,1,-0.14275,40
2017-09-02T20:00:00-00:00,2017-09-02T21:00:00-00:00,2017-09-02,14,0,URBAN_6_N005,URBAN_6_N005,URBAN_6_N005,DAM,MCL,LMP_LOSS_PRC,URBAN_6_N005,ALL,1,0.92409,40
2017-09-02T09:00:00-00:00,2017-09-02T10:00:00-00:00,2017-09-02,3,0,URBAN_6_N005,URBAN_6_N005,URBAN_6_N005,DAM,MCL,LMP_LOSS_PRC,URBAN_6_N005,ALL,1,-0.11672,40
2017-09-04T05:00:00-00:00,2017-09-04T06:00:00-00:00,2017-09-03,23,0,BAYSHOR2_1_N001,BAYSHOR2_1_N001,BAYSHOR2_1_N001,DAM,LMP,LMP_PRC,BAYSHOR2_1_N001,ALL,1,49.89107,41
2017-09-04T06:00:00-00:00,2017-09-04T07:00:00-00:00,2017-09-03,24,0,BAYSHOR2_1_N001,BAYSHOR2_1_N001,BAYSHOR2_1_N001,DAM,LMP,LMP_PRC,BAYSHOR2_1_N001,ALL,1,45.06308,41
2017-09-04T03:00:00-00:00,2017-09-04T04:00:00-00:00,2017-09-03,21,0,BAYSHOR2_1_N001,BAYSHOR2_1_N001,BAYSHOR2_1_N001,DAM,LMP,LMP_PRC,BAYSHOR2_1_N001,ALL,1,68.88429,41
2017-09-03T12:00:00-00:00,2017-09-03T13:00:00-00:00,2017-09-03,6,0,BAYSHOR2_1_N001,BAYSHOR2_1_N001,BAYSHOR2_1_N001,DAM,LMP,LMP_PRC,BAYSHOR2_1_N001,ALL,1,33.95666,41
2017-09-03T18:00:00-00:00,2017-09-03T19:00:00-00:00,2017-09-03,12,0,BAYSHOR2_1_N001,BAYSHOR2_1_N001,BAYSHOR2_1_N001,DAM,LMP,LMP_PRC,BAYSHOR2_1_N001,ALL,1,42.15513,41
2017-09-03T16:00:00-00:00,2017-09-03T17:00:00-00:00,2017-09-03,10,0,BAYSHOR2_1_N001,BAYSHOR2_1_N001,BAYSHOR2_1_N001,DAM,LMP,LMP_PRC,BAYSHOR2_1_N001,ALL,1,31.85671,41
2017-09-03T15:00:00-00:00,2017-09-03T16:00:00-00:00,2017-09-03,9,0,BAYSHOR2_1_N001,BAYSHOR2_1_N001,BAYSHOR2_1_N001,DAM,LMP,LMP_PRC,BAYSHOR2_1_N001,ALL,1,31.54322,41
2017-09-03T14:00:00-00:00,2017-09-03T15:00:00-00:00,2017-09-03,8,0,BAYSHOR2_1_N001,BAYSHOR2_1_N001,BAYSHOR2_1_N001,DAM,LMP,LMP_PRC,BAYSHOR2_1_N001,ALL,1,31.97517,41
2017-09-04T00:00:00-00:00,2017-09-04T01:00:00-00:00,2017-09-03,18,0,BAYSHOR2_1_N001,BAYSHOR2_1_N001,BAYSHOR2_1_N001,DAM,LMP,LMP_PRC,BAYSHOR2_1_N001,ALL,1,76.13043,41
2017-09-03T13:00:00-00:00,2017-09-03T14:00:00-00:00,2017-09-03,7,0,BAYSHOR2_1_N001,BAYSHOR2_1_N001,BAYSHOR2_1_N001,DAM,LMP,LMP_PRC,BAYSHOR2_1_N001,ALL,1,35.30248,41
2017-09-03T07:00:00-00:00,2017-09-03T08:00:00-00:00,2017-09-03,1,0,BAYSHOR2_1_N001,BAYSHOR2_1_N001,BAYSHOR2_1_N001,DAM,LMP,LMP_PRC,BAYSHOR2_1_N001,ALL,1,44.19114,41
2017-09-04T01:00:00-00:00,2017-09-04T02:00:00-00:00,2017-09-03,19,0,BAYSHOR2_1_N001,BAYSHOR2_1_N001,BAYSHOR2_1_N001,DAM,LMP,LMP_PRC,BAYSHOR2_1_N001,ALL,1,119.02315,41
2017-09-04T04:00:00-00:00,2017-09-04T05:00:00-00:00,2017-09-03,22,0,BAYSHOR2_1_N001,BAYSHOR2_1_N001,BAYSHOR2_1_N001,DAM,LMP,LMP_PRC,BAYSHOR2_1_N001,ALL,1,55.35483,41
2017-09-03T22:00:00-00:00,2017-09-03T23:00:00-00:00,2017-09-03,16,0,BAYSHOR2_1_N001,BAYSHOR2_1_N001,BAYSHOR2_1_N001,DAM,LMP,LMP_PRC,BAYSHOR2_1_N001,ALL,1,62.00335,41
2017-09-03T21:00:00-00:00,2017-09-03T22:00:00-00:00,2017-09-03,15,0,BAYSHOR2_1_N001,BAYSHOR2_1_N001,BAYSHOR2_1_N001,DAM,LMP,LMP_PRC,BAYSHOR2_1_N001,ALL,1,57.93716,41
2017-09-03T20:00:00-00:00,2017-09-03T21:00:00-00:00,2017-09-03,14,0,BAYSHOR2_1_N001,BAYSHOR2_1_N001,BAYSHOR2_1_N001,DAM,LMP,LMP_PRC,BAYSHOR2_1_N001,ALL,1,52.50792,41
2017-09-03T17:00:00-00:00,2017-09-03T18:00:00-00:00,2017-09-03,11,0,BAYSHOR2_1_N001,BAYSHOR2_1_N001,BAYSHOR2_1_N001,DAM,LMP,LMP_PRC,BAYSHOR2_1_N001,ALL,1,37.74818,41
2017-09-03T11:00:00-00:00,2017-09-03T12:00:00-00:00,2017-09-03,5,0,BAYSHOR2_1_N001,BAYSHOR2_1_N001,BAYSHOR2_1_N001,DAM,LMP,LMP_PRC,BAYSHOR2_1_N001,ALL,1,35.71348,41
2017-09-03T10:00:00-00:00,2017-09-03T11:00:00-00:00,2017-09-03,4,0,BAYSHOR2_1_N001,BAYSHOR2_1_N001,BAYSHOR2_1_N001,DAM,LMP,LMP_PRC,BAYSHOR2_1_N001,ALL,1,36.00015,41
2017-09-03T23:00:00-00:00,2017-09-04T00:00:00-00:00,2017-09-03,17,0,BAYSHOR2_1_N001,BAYSHOR2_1_N001,BAYSHOR2_1_N001,DAM,LMP,LMP_PRC,BAYSHOR2_1_N001,ALL,1,70.08356,41
2017-09-03T09:00:00-00:00,2017-09-03T10:00:00-00:00,2017-09-03,3,0,BAYSHOR2_1_N001,BAYSHOR2_1_N001,BAYSHOR2_1_N001,DAM,LMP,LMP_PRC,BAYSHOR2_1_N001,ALL,1,38.52588,41
2017-09-03T08:00:00-00:00,2017-09-03T09:00:00-00:00,2017-09-03,2,0,BAYSHOR2_1_N001,BAYSHOR2_1_N001,BAYSHOR2_1_N001,DAM,LMP,LMP_PRC,BAYSHOR2_1_N001,ALL,1,41.03482,41
2017-09-03T19:00:00-00:00,2017-09-03T20:00:00-00:00,2017-09-03,13,0,BAYSHOR2_1_N001,BAYSHOR2_1_N001,BAYSHOR2_1_N001,DAM,LMP,LMP_PRC,BAYSHOR2_1_N001,ALL,1,50.17396,41
2017-09-04T02:00:00-00:00,2017-09-04T03:00:00-00:00,2017-09-03,20,0,BAYSHOR2_1_N001,BAYSHOR2_1_N001,BAYSHOR2_1_N001,DAM,LMP,LMP_PRC,BAYSHOR2_1_N001,ALL,1,96.82994,41
2017-09-04T04:00:00-00:00,2017-09-04T05:00:00-00:00,2017-09-03,22,0,BAYSHOR2_1_N001,BAYSHOR2_1_N001,BAYSHOR2_1_N001,DAM,MCC,LMP_CONG_PRC,BAYSHOR2_1_N001,ALL,1,-0.43299,42
2017-09-03T13:00:00-00:00,2017-09-03T14:00:00-00:00,2017-09-03,7,0,BAYSHOR2_1_N001,BAYSHOR2_1_N001,BAYSHOR2_1_N001,DAM,MCC,LMP_CONG_PRC,BAYSHOR2_1_N001,ALL,1,0,42
2017-09-03T12:00:00-00:00,2017-09-03T13:00:00-00:00,2017-09-03,6,0,BAYSHOR2_1_N001,BAYSHOR2_1_N001,BAYSHOR2_1_N001,DAM,MCC,LMP_CONG_PRC,BAYSHOR2_1_N001,ALL,1,-0.87949,42
2017-09-03T08:00:00-00:00,2017-09-03T09:00:00-00:00,2017-09-03,2,0,BAYSHOR2_1_N001,BAYSHOR2_1_N001,BAYSHOR2_1_N001,DAM,MCC,LMP_CONG_PRC,BAYSHOR2_1_N001,ALL,1,0,42
2017-09-04T00:00:00-00:00,2017-09-04T01:00:00-00:00,2017-09-03,18,0,BAYSHOR2_1_N001,BAYSHOR2_1_N001,BAYSHOR2_1_N001,DAM,MCC,LMP_CONG_PRC,BAYSHOR2_1_N001,ALL,1,0,42
2017-09-04T03:00:00-00:00,2017-09-04T04:00:00-00:00,2017-09-03,21,0,BAYSHOR2_1_N001,BAYSHOR2_1_N001,BAYSHOR2_1_N001,DAM,MCC,LMP_CONG_PRC,BAYSHOR2_1_N001,ALL,1,0,42
2017-09-03T14:00:00-00:00,2017-09-03T15:00:00-00:00,2017-09-03,8,0,BAYSHOR2_1_N001,BAYSHOR2_1_N001,BAYSHOR2_1_N001,DAM,MCC,LMP_CONG_PRC,BAYSHOR2_1_N001,ALL,1,-0.39638,42
2017-09-03T21:00:00-00:00,2017-09-03T22:00:00-00:00,2017-09-03,15,0,BAYSHOR2_1_N001,BAYSHOR2_1_N001,BAYSHOR2_1_N001,DAM,MCC,LMP_CONG_PRC,BAYSHOR2_1_N001,ALL,1,0,42
2017-09-03T20:00:00-00:00,2017-09-03T21:00:00-00:00,2017-09-03,14,0,BAYSHOR2_1_N001,BAYSHOR2_1_N001,BAYSHOR2_1_N001,DAM,MCC,LMP_CONG_PRC,BAYSHOR2_1_N001,ALL,1,0,42
2017-09-03T19:00:00-00:00,2017-09-03T20:00:00-00:00,2017-09-03,13,0,BAYSHOR2_1_N001,BAYSHOR2_1_N001,BAYSHOR2_1_N001,DAM,MCC,LMP_CONG_PRC,BAYSHOR2_1_N001,ALL,1,0,42
2017-09-03T09:00:00-00:00,2017-09-03T10:00:00-00:00,2017-09-03,3,0,BAYSHOR2_1_N001,BAYSHOR2_1_N001,BAYSHOR2_1_N001,DAM,MCC,LMP_CONG_PRC,BAYSHOR2_1_N001,ALL,1,0,42
2017-09-03T17:00:00-00:00,2017-09-03T18:00:00-00:00,2017-09-03,11,0,BAYSHOR2_1_N001,BAYSHOR2_1_N001,BAYSHOR2_1_N001,DAM,MCC,LMP_CONG_PRC,BAYSHOR2_1_N001,ALL,1,0,42
2017-09-03T18:00:00-00:00,2017-09-03T19:00:00-00:00,2017-09-03,12,0,BAYSHOR2_1_N001,BAYSHOR2_1_N001,BAYSHOR2_1_N001,DAM,MCC,LMP_CONG_PRC,BAYSHOR2_1_N001,ALL,1,0,42
2017-09-03T23:00:00-00:00,2017-09-04T00:00:00-00:00,2017-09-03,17,0,BAYSHOR2_1_N001,BAYSHOR2_1_N001,BAYSHOR2_1_N001,DAM,MCC,LMP_CONG_PRC,BAYSHOR2_1_N001,ALL,1,0,42
2017-09-04T06:00:00-00:00,2017-09-04T07:00:00-00:00,2017-09-03,24,0,BAYSHOR2_1_N001,BAYSHOR2_1_N001,BAYSHOR2_1_N001,DAM,MCC,LMP_CONG_PRC,BAYSHOR2_1_N001,ALL,1,0,42
2017-09-04T05:00:00-00:00,2017-09-04T06:00:00-00:00,2017-09-03,23,0,BAYSHOR2_1_N001,BAYSHOR2_1_N001,BAYSHOR2_1_N001,DAM,MCC,LMP_CONG_PRC,BAYSHOR2_1_N001,ALL,1,-1.06843,42
2017-09-04T02:00:00-00:00,2017-09-04T03:00:00-00:00,2017-09-03,20,0,BAYSHOR2_1_N001,BAYSHOR2_1_N001,BAYSHOR2_1_N001,DAM,MCC,LMP_CONG_PRC,BAYSHOR2_1_N001,ALL,1,0,42
2017-09-03T10:00:00-00:00,2017-09-03T11:00:00-00:00,2017-09-03,4,0,BAYSHOR2_1_N001,BAYSHOR2_1_N001,BAYSHOR2_1_N001,DAM,MCC,LMP_CONG_PRC,BAYSHOR2_1_N001,ALL,1,0,42
2017-09-03T22:00:00-00:00,2017-09-03T23:00:00-00:00,2017-09-03,16,0,BAYSHOR2_1_N001,BAYSHOR2_1_N001,BAYSHOR2_1_N001,DAM,MCC,LMP_CONG_PRC,BAYSHOR2_1_N001,ALL,1,0,42
2017-09-03T11:00:00-00:00,2017-09-03T12:00:00-00:00,2017-09-03,5,0,BAYSHOR2_1_N001,BAYSHOR2_1_N001,BAYSHOR2_1_N001,DAM,MCC,LMP_CONG_PRC,BAYSHOR2_1_N001,ALL,1,0,42
2017-09-03T07:00:00-00:00,2017-09-03T08:00:00-00:00,2017-09-03,1,0,BAYSHOR2_1_N001,BAYSHOR2_1_N001,BAYSHOR2_1_N001,DAM,MCC,LMP_CONG_PRC,BAYSHOR2_1_N001,ALL,1,-0.98251,42
2017-09-03T16:00:00-00:00,2017-09-03T17:00:00-00:00,2017-09-03,10,0,BAYSHOR2_1_N001,BAYSHOR2_1_N001,BAYSHOR2_1_N001,DAM,MCC,LMP_CONG_PRC,BAYSHOR2_1_N001,ALL,1,0,42
2017-09-04T01:00:00-00:00,2017-09-04T02:00:00-00:00,2017-09-03,19,0,BAYSHOR2_1_N001,BAYSHOR2_1_N001,BAYSHOR2_1_N001,DAM,MCC,LMP_CONG_PRC,BAYSHOR2_1_N001,ALL,1,0,42
2017-09-03T15:00:00-00:00,2017-09-03T16:00:00-00:00,2017-09-03,9,0,BAYSHOR2_1_N001,BAYSHOR2_1_N001,BAYSHOR2_1_N001,DAM,MCC,LMP_CONG_PRC,BAYSHOR2_1_N001,ALL,1,0,42
2017-09-03T08:00:00-00:00,2017-09-03T09:00:00-00:00,2017-09-03,2,0,BAYSHOR2_1_N001,BAYSHOR2_1_N001,BAYSHOR2_1_N001,DAM,MCE,LMP_ENE_PRC,BAYSHOR2_1_N001,ALL,1,40.05742,43
2017-09-04T04:00:00-00:00,2017-09-04T05:00:00-00:00,2017-09-03,22,0,BAYSHOR2_1_N001,BAYSHOR2_1_N001,BAYSHOR2_1_N001,DAM,MCE,LMP_ENE_PRC,BAYSHOR2_1_N001,ALL,1,54.62968,43
2017-09-04T05:00:00-00:00,2017-09-04T06:00:00-00:00,2017-09-03,23,0,BAYSHOR2_1_N001,BAYSHOR2_1_N001,BAYSHOR2_1_N001,DAM,MCE,LMP_ENE_PRC,BAYSHOR2_1_N001,ALL,1,49.2172,43
2017-09-03T15:00:00-00:00,2017-09-03T16:00:00-00:00,2017-09-03,9,0,BAYSHOR2_1_N001,BAYSHOR2_1_N001,BAYSHOR2_1_N001,DAM,MCE,LMP_ENE_PRC,BAYSHOR2_1_N001,ALL,1,30.49422,43
2017-09-03T07:00:00-00:00,2017-09-03T08:00:00-00:00,2017-09-03,1,0,BAYSHOR2_1_N001,BAYSHOR2_1_N001,BAYSHOR2_1_N001,DAM,MCE,LMP_ENE_PRC,BAYSHOR2_1_N001,ALL,1,44.19258,43
2017-09-03T09:00:00-00:00,2017-09-03T10:00:00-00:00,2017-09-03,3,0,BAYSHOR2_1_N001,BAYSHOR2_1_N001,BAYSHOR2_1_N001,DAM,MCE,LMP_ENE_PRC,BAYSHOR2_1_N001,ALL,1,37.70762,43
2017-09-03T10:00:00-00:00,2017-09-03T11:00:00-00:00,2017-09-03,4,0,BAYSHOR2_1_N001,BAYSHOR2_1_N001,BAYSHOR2_1_N001,DAM,MCE,LMP_ENE_PRC,BAYSHOR2_1_N001,ALL,1,35.21486,43
2017-09-04T02:00:00-00:00,2017-09-04T03:00:00-00:00,2017-09-03,20,0,BAYSHOR2_1_N001,BAYSHOR2_1_N001,BAYSHOR2_1_N001,DAM,MCE,LMP_ENE_PRC,BAYSHOR2_1_N001,ALL,1,93.50129,43
2017-09-04T06:00:00-00:00,2017-09-04T07:00:00-00:00,2017-09-03,24,0,BAYSHOR2_1_N001,BAYSHOR2_1_N001,BAYSHOR2_1_N001,DAM,MCE,LMP_ENE_PRC,BAYSHOR2_1_N001,ALL,1,43.34239,43
2017-09-03T20:00:00-00:00,2017-09-03T21:00:00-00:00,2017-09-03,14,0,BAYSHOR2_1_N001,BAYSHOR2_1_N001,BAYSHOR2_1_N001,DAM,MCE,LMP_ENE_PRC,BAYSHOR2_1_N001,ALL,1,50.51267,43
2017-09-03T16:00:00-00:00,2017-09-03T17:00:00-00:00,2017-09-03,10,0,BAYSHOR2_1_N001,BAYSHOR2_1_N001,BAYSHOR2_1_N001,DAM,MCE,LMP_ENE_PRC,BAYSHOR2_1_N001,ALL,1,30.4878,43
2017-09-03T18:00:00-00:00,2017-09-03T19:00:00-00:00,2017-09-03,12,0,BAYSHOR2_1_N001,BAYSHOR2_1_N001,BAYSHOR2_1_N001,DAM,MCE,LMP_ENE_PRC,BAYSHOR2_1_N001,ALL,1,40.36302,43
2017-09-03T19:00:00-00:00,2017-09-03T20:00:00-00:00,2017-09-03,13,0,BAYSHOR2_1_N001,BAYSHOR2_1_N001,BAYSHOR2_1_N001,DAM,MCE,LMP_ENE_PRC,BAYSHOR2_1_N001,ALL,1,47.67575,43
2017-09-03T23:00:00-00:00,2017-09-04T00:00:00-00:00,2017-09-03,17,0,BAYSHOR2_1_N001,BAYSHOR2_1_N001,BAYSHOR2_1_N001,DAM,MCE,LMP_ENE_PRC,BAYSHOR2_1_N001,ALL,1,66.67005,43
2017-09-03T17:00:00-00:00,2017-09-03T18:00:00-00:00,2017-09-03,11,0,BAYSHOR2_1_N001,BAYSHOR2_1_N001,BAYSHOR2_1_N001,DAM,MCE,LMP_ENE_PRC,BAYSHOR2_1_N001,ALL,1,36.00208,43
2017-09-04T00:00:00-00:00,2017-09-04T01:00:00-00:00,2017-09-03,18,0,BAYSHOR2_1_N001,BAYSHOR2_1_N001,BAYSHOR2_1_N001,DAM,MCE,LMP_ENE_PRC,BAYSHOR2_1_N001,ALL,1,72.46377,43
2017-09-04T01:00:00-00:00,2017-09-04T02:00:00-00:00,2017-09-03,19,0,BAYSHOR2_1_N001,BAYSHOR2_1_N001,BAYSHOR2_1_N001,DAM,MCE,LMP_ENE_PRC,BAYSHOR2_1_N001,ALL,1,114.26954,43
2017-09-03T21:00:00-00:00,2017-09-03T22:00:00-00:00,2017-09-03,15,0,BAYSHOR2_1_N001,BAYSHOR2_1_N001,BAYSHOR2_1_N001,DAM,MCE,LMP_ENE_PRC,BAYSHOR2_1_N001,ALL,1,55.506,43
2017-09-03T12:00:00-00:00,2017-09-03T13:00:00-00:00,2017-09-03,6,0,BAYSHOR2_1_N001,BAYSHOR2_1_N001,BAYSHOR2_1_N001,DAM,MCE,LMP_ENE_PRC,BAYSHOR2_1_N001,ALL,1,34.22691,43
2017-09-03T22:00:00-00:00,2017-09-03T23:00:00-00:00,2017-09-03,16,0,BAYSHOR2_1_N001,BAYSHOR2_1_N001,BAYSHOR2_1_N001,DAM,MCE,LMP_ENE_PRC,BAYSHOR2_1_N001,ALL,1,59.45853,43
2017-09-03T11:00:00-00:00,2017-09-03T12:00:00-00:00,2017-09-03,5,0,BAYSHOR2_1_N001,BAYSHOR2_1_N001,BAYSHOR2_1_N001,DAM,MCE,LMP_ENE_PRC,BAYSHOR2_1_N001,ALL,1,34.9892,43
2017-09-03T13:00:00-00:00,2017-09-03T14:00:00-00:00,2017-09-03,7,0,BAYSHOR2_1_N001,BAYSHOR2_1_N001,BAYSHOR2_1_N001,DAM,MCE,LMP_ENE_PRC,BAYSHOR2_1_N001,ALL,1,34.73286,43
2017-09-03T14:00:00-00:00,2017-09-03T15:00:00-00:00,2017-09-03,8,0,BAYSHOR2_1_N001,BAYSHOR2_1_N001,BAYSHOR2_1_N001,DAM,MCE,LMP_ENE_PRC,BAYSHOR2_1_N001,ALL,1,31.58817,43
2017-09-04T03:00:00-00:00,2017-09-04T04:00:00-00:00,2017-09-03,21,0,BAYSHOR2_1_N001,BAYSHOR2_1_N001,BAYSHOR2_1_N001,DAM,MCE,LMP_ENE_PRC,BAYSHOR2_1_N001,ALL,1,66.54844,43
2017-09-04T04:00:00-00:00,2017-09-04T05:00:00-00:00,2017-09-03,22,0,BAYSHOR2_1_N001,BAYSHOR2_1_N001,BAYSHOR2_1_N001,DAM,MCL,LMP_LOSS_PRC,BAYSHOR2_1_N001,ALL,1,1.15815,44
2017-09-03T21:00:00-00:00,2017-09-03T22:00:00-00:00,2017-09-03,15,0,BAYSHOR2_1_N001,BAYSHOR2_1_N001,BAYSHOR2_1_N001,DAM,MCL,LMP_LOSS_PRC,BAYSHOR2_1_N001,ALL,1,2.43116,44
2017-09-03T23:00:00-00:00,2017-09-04T00:00:00-00:00,2017-09-03,17,0,BAYSHOR2_1_N001,BAYSHOR2_1_N001,BAYSHOR2_1_N001,DAM,MCL,LMP_LOSS_PRC,BAYSHOR2_1_N001,ALL,1,3.41351,44
2017-09-03T13:00:00-00:00,2017-09-03T14:00:00-00:00,2017-09-03,7,0,BAYSHOR2_1_N001,BAYSHOR2_1_N001,BAYSHOR2_1_N001,DAM,MCL,LMP_LOSS_PRC,BAYSHOR2_1_N001,ALL,1,0.56962,44
2017-09-04T02:00:00-00:00,2017-09-04T03:00:00-00:00,2017-09-03,20,0,BAYSHOR2_1_N001,BAYSHOR2_1_N001,BAYSHOR2_1_N001,DAM,MCL,LMP_LOSS_PRC,BAYSHOR2_1_N001,ALL,1,3.32865,44
2017-09-03T19:00:00-00:00,2017-09-03T20:00:00-00:00,2017-09-03,13,0,BAYSHOR2_1_N001,BAYSHOR2_1_N001,BAYSHOR2_1_N001,DAM,MCL,LMP_LOSS_PRC,BAYSHOR2_1_N001,ALL,1,2.49821,44
2017-09-04T00:00:00-00:00,2017-09-04T01:00:00-00:00,2017-09-03,18,0,BAYSHOR2_1_N001,BAYSHOR2_1_N001,BAYSHOR2_1_N001,DAM,MCL,LMP_LOSS_PRC,BAYSHOR2_1_N001,ALL,1,3.66667,44
2017-09-03T09:00:00-00:00,2017-09-03T10:00:00-00:00,2017-09-03,3,0,BAYSHOR2_1_N001,BAYSHOR2_1_N001,BAYSHOR2_1_N001,DAM,MCL,LMP_LOSS_PRC,BAYSHOR2_1_N001,ALL,1,0.81826,44
2017-09-03T12:00:00-00:00,2017-09-03T13:00:00-00:00,2017-09-03,6,0,BAYSHOR2_1_N001,BAYSHOR2_1_N001,BAYSHOR2_1_N001,DAM,MCL,LMP_LOSS_PRC,BAYSHOR2_1_N001,ALL,1,0.60924,44
2017-09-03T20:00:00-00:00,2017-09-03T21:00:00-00:00,2017-09-03,14,0,BAYSHOR2_1_N001,BAYSHOR2_1_N001,BAYSHOR2_1_N001,DAM,MCL,LMP_LOSS_PRC,BAYSHOR2_1_N001,ALL,1,1.99525,44
2017-09-03T14:00:00-00:00,2017-09-03T15:00:00-00:00,2017-09-03,8,0,BAYSHOR2_1_N001,BAYSHOR2_1_N001,BAYSHOR2_1_N001,DAM,MCL,LMP_LOSS_PRC,BAYSHOR2_1_N001,ALL,1,0.78339,44
2017-09-03T15:00:00-00:00,2017-09-03T16:00:00-00:00,2017-09-03,9,0,BAYSHOR2_1_N001,BAYSHOR2_1_N001,BAYSHOR2_1_N001,DAM,MCL,LMP_LOSS_PRC,BAYSHOR2_1_N001,ALL,1,1.049,44
2017-09-03T22:00:00-00:00,2017-09-03T23:00:00-00:00,2017-09-03,16,0,BAYSHOR2_1_N001,BAYSHOR2_1_N001,BAYSHOR2_1_N001,DAM,MCL,LMP_LOSS_PRC,BAYSHOR2_1_N001,ALL,1,2.54483,44
2017-09-04T01:00:00-00:00,2017-09-04T02:00:00-00:00,2017-09-03,19,0,BAYSHOR2_1_N001,BAYSHOR2_1_N001,BAYSHOR2_1_N001,DAM,MCL,LMP_LOSS_PRC,BAYSHOR2_1_N001,ALL,1,4.75361,44
2017-09-03T11:00:00-00:00,2017-09-03T12:00:00-00:00,2017-09-03,5,0,BAYSHOR2_1_N001,BAYSHOR2_1_N001,BAYSHOR2_1_N001,DAM,MCL,LMP_LOSS_PRC,BAYSHOR2_1_N001,ALL,1,0.72428,44
2017-09-04T03:00:00-00:00,2017-09-04T04:00:00-00:00,2017-09-03,21,0,BAYSHOR2_1_N001,BAYSHOR2_1_N001,BAYSHOR2_1_N001,DAM,MCL,LMP_LOSS_PRC,BAYSHOR2_1_N001,ALL,1,2.33585,44
2017-09-04T05:00:00-00:00,2017-09-04T06:00:00-00:00,2017-09-03,23,0,BAYSHOR2_1_N001,BAYSHOR2_1_N001,BAYSHOR2_1_N001,DAM,MCL,LMP_LOSS_PRC,BAYSHOR2_1_N001,ALL,1,1.74229,44
2017-09-04T06:00:00-00:00,2017-09-04T07:00:00-00:00,2017-09-03,24,0,BAYSHOR2_1_N001,BAYSHOR2_1_N001,BAYSHOR2_1_N001,DAM,MCL,LMP_LOSS_PRC,BAYSHOR2_1_N001,ALL,1,1.72069,44
2017-09-03T17:00:00-00:00,2017-09-03T18:00:00-00:00,2017-09-03,11,0,BAYSHOR2_1_N001,BAYSHOR2_1_N001,BAYSHOR2_1_N001,DAM,MCL,LMP_LOSS_PRC,BAYSHOR2_1_N001,ALL,1,1.7461,44
2017-09-03T07:00:00-00:00,2017-09-03T08:00:00-00:00,2017-09-03,1,0,BAYSHOR2_1_N001,BAYSHOR2_1_N001,BAYSHOR2_1_N001,DAM,MCL,LMP_LOSS_PRC,BAYSHOR2_1_N001,ALL,1,0.98108,44
2017-09-03T08:00:00-00:00,2017-09-03T09:00:00-00:00,2017-09-03,2,0,BAYSHOR2_1_N001,BAYSHOR2_1_N001,BAYSHOR2_1_N001,DAM,MCL,LMP_LOSS_PRC,BAYSHOR2_1_N001,ALL,1,0.9774,44
2017-09-03T10:00:00-00:00,2017-09-03T11:00:00-00:00,2017-09-03,4,0,BAYSHOR2_1_N001,BAYSHOR2_1_N001,BAYSHOR2_1_N001,DAM,MCL,LMP_LOSS_PRC,BAYSHOR2_1_N001,ALL,1,0.78529,44
2017-09-03T18:00:00-00:00,2017-09-03T19:00:00-00:00,2017-09-03,12,0,BAYSHOR2_1_N001,BAYSHOR2_1_N001,BAYSHOR2_1_N001,DAM,MCL,LMP_LOSS_PRC,BAYSHOR2_1_N001,ALL,1,1.79212,44
2017-09-03T16:00:00-00:00,2017-09-03T17:00:00-00:00,2017-09-03,10,0,BAYSHOR2_1_N001,BAYSHOR2_1_N001,BAYSHOR2_1_N001,DAM,MCL,LMP_LOSS_PRC,BAYSHOR2_1_N001,ALL,1,1.3689,44
2017-09-03T07:00:00-00:00,2017-09-03T08:00:00-00:00,2017-09-03,1,0,TH_NP15_GEN-APND,TH_NP15_GEN-APND,TH_NP15_GEN-APND,DAM,LMP,LMP_PRC,TH_NP15_GEN-APND,ALL_APNODES,0,42.62929,45
2017-09-03T19:00:00-00:00,2017-09-03T20:00:00-00:00,2017-09-03,13,0,TH_NP15_GEN-APND,TH_NP15_GEN-APND,TH_NP15_GEN-APND,DAM,LMP,LMP_PRC,TH_NP15_GEN-APND,ALL_APNODES,0,46.61597,45
2017-09-03T23:00:00-00:00,2017-09-04T00:00:00-00:00,2017-09-03,17,0,TH_NP15_GEN-APND,TH_NP15_GEN-APND,TH_NP15_GEN-APND,DAM,LMP,LMP_PRC,TH_NP15_GEN-APND,ALL_APNODES,0,66.09002,45
2017-09-03T18:00:00-00:00,2017-09-03T19:00:00-00:00,2017-09-03,12,0,TH_NP15_GEN-APND,TH_NP15_GEN-APND,TH_NP15_GEN-APND,DAM,LMP,LMP_PRC,TH_NP15_GEN-APND,ALL_APNODES,0,39.36777,45
2017-09-03T09:00:00-00:00,2017-09-03T10:00:00-00:00,2017-09-03,3,0,TH_NP15_GEN-APND,TH_NP15_GEN-APND,TH_NP15_GEN-APND,DAM,LMP,LMP_PRC,TH_NP15_GEN-APND,ALL_APNODES,0,36.91152,45
2017-09-03T14:00:00-00:00,2017-09-03T15:00:00-00:00,2017-09-03,8,0,TH_NP15_GEN-APND,TH_NP15_GEN-APND,TH_NP15_GEN-APND,DAM,LMP,LMP_PRC,TH_NP15_GEN-APND,ALL_APNODES,0,30.79667,45
2017-09-04T03:00:00-00:00,2017-09-04T04:00:00-00:00,2017-09-03,21,0,TH_NP15_GEN-APND,TH_NP15_GEN-APND,TH_NP15_GEN-APND,DAM,LMP,LMP_PRC,TH_NP15_GEN-APND,ALL_APNODES,0,65.29733,45
2017-09-04T06:00:00-00:00,2017-09-04T07:00:00-00:00,2017-09-03,24,0,TH_NP15_GEN-APND,TH_NP15_GEN-APND,TH_NP15_GEN-APND,DAM,LMP,LMP_PRC,TH_NP15_GEN-APND,ALL_APNODES,0,42.44245,45
2017-09-04T00:00:00-00:00,2017-09-04T01:00:00-00:00,2017-09-03,18,0,TH_NP15_GEN-APND,TH_NP15_GEN-APND,TH_NP15_GEN-APND,DAM,LMP,LMP_PRC,TH_NP15_GEN-APND,ALL_APNODES,0,71.83333,45
2017-09-04T04:00:00-00:00,2017-09-04T05:00:00-00:00,2017-09-03,22,0,TH_NP15_GEN-APND,TH_NP15_GEN-APND,TH_NP15_GEN-APND,DAM,LMP,LMP_PRC,TH_NP15_GEN-APND,ALL_APNODES,0,53.01239,45
2017-09-03T15:00:00-00:00,2017-09-03T16:00:00-00:00,2017-09-03,9,0,TH_NP15_GEN-APND,TH_NP15_GEN-APND,TH_NP15_GEN-APND,DAM,LMP,LMP_PRC,TH_NP15_GEN-APND,ALL_APNODES,0,30.03974,45
2017-09-04T01:00:00-00:00,2017-09-04T02:00:00-00:00,2017-09-03,19,0,TH_NP15_GEN-APND,TH_NP15_GEN-APND,TH_NP15_GEN-APND,DAM,LMP,LMP_PRC,TH_NP15_GEN-APND,ALL_APNODES,0,112.55549,45
2017-09-04T02:00:00-00:00,2017-09-04T03:00:00-00:00,2017-09-03,20,0,TH_NP15_GEN-APND,TH_NP15_GEN-APND,TH_NP15_GEN-APND,DAM,LMP,LMP_PRC,TH_NP15_GEN-APND,ALL_APNODES,0,91.72477,45
2017-09-03T17:00:00-00:00,2017-09-03T18:00:00-00:00,2017-09-03,11,0,TH_NP15_GEN-APND,TH_NP15_GEN-APND,TH_NP15_GEN-APND,DAM,LMP,LMP_PRC,TH_NP15_GEN-APND,ALL_APNODES,0,35.51929,45
2017-09-03T21:00:00-00:00,2017-09-03T22:00:00-00:00,2017-09-03,15,0,TH_NP15_GEN-APND,TH_NP15_GEN-APND,TH_NP15_GEN-APND,DAM,LMP,LMP_PRC,TH_NP15_GEN-APND,ALL_APNODES,0,54.55129,45
2017-09-03T08:00:00-00:00,2017-09-03T09:00:00-00:00,2017-09-03,2,0,TH_NP15_GEN-APND,TH_NP15_GEN-APND,TH_NP15_GEN-APND,DAM,LMP,LMP_PRC,TH_NP15_GEN-APND,ALL_APNODES,0,39.18494,45
2017-09-04T05:00:00-00:00,2017-09-04T06:00:00-00:00,2017-09-03,23,0,TH_NP15_GEN-APND,TH_NP15_GEN-APND,TH_NP15_GEN-APND,DAM,LMP,LMP_PRC,TH_NP15_GEN-APND,ALL_APNODES,0,47.54376,45
2017-09-03T20:00:00-00:00,2017-09-03T21:00:00-00:00,2017-09-03,14,0,TH_NP15_GEN-APND,TH_NP15_GEN-APND,TH_NP15_GEN-APND,DAM,LMP,LMP_PRC,TH_NP15_GEN-APND,ALL_APNODES,0,49.58323,45
2017-09-03T22:00:00-00:00,2017-09-03T23:00:00-00:00,2017-09-03,16,0,TH_NP15_GEN-APND,TH_NP15_GEN-APND,TH_NP15_GEN-APND,DAM,LMP,LMP_PRC,TH_NP15_GEN-APND,ALL_APNODES,0,58.53098,45
2017-09-03T10:00:00-00:00,2017-09-03T11:00:00-00:00,2017-09-03,4,0,TH_NP15_GEN-APND,TH_NP15_GEN-APND,TH_NP15_GEN-APND,DAM,LMP,LMP_PRC,TH_NP15_GEN-APND,ALL_APNODES,0,34.57931,45
2017-09-03T11:00:00-00:00,2017-09-03T12:00:00-00:00,2017-09-03,5,0,TH_NP15_GEN-APND,TH_NP15_GEN-APND,TH_NP15_GEN-APND,DAM,LMP,LMP_PRC,TH_NP15_GEN-APND,ALL_APNODES,0,34.32732,45
2017-09-03T12:00:00-00:00,2017-09-03T13:00:00-00:00,2017-09-03,6,0,TH_NP15_GEN-APND,TH_NP15_GEN-APND,TH_NP15_GEN-APND,DAM,LMP,LMP_PRC,TH_NP15_GEN-APND,ALL_APNODES,0,32.91632,45
2017-09-03T16:00:00-00:00,2017-09-03T17:00:00-00:00,2017-09-03,10,0,TH_NP15_GEN-APND,TH_NP15_GEN-APND,TH_NP15_GEN-APND,DAM,LMP,LMP_PRC,TH_NP15_GEN-APND,ALL_APNODES,0,30.06737,45
2017-09-03T13:00:00-00:00,2017-09-03T14:00:00-00:00,2017-09-03,7,0,TH_NP15_GEN-APND,TH_NP15_GEN-APND,TH_NP15_GEN-APND,DAM,LMP,LMP_PRC,TH_NP15_GEN-APND,ALL_APNODES,0,33.9494,45
2017-09-03T20:00:00-00:00,2017-09-03T21:00:00-00:00,2017-09-03,14,0,TH_NP15_GEN-APND,TH_NP15_GEN-APND,TH_NP15_GEN-APND,DAM,MCC,LMP_CONG_PRC,TH_NP15_GEN-APND,ALL_APNODES,0,0,46
2017-09-04T03:00:00-00:00,2017-09-04T04:00:00-00:00,2017-09-03,21,0,TH_NP15_GEN-APND,TH_NP15_GEN-APND,TH_NP15_GEN-APND,DAM,MCC,LMP_CONG_PRC,TH_NP15_GEN-APND,ALL_APNODES,0,0,46
2017-09-03T16:00:00-00:00,2017-09-03T17:00:00-00:00,2017-09-03,10,0,TH_NP15_GEN-APND,TH_NP15_GEN-APND,TH_NP15_GEN-APND,DAM,MCC,LMP_CONG_PRC,TH_NP15_GEN-APND,ALL_APNODES,0,0.00639,46
2017-09-03T11:00:00-00:00,2017-09-03T12:00:00-00:00,2017-09-03,5,0,TH_NP15_GEN-APND,TH_NP15_GEN-APND,TH_NP15_GEN-APND,DAM,MCC,LMP_CONG_PRC,TH_NP15_GEN-APND,ALL_APNODES,0,-0.15104,46
2017-09-03T23:00:00-00:00,2017-09-04T00:00:00-00:00,2017-09-03,17,0,TH_NP15_GEN-APND,TH_NP15_GEN-APND,TH_NP15_GEN-APND,DAM,MCC,LMP_CONG_PRC,TH_NP15_GEN-APND,ALL_APNODES,0,0,46
2017-09-03T17:00:00-00:00,2017-09-03T18:00:00-00:00,2017-09-03,11,0,TH_NP15_GEN-APND,TH_NP15_GEN-APND,TH_NP15_GEN-APND,DAM,MCC,LMP_CONG_PRC,TH_NP15_GEN-APND,ALL_APNODES,0,-0.00036,46
2017-09-04T02:00:00-00:00,2017-09-04T03:00:00-00:00,2017-09-03,20,0,TH_NP15_GEN-APND,TH_NP15_GEN-APND,TH_NP15_GEN-APND,DAM,MCC,LMP_CONG_PRC,TH_NP15_GEN-APND,ALL_APNODES,0,0,46
2017-09-04T06:00:00-00:00,2017-09-04T07:00:00-00:00,2017-09-03,24,0,TH_NP15_GEN-APND,TH_NP15_GEN-APND,TH_NP15_GEN-APND,DAM,MCC,LMP_CONG_PRC,TH_NP15_GEN-APND,ALL_APNODES,0,-0.15012,46
2017-09-03T22:00:00-00:00,2017-09-03T23:00:00-00:00,2017-09-03,16,0,TH_NP15_GEN-APND,TH_NP15_GEN-APND,TH_NP15_GEN-APND,DAM,MCC,LMP_CONG_PRC,TH_NP15_GEN-APND,ALL_APNODES,0,0,46
2017-09-03T09:00:00-00:00,2017-09-03T10:00:00-00:00,2017-09-03,3,0,TH_NP15_GEN-APND,TH_NP15_GEN-APND,TH_NP15_GEN-APND,DAM,MCC,LMP_CONG_PRC,TH_NP15_GEN-APND,ALL_APNODES,0,-0.14376,46
2017-09-03T10:00:00-00:00,2017-09-03T11:00:00-00:00,2017-09-03,4,0,TH_NP15_GEN-APND,TH_NP15_GEN-APND,TH_NP15_GEN-APND,DAM,MCC,LMP_CONG_PRC,TH_NP15_GEN-APND,ALL_APNODES,0,-0.12494,46
2017-09-04T05:00:00-00:00,2017-09-04T06:00:00-00:00,2017-09-03,23,0,TH_NP15_GEN-APND,TH_NP15_GEN-APND,TH_NP15_GEN-APND,DAM,MCC,LMP_CONG_PRC,TH_NP15_GEN-APND,ALL_APNODES,0,-0.85152,46
2017-09-04T00:00:00-00:00,2017-09-04T01:00:00-00:00,2017-09-03,18,0,TH_NP15_GEN-APND,TH_NP15_GEN-APND,TH_NP15_GEN-APND,DAM,MCC,LMP_CONG_PRC,TH_NP15_GEN-APND,ALL_APNODES,0,0,46
2017-09-03T12:00:00-00:00,2017-09-03T13:00:00-00:00,2017-09-03,6,0,TH_NP15_GEN-APND,TH_NP15_GEN-APND,TH_NP15_GEN-APND,DAM,MCC,LMP_CONG_PRC,TH_NP15_GEN-APND,ALL_APNODES,0,-0.68081,46
2017-09-04T01:00:00-00:00,2017-09-04T02:00:00-00:00,2017-09-03,19,0,TH_NP15_GEN-APND,TH_NP15_GEN-APND,TH_NP15_GEN-APND,DAM,MCC,LMP_CONG_PRC,TH_NP15_GEN-APND,ALL_APNODES,0,0,46
2017-09-03T14:00:00-00:00,2017-09-03T15:00:00-00:00,2017-09-03,8,0,TH_NP15_GEN-APND,TH_NP15_GEN-APND,TH_NP15_GEN-APND,DAM,MCC,LMP_CONG_PRC,TH_NP15_GEN-APND,ALL_APNODES,0,-0.24502,46
2017-09-04T04:00:00-00:00,2017-09-04T05:00:00-00:00,2017-09-03,22,0,TH_NP15_GEN-APND,TH_NP15_GEN-APND,TH_NP15_GEN-APND,DAM,MCC,LMP_CONG_PRC,TH_NP15_GEN-APND,ALL_APNODES,0,-0.32803,46
2017-09-03T18:00:00-00:00,2017-09-03T19:00:00-00:00,2017-09-03,12,0,TH_NP15_GEN-APND,TH_NP15_GEN-APND,TH_NP15_GEN-APND,DAM,MCC,LMP_CONG_PRC,TH_NP15_GEN-APND,ALL_APNODES,0,-0.00636,46
2017-09-03T19:00:00-00:00,2017-09-03T20:00:00-00:00,2017-09-03,13,0,TH_NP15_GEN-APND,TH_NP15_GEN-APND,TH_NP15_GEN-APND,DAM,MCC,LMP_CONG_PRC,TH_NP15_GEN-APND,ALL_APNODES,0,-0.00614,46
2017-09-03T21:00:00-00:00,2017-09-03T22:00:00-00:00,2017-09-03,15,0,TH_NP15_GEN-APND,TH_NP15_GEN-APND,TH_NP15_GEN-APND,DAM,MCC,LMP_CONG_PRC,TH_NP15_GEN-APND,ALL_APNODES,0,0,46
2017-09-03T08:00:00-00:00,2017-09-03T09:00:00-00:00,2017-09-03,2,0,TH_NP15_GEN-APND,TH_NP15_GEN-APND,TH_NP15_GEN-APND,DAM,MCC,LMP_CONG_PRC,TH_NP15_GEN-APND,ALL_APNODES,0,-0.17949,46
2017-09-03T13:00:00-00:00,2017-09-03T14:00:00-00:00,2017-09-03,7,0,TH_NP15_GEN-APND,TH_NP15_GEN-APND,TH_NP15_GEN-APND,DAM,MCC,LMP_CONG_PRC,TH_NP15_GEN-APND,ALL_APNODES,0,-0.0367,46
2017-09-03T07:00:00-00:00,2017-09-03T08:00:00-00:00,2017-09-03,1,0,TH_NP15_GEN-APND,TH_NP15_GEN-APND,TH_NP15_GEN-APND,DAM,MCC,LMP_CONG_PRC,TH_NP15_GEN-APND,ALL_APNODES,0,-0.73688,46
2017-09-03T15:00:00-00:00,2017-09-03T16:00:00-00:00,2017-09-03,9,0,TH_NP15_GEN-APND,TH_NP15_GEN-APND,TH_NP15_GEN-APND,DAM,MCC,LMP_CONG_PRC,TH_NP15_GEN-APND,ALL_APNODES,0,-0.00012,46
2017-09-04T00:00:00-00:00,2017-09-04T01:00:00-00:00,2017-09-03,18,0,TH_NP15_GEN-APND,TH_NP15_GEN-APND,TH_NP15_GEN-APND,DAM,MCE,LMP_ENE_PRC,TH_NP15_GEN-APND,ALL_APNODES,0,72.46377,47
2017-09-03T18:00:00-00:00,2017-09-03T19:00:00-00:00,2017-09-03,12,0,TH_NP15_GEN-APND,TH_NP15_GEN-APND,TH_NP15_GEN-APND,DAM,MCE,LMP_ENE_PRC,TH_NP15_GEN-APND,ALL_APNODES,0,40.36302,47
2017-09-03T14:00:00-00:00,2017-09-03T15:00:00-00:00,2017-09-03,8,0,TH_NP15_GEN-APND,TH_NP15_GEN-APND,TH_NP15_GEN-APND,DAM,MCE,LMP_ENE_PRC,TH_NP15_GEN-APND,ALL_APNODES,0,31.58817,47
2017-09-03T10:00:00-00:00,2017-09-03T11:00:00-00:00,2017-09-03,4,0,TH_NP15_GEN-APND,TH_NP15_GEN-APND,TH_NP15_GEN-APND,DAM,MCE,LMP_ENE_PRC,TH_NP15_GEN-APND,ALL_APNODES,0,35.21486,47
2017-09-03T13:00:00-00:00,2017-09-03T14:00:00-00:00,2017-09-03,7,0,TH_NP15_GEN-APND,TH_NP15_GEN-APND,TH_NP15_GEN-APND,DAM,MCE,LMP_ENE_PRC,TH_NP15_GEN-APND,ALL_APNODES,0,34.73286,47
2017-09-03T07:00:00-00:00,2017-09-03T08:00:00-00:00,2017-09-03,1,0,TH_NP15_GEN-APND,TH_NP15_GEN-APND,TH_NP15_GEN-APND,DAM,MCE,LMP_ENE_PRC,TH_NP15_GEN-APND,ALL_APNODES,0,44.19258,47
2017-09-04T04:00:00-00:00,2017-09-04T05:00:00-00:00,2017-09-03,22,0,TH_NP15_GEN-APND,TH_NP15_GEN-APND,TH_NP15_GEN-APND,DAM,MCE,LMP_ENE_PRC,TH_NP15_GEN-APND,ALL_APNODES,0,54.62968,47
2017-09-04T02:00:00-00:00,2017-09-04T03:00:00-00:00,2017-09-03,20,0,TH_NP15_GEN-APND,TH_NP15_GEN-APND,TH_NP15_GEN-APND,DAM,MCE,LMP_ENE_PRC,TH_NP15_GEN-APND,ALL_APNODES,0,93.50129,47
2017-09-03T16:00:00-00:00,2017-09-03T17:00:00-00:00,2017-09-03,10,0,TH_NP15_GEN-APND,TH_NP15_GEN-APND,TH_NP15_GEN-APND,DAM,MCE,LMP_ENE_PRC,TH_NP15_GEN-APND,ALL_APNODES,0,30.4878,47
2017-09-03T21:00:00-00:00,2017-09-03T22:00:00-00:00,2017-09-03,15,0,TH_NP15_GEN-APND,TH_NP15_GEN-APND,TH_NP15_GEN-APND,DAM,MCE,LMP_ENE_PRC,TH_NP15_GEN-APND,ALL_APNODES,0,55.506,47
2017-09-03T15:00:00-00:00,2017-09-03T16:00:00-00:00,2017-09-03,9,0,TH_NP15_GEN-APND,TH_NP15_GEN-APND,TH_NP15_GEN-APND,DAM,MCE,LMP_ENE_PRC,TH_NP15_GEN-APND,ALL_APNODES,0,30.49422,47
2017-09-04T05:00:00-00:00,2017-09-04T06:00:00-00:00,2017-09-03,23,0,TH_NP15_GEN-APND,TH_NP15_GEN-APND,TH_NP15_GEN-APND,DAM,MCE,LMP_ENE_PRC,TH_NP15_GEN-APND,ALL_APNODES,0,49.2172,47
2017-09-03T17:00:00-00:00,2017-09-03T18:00:00-00:00,2017-09-03,11,0,TH_NP15_GEN-APND,TH_NP15_GEN-APND,TH_NP15_GEN-APND,DAM,MCE,LMP_ENE_PRC,TH_NP15_GEN-APND,ALL_APNODES,0,36.00208,47
2017-09-03T09:00:00-00:00,2017-09-03T10:00:00-00:00,2017-09-03,3,0,TH_NP15_GEN-APND,TH_NP15_GEN-APND,TH_NP15_GEN-APND,DAM,MCE,LMP_ENE_PRC,TH_NP15_GEN-APND,ALL_APNODES,0,37.70762,47
2017-09-03T08:00:00-00:00,2017-09-03T09:00:00-00:00,2017-09-03,2,0,TH_NP15_GEN-APND,TH_NP15_GEN-APND,TH_NP15_GEN-APND,DAM,MCE,LMP_ENE_PRC,TH_NP15_GEN-APND,ALL_APNODES,0,40.05742,47
2017-09-03T23:00:00-00:00,2017-09-04T00:00:00-00:00,2017-09-03,17,0,TH_NP15_GEN-APND,TH_NP15_GEN-APND,TH_NP15_GEN-APND,DAM,MCE,LMP_ENE_PRC,TH_NP15_GEN-APND,ALL_APNODES,0,66.67005,47
2017-09-04T01:00:00-00:00,2017-09-04T02:00:00-00:00,2017-09-03,19,0,TH_NP15_GEN-APND,TH_NP15_GEN-APND,TH_NP15_GEN-APND,DAM,MCE,LMP_ENE_PRC,TH_NP15_GEN-APND,ALL_APNODES,0,114.26954,47
2017-09-03T12:00:00-00:00,2017-09-03T13:00:00-00:00,2017-09-03,6,0,TH_NP15_GEN-APND,TH_NP15_GEN-APND,TH_NP15_GEN-APND,DAM,MCE,LMP_ENE_PRC,TH_NP15_GEN-APND,ALL_APNODES,0,34.22691,47
2017-09-04T06:00:00-00:00,2017-09-04T07:00:00-00:00,2017-09-03,24,0,TH_NP15_GEN-APND,TH_NP15_GEN-APND,TH_NP15_GEN-APND,DAM,MCE,LMP_ENE_PRC,TH_NP15_GEN-APND,ALL_APNODES,0,43.34239,47
2017-09-03T20:00:00-00:00,2017-09-03T21:00:00-00:00,2017-09-03,14,0,TH_NP15_GEN-APND,TH_NP15_GEN-APND,TH_NP15_GEN-APND,DAM,MCE,LMP_ENE_PRC,TH_NP15_GEN-APND,ALL_APNODES,0,50.51267,47
2017-09-03T19:00:00-00:00,2017-09-03T20:00:00-00:00,2017-09-03,13,0,TH_NP15_GEN-APND,TH_NP15_GEN-APND,TH_NP15_GEN-APND,DAM,MCE,LMP_ENE_PRC,TH_NP15_GEN-APND,ALL_APNODES,0,47.67575,47
2017-09-03T11:00:00-00:00,2017-09-03T12:00:00-00:00,2017-09-03,5,0,TH_NP15_GEN-APND,TH_NP15_GEN-APND,TH_NP15_GEN-APND,DAM,MCE,LMP_ENE_PRC,TH_NP15_GEN-APND,ALL_APNODES,0,34.9892,47
2017-09-03T22:00:00-00:00,2017-09-03T23:00:00-00:00,2017-09-03,16,0,TH_NP15_GEN-APND,TH_NP15_GEN-APND,TH_NP15_GEN-APND,DAM,MCE,LMP_ENE_PRC,TH_NP15_GEN-APND,ALL_APNODES,0,59.45853,47
2017-09-04T03:00:00-00:00,2017-09-04T04:00:00-00:00,2017-09-03,21,0,TH_NP15_GEN-APND,TH_NP15_GEN-APND,TH_NP15_GEN-APND,DAM,MCE,LMP_ENE_PRC,TH_NP15_GEN-APND,ALL_APNODES,0,66.54844,47
2017-09-04T05:00:00-00:00,2017-09-04T06:00:00-00:00,2017-09-03,23,0,TH_NP15_GEN-APND,TH_NP15_GEN-APND,TH_NP15_GEN-APND,DAM,MCL,LMP_LOSS_PRC,TH_NP15_GEN-APND,ALL_APNODES,0,-0.82193,48
2017-09-03T13:00:00-00:00,2017-09-03T14:00:00-00:00,2017-09-03,7,0,TH_NP15_GEN-APND,TH_NP15_GEN-APND,TH_NP15_GEN-APND,DAM,MCL,LMP_LOSS_PRC,TH_NP15_GEN-APND,ALL_APNODES,0,-0.74676,48
2017-09-03T09:00:00-00:00,2017-09-03T10:00:00-00:00,2017-09-03,3,0,TH_NP15_GEN-APND,TH_NP15_GEN-APND,TH_NP15_GEN-APND,DAM,MCL,LMP_LOSS_PRC,TH_NP15_GEN-APND,ALL_APNODES,0,-0.65234,48
2017-09-04T00:00:00-00:00,2017-09-04T01:00:00-00:00,2017-09-03,18,0,TH_NP15_GEN-APND,TH_NP15_GEN-APND,TH_NP15_GEN-APND,DAM,MCL,LMP_LOSS_PRC,TH_NP15_GEN-APND,ALL_APNODES,0,-0.63043,48
2017-09-03T23:00:00-00:00,2017-09-04T00:00:00-00:00,2017-09-03,17,0,TH_NP15_GEN-APND,TH_NP15_GEN-APND,TH_NP15_GEN-APND,DAM,MCL,LMP_LOSS_PRC,TH_NP15_GEN-APND,ALL_APNODES,0,-0.58003,48
2017-09-04T03:00:00-00:00,2017-09-04T04:00:00-00:00,2017-09-03,21,0,TH_NP15_GEN-APND,TH_NP15_GEN-APND,TH_NP15_GEN-APND,DAM,MCL,LMP_LOSS_PRC,TH_NP15_GEN-APND,ALL_APNODES,0,-1.25111,48
2017-09-03T12:00:00-00:00,2017-09-03T13:00:00-00:00,2017-09-03,6,0,TH_NP15_GEN-APND,TH_NP15_GEN-APND,TH_NP15_GEN-APND,DAM,MCL,LMP_LOSS_PRC,TH_NP15_GEN-APND,ALL_APNODES,0,-0.62978,48
2017-09-03T11:00:00-00:00,2017-09-03T12:00:00-00:00,2017-09-03,5,0,TH_NP15_GEN-APND,TH_NP15_GEN-APND,TH_NP15_GEN-APND,DAM,MCL,LMP_LOSS_PRC,TH_NP15_GEN-APND,ALL_APNODES,0,-0.51084,48
2017-09-03T20:00:00-00:00,2017-09-03T21:00:00-00:00,2017-09-03,14,0,TH_NP15_GEN-APND,TH_NP15_GEN-APND,TH_NP15_GEN-APND,DAM,MCL,LMP_LOSS_PRC,TH_NP15_GEN-APND,ALL_APNODES,0,-0.92943,48
2017-09-03T19:00:00-00:00,2017-09-03T20:00:00-00:00,2017-09-03,13,0,TH_NP15_GEN-APND,TH_NP15_GEN-APND,TH_NP15_GEN-APND,DAM,MCL,LMP_LOSS_PRC,TH_NP15_GEN-APND,ALL_APNODES,0,-1.05363,48
2017-09-04T04:00:00-00:00,2017-09-04T05:00:00-00:00,2017-09-03,22,0,TH_NP15_GEN-APND,TH_NP15_GEN-APND,TH_NP15_GEN-APND,DAM,MCL,LMP_LOSS_PRC,TH_NP15_GEN-APND,ALL_APNODES,0,-1.28926,48
2017-09-03T14:00:00-00:00,2017-09-03T15:00:00-00:00,2017-09-03,8,0,TH_NP15_GEN-APND,TH_NP15_GEN-APND,TH_NP15_GEN-APND,DAM,MCL,LMP_LOSS_PRC,TH_NP15_GEN-APND,ALL_APNODES,0,-0.54648,48
2017-09-03T18:00:00-00:00,2017-09-03T19:00:00-00:00,2017-09-03,12,0,TH_NP15_GEN-APND,TH_NP15_GEN-APND,TH_NP15_GEN-APND,DAM,MCL,LMP_LOSS_PRC,TH_NP15_GEN-APND,ALL_APNODES,0,-0.98889,48
2017-09-03T08:00:00-00:00,2017-09-03T09:00:00-00:00,2017-09-03,2,0,TH_NP15_GEN-APND,TH_NP15_GEN-APND,TH_NP15_GEN-APND,DAM,MCL,LMP_LOSS_PRC,TH_NP15_GEN-APND,ALL_APNODES,0,-0.69299,48
2017-09-03T21:00:00-00:00,2017-09-03T22:00:00-00:00,2017-09-03,15,0,TH_NP15_GEN-APND,TH_NP15_GEN-APND,TH_NP15_GEN-APND,DAM,MCL,LMP_LOSS_PRC,TH_NP15_GEN-APND,ALL_APNODES,0,-0.9547,48
2017-09-03T17:00:00-00:00,2017-09-03T18:00:00-00:00,2017-09-03,11,0,TH_NP15_GEN-APND,TH_NP15_GEN-APND,TH_NP15_GEN-APND,DAM,MCL,LMP_LOSS_PRC,TH_NP15_GEN-APND,ALL_APNODES,0,-0.48243,48
2017-09-04T02:00:00-00:00,2017-09-04T03:00:00-00:00,2017-09-03,20,0,TH_NP15_GEN-APND,TH_NP15_GEN-APND,TH_NP15_GEN-APND,DAM,MCL,LMP_LOSS_PRC,TH_NP15_GEN-APND,ALL_APNODES,0,-1.77652,48
2017-09-03T22:00:00-00:00,2017-09-03T23:00:00-00:00,2017-09-03,16,0,TH_NP15_GEN-APND,TH_NP15_GEN-APND,TH_NP15_GEN-APND,DAM,MCL,LMP_LOSS_PRC,TH_NP15_GEN-APND,ALL_APNODES,0,-0.92755,48
2017-09-03T16:00:00-00:00,2017-09-03T17:00:00-00:00,2017-09-03,10,0,TH_NP15_GEN-APND,TH_NP15_GEN-APND,TH_NP15_GEN-APND,DAM,MCL,LMP_LOSS_PRC,TH_NP15_GEN-APND,ALL_APNODES,0,-0.42683,48
2017-09-04T01:00:00-00:00,2017-09-04T02:00:00-00:00,2017-09-03,19,0,TH_NP15_GEN-APND,TH_NP15_GEN-APND,TH_NP15_GEN-APND,DAM,MCL,LMP_LOSS_PRC,TH_NP15_GEN-APND,ALL_APNODES,0,-1.71404,48
2017-09-03T10:00:00-00:00,2017-09-03T11:00:00-00:00,2017-09-03,4,0,TH_NP15_GEN-APND,TH_NP15_GEN-APND,TH_NP15_GEN-APND,DAM,MCL,LMP_LOSS_PRC,TH_NP15_GEN-APND,ALL_APNODES,0,-0.51062,48
2017-09-03T07:00:00-00:00,2017-09-03T08:00:00-00:00,2017-09-03,1,0,TH_NP15_GEN-APND,TH_NP15_GEN-APND,TH_NP15_GEN-APND,DAM,MCL,LMP_LOSS_PRC,TH_NP15_GEN-APND,ALL_APNODES,0,-0.8264,48
2017-09-04T06:00:00-00:00,2017-09-04T07:00:00-00:00,2017-09-03,24,0,TH_NP15_GEN-APND,TH_NP15_GEN-APND,TH_NP15_GEN-APND,DAM,MCL,LMP_LOSS_PRC,TH_NP15_GEN-APND,ALL_APNODES,0,-0.74982,48
2017-09-03T15:00:00-00:00,2017-09-03T16:00:00-00:00,2017-09-03,9,0,TH_NP15_GEN-APND,TH_NP15_GEN-APND,TH_NP15_GEN-APND,DAM,MCL,LMP_LOSS_PRC,TH_NP15_GEN-APND,ALL_APNODES,0,-0.45436,48
2017-09-03T16:00:00-00:00,2017-09-03T17:00:00-00:00,2017-09-03,10,0,TH_SP15_GEN-APND,TH_SP15_GEN-APND,TH_SP15_GEN-APND,DAM,LMP,LMP_PRC,TH_SP15_GEN-APND,ALL_APNODES,0,29.48603,49
2017-09-03T14:00:00-00:00,2017-09-03T15:00:00-00:00,2017-09-03,8,0,TH_SP15_GEN-APND,TH_SP15_GEN-APND,TH_SP15_GEN-APND,DAM,LMP,LMP_PRC,TH_SP15_GEN-APND,ALL_APNODES,0,30.69885,49
2017-09-03T21:00:00-00:00,2017-09-03T22:00:00-00:00,2017-09-03,15,0,TH_SP15_GEN-APND,TH_SP15_GEN-APND,TH_SP15_GEN-APND,DAM,LMP,LMP_PRC,TH_SP15_GEN-APND,ALL_APNODES,0,53.27466,49
2017-09-03T22:00:00-00:00,2017-09-03T23:00:00-00:00,2017-09-03,16,0,TH_SP15_GEN-APND,TH_SP15_GEN-APND,TH_SP15_GEN-APND,DAM,LMP,LMP_PRC,TH_SP15_GEN-APND,ALL_APNODES,0,56.8483,49
2017-09-03T11:00:00-00:00,2017-09-03T12:00:00-00:00,2017-09-03,5,0,TH_SP15_GEN-APND,TH_SP15_GEN-APND,TH_SP15_GEN-APND,DAM,LMP,LMP_PRC,TH_SP15_GEN-APND,ALL_APNODES,0,33.92903,49
2017-09-04T05:00:00-00:00,2017-09-04T06:00:00-00:00,2017-09-03,23,0,TH_SP15_GEN-APND,TH_SP15_GEN-APND,TH_SP15_GEN-APND,DAM,LMP,LMP_PRC,TH_SP15_GEN-APND,ALL_APNODES,0,47.25836,49
2017-09-03T23:00:00-00:00,2017-09-04T00:00:00-00:00,2017-09-03,17,0,TH_SP15_GEN-APND,TH_SP15_GEN-APND,TH_SP15_GEN-APND,DAM,LMP,LMP_PRC,TH_SP15_GEN-APND,ALL_APNODES,0,63.34988,49
2017-09-03T09:00:00-00:00,2017-09-03T10:00:00-00:00,2017-09-03,3,0,TH_SP15_GEN-APND,TH_SP15_GEN-APND,TH_SP15_GEN-APND,DAM,LMP,LMP_PRC,TH_SP15_GEN-APND,ALL_APNODES,0,36.47081,49
2017-09-03T15:00:00-00:00,2017-09-03T16:00:00-00:00,2017-09-03,9,0,TH_SP15_GEN-APND,TH_SP15_GEN-APND,TH_SP15_GEN-APND,DAM,LMP,LMP_PRC,TH_SP15_GEN-APND,ALL_APNODES,0,29.56822,49
2017-09-03T19:00:00-00:00,2017-09-03T20:00:00-00:00,2017-09-03,13,0,TH_SP15_GEN-APND,TH_SP15_GEN-APND,TH_SP15_GEN-APND,DAM,LMP,LMP_PRC,TH_SP15_GEN-APND,ALL_APNODES,0,45.88,49
2017-09-03T10:00:00-00:00,2017-09-03T11:00:00-00:00,2017-09-03,4,0,TH_SP15_GEN-APND,TH_SP15_GEN-APND,TH_SP15_GEN-APND,DAM,LMP,LMP_PRC,TH_SP15_GEN-APND,ALL_APNODES,0,34.15137,49
2017-09-04T02:00:00-00:00,2017-09-04T03:00:00-00:00,2017-09-03,20,0,TH_SP15_GEN-APND,TH_SP15_GEN-APND,TH_SP15_GEN-APND,DAM,LMP,LMP_PRC,TH_SP15_GEN-APND,ALL_APNODES,0,89.84539,49
2017-09-04T03:00:00-00:00,2017-09-04T04:00:00-00:00,2017-09-03,21,0,TH_SP15_GEN-APND,TH_SP15_GEN-APND,TH_SP15_GEN-APND,DAM,LMP,LMP_PRC,TH_SP15_GEN-APND,ALL_APNODES,0,63.79999,49
2017-09-04T04:00:00-00:00,2017-09-04T05:00:00-00:00,2017-09-03,22,0,TH_SP15_GEN-APND,TH_SP15_GEN-APND,TH_SP15_GEN-APND,DAM,LMP,LMP_PRC,TH_SP15_GEN-APND,ALL_APNODES,0,52.65208,49
2017-09-03T13:00:00-00:00,2017-09-03T14:00:00-00:00,2017-09-03,7,0,TH_SP15_GEN-APND,TH_SP15_GEN-APND,TH_SP15_GEN-APND,DAM,LMP,LMP_PRC,TH_SP15_GEN-APND,ALL_APNODES,0,33.89927,49
2017-09-04T01:00:00-00:00,2017-09-04T02:00:00-00:00,2017-09-03,19,0,TH_SP15_GEN-APND,TH_SP15_GEN-APND,TH_SP15_GEN-APND,DAM,LMP,LMP_PRC,TH_SP15_GEN-APND,ALL_APNODES,0,109.47022,49
2017-09-04T00:00:00-00:00,2017-09-04T01:00:00-00:00,2017-09-03,18,0,TH_SP15_GEN-APND,TH_SP15_GEN-APND,TH_SP15_GEN-APND,DAM,LMP,LMP_PRC,TH_SP15_GEN-APND,ALL_APNODES,0,68.7971,49
2017-09-03T08:00:00-00:00,2017-09-03T09:00:00-00:00,2017-09-03,2,0,TH_SP15_GEN-APND,TH_SP15_GEN-APND,TH_SP15_GEN-APND,DAM,LMP,LMP_PRC,TH_SP15_GEN-APND,ALL_APNODES,0,38.70748,49
2017-09-03T12:00:00-00:00,2017-09-03T13:00:00-00:00,2017-09-03,6,0,TH_SP15_GEN-APND,TH_SP15_GEN-APND,TH_SP15_GEN-APND,DAM,LMP,LMP_PRC,TH_SP15_GEN-APND,ALL_APNODES,0,33.29594,49
2017-09-04T06:00:00-00:00,2017-09-04T07:00:00-00:00,2017-09-03,24,0,TH_SP15_GEN-APND,TH_SP15_GEN-APND,TH_SP15_GEN-APND,DAM,LMP,LMP_PRC,TH_SP15_GEN-APND,ALL_APNODES,0,41.65183,49
2017-09-03T17:00:00-00:00,2017-09-03T18:00:00-00:00,2017-09-03,11,0,TH_SP15_GEN-APND,TH_SP15_GEN-APND,TH_SP15_GEN-APND,DAM,LMP,LMP_PRC,TH_SP15_GEN-APND,ALL_APNODES,0,34.63046,49
2017-09-03T18:00:00-00:00,2017-09-03T19:00:00-00:00,2017-09-03,12,0,TH_SP15_GEN-APND,TH_SP15_GEN-APND,TH_SP15_GEN-APND,DAM,LMP,LMP_PRC,TH_SP15_GEN-APND,ALL_APNODES,0,39.03253,49
2017-09-03T07:00:00-00:00,2017-09-03T08:00:00-00:00,2017-09-03,1,0,TH_SP15_GEN-APND,TH_SP15_GEN-APND,TH_SP15_GEN-APND,DAM,LMP,LMP_PRC,TH_SP15_GEN-APND,ALL_APNODES,0,42.72096,49
2017-09-03T20:00:00-00:00,2017-09-03T21:00:00-00:00,2017-09-03,14,0,TH_SP15_GEN-APND,TH_SP15_GEN-APND,TH_SP15_GEN-APND,DAM,LMP,LMP_PRC,TH_SP15_GEN-APND,ALL_APNODES,0,48.58308,49
2017-09-03T17:00:00-00:00,2017-09-03T18:00:00-00:00,2017-09-03,11,0,TH_SP15_GEN-APND,TH_SP15_GEN-APND,TH_SP15_GEN-APND,DAM,MCC,LMP_CONG_PRC,TH_SP15_GEN-APND,ALL_APNODES,0,0.00006,50
2017-09-04T02:00:00-00:00,2017-09-04T03:00:00-00:00,2017-09-03,20,0,TH_SP15_GEN-APND,TH_SP15_GEN-APND,TH_SP15_GEN-APND,DAM,MCC,LMP_CONG_PRC,TH_SP15_GEN-APND,ALL_APNODES,0,0,50
2017-09-03T19:00:00-00:00,2017-09-03T20:00:00-00:00,2017-09-03,13,0,TH_SP15_GEN-APND,TH_SP15_GEN-APND,TH_SP15_GEN-APND,DAM,MCC,LMP_CONG_PRC,TH_SP15_GEN-APND,ALL_APNODES,0,0.00162,50
2017-09-03T09:00:00-00:00,2017-09-03T10:00:00-00:00,2017-09-03,3,0,TH_SP15_GEN-APND,TH_SP15_GEN-APND,TH_SP15_GEN-APND,DAM,MCC,LMP_CONG_PRC,TH_SP15_GEN-APND,ALL_APNODES,0,0,50
2017-09-03T11:00:00-00:00,2017-09-03T12:00:00-00:00,2017-09-03,5,0,TH_SP15_GEN-APND,TH_SP15_GEN-APND,TH_SP15_GEN-APND,DAM,MCC,LMP_CONG_PRC,TH_SP15_GEN-APND,ALL_APNODES,0,0,50
2017-09-03T22:00:00-00:00,2017-09-03T23:00:00-00:00,2017-09-03,16,0,TH_SP15_GEN-APND,TH_SP15_GEN-APND,TH_SP15_GEN-APND,DAM,MCC,LMP_CONG_PRC,TH_SP15_GEN-APND,ALL_APNODES,0,0,50
2017-09-03T23:00:00-00:00,2017-09-04T00:00:00-00:00,2017-09-03,17,0,TH_SP15_GEN-APND,TH_SP15_GEN-APND,TH_SP15_GEN-APND,DAM,MCC,LMP_CONG_PRC,TH_SP15_GEN-APND,ALL_APNODES,0,0,50
2017-09-04T00:00:00-00:00,2017-09-04T01:00:00-00:00,2017-09-03,18,0,TH_SP15_GEN-APND,TH_SP15_GEN-APND,TH_SP15_GEN-APND,DAM,MCC,LMP_CONG_PRC,TH_SP15_GEN-APND,ALL_APNODES,0,0,50
2017-09-03T07:00:00-00:00,2017-09-03T08:00:00-00:00,2017-09-03,1,0,TH_SP15_GEN-APND,TH_SP15_GEN-APND,TH_SP15_GEN-APND,DAM,MCC,LMP_CONG_PRC,TH_SP15_GEN-APND,ALL_APNODES,0,0,50
2017-09-03T12:00:00-00:00,2017-09-03T13:00:00-00:00,2017-09-03,6,0,TH_SP15_GEN-APND,TH_SP15_GEN-APND,TH_SP15_GEN-APND,DAM,MCC,LMP_CONG_PRC,TH_SP15_GEN-APND,ALL_APNODES,0,0,50
2017-09-03T15:00:00-00:00,2017-09-03T16:00:00-00:00,2017-09-03,9,0,TH_SP15_GEN-APND,TH_SP15_GEN-APND,TH_SP15_GEN-APND,DAM,MCC,LMP_CONG_PRC,TH_SP15_GEN-APND,ALL_APNODES,0,0.00103,50
2017-09-03T18:00:00-00:00,2017-09-03T19:00:00-00:00,2017-09-03,12,0,TH_SP15_GEN-APND,TH_SP15_GEN-APND,TH_SP15_GEN-APND,DAM,MCC,LMP_CONG_PRC,TH_SP15_GEN-APND,ALL_APNODES,0,0.0015,50
2017-09-03T20:00:00-00:00,2017-09-03T21:00:00-00:00,2017-09-03,14,0,TH_SP15_GEN-APND,TH_SP15_GEN-APND,TH_SP15_GEN-APND,DAM,MCC,LMP_CONG_PRC,TH_SP15_GEN-APND,ALL_APNODES,0,0,50
2017-09-04T01:00:00-00:00,2017-09-04T02:00:00-00:00,2017-09-03,19,0,TH_SP15_GEN-APND,TH_SP15_GEN-APND,TH_SP15_GEN-APND,DAM,MCC,LMP_CONG_PRC,TH_SP15_GEN-APND,ALL_APNODES,0,0,50
2017-09-03T08:00:00-00:00,2017-09-03T09:00:00-00:00,2017-09-03,2,0,TH_SP15_GEN-APND,TH_SP15_GEN-APND,TH_SP15_GEN-APND,DAM,MCC,LMP_CONG_PRC,TH_SP15_GEN-APND,ALL_APNODES,0,0,50
2017-09-04T04:00:00-00:00,2017-09-04T05:00:00-00:00,2017-09-03,22,0,TH_SP15_GEN-APND,TH_SP15_GEN-APND,TH_SP15_GEN-APND,DAM,MCC,LMP_CONG_PRC,TH_SP15_GEN-APND,ALL_APNODES,0,0,50
2017-09-04T06:00:00-00:00,2017-09-04T07:00:00-00:00,2017-09-03,24,0,TH_SP15_GEN-APND,TH_SP15_GEN-APND,TH_SP15_GEN-APND,DAM,MCC,LMP_CONG_PRC,TH_SP15_GEN-APND,ALL_APNODES,0,-0.0002,50
2017-09-03T16:00:00-00:00,2017-09-03T17:00:00-00:00,2017-09-03,10,0,TH_SP15_GEN-APND,TH_SP15_GEN-APND,TH_SP15_GEN-APND,DAM,MCC,LMP_CONG_PRC,TH_SP15_GEN-APND,ALL_APNODES,0,0.00127,50
2017-09-03T13:00:00-00:00,2017-09-03T14:00:00-00:00,2017-09-03,7,0,TH_SP15_GEN-APND,TH_SP15_GEN-APND,TH_SP15_GEN-APND,DAM,MCC,LMP_CONG_PRC,TH_SP15_GEN-APND,ALL_APNODES,0,0,50
2017-09-03T21:00:00-00:00,2017-09-03T22:00:00-00:00,2017-09-03,15,0,TH_SP15_GEN-APND,TH_SP15_GEN-APND,TH_SP15_GEN-APND,DAM,MCC,LMP_CONG_PRC,TH_SP15_GEN-APND,ALL_APNODES,0,0,50
2017-09-03T10:00:00-00:00,2017-09-03T11:00:00-00:00,2017-09-03,4,0,TH_SP15_GEN-APND,TH_SP15_GEN-APND,TH_SP15_GEN-APND,DAM,MCC,LMP_CONG_PRC,TH_SP15_GEN-APND,ALL_APNODES,0,0,50
2017-09-03T14:00:00-00:00,2017-09-03T15:00:00-00:00,2017-09-03,8,0,TH_SP15_GEN-APND,TH_SP15_GEN-APND,TH_SP15_GEN-APND,DAM,MCC,LMP_CONG_PRC,TH_SP15_GEN-APND,ALL_APNODES,0,0.00146,50
2017-09-04T03:00:00-00:00,2017-09-04T04:00:00-00:00,2017-09-03,21,0,TH_SP15_GEN-APND,TH_SP15_GEN-APND,TH_SP15_GEN-APND,DAM,MCC,LMP_CONG_PRC,TH_SP15_GEN-APND,ALL_APNODES,0,0,50
2017-09-04T05:00:00-00:00,2017-09-04T06:00:00-00:00,2017-09-03,23,0,TH_SP15_GEN-APND,TH_SP15_GEN-APND,TH_SP15_GEN-APND,DAM,MCC,LMP_CONG_PRC,TH_SP15_GEN-APND,ALL_APNODES,0,0,50
2017-09-03T14:00:00-00:00,2017-09-03T15:00:00-00:00,2017-09-03,8,0,TH_SP15_GEN-APND,TH_SP15_GEN-APND,TH_SP15_GEN-APND,DAM,MCE,LMP_ENE_PRC,TH_SP15_GEN-APND,ALL_APNODES,0,31.58817,51
2017-09-03T08:00:00-00:00,2017-09-03T09:00:00-00:00,2017-09-03,2,0,TH_SP15_GEN-APND,TH_SP15_GEN-APND,TH_SP15_GEN-APND,DAM,MCE,LMP_ENE_PRC,TH_SP15_GEN-APND,ALL_APNODES,0,40.05742,51
2017-09-03T12:00:00-00:00,2017-09-03T13:00:00-00:00,2017-09-03,6,0,TH_SP15_GEN-APND,TH_SP15_GEN-APND,TH_SP15_GEN-APND,DAM,MCE,LMP_ENE_PRC,TH_SP15_GEN-APND,ALL_APNODES,0,34.22691,51
2017-09-03T17:00:00-00:00,2017-09-03T18:00:00-00:00,2017-09-03,11,0,TH_SP15_GEN-APND,TH_SP15_GEN-APND,TH_SP15_GEN-APND,DAM,MCE,LMP_ENE_PRC,TH_SP15_GEN-APND,ALL_APNODES,0,36.00208,51
2017-09-03T10:00:00-00:00,2017-09-03T11:00:00-00:00,2017-09-03,4,0,TH_SP15_GEN-APND,TH_SP15_GEN-APND,TH_SP15_GEN-APND,DAM,MCE,LMP_ENE_PRC,TH_SP15_GEN-APND,ALL_APNODES,0,35.21486,51
2017-09-03T07:00:00-00:00,2017-09-03T08:00:00-00:00,2017-09-03,1,0,TH_SP15_GEN-APND,TH_SP15_GEN-APND,TH_SP15_GEN-APND,DAM,MCE,LMP_ENE_PRC,TH_SP15_GEN-APND,ALL_APNODES,0,44.19258,51
2017-09-04T01:00:00-00:00,2017-09-04T02:00:00-00:00,2017-09-03,19,0,TH_SP15_GEN-APND,TH_SP15_GEN-APND,TH_SP15_GEN-APND,DAM,MCE,LMP_ENE_PRC,TH_SP15_GEN-APND,ALL_APNODES,0,114.26954,51
2017-09-04T00:00:00-00:00,2017-09-04T01:00:00-00:00,2017-09-03,18,0,TH_SP15_GEN-APND,TH_SP15_GEN-APND,TH_SP15_GEN-APND,DAM,MCE,LMP_ENE_PRC,TH_SP15_GEN-APND,ALL_APNODES,0,72.46377,51
2017-09-03T16:00:00-00:00,2017-09-03T17:00:00-00:00,2017-09-03,10,0,TH_SP15_GEN-APND,TH_SP15_GEN-APND,TH_SP15_GEN-APND,DAM,MCE,LMP_ENE_PRC,TH_SP15_GEN-APND,ALL_APNODES,0,30.4878,51
2017-09-04T05:00:00-00:00,2017-09-04T06:00:00-00:00,2017-09-03,23,0,TH_SP15_GEN-APND,TH_SP15_GEN-APND,TH_SP15_GEN-APND,DAM,MCE,LMP_ENE_PRC,TH_SP15_GEN-APND,ALL_APNODES,0,49.2172,51
2017-09-04T03:00:00-00:00,2017-09-04T04:00:00-00:00,2017-09-03,21,0,TH_SP15_GEN-APND,TH_SP15_GEN-APND,TH_SP15_GEN-APND,DAM,MCE,LMP_ENE_PRC,TH_SP15_GEN-APND,ALL_APNODES,0,66.54844,51
2017-09-03T11:00:00-00:00,2017-09-03T12:00:00-00:00,2017-09-03,5,0,TH_SP15_GEN-APND,TH_SP15_GEN-APND,TH_SP15_GEN-APND,DAM,MCE,LMP_ENE_PRC,TH_SP15_GEN-APND,ALL_APNODES,0,34.9892,51
2017-09-03T23:00:00-00:00,2017-09-04T00:00:00-00:00,2017-09-03,17,0,TH_SP15_GEN-APND,TH_SP15_GEN-APND,TH_SP15_GEN-APND,DAM,MCE,LMP_ENE_PRC,TH_SP15_GEN-APND,ALL_APNODES,0,66.67005,51
2017-09-03T21:00:00-00:00,2017-09-03T22:00:00-00:00,2017-09-03,15,0,TH_SP15_GEN-APND,TH_SP15_GEN-APND,TH_SP15_GEN-APND,DAM,MCE,LMP_ENE_PRC,TH_SP15_GEN-APND,ALL_APNODES,0,55.506,51
2017-09-03T20:00:00-00:00,2017-09-03T21:00:00-00:00,2017-09-03,14,0,TH_SP15_GEN-APND,TH_SP15_GEN-APND,TH_SP15_GEN-APND,DAM,MCE,LMP_ENE_PRC,TH_SP15_GEN-APND,ALL_APNODES,0,50.51267,51
2017-09-03T18:00:00-00:00,2017-09-03T19:00:00-00:00,2017-09-03,12,0,TH_SP15_GEN-APND,TH_SP15_GEN-APND,TH_SP15_GEN-APND,DAM,MCE,LMP_ENE_PRC,TH_SP15_GEN-APND,ALL_APNODES,0,40.36302,51
2017-09-04T04:00:00-00:00,2017-09-04T05:00:00-00:00,2017-09-03,22,0,TH_SP15_GEN-APND,TH_SP15_GEN-APND,TH_SP15_GEN-APND,DAM,MCE,LMP_ENE_PRC,TH_SP15_GEN-APND,ALL_APNODES,0,54.62968,51
2017-09-04T02:00:00-00:00,2017-09-04T03:00:00-00:00,2017-09-03,20,0,TH_SP15_GEN-APND,TH_SP15_GEN-APND,TH_SP15_GEN-APND,DAM,MCE,LMP_ENE_PRC,TH_SP15_GEN-APND,ALL_APNODES,0,93.50129,51
2017-09-03T13:00:00-00:00,2017-09-03T14:00:00-00:00,2017-09-03,7,0,TH_SP15_GEN-APND,TH_SP15_GEN-APND,TH_SP15_GEN-APND,DAM,MCE,LMP_ENE_PRC,TH_SP15_GEN-APND,ALL_APNODES,0,34.73286,51
2017-09-03T09:00:00-00:00,2017-09-03T10:00:00-00:00,2017-09-03,3,0,TH_SP15_GEN-APND,TH_SP15_GEN-APND,TH_SP15_GEN-APND,DAM,MCE,LMP_ENE_PRC,TH_SP15_GEN-APND,ALL_APNODES,0,37.70762,51
2017-09-03T22:00:00-00:00,2017-09-03T23:00:00-00:00,2017-09-03,16,0,TH_SP15_GEN-APND,TH_SP15_GEN-APND,TH_SP15_GEN-APND,DAM,MCE,LMP_ENE_PRC,TH_SP15_GEN-APND,ALL_APNODES,0,59.45853,51
2017-09-03T19:00:00-00:00,2017-09-03T20:00:00-00:00,2017-09-03,13,0,TH_SP15_GEN-APND,TH_SP15_GEN-APND,TH_SP15_GEN-APND,DAM,MCE,LMP_ENE_PRC,TH_SP15_GEN-APND,ALL_APNODES,0,47.67575,51
2017-09-03T15:00:00-00:00,2017-09-03T16:00:00-00:00,2017-09-03,9,0,TH_SP15_GEN-APND,TH_SP15_GEN-APND,TH_SP15_GEN-APND,DAM,MCE,LMP_ENE_PRC,TH_SP15_GEN-APND,ALL_APNODES,0,30.49422,51
2017-09-04T06:00:00-00:00,2017-09-04T07:00:00-00:00,2017-09-03,24,0,TH_SP15_GEN-APND,TH_SP15_GEN-APND,TH_SP15_GEN-APND,DAM,MCE,LMP_ENE_PRC,TH_SP15_GEN-APND,ALL_APNODES,0,43.34239,51
2017-09-04T01:00:00-00:00,2017-09-04T02:00:00-00:00,2017-09-03,19,0,TH_SP15_GEN-APND,TH_SP15_GEN-APND,TH_SP15_GEN-APND,DAM,MCL,LMP_LOSS_PRC,TH_SP15_GEN-APND,ALL_APNODES,0,-4.79932,52
2017-09-03T14:00:00-00:00,2017-09-03T15:00:00-00:00,2017-09-03,8,0,TH_SP15_GEN-APND,TH_SP15_GEN-APND,TH_SP15_GEN-APND,DAM,MCL,LMP_LOSS_PRC,TH_SP15_GEN-APND,ALL_APNODES,0,-0.89079,52
2017-09-03T19:00:00-00:00,2017-09-03T20:00:00-00:00,2017-09-03,13,0,TH_SP15_GEN-APND,TH_SP15_GEN-APND,TH_SP15_GEN-APND,DAM,MCL,LMP_LOSS_PRC,TH_SP15_GEN-APND,ALL_APNODES,0,-1.79738,52
2017-09-03T18:00:00-00:00,2017-09-03T19:00:00-00:00,2017-09-03,12,0,TH_SP15_GEN-APND,TH_SP15_GEN-APND,TH_SP15_GEN-APND,DAM,MCL,LMP_LOSS_PRC,TH_SP15_GEN-APND,ALL_APNODES,0,-1.33198,52
2017-09-03T17:00:00-00:00,2017-09-03T18:00:00-00:00,2017-09-03,11,0,TH_SP15_GEN-APND,TH_SP15_GEN-APND,TH_SP15_GEN-APND,DAM,MCL,LMP_LOSS_PRC,TH_SP15_GEN-APND,ALL_APNODES,0,-1.37168,52
2017-09-04T00:00:00-00:00,2017-09-04T01:00:00-00:00,2017-09-03,18,0,TH_SP15_GEN-APND,TH_SP15_GEN-APND,TH_SP15_GEN-APND,DAM,MCL,LMP_LOSS_PRC,TH_SP15_GEN-APND,ALL_APNODES,0,-3.66667,52
2017-09-03T22:00:00-00:00,2017-09-03T23:00:00-00:00,2017-09-03,16,0,TH_SP15_GEN-APND,TH_SP15_GEN-APND,TH_SP15_GEN-APND,DAM,MCL,LMP_LOSS_PRC,TH_SP15_GEN-APND,ALL_APNODES,0,-2.61023,52
2017-09-03T16:00:00-00:00,2017-09-03T17:00:00-00:00,2017-09-03,10,0,TH_SP15_GEN-APND,TH_SP15_GEN-APND,TH_SP15_GEN-APND,DAM,MCL,LMP_LOSS_PRC,TH_SP15_GEN-APND,ALL_APNODES,0,-1.00305,52
2017-09-04T06:00:00-00:00,2017-09-04T07:00:00-00:00,2017-09-03,24,0,TH_SP15_GEN-APND,TH_SP15_GEN-APND,TH_SP15_GEN-APND,DAM,MCL,LMP_LOSS_PRC,TH_SP15_GEN-APND,ALL_APNODES,0,-1.69035,52
2017-09-03T09:00:00-00:00,2017-09-03T10:00:00-00:00,2017-09-03,3,0,TH_SP15_GEN-APND,TH_SP15_GEN-APND,TH_SP15_GEN-APND,DAM,MCL,LMP_LOSS_PRC,TH_SP15_GEN-APND,ALL_APNODES,0,-1.23681,52
2017-09-03T21:00:00-00:00,2017-09-03T22:00:00-00:00,2017-09-03,15,0,TH_SP15_GEN-APND,TH_SP15_GEN-APND,TH_SP15_GEN-APND,DAM,MCL,LMP_LOSS_PRC,TH_SP15_GEN-APND,ALL_APNODES,0,-2.23134,52
2017-09-03T07:00:00-00:00,2017-09-03T08:00:00-00:00,2017-09-03,1,0,TH_SP15_GEN-APND,TH_SP15_GEN-APND,TH_SP15_GEN-APND,DAM,MCL,LMP_LOSS_PRC,TH_SP15_GEN-APND,ALL_APNODES,0,-1.47161,52
2017-09-04T04:00:00-00:00,2017-09-04T05:00:00-00:00,2017-09-03,22,0,TH_SP15_GEN-APND,TH_SP15_GEN-APND,TH_SP15_GEN-APND,DAM,MCL,LMP_LOSS_PRC,TH_SP15_GEN-APND,ALL_APNODES,0,-1.97759,52
2017-09-03T13:00:00-00:00,2017-09-03T14:00:00-00:00,2017-09-03,7,0,TH_SP15_GEN-APND,TH_SP15_GEN-APND,TH_SP15_GEN-APND,DAM,MCL,LMP_LOSS_PRC,TH_SP15_GEN-APND,ALL_APNODES,0,-0.83359,52
2017-09-03T08:00:00-00:00,2017-09-03T09:00:00-00:00,2017-09-03,2,0,TH_SP15_GEN-APND,TH_SP15_GEN-APND,TH_SP15_GEN-APND,DAM,MCL,LMP_LOSS_PRC,TH_SP15_GEN-APND,ALL_APNODES,0,-1.34994,52
2017-09-03T23:00:00-00:00,2017-09-04T00:00:00-00:00,2017-09-03,17,0,TH_SP15_GEN-APND,TH_SP15_GEN-APND,TH_SP15_GEN-APND,DAM,MCL,LMP_LOSS_PRC,TH_SP15_GEN-APND,ALL_APNODES,0,-3.32017,52
2017-09-03T20:00:00-00:00,2017-09-03T21:00:00-00:00,2017-09-03,14,0,TH_SP15_GEN-APND,TH_SP15_GEN-APND,TH_SP15_GEN-APND,DAM,MCL,LMP_LOSS_PRC,TH_SP15_GEN-APND,ALL_APNODES,0,-1.92958,52
2017-09-03T15:00:00-00:00,2017-09-03T16:00:00-00:00,2017-09-03,9,0,TH_SP15_GEN-APND,TH_SP15_GEN-APND,TH_SP15_GEN-APND,DAM,MCL,LMP_LOSS_PRC,TH_SP15_GEN-APND,ALL_APNODES,0,-0.92702,52
2017-09-03T11:00:00-00:00,2017-09-03T12:00:00-00:00,2017-09-03,5,0,TH_SP15_GEN-APND,TH_SP15_GEN-APND,TH_SP15_GEN-APND,DAM,MCL,LMP_LOSS_PRC,TH_SP15_GEN-APND,ALL_APNODES,0,-1.06017,52
2017-09-03T10:00:00-00:00,2017-09-03T11:00:00-00:00,2017-09-03,4,0,TH_SP15_GEN-APND,TH_SP15_GEN-APND,TH_SP15_GEN-APND,DAM,MCL,LMP_LOSS_PRC,TH_SP15_GEN-APND,ALL_APNODES,0,-1.06349,52
2017-09-04T05:00:00-00:00,2017-09-04T06:00:00-00:00,2017-09-03,23,0,TH_SP15_GEN-APND,TH_SP15_GEN-APND,TH_SP15_GEN-APND,DAM,MCL,LMP_LOSS_PRC,TH_SP15_GEN-APND,ALL_APNODES,0,-1.95884,52
2017-09-04T02:00:00-00:00,2017-09-04T03:00:00-00:00,2017-09-03,20,0,TH_SP15_GEN-APND,TH_SP15_GEN-APND,TH_SP15_GEN-APND,DAM,MCL,LMP_LOSS_PRC,TH_SP15_GEN-APND,ALL_APNODES,0,-3.6559,52
2017-09-03T12:00:00-00:00,2017-09-03T13:00:00-00:00,2017-09-03,6,0,TH_SP15_GEN-APND,TH_SP15_GEN-APND,TH_SP15_GEN-APND,DAM,MCL,LMP_LOSS_PRC,TH_SP15_GEN-APND,ALL_APNODES,0,-0.93097,52
2017-09-04T03:00:00-00:00,2017-09-04T04:00:00-00:00,2017-09-03,21,0,TH_SP15_GEN-APND,TH_SP15_GEN-APND,TH_SP15_GEN-APND,DAM,MCL,LMP_LOSS_PRC,TH_SP15_GEN-APND,ALL_APNODES,0,-2.74845,52
2017-09-03T16:00:00-00:00,2017-09-03T17:00:00-00:00,2017-09-03,10,0,TH_ZP26_GEN-APND,TH_ZP26_GEN-APND,TH_ZP26_GEN-APND,DAM,LMP,LMP_PRC,TH_ZP26_GEN-APND,ALL_APNODES,0,29.0122,53
2017-09-03T23:00:00-00:00,2017-09-04T00:00:00-00:00,2017-09-03,17,0,TH_ZP26_GEN-APND,TH_ZP26_GEN-APND,TH_ZP26_GEN-APND,DAM,LMP,LMP_PRC,TH_ZP26_GEN-APND,ALL_APNODES,0,63.32321,53
2017-09-04T01:00:00-00:00,2017-09-04T02:00:00-00:00,2017-09-03,19,0,TH_ZP26_GEN-APND,TH_ZP26_GEN-APND,TH_ZP26_GEN-APND,DAM,LMP,LMP_PRC,TH_ZP26_GEN-APND,ALL_APNODES,0,109.35595,53
2017-09-03T09:00:00-00:00,2017-09-03T10:00:00-00:00,2017-09-03,3,0,TH_ZP26_GEN-APND,TH_ZP26_GEN-APND,TH_ZP26_GEN-APND,DAM,LMP,LMP_PRC,TH_ZP26_GEN-APND,ALL_APNODES,0,36.32753,53
2017-09-03T17:00:00-00:00,2017-09-03T18:00:00-00:00,2017-09-03,11,0,TH_ZP26_GEN-APND,TH_ZP26_GEN-APND,TH_ZP26_GEN-APND,DAM,LMP,LMP_PRC,TH_ZP26_GEN-APND,ALL_APNODES,0,34.15157,53
2017-09-04T00:00:00-00:00,2017-09-04T01:00:00-00:00,2017-09-03,18,0,TH_ZP26_GEN-APND,TH_ZP26_GEN-APND,TH_ZP26_GEN-APND,DAM,LMP,LMP_PRC,TH_ZP26_GEN-APND,ALL_APNODES,0,69.02899,53
2017-09-03T13:00:00-00:00,2017-09-03T14:00:00-00:00,2017-09-03,7,0,TH_ZP26_GEN-APND,TH_ZP26_GEN-APND,TH_ZP26_GEN-APND,DAM,LMP,LMP_PRC,TH_ZP26_GEN-APND,ALL_APNODES,0,33.52763,53
2017-09-04T06:00:00-00:00,2017-09-04T07:00:00-00:00,2017-09-03,24,0,TH_ZP26_GEN-APND,TH_ZP26_GEN-APND,TH_ZP26_GEN-APND,DAM,LMP,LMP_PRC,TH_ZP26_GEN-APND,ALL_APNODES,0,41.6477,53
2017-09-03T07:00:00-00:00,2017-09-03T08:00:00-00:00,2017-09-03,1,0,TH_ZP26_GEN-APND,TH_ZP26_GEN-APND,TH_ZP26_GEN-APND,DAM,LMP,LMP_PRC,TH_ZP26_GEN-APND,ALL_APNODES,0,42.56629,53
2017-09-03T15:00:00-00:00,2017-09-03T16:00:00-00:00,2017-09-03,9,0,TH_ZP26_GEN-APND,TH_ZP26_GEN-APND,TH_ZP26_GEN-APND,DAM,LMP,LMP_PRC,TH_ZP26_GEN-APND,ALL_APNODES,0,29.14332,53
2017-09-03T20:00:00-00:00,2017-09-03T21:00:00-00:00,2017-09-03,14,0,TH_ZP26_GEN-APND,TH_ZP26_GEN-APND,TH_ZP26_GEN-APND,DAM,LMP,LMP_PRC,TH_ZP26_GEN-APND,ALL_APNODES,0,47.8456,53
2017-09-03T11:00:00-00:00,2017-09-03T12:00:00-00:00,2017-09-03,5,0,TH_ZP26_GEN-APND,TH_ZP26_GEN-APND,TH_ZP26_GEN-APND,DAM,LMP,LMP_PRC,TH_ZP26_GEN-APND,ALL_APNODES,0,33.75408,53
2017-09-03T12:00:00-00:00,2017-09-03T13:00:00-00:00,2017-09-03,6,0,TH_ZP26_GEN-APND,TH_ZP26_GEN-APND,TH_ZP26_GEN-APND,DAM,LMP,LMP_PRC,TH_ZP26_GEN-APND,ALL_APNODES,0,33.03239,53
2017-09-04T02:00:00-00:00,2017-09-04T03:00:00-00:00,2017-09-03,20,0,TH_ZP26_GEN-APND,TH_ZP26_GEN-APND,TH_ZP26_GEN-APND,DAM,LMP,LMP_PRC,TH_ZP26_GEN-APND,ALL_APNODES,0,89.79864,53
2017-09-03T19:00:00-00:00,2017-09-03T20:00:00-00:00,2017-09-03,13,0,TH_ZP26_GEN-APND,TH_ZP26_GEN-APND,TH_ZP26_GEN-APND,DAM,LMP,LMP_PRC,TH_ZP26_GEN-APND,ALL_APNODES,0,45.15847,53
2017-09-03T08:00:00-00:00,2017-09-03T09:00:00-00:00,2017-09-03,2,0,TH_ZP26_GEN-APND,TH_ZP26_GEN-APND,TH_ZP26_GEN-APND,DAM,LMP,LMP_PRC,TH_ZP26_GEN-APND,ALL_APNODES,0,38.60734,53
2017-09-03T14:00:00-00:00,2017-09-03T15:00:00-00:00,2017-09-03,8,0,TH_ZP26_GEN-APND,TH_ZP26_GEN-APND,TH_ZP26_GEN-APND,DAM,LMP,LMP_PRC,TH_ZP26_GEN-APND,ALL_APNODES,0,30.37202,53
2017-09-03T10:00:00-00:00,2017-09-03T11:00:00-00:00,2017-09-03,4,0,TH_ZP26_GEN-APND,TH_ZP26_GEN-APND,TH_ZP26_GEN-APND,DAM,LMP,LMP_PRC,TH_ZP26_GEN-APND,ALL_APNODES,0,33.96473,53
2017-09-04T03:00:00-00:00,2017-09-04T04:00:00-00:00,2017-09-03,21,0,TH_ZP26_GEN-APND,TH_ZP26_GEN-APND,TH_ZP26_GEN-APND,DAM,LMP,LMP_PRC,TH_ZP26_GEN-APND,ALL_APNODES,0,63.77337,53
2017-09-04T04:00:00-00:00,2017-09-04T05:00:00-00:00,2017-09-03,22,0,TH_ZP26_GEN-APND,TH_ZP26_GEN-APND,TH_ZP26_GEN-APND,DAM,LMP,LMP_PRC,TH_ZP26_GEN-APND,ALL_APNODES,0,52.26421,53
2017-09-04T05:00:00-00:00,2017-09-04T06:00:00-00:00,2017-09-03,23,0,TH_ZP26_GEN-APND,TH_ZP26_GEN-APND,TH_ZP26_GEN-APND,DAM,LMP,LMP_PRC,TH_ZP26_GEN-APND,ALL_APNODES,0,47.09102,53
2017-09-03T21:00:00-00:00,2017-09-03T22:00:00-00:00,2017-09-03,15,0,TH_ZP26_GEN-APND,TH_ZP26_GEN-APND,TH_ZP26_GEN-APND,DAM,LMP,LMP_PRC,TH_ZP26_GEN-APND,ALL_APNODES,0,52.56973,53
2017-09-03T22:00:00-00:00,2017-09-03T23:00:00-00:00,2017-09-03,16,0,TH_ZP26_GEN-APND,TH_ZP26_GEN-APND,TH_ZP26_GEN-APND,DAM,LMP,LMP_PRC,TH_ZP26_GEN-APND,ALL_APNODES,0,56.45587,53
2017-09-03T18:00:00-00:00,2017-09-03T19:00:00-00:00,2017-09-03,12,0,TH_ZP26_GEN-APND,TH_ZP26_GEN-APND,TH_ZP26_GEN-APND,DAM,LMP,LMP_PRC,TH_ZP26_GEN-APND,ALL_APNODES,0,38.17534,53
2017-09-03T13:00:00-00:00,2017-09-03T14:00:00-00:00,2017-09-03,7,0,TH_ZP26_GEN-APND,TH_ZP26_GEN-APND,TH_ZP26_GEN-APND,DAM,MCC,LMP_CONG_PRC,TH_ZP26_GEN-APND,ALL_APNODES,0,0,54
2017-09-03T14:00:00-00:00,2017-09-03T15:00:00-00:00,2017-09-03,8,0,TH_ZP26_GEN-APND,TH_ZP26_GEN-APND,TH_ZP26_GEN-APND,DAM,MCC,LMP_CONG_PRC,TH_ZP26_GEN-APND,ALL_APNODES,0,0,54
2017-09-04T06:00:00-00:00,2017-09-04T07:00:00-00:00,2017-09-03,24,0,TH_ZP26_GEN-APND,TH_ZP26_GEN-APND,TH_ZP26_GEN-APND,DAM,MCC,LMP_CONG_PRC,TH_ZP26_GEN-APND,ALL_APNODES,0,0,54
2017-09-03T07:00:00-00:00,2017-09-03T08:00:00-00:00,2017-09-03,1,0,TH_ZP26_GEN-APND,TH_ZP26_GEN-APND,TH_ZP26_GEN-APND,DAM,MCC,LMP_CONG_PRC,TH_ZP26_GEN-APND,ALL_APNODES,0,0,54
2017-09-03T09:00:00-00:00,2017-09-03T10:00:00-00:00,2017-09-03,3,0,TH_ZP26_GEN-APND,TH_ZP26_GEN-APND,TH_ZP26_GEN-APND,DAM,MCC,LMP_CONG_PRC,TH_ZP26_GEN-APND,ALL_APNODES,0,0,54
2017-09-03T19:00:00-00:00,2017-09-03T20:00:00-00:00,2017-09-03,13,0,TH_ZP26_GEN-APND,TH_ZP26_GEN-APND,TH_ZP26_GEN-APND,DAM,MCC,LMP_CONG_PRC,TH_ZP26_GEN-APND,ALL_APNODES,0,0,54
2017-09-03T12:00:00-00:00,2017-09-03T13:00:00-00:00,2017-09-03,6,0,TH_ZP26_GEN-APND,TH_ZP26_GEN-APND,TH_ZP26_GEN-APND,DAM,MCC,LMP_CONG_PRC,TH_ZP26_GEN-APND,ALL_APNODES,0,0,54
2017-09-03T15:00:00-00:00,2017-09-03T16:00:00-00:00,2017-09-03,9,0,TH_ZP26_GEN-APND,TH_ZP26_GEN-APND,TH_ZP26_GEN-APND,DAM,MCC,LMP_CONG_PRC,TH_ZP26_GEN-APND,ALL_APNODES,0,0,54
2017-09-04T03:00:00-00:00,2017-09-04T04:00:00-00:00,2017-09-03,21,0,TH_ZP26_GEN-APND,TH_ZP26_GEN-APND,TH_ZP26_GEN-APND,DAM,MCC,LMP_CONG_PRC,TH_ZP26_GEN-APND,ALL_APNODES,0,0,54
2017-09-03T18:00:00-00:00,2017-09-03T19:00:00-00:00,2017-09-03,12,0,TH_ZP26_GEN-APND,TH_ZP26_GEN-APND,TH_ZP26_GEN-APND,DAM,MCC,LMP_CONG_PRC,TH_ZP26_GEN-APND,ALL_APNODES,0,0,54
2017-09-04T01:00:00-00:00,2017-09-04T02:00:00-00:00,2017-09-03,19,0,TH_ZP26_GEN-APND,TH_ZP26_GEN-APND,TH_ZP26_GEN-APND,DAM,MCC,LMP_CONG_PRC,TH_ZP26_GEN-APND,ALL_APNODES,0,0,54
2017-09-04T04:00:00-00:00,2017-09-04T05:00:00-00:00,2017-09-03,22,0,TH_ZP26_GEN-APND,TH_ZP26_GEN-APND,TH_ZP26_GEN-APND,DAM,MCC,LMP_CONG_PRC,TH_ZP26_GEN-APND,ALL_APNODES,0,0,54
2017-09-03T20:00:00-00:00,2017-09-03T21:00:00-00:00,2017-09-03,14,0,TH_ZP26_GEN-APND,TH_ZP26_GEN-APND,TH_ZP26_GEN-APND,DAM,MCC,LMP_CONG_PRC,TH_ZP26_GEN-APND,ALL_APNODES,0,0,54
2017-09-03T08:00:00-00:00,2017-09-03T09:00:00-00:00,2017-09-03,2,0,TH_ZP26_GEN-APND,TH_ZP26_GEN-APND,TH_ZP26_GEN-APND,DAM,MCC,LMP_CONG_PRC,TH_ZP26_GEN-APND,ALL_APNODES,0,0,54
2017-09-03T10:00:00-00:00,2017-09-03T11:00:00-00:00,2017-09-03,4,0,TH_ZP26_GEN-APND,TH_ZP26_GEN-APND,TH_ZP26_GEN-APND,DAM,MCC,LMP_CONG_PRC,TH_ZP26_GEN-APND,ALL_APNODES,0,0,54
2017-09-03T17:00:00-00:00,2017-09-03T18:00:00-00:00,2017-09-03,11,0,TH_ZP26_GEN-APND,TH_ZP26_GEN-APND,TH_ZP26_GEN-APND,DAM,MCC,LMP_CONG_PRC,TH_ZP26_GEN-APND,ALL_APNODES,0,0,54
2017-09-03T11:00:00-00:00,2017-09-03T12:00:00-00:00,2017-09-03,5,0,TH_ZP26_GEN-APND,TH_ZP26_GEN-APND,TH_ZP26_GEN-APND,DAM,MCC,LMP_CONG_PRC,TH_ZP26_GEN-APND,ALL_APNODES,0,0,54
2017-09-04T02:00:00-00:00,2017-09-04T03:00:00-00:00,2017-09-03,20,0,TH_ZP26_GEN-APND,TH_ZP26_GEN-APND,TH_ZP26_GEN-APND,DAM,MCC,LMP_CONG_PRC,TH_ZP26_GEN-APND,ALL_APNODES,0,0,54
2017-09-04T05:00:00-00:00,2017-09-04T06:00:00-00:00,2017-09-03,23,0,TH_ZP26_GEN-APND,TH_ZP26_GEN-APND,TH_ZP26_GEN-APND,DAM,MCC,LMP_CONG_PRC,TH_ZP26_GEN-APND,ALL_APNODES,0,0,54
2017-09-03T16:00:00-00:00,2017-09-03T17:00:00-00:00,2017-09-03,10,0,TH_ZP26_GEN-APND,TH_ZP26_GEN-APND,TH_ZP26_GEN-APND,DAM,MCC,LMP_CONG_PRC,TH_ZP26_GEN-APND,ALL_APNODES,0,0,54
2017-09-03T22:00:00-00:00,2017-09-03T23:00:00-00:00,2017-09-03,16,0,TH_ZP26_GEN-APND,TH_ZP26_GEN-APND,TH_ZP26_GEN-APND,DAM,MCC,LMP_CONG_PRC,TH_ZP26_GEN-APND,ALL_APNODES,0,0,54
2017-09-04T00:00:00-00:00,2017-09-04T01:00:00-00:00,2017-09-03,18,0,TH_ZP26_GEN-APND,TH_ZP26_GEN-APND,TH_ZP26_GEN-APND,DAM,MCC,LMP_CONG_PRC,TH_ZP26_GEN-APND,ALL_APNODES,0,0,54
2017-09-03T21:00:00-00:00,2017-09-03T22:00:00-00:00,2017-09-03,15,0,TH_ZP26_GEN-APND,TH_ZP26_GEN-APND,TH_ZP26_GEN-APND,DAM,MCC,LMP_CONG_PRC,TH_ZP26_GEN-APND,ALL_APNODES,0,0,54
2017-09-03T23:00:00-00:00,2017-09-04T00:00:00-00:00,2017-09-03,17,0,TH_ZP26_GEN-APND,TH_ZP26_GEN-APND,TH_ZP26_GEN-APND,DAM,MCC,LMP_CONG_PRC,TH_ZP26_GEN-APND,ALL_APNODES,0,0,54
2017-09-03T19:00:00-00:00,2017-09-03T20:00:00-00:00,2017-09-03,13,0,TH_ZP26_GEN-APND,TH_ZP26_GEN-APND,TH_ZP26_GEN-APND,DAM,MCE,LMP_ENE_PRC,TH_ZP26_GEN-APND,ALL_APNODES,0,47.67575,55
2017-09-04T06:00:00-00:00,2017-09-04T07:00:00-00:00,2017-09-03,24,0,TH_ZP26_GEN-APND,TH_ZP26_GEN-APND,TH_ZP26_GEN-APND,DAM,MCE,LMP_ENE_PRC,TH_ZP26_GEN-APND,ALL_APNODES,0,43.34239,55
2017-09-03T17:00:00-00:00,2017-09-03T18:00:00-00:00,2017-09-03,11,0,TH_ZP26_GEN-APND,TH_ZP26_GEN-APND,TH_ZP26_GEN-APND,DAM,MCE,LMP_ENE_PRC,TH_ZP26_GEN-APND,ALL_APNODES,0,36.00208,55
2017-09-03T07:00:00-00:00,2017-09-03T08:00:00-00:00,2017-09-03,1,0,TH_ZP26_GEN-APND,TH_ZP26_GEN-APND,TH_ZP26_GEN-APND,DAM,MCE,LMP_ENE_PRC,TH_ZP26_GEN-APND,ALL_APNODES,0,44.19258,55
2017-09-03T20:00:00-00:00,2017-09-03T21:00:00-00:00,2017-09-03,14,0,TH_ZP26_GEN-APND,TH_ZP26_GEN-APND,TH_ZP26_GEN-APND,DAM,MCE,LMP_ENE_PRC,TH_ZP26_GEN-APND,ALL_APNODES,0,50.51267,55
2017-09-03T18:00:00-00:00,2017-09-03T19:00:00-00:00,2017-09-03,12,0,TH_ZP26_GEN-APND,TH_ZP26_GEN-APND,TH_ZP26_GEN-APND,DAM,MCE,LMP_ENE_PRC,TH_ZP26_GEN-APND,ALL_APNODES,0,40.36302,55
2017-09-04T03:00:00-00:00,2017-09-04T04:00:00-00:00,2017-09-03,21,0,TH_ZP26_GEN-APND,TH_ZP26_GEN-APND,TH_ZP26_GEN-APND,DAM,MCE,LMP_ENE_PRC,TH_ZP26_GEN-APND,ALL_APNODES,0,66.54844,55
2017-09-04T05:00:00-00:00,2017-09-04T06:00:00-00:00,2017-09-03,23,0,TH_ZP26_GEN-APND,TH_ZP26_GEN-APND,TH_ZP26_GEN-APND,DAM,MCE,LMP_ENE_PRC,TH_ZP26_GEN-APND,ALL_APNODES,0,49.2172,55
2017-09-03T11:00:00-00:00,2017-09-03T12:00:00-00:00,2017-09-03,5,0,TH_ZP26_GEN-APND,TH_ZP26_GEN-APND,TH_ZP26_GEN-APND,DAM,MCE,LMP_ENE_PRC,TH_ZP26_GEN-APND,ALL_APNODES,0,34.9892,55
2017-09-03T14:00:00-00:00,2017-09-03T15:00:00-00:00,2017-09-03,8,0,TH_ZP26_GEN-APND,TH_ZP26_GEN-APND,TH_ZP26_GEN-APND,DAM,MCE,LMP_ENE_PRC,TH_ZP26_GEN-APND,ALL_APNODES,0,31.58817,55
2017-09-04T00:00:00-00:00,2017-09-04T01:00:00-00:00,2017-09-03,18,0,TH_ZP26_GEN-APND,TH_ZP26_GEN-APND,TH_ZP26_GEN-APND,DAM,MCE,LMP_ENE_PRC,TH_ZP26_GEN-APND,ALL_APNODES,0,72.46377,55
2017-09-03T16:00:00-00:00,2017-09-03T17:00:00-00:00,2017-09-03,10,0,TH_ZP26_GEN-APND,TH_ZP26_GEN-APND,TH_ZP26_GEN-APND,DAM,MCE,LMP_ENE_PRC,TH_ZP26_GEN-APND,ALL_APNODES,0,30.4878,55
2017-09-03T15:00:00-00:00,2017-09-03T16:00:00-00:00,2017-09-03,9,0,TH_ZP26_GEN-APND,TH_ZP26_GEN-APND,TH_ZP26_GEN-APND,DAM,MCE,LMP_ENE_PRC,TH_ZP26_GEN-APND,ALL_APNODES,0,30.49422,55
2017-09-04T04:00:00-00:00,2017-09-04T05:00:00-00:00,2017-09-03,22,0,TH_ZP26_GEN-APND,TH_ZP26_GEN-APND,TH_ZP26_GEN-APND,DAM,MCE,LMP_ENE_PRC,TH_ZP26_GEN-APND,ALL_APNODES,0,54.62968,55
2017-09-04T02:00:00-00:00,2017-09-04T03:00:00-00:00,2017-09-03,20,0,TH_ZP26_GEN-APND,TH_ZP26_GEN-APND,TH_ZP26_GEN-APND,DAM,MCE,LMP_ENE_PRC,TH_ZP26_GEN-APND,ALL_APNODES,0,93.50129,55
2017-09-03T09:00:00-00:00,2017-09-03T10:00:00-00:00,2017-09-03,3,0,TH_ZP26_GEN-APND,TH_ZP26_GEN-APND,TH_ZP26_GEN-APND,DAM,MCE,LMP_ENE_PRC,TH_ZP26_GEN-APND,ALL_APNODES,0,37.70762,55
2017-09-03T13:00:00-00:00,2017-09-03T14:00:00-00:00,2017-09-03,7,0,TH_ZP26_GEN-APND,TH_ZP26_GEN-APND,TH_ZP26_GEN-APND,DAM,MCE,LMP_ENE_PRC,TH_ZP26_GEN-APND,ALL_APNODES,0,34.73286,55
2017-09-04T01:00:00-00:00,2017-09-04T02:00:00-00:00,2017-09-03,19,0,TH_ZP26_GEN-APND,TH_ZP26_GEN-APND,TH_ZP26_GEN-APND,DAM,MCE,LMP_ENE_PRC,TH_ZP26_GEN-APND,ALL_APNODES,0,114.26954,55
2017-09-03T23:00:00-00:00,2017-09-04T00:00:00-00:00,2017-09-03,17,0,TH_ZP26_GEN-APND,TH_ZP26_GEN-APND,TH_ZP26_GEN-APND,DAM,MCE,LMP_ENE_PRC,TH_ZP26_GEN-APND,ALL_APNODES,0,66.67005,55
2017-09-03T22:00:00-00:00,2017-09-03T23:00:00-00:00,2017-09-03,16,0,TH_ZP26_GEN-APND,TH_ZP26_GEN-APND,TH_ZP26_GEN-APND,DAM,MCE,LMP_ENE_PRC,TH_ZP26_GEN-APND,ALL_APNODES,0,59.45853,55
2017-09-03T21:00:00-00:00,2017-09-03T22:00:00-00:00,2017-09-03,15,0,TH_ZP26_GEN-APND,TH_ZP26_GEN-APND,TH_ZP26_GEN-APND,DAM,MCE,LMP_ENE_PRC,TH_ZP26_GEN-APND,ALL_APNODES,0,55.506,55
2017-09-03T10:00:00-00:00,2017-09-03T11:00:00-00:00,2017-09-03,4,0,TH_ZP26_GEN-APND,TH_ZP26_GEN-APND,TH_ZP26_GEN-APND,DAM,MCE,LMP_ENE_PRC,TH_ZP26_GEN-APND,ALL_APNODES,0,35.21486,55
2017-09-03T12:00:00-00:00,2017-09-03T13:00:00-00:00,2017-09-03,6,0,TH_ZP26_GEN-APND,TH_ZP26_GEN-APND,TH_ZP26_GEN-APND,DAM,MCE,LMP_ENE_PRC,TH_ZP26_GEN-APND,ALL_APNODES,0,34.22691,55
2017-09-03T08:00:00-00:00,2017-09-03T09:00:00-00:00,2017-09-03,2,0,TH_ZP26_GEN-APND,TH_ZP26_GEN-APND,TH_ZP26_GEN-APND,DAM,MCE,LMP_ENE_PRC,TH_ZP26_GEN-APND,ALL_APNODES,0,40.05742,55
2017-09-03T09:00:00-00:00,2017-09-03T10:00:00-00:00,2017-09-03,3,0,TH_ZP26_GEN-APND,TH_ZP26_GEN-APND,TH_ZP26_GEN-APND,DAM,MCL,LMP_LOSS_PRC,TH_ZP26_GEN-APND,ALL_APNODES,0,-1.3801,56
2017-09-04T01:00:00-00:00,2017-09-04T02:00:00-00:00,2017-09-03,19,0,TH_ZP26_GEN-APND,TH_ZP26_GEN-APND,TH_ZP26_GEN-APND,DAM,MCL,LMP_LOSS_PRC,TH_ZP26_GEN-APND,ALL_APNODES,0,-4.91359,56
2017-09-04T00:00:00-00:00,2017-09-04T01:00:00-00:00,2017-09-03,18,0,TH_ZP26_GEN-APND,TH_ZP26_GEN-APND,TH_ZP26_GEN-APND,DAM,MCL,LMP_LOSS_PRC,TH_ZP26_GEN-APND,ALL_APNODES,0,-3.43478,56
2017-09-03T18:00:00-00:00,2017-09-03T19:00:00-00:00,2017-09-03,12,0,TH_ZP26_GEN-APND,TH_ZP26_GEN-APND,TH_ZP26_GEN-APND,DAM,MCL,LMP_LOSS_PRC,TH_ZP26_GEN-APND,ALL_APNODES,0,-2.18768,56
2017-09-03T10:00:00-00:00,2017-09-03T11:00:00-00:00,2017-09-03,4,0,TH_ZP26_GEN-APND,TH_ZP26_GEN-APND,TH_ZP26_GEN-APND,DAM,MCL,LMP_LOSS_PRC,TH_ZP26_GEN-APND,ALL_APNODES,0,-1.25013,56
2017-09-03T20:00:00-00:00,2017-09-03T21:00:00-00:00,2017-09-03,14,0,TH_ZP26_GEN-APND,TH_ZP26_GEN-APND,TH_ZP26_GEN-APND,DAM,MCL,LMP_LOSS_PRC,TH_ZP26_GEN-APND,ALL_APNODES,0,-2.66707,56
2017-09-04T05:00:00-00:00,2017-09-04T06:00:00-00:00,2017-09-03,23,0,TH_ZP26_GEN-APND,TH_ZP26_GEN-APND,TH_ZP26_GEN-APND,DAM,MCL,LMP_LOSS_PRC,TH_ZP26_GEN-APND,ALL_APNODES,0,-2.12618,56
2017-09-04T04:00:00-00:00,2017-09-04T05:00:00-00:00,2017-09-03,22,0,TH_ZP26_GEN-APND,TH_ZP26_GEN-APND,TH_ZP26_GEN-APND,DAM,MCL,LMP_LOSS_PRC,TH_ZP26_GEN-APND,ALL_APNODES,0,-2.36547,56
2017-09-04T03:00:00-00:00,2017-09-04T04:00:00-00:00,2017-09-03,21,0,TH_ZP26_GEN-APND,TH_ZP26_GEN-APND,TH_ZP26_GEN-APND,DAM,MCL,LMP_LOSS_PRC,TH_ZP26_GEN-APND,ALL_APNODES,0,-2.77507,56
2017-09-03T08:00:00-00:00,2017-09-03T09:00:00-00:00,2017-09-03,2,0,TH_ZP26_GEN-APND,TH_ZP26_GEN-APND,TH_ZP26_GEN-APND,DAM,MCL,LMP_LOSS_PRC,TH_ZP26_GEN-APND,ALL_APNODES,0,-1.45008,56
2017-09-04T02:00:00-00:00,2017-09-04T03:00:00-00:00,2017-09-03,20,0,TH_ZP26_GEN-APND,TH_ZP26_GEN-APND,TH_ZP26_GEN-APND,DAM,MCL,LMP_LOSS_PRC,TH_ZP26_GEN-APND,ALL_APNODES,0,-3.70265,56
2017-09-03T07:00:00-00:00,2017-09-03T08:00:00-00:00,2017-09-03,1,0,TH_ZP26_GEN-APND,TH_ZP26_GEN-APND,TH_ZP26_GEN-APND,DAM,MCL,LMP_LOSS_PRC,TH_ZP26_GEN-APND,ALL_APNODES,0,-1.62629,56
2017-09-03T15:00:00-00:00,2017-09-03T16:00:00-00:00,2017-09-03,9,0,TH_ZP26_GEN-APND,TH_ZP26_GEN-APND,TH_ZP26_GEN-APND,DAM,MCL,LMP_LOSS_PRC,TH_ZP26_GEN-APND,ALL_APNODES,0,-1.35089,56
2017-09-03T13:00:00-00:00,2017-09-03T14:00:00-00:00,2017-09-03,7,0,TH_ZP26_GEN-APND,TH_ZP26_GEN-APND,TH_ZP26_GEN-APND,DAM,MCL,LMP_LOSS_PRC,TH_ZP26_GEN-APND,ALL_APNODES,0,-1.20523,56
2017-09-03T12:00:00-00:00,2017-09-03T13:00:00-00:00,2017-09-03,6,0,TH_ZP26_GEN-APND,TH_ZP26_GEN-APND,TH_ZP26_GEN-APND,DAM,MCL,LMP_LOSS_PRC,TH_ZP26_GEN-APND,ALL_APNODES,0,-1.19452,56
2017-09-03T23:00:00-00:00,2017-09-04T00:00:00-00:00,2017-09-03,17,0,TH_ZP26_GEN-APND,TH_ZP26_GEN-APND,TH_ZP26_GEN-APND,DAM,MCL,LMP_LOSS_PRC,TH_ZP26_GEN-APND,ALL_APNODES,0,-3.34684,56
2017-09-03T19:00:00-00:00,2017-09-03T20:00:00-00:00,2017-09-03,13,0,TH_ZP26_GEN-APND,TH_ZP26_GEN-APND,TH_ZP26_GEN-APND,DAM,MCL,LMP_LOSS_PRC,TH_ZP26_GEN-APND,ALL_APNODES,0,-2.51728,56
2017-09-03T16:00:00-00:00,2017-09-03T17:00:00-00:00,2017-09-03,10,0,TH_ZP26_GEN-APND,TH_ZP26_GEN-APND,TH_ZP26_GEN-APND,DAM,MCL,LMP_LOSS_PRC,TH_ZP26_GEN-APND,ALL_APNODES,0,-1.47561,56
2017-09-03T14:00:00-00:00,2017-09-03T15:00:00-00:00,2017-09-03,8,0,TH_ZP26_GEN-APND,TH_ZP26_GEN-APND,TH_ZP26_GEN-APND,DAM,MCL,LMP_LOSS_PRC,TH_ZP26_GEN-APND,ALL_APNODES,0,-1.21614,56
2017-09-03T21:00:00-00:00,2017-09-03T22:00:00-00:00,2017-09-03,15,0,TH_ZP26_GEN-APND,TH_ZP26_GEN-APND,TH_ZP26_GEN-APND,DAM,MCL,LMP_LOSS_PRC,TH_ZP26_GEN-APND,ALL_APNODES,0,-2.93627,56
2017-09-04T06:00:00-00:00,2017-09-04T07:00:00-00:00,2017-09-03,24,0,TH_ZP26_GEN-APND,TH_ZP26_GEN-APND,TH_ZP26_GEN-APND,DAM,MCL,LMP_LOSS_PRC,TH_ZP26_GEN-APND,ALL_APNODES,0,-1.69469,56
2017-09-03T11:00:00-00:00,2017-09-03T12:00:00-00:00,2017-09-03,5,0,TH_ZP26_GEN-APND,TH_ZP26_GEN-APND,TH_ZP26_GEN-APND,DAM,MCL,LMP_LOSS_PRC,TH_ZP26_GEN-APND,ALL_APNODES,0,-1.23512,56
2017-09-03T17:00:00-00:00,2017-09-03T18:00:00-00:00,2017-09-03,11,0,TH_ZP26_GEN-APND,TH_ZP26_GEN-APND,TH_ZP26_GEN-APND,DAM,MCL,LMP_LOSS_PRC,TH_ZP26_GEN-APND,ALL_APNODES,0,-1.85051,56
2017-09-03T22:00:00-00:00,2017-09-03T23:00:00-00:00,2017-09-03,16,0,TH_ZP26_GEN-APND,TH_ZP26_GEN-APND,TH_ZP26_GEN-APND,DAM,MCL,LMP_LOSS_PRC,TH_ZP26_GEN-APND,ALL_APNODES,0,-3.00266,56
2017-09-03T12:00:00-00:00,2017-09-03T13:00:00-00:00,2017-09-03,6,0,URBAN_6_N005,URBAN_6_N005,URBAN_6_N005,DAM,LMP,LMP_PRC,URBAN_6_N005,ALL,1,34.26456,57
2017-09-03T19:00:00-00:00,2017-09-03T20:00:00-00:00,2017-09-03,13,0,URBAN_6_N005,URBAN_6_N005,URBAN_6_N005,DAM,LMP,LMP_PRC,URBAN_6_N005,ALL,1,47.56133,57
2017-09-03T13:00:00-00:00,2017-09-03T14:00:00-00:00,2017-09-03,7,0,URBAN_6_N005,URBAN_6_N005,URBAN_6_N005,DAM,LMP,LMP_PRC,URBAN_6_N005,ALL,1,34.74676,57
2017-09-03T16:00:00-00:00,2017-09-03T17:00:00-00:00,2017-09-03,10,0,URBAN_6_N005,URBAN_6_N005,URBAN_6_N005,DAM,LMP,LMP_PRC,URBAN_6_N005,ALL,1,30.28963,57
2017-09-04T03:00:00-00:00,2017-09-04T04:00:00-00:00,2017-09-03,21,0,URBAN_6_N005,URBAN_6_N005,URBAN_6_N005,DAM,LMP,LMP_PRC,URBAN_6_N005,ALL,1,65.78979,57
2017-09-03T08:00:00-00:00,2017-09-03T09:00:00-00:00,2017-09-03,2,0,URBAN_6_N005,URBAN_6_N005,URBAN_6_N005,DAM,LMP,LMP_PRC,URBAN_6_N005,ALL,1,39.92523,57
2017-09-04T00:00:00-00:00,2017-09-04T01:00:00-00:00,2017-09-03,18,0,URBAN_6_N005,URBAN_6_N005,URBAN_6_N005,DAM,LMP,LMP_PRC,URBAN_6_N005,ALL,1,71.23913,57
2017-09-03T17:00:00-00:00,2017-09-03T18:00:00-00:00,2017-09-03,11,0,URBAN_6_N005,URBAN_6_N005,URBAN_6_N005,DAM,LMP,LMP_PRC,URBAN_6_N005,ALL,1,35.75366,57
2017-09-04T01:00:00-00:00,2017-09-04T02:00:00-00:00,2017-09-03,19,0,URBAN_6_N005,URBAN_6_N005,URBAN_6_N005,DAM,LMP,LMP_PRC,URBAN_6_N005,ALL,1,112.78403,57
2017-09-03T14:00:00-00:00,2017-09-03T15:00:00-00:00,2017-09-03,8,0,URBAN_6_N005,URBAN_6_N005,URBAN_6_N005,DAM,LMP,LMP_PRC,URBAN_6_N005,ALL,1,31.48077,57
2017-09-03T07:00:00-00:00,2017-09-03T08:00:00-00:00,2017-09-03,1,0,URBAN_6_N005,URBAN_6_N005,URBAN_6_N005,DAM,LMP,LMP_PRC,URBAN_6_N005,ALL,1,43.93184,57
2017-09-04T04:00:00-00:00,2017-09-04T05:00:00-00:00,2017-09-03,22,0,URBAN_6_N005,URBAN_6_N005,URBAN_6_N005,DAM,LMP,LMP_PRC,URBAN_6_N005,ALL,1,54.48764,57
2017-09-03T11:00:00-00:00,2017-09-03T12:00:00-00:00,2017-09-03,5,0,URBAN_6_N005,URBAN_6_N005,URBAN_6_N005,DAM,LMP,LMP_PRC,URBAN_6_N005,ALL,1,34.94721,57
2017-09-03T21:00:00-00:00,2017-09-03T22:00:00-00:00,2017-09-03,15,0,URBAN_6_N005,URBAN_6_N005,URBAN_6_N005,DAM,LMP,LMP_PRC,URBAN_6_N005,ALL,1,55.10635,57
2017-09-03T15:00:00-00:00,2017-09-03T16:00:00-00:00,2017-09-03,9,0,URBAN_6_N005,URBAN_6_N005,URBAN_6_N005,DAM,LMP,LMP_PRC,URBAN_6_N005,ALL,1,30.34479,57
2017-09-03T22:00:00-00:00,2017-09-03T23:00:00-00:00,2017-09-03,16,0,URBAN_6_N005,URBAN_6_N005,URBAN_6_N005,DAM,LMP,LMP_PRC,URBAN_6_N005,ALL,1,59.18502,57
2017-09-04T05:00:00-00:00,2017-09-04T06:00:00-00:00,2017-09-03,23,0,URBAN_6_N005,URBAN_6_N005,URBAN_6_N005,DAM,LMP,LMP_PRC,URBAN_6_N005,ALL,1,48.80378,57
2017-09-04T02:00:00-00:00,2017-09-04T03:00:00-00:00,2017-09-03,20,0,URBAN_6_N005,URBAN_6_N005,URBAN_6_N005,DAM,LMP,LMP_PRC,URBAN_6_N005,ALL,1,92.54758,57
2017-09-03T20:00:00-00:00,2017-09-03T21:00:00-00:00,2017-09-03,14,0,URBAN_6_N005,URBAN_6_N005,URBAN_6_N005,DAM,LMP,LMP_PRC,URBAN_6_N005,ALL,1,50.25,57
2017-09-03T10:00:00-00:00,2017-09-03T11:00:00-00:00,2017-09-03,4,0,URBAN_6_N005,URBAN_6_N005,URBAN_6_N005,DAM,LMP,LMP_PRC,URBAN_6_N005,ALL,1,35.15852,57
2017-09-03T09:00:00-00:00,2017-09-03T10:00:00-00:00,2017-09-03,3,0,URBAN_6_N005,URBAN_6_N005,URBAN_6_N005,DAM,LMP,LMP_PRC,URBAN_6_N005,ALL,1,37.79058,57
2017-09-03T23:00:00-00:00,2017-09-04T00:00:00-00:00,2017-09-03,17,0,URBAN_6_N005,URBAN_6_N005,URBAN_6_N005,DAM,LMP,LMP_PRC,URBAN_6_N005,ALL,1,65.75,57
2017-09-03T18:00:00-00:00,2017-09-03T19:00:00-00:00,2017-09-03,12,0,URBAN_6_N005,URBAN_6_N005,URBAN_6_N005,DAM,LMP,LMP_PRC,URBAN_6_N005,ALL,1,40.25,57
2017-09-04T06:00:00-00:00,2017-09-04T07:00:00-00:00,2017-09-03,24,0,URBAN_6_N005,URBAN_6_N005,URBAN_6_N005,DAM,LMP,LMP_PRC,URBAN_6_N005,ALL,1,42.90897,57
2017-09-03T22:00:00-00:00,2017-09-03T23:00:00-00:00,2017-09-03,16,0,URBAN_6_N005,URBAN_6_N005,URBAN_6_N005,DAM,MCC,LMP_CONG_PRC,URBAN_6_N005,ALL,1,0,58
2017-09-04T05:00:00-00:00,2017-09-04T06:00:00-00:00,2017-09-03,23,0,URBAN_6_N005,URBAN_6_N005,URBAN_6_N005,DAM,MCC,LMP_CONG_PRC,URBAN_6_N005,ALL,1,0,58
2017-09-03T18:00:00-00:00,2017-09-03T19:00:00-00:00,2017-09-03,12,0,URBAN_6_N005,URBAN_6_N005,URBAN_6_N005,DAM,MCC,LMP_CONG_PRC,URBAN_6_N005,ALL,1,0,58
2017-09-03T13:00:00-00:00,2017-09-03T14:00:00-00:00,2017-09-03,7,0,URBAN_6_N005,URBAN_6_N005,URBAN_6_N005,DAM,MCC,LMP_CONG_PRC,URBAN_6_N005,ALL,1,0,58
2017-09-03T12:00:00-00:00,2017-09-03T13:00:00-00:00,2017-09-03,6,0,URBAN_6_N005,URBAN_6_N005,URBAN_6_N005,DAM,MCC,LMP_CONG_PRC,URBAN_6_N005,ALL,1,0,58
2017-09-03T20:00:00-00:00,2017-09-03T21:00:00-00:00,2017-09-03,14,0,URBAN_6_N005,URBAN_6_N005,URBAN_6_N005,DAM,MCC,LMP_CONG_PRC,URBAN_6_N005,ALL,1,0,58
2017-09-04T06:00:00-00:00,2017-09-04T07:00:00-00:00,2017-09-03,24,0,URBAN_6_N005,URBAN_6_N005,URBAN_6_N005,DAM,MCC,LMP_CONG_PRC,URBAN_6_N005,ALL,1,0,58
2017-09-04T02:00:00-00:00,2017-09-04T03:00:00-00:00,2017-09-03,20,0,URBAN_6_N005,URBAN_6_N005,URBAN_6_N005,DAM,MCC,LMP_CONG_PRC,URBAN_6_N005,ALL,1,0,58
2017-09-04T04:00:00-00:00,2017-09-04T05:00:00-00:00,2017-09-03,22,0,URBAN_6_N005,URBAN_6_N005,URBAN_6_N005,DAM,MCC,LMP_CONG_PRC,URBAN_6_N005,ALL,1,0,58
2017-09-03T09:00:00-00:00,2017-09-03T10:00:00-00:00,2017-09-03,3,0,URBAN_6_N005,URBAN_6_N005,URBAN_6_N005,DAM,MCC,LMP_CONG_PRC,URBAN_6_N005,ALL,1,0,58
2017-09-03T08:00:00-00:00,2017-09-03T09:00:00-00:00,2017-09-03,2,0,URBAN_6_N005,URBAN_6_N005,URBAN_6_N005,DAM,MCC,LMP_CONG_PRC,URBAN_6_N005,ALL,1,0,58
2017-09-03T23:00:00-00:00,2017-09-04T00:00:00-00:00,2017-09-03,17,0,URBAN_6_N005,URBAN_6_N005,URBAN_6_N005,DAM,MCC,LMP_CONG_PRC,URBAN_6_N005,ALL,1,0,58
2017-09-03T10:00:00-00:00,2017-09-03T11:00:00-00:00,2017-09-03,4,0,URBAN_6_N005,URBAN_6_N005,URBAN_6_N005,DAM,MCC,LMP_CONG_PRC,URBAN_6_N005,ALL,1,0,58
2017-09-03T17:00:00-00:00,2017-09-03T18:00:00-00:00,2017-09-03,11,0,URBAN_6_N005,URBAN_6_N005,URBAN_6_N005,DAM,MCC,LMP_CONG_PRC,URBAN_6_N005,ALL,1,0,58
2017-09-03T16:00:00-00:00,2017-09-03T17:00:00-00:00,2017-09-03,10,0,URBAN_6_N005,URBAN_6_N005,URBAN_6_N005,DAM,MCC,LMP_CONG_PRC,URBAN_6_N005,ALL,1,0,58
2017-09-04T01:00:00-00:00,2017-09-04T02:00:00-00:00,2017-09-03,19,0,URBAN_6_N005,URBAN_6_N005,URBAN_6_N005,DAM,MCC,LMP_CONG_PRC,URBAN_6_N005,ALL,1,0,58
2017-09-03T14:00:00-00:00,2017-09-03T15:00:00-00:00,2017-09-03,8,0,URBAN_6_N005,URBAN_6_N005,URBAN_6_N005,DAM,MCC,LMP_CONG_PRC,URBAN_6_N005,ALL,1,0,58
2017-09-03T11:00:00-00:00,2017-09-03T12:00:00-00:00,2017-09-03,5,0,URBAN_6_N005,URBAN_6_N005,URBAN_6_N005,DAM,MCC,LMP_CONG_PRC,URBAN_6_N005,ALL,1,0,58
2017-09-03T07:00:00-00:00,2017-09-03T08:00:00-00:00,2017-09-03,1,0,URBAN_6_N005,URBAN_6_N005,URBAN_6_N005,DAM,MCC,LMP_CONG_PRC,URBAN_6_N005,ALL,1,0,58
2017-09-03T19:00:00-00:00,2017-09-03T20:00:00-00:00,2017-09-03,13,0,URBAN_6_N005,URBAN_6_N005,URBAN_6_N005,DAM,MCC,LMP_CONG_PRC,URBAN_6_N005,ALL,1,0,58
2017-09-03T21:00:00-00:00,2017-09-03T22:00:00-00:00,2017-09-03,15,0,URBAN_6_N005,URBAN_6_N005,URBAN_6_N005,DAM,MCC,LMP_CONG_PRC,URBAN_6_N005,ALL,1,0,58
2017-09-04T00:00:00-00:00,2017-09-04T01:00:00-00:00,2017-09-03,18,0,URBAN_6_N005,URBAN_6_N005,URBAN_6_N005,DAM,MCC,LMP_CONG_PRC,URBAN_6_N005,ALL,1,0,58
2017-09-04T03:00:00-00:00,2017-09-04T04:00:00-00:00,2017-09-03,21,0,URBAN_6_N005,URBAN_6_N005,URBAN_6_N005,DAM,MCC,LMP_CONG_PRC,URBAN_6_N005,ALL,1,0,58
2017-09-03T15:00:00-00:00,2017-09-03T16:00:00-00:00,2017-09-03,9,0,URBAN_6_N005,URBAN_6_N005,URBAN_6_N005,DAM,MCC,LMP_CONG_PRC,URBAN_6_N005,ALL,1,0,58
2017-09-03T12:00:00-00:00,2017-09-03T13:00:00-00:00,2017-09-03,6,0,URBAN_6_N005,URBAN_6_N005,URBAN_6_N005,DAM,MCE,LMP_ENE_PRC,URBAN_6_N005,ALL,1,34.22691,59
2017-09-03T13:00:00-00:00,2017-09-03T14:00:00-00:00,2017-09-03,7,0,URBAN_6_N005,URBAN_6_N005,URBAN_6_N005,DAM,MCE,LMP_ENE_PRC,URBAN_6_N005,ALL,1,34.73286,59
2017-09-03T21:00:00-00:00,2017-09-03T22:00:00-00:00,2017-09-03,15,0,URBAN_6_N005,URBAN_6_N005,URBAN_6_N005,DAM,MCE,LMP_ENE_PRC,URBAN_6_N005,ALL,1,55.506,59
2017-09-04T00:00:00-00:00,2017-09-04T01:00:00-00:00,2017-09-03,18,0,URBAN_6_N005,URBAN_6_N005,URBAN_6_N005,DAM,MCE,LMP_ENE_PRC,URBAN_6_N005,ALL,1,72.46377,59
2017-09-03T07:00:00-00:00,2017-09-03T08:00:00-00:00,2017-09-03,1,0,URBAN_6_N005,URBAN_6_N005,URBAN_6_N005,DAM,MCE,LMP_ENE_PRC,URBAN_6_N005,ALL,1,44.19258,59
2017-09-04T03:00:00-00:00,2017-09-04T04:00:00-00:00,2017-09-03,21,0,URBAN_6_N005,URBAN_6_N005,URBAN_6_N005,DAM,MCE,LMP_ENE_PRC,URBAN_6_N005,ALL,1,66.54844,59
2017-09-04T05:00:00-00:00,2017-09-04T06:00:00-00:00,2017-09-03,23,0,URBAN_6_N005,URBAN_6_N005,URBAN_6_N005,DAM,MCE,LMP_ENE_PRC,URBAN_6_N005,ALL,1,49.2172,59
2017-09-03T20:00:00-00:00,2017-09-03T21:00:00-00:00,2017-09-03,14,0,URBAN_6_N005,URBAN_6_N005,URBAN_6_N005,DAM,MCE,LMP_ENE_PRC,URBAN_6_N005,ALL,1,50.51267,59
2017-09-03T17:00:00-00:00,2017-09-03T18:00:00-00:00,2017-09-03,11,0,URBAN_6_N005,URBAN_6_N005,URBAN_6_N005,DAM,MCE,LMP_ENE_PRC,URBAN_6_N005,ALL,1,36.00208,59
2017-09-03T18:00:00-00:00,2017-09-03T19:00:00-00:00,2017-09-03,12,0,URBAN_6_N005,URBAN_6_N005,URBAN_6_N005,DAM,MCE,LMP_ENE_PRC,URBAN_6_N005,ALL,1,40.36302,59
2017-09-03T22:00:00-00:00,2017-09-03T23:00:00-00:00,2017-09-03,16,0,URBAN_6_N005,URBAN_6_N005,URBAN_6_N005,DAM,MCE,LMP_ENE_PRC,URBAN_6_N005,ALL,1,59.45853,59
2017-09-04T01:00:00-00:00,2017-09-04T02:00:00-00:00,2017-09-03,19,0,URBAN_6_N005,URBAN_6_N005,URBAN_6_N005,DAM,MCE,LMP_ENE_PRC,URBAN_6_N005,ALL,1,114.26954,59
2017-09-03T10:00:00-00:00,2017-09-03T11:00:00-00:00,2017-09-03,4,0,URBAN_6_N005,URBAN_6_N005,URBAN_6_N005,DAM,MCE,LMP_ENE_PRC,URBAN_6_N005,ALL,1,35.21486,59
2017-09-03T23:00:00-00:00,2017-09-04T00:00:00-00:00,2017-09-03,17,0,URBAN_6_N005,URBAN_6_N005,URBAN_6_N005,DAM,MCE,LMP_ENE_PRC,URBAN_6_N005,ALL,1,66.67005,59
2017-09-03T16:00:00-00:00,2017-09-03T17:00:00-00:00,2017-09-03,10,0,URBAN_6_N005,URBAN_6_N005,URBAN_6_N005,DAM,MCE,LMP_ENE_PRC,URBAN_6_N005,ALL,1,30.4878,59
2017-09-03T19:00:00-00:00,2017-09-03T20:00:00-00:00,2017-09-03,13,0,URBAN_6_N005,URBAN_6_N005,URBAN_6_N005,DAM,MCE,LMP_ENE_PRC,URBAN_6_N005,ALL,1,47.67575,59
2017-09-03T11:00:00-00:00,2017-09-03T12:00:00-00:00,2017-09-03,5,0,URBAN_6_N005,URBAN_6_N005,URBAN_6_N005,DAM,MCE,LMP_ENE_PRC,URBAN_6_N005,ALL,1,34.9892,59
2017-09-03T14:00:00-00:00,2017-09-03T15:00:00-00:00,2017-09-03,8,0,URBAN_6_N005,URBAN_6_N005,URBAN_6_N005,DAM,MCE,LMP_ENE_PRC,URBAN_6_N005,ALL,1,31.58817,59
2017-09-04T02:00:00-00:00,2017-09-04T03:00:00-00:00,2017-09-03,20,0,URBAN_6_N005,URBAN_6_N005,URBAN_6_N005,DAM,MCE,LMP_ENE_PRC,URBAN_6_N005,ALL,1,93.50129,59
2017-09-04T04:00:00-00:00,2017-09-04T05:00:00-00:00,2017-09-03,22,0,URBAN_6_N005,URBAN_6_N005,URBAN_6_N005,DAM,MCE,LMP_ENE_PRC,URBAN_6_N005,ALL,1,54.62968,59
2017-09-04T06:00:00-00:00,2017-09-04T07:00:00-00:00,2017-09-03,24,0,URBAN_6_N005,URBAN_6_N005,URBAN_6_N005,DAM,MCE,LMP_ENE_PRC,URBAN_6_N005,ALL,1,43.34239,59
2017-09-03T09:00:00-00:00,2017-09-03T10:00:00-00:00,2017-09-03,3,0,URBAN_6_N005,URBAN_6_N005,URBAN_6_N005,DAM,MCE,LMP_ENE_PRC,URBAN_6_N005,ALL,1,37.70762,59
2017-09-03T15:00:00-00:00,2017-09-03T16:00:00-00:00,2017-09-03,9,0,URBAN_6_N005,URBAN_6_N005,URBAN_6_N005,DAM,MCE,LMP_ENE_PRC,URBAN_6_N005,ALL,1,30.49422,59
2017-09-03T08:00:00-00:00,2017-09-03T09:00:00-00:00,2017-09-03,2,0,URBAN_6_N005,URBAN_6_N005,URBAN_6_N005,DAM,MCE,LMP_ENE_PRC,URBAN_6_N005,ALL,1,40.05742,59
2017-09-03T20:00:00-00:00,2017-09-03T21:00:00-00:00,2017-09-03,14,0,URBAN_6_N005,URBAN_6_N005,URBAN_6_N005,DAM,MCL,LMP_LOSS_PRC,URBAN_6_N005,ALL,1,-0.26267,60
2017-09-03T19:00:00-00:00,2017-09-03T20:00:00-00:00,2017-09-03,13,0,URBAN_6_N005,URBAN_6_N005,URBAN_6_N005,DAM,MCL,LMP_LOSS_PRC,URBAN_6_N005,ALL,1,-0.11442,60
2017-09-03T13:00:00-00:00,2017-09-03T14:00:00-00:00,2017-09-03,7,0,URBAN_6_N005,URBAN_6_N005,URBAN_6_N005,DAM,MCL,LMP_LOSS_PRC,URBAN_6_N005,ALL,1,0.01389,60
2017-09-04T04:00:00-00:00,2017-09-04T05:00:00-00:00,2017-09-03,22,0,URBAN_6_N005,URBAN_6_N005,URBAN_6_N005,DAM,MCL,LMP_LOSS_PRC,URBAN_6_N005,ALL,1,-0.14204,60
2017-09-03T18:00:00-00:00,2017-09-03T19:00:00-00:00,2017-09-03,12,0,URBAN_6_N005,URBAN_6_N005,URBAN_6_N005,DAM,MCL,LMP_LOSS_PRC,URBAN_6_N005,ALL,1,-0.11302,60
2017-09-03T07:00:00-00:00,2017-09-03T08:00:00-00:00,2017-09-03,1,0,URBAN_6_N005,URBAN_6_N005,URBAN_6_N005,DAM,MCL,LMP_LOSS_PRC,URBAN_6_N005,ALL,1,-0.26074,60
2017-09-03T14:00:00-00:00,2017-09-03T15:00:00-00:00,2017-09-03,8,0,URBAN_6_N005,URBAN_6_N005,URBAN_6_N005,DAM,MCL,LMP_LOSS_PRC,URBAN_6_N005,ALL,1,-0.1074,60
2017-09-04T03:00:00-00:00,2017-09-04T04:00:00-00:00,2017-09-03,21,0,URBAN_6_N005,URBAN_6_N005,URBAN_6_N005,DAM,MCL,LMP_LOSS_PRC,URBAN_6_N005,ALL,1,-0.75865,60
2017-09-04T06:00:00-00:00,2017-09-04T07:00:00-00:00,2017-09-03,24,0,URBAN_6_N005,URBAN_6_N005,URBAN_6_N005,DAM,MCL,LMP_LOSS_PRC,URBAN_6_N005,ALL,1,-0.43342,60
2017-09-03T17:00:00-00:00,2017-09-03T18:00:00-00:00,2017-09-03,11,0,URBAN_6_N005,URBAN_6_N005,URBAN_6_N005,DAM,MCL,LMP_LOSS_PRC,URBAN_6_N005,ALL,1,-0.24841,60
2017-09-03T09:00:00-00:00,2017-09-03T10:00:00-00:00,2017-09-03,3,0,URBAN_6_N005,URBAN_6_N005,URBAN_6_N005,DAM,MCL,LMP_LOSS_PRC,URBAN_6_N005,ALL,1,0.08296,60
2017-09-03T10:00:00-00:00,2017-09-03T11:00:00-00:00,2017-09-03,4,0,URBAN_6_N005,URBAN_6_N005,URBAN_6_N005,DAM,MCL,LMP_LOSS_PRC,URBAN_6_N005,ALL,1,-0.05634,60
2017-09-04T01:00:00-00:00,2017-09-04T02:00:00-00:00,2017-09-03,19,0,URBAN_6_N005,URBAN_6_N005,URBAN_6_N005,DAM,MCL,LMP_LOSS_PRC,URBAN_6_N005,ALL,1,-1.4855,60
2017-09-04T02:00:00-00:00,2017-09-04T03:00:00-00:00,2017-09-03,20,0,URBAN_6_N005,URBAN_6_N005,URBAN_6_N005,DAM,MCL,LMP_LOSS_PRC,URBAN_6_N005,ALL,1,-0.95371,60
2017-09-03T15:00:00-00:00,2017-09-03T16:00:00-00:00,2017-09-03,9,0,URBAN_6_N005,URBAN_6_N005,URBAN_6_N005,DAM,MCL,LMP_LOSS_PRC,URBAN_6_N005,ALL,1,-0.14942,60
2017-09-03T08:00:00-00:00,2017-09-03T09:00:00-00:00,2017-09-03,2,0,URBAN_6_N005,URBAN_6_N005,URBAN_6_N005,DAM,MCL,LMP_LOSS_PRC,URBAN_6_N005,ALL,1,-0.13219,60
2017-09-03T12:00:00-00:00,2017-09-03T13:00:00-00:00,2017-09-03,6,0,URBAN_6_N005,URBAN_6_N005,URBAN_6_N005,DAM,MCL,LMP_LOSS_PRC,URBAN_6_N005,ALL,1,0.03765,60
2017-09-03T16:00:00-00:00,2017-09-03T17:00:00-00:00,2017-09-03,10,0,URBAN_6_N005,URBAN_6_N005,URBAN_6_N005,DAM,MCL,LMP_LOSS_PRC,URBAN_6_N005,ALL,1,-0.19817,60
2017-09-03T21:00:00-00:00,2017-09-03T22:00:00-00:00,2017-09-03,15,0,URBAN_6_N005,URBAN_6_N005,URBAN_6_N005,DAM,MCL,LMP_LOSS_PRC,URBAN_6_N005,ALL,1,-0.39964,60
2017-09-03T23:00:00-00:00,2017-09-04T00:00:00-00:00,2017-09-03,17,0,URBAN_6_N005,URBAN_6_N005,URBAN_6_N005,DAM,MCL,LMP_LOSS_PRC,URBAN_6_N005,ALL,1,-0.92005,60
2017-09-04T00:00:00-00:00,2017-09-04T01:00:00-00:00,2017-09-03,18,0,URBAN_6_N005,URBAN_6_N005,URBAN_6_N005,DAM,MCL,LMP_LOSS_PRC,URBAN_6_N005,ALL,1,-1.22464,60
2017-09-04T05:00:00-00:00,2017-09-04T06:00:00-00:00,2017-09-03,23,0,URBAN_6_N005,URBAN_6_N005,URBAN_6_N005,DAM,MCL,LMP_LOSS_PRC,URBAN_6_N005,ALL,1,-0.41342,60
2017-09-03T22:00:00-00:00,2017-09-03T23:00:00-00:00,2017-09-03,16,0,URBAN_6_N005,URBAN_6_N005,URBAN_6_N005,DAM,MCL,LMP_LOSS_PRC,URBAN_6_N005,ALL,1,-0.27351,60
2017-09-03T11:00:00-00:00,2017-09-03T12:00:00-00:00,2017-09-03,5,0,URBAN_6_N005,URBAN_6_N005,URBAN_6_N005,DAM,MCL,LMP_LOSS_PRC,URBAN_6_N005,ALL,1,-0.04199,60
2017-09-05T01:00:00-00:00,2017-09-05T02:00:00-00:00,2017-09-04,19,0,BAYSHOR2_1_N001,BAYSHOR2_1_N001,BAYSHOR2_1_N001,DAM,LMP,LMP_PRC,BAYSHOR2_1_N001,ALL,1,90.92149,61
2017-09-04T21:00:00-00:00,2017-09-04T22:00:00-00:00,2017-09-04,15,0,BAYSHOR2_1_N001,BAYSHOR2_1_N001,BAYSHOR2_1_N001,DAM,LMP,LMP_PRC,BAYSHOR2_1_N001,ALL,1,51.9296,61
2017-09-05T00:00:00-00:00,2017-09-05T01:00:00-00:00,2017-09-04,18,0,BAYSHOR2_1_N001,BAYSHOR2_1_N001,BAYSHOR2_1_N001,DAM,LMP,LMP_PRC,BAYSHOR2_1_N001,ALL,1,67.38307,61
2017-09-04T17:00:00-00:00,2017-09-04T18:00:00-00:00,2017-09-04,11,0,BAYSHOR2_1_N001,BAYSHOR2_1_N001,BAYSHOR2_1_N001,DAM,LMP,LMP_PRC,BAYSHOR2_1_N001,ALL,1,34.58436,61
2017-09-04T16:00:00-00:00,2017-09-04T17:00:00-00:00,2017-09-04,10,0,BAYSHOR2_1_N001,BAYSHOR2_1_N001,BAYSHOR2_1_N001,DAM,LMP,LMP_PRC,BAYSHOR2_1_N001,ALL,1,31.93379,61
2017-09-05T02:00:00-00:00,2017-09-05T03:00:00-00:00,2017-09-04,20,0,BAYSHOR2_1_N001,BAYSHOR2_1_N001,BAYSHOR2_1_N001,DAM,LMP,LMP_PRC,BAYSHOR2_1_N001,ALL,1,79.33535,61
2017-09-04T11:00:00-00:00,2017-09-04T12:00:00-00:00,2017-09-04,5,0,BAYSHOR2_1_N001,BAYSHOR2_1_N001,BAYSHOR2_1_N001,DAM,LMP,LMP_PRC,BAYSHOR2_1_N001,ALL,1,34.9051,61
2017-09-05T03:00:00-00:00,2017-09-05T04:00:00-00:00,2017-09-04,21,0,BAYSHOR2_1_N001,BAYSHOR2_1_N001,BAYSHOR2_1_N001,DAM,LMP,LMP_PRC,BAYSHOR2_1_N001,ALL,1,64.99443,61
2017-09-05T05:00:00-00:00,2017-09-05T06:00:00-00:00,2017-09-04,23,0,BAYSHOR2_1_N001,BAYSHOR2_1_N001,BAYSHOR2_1_N001,DAM,LMP,LMP_PRC,BAYSHOR2_1_N001,ALL,1,48.29381,61
2017-09-04T15:00:00-00:00,2017-09-04T16:00:00-00:00,2017-09-04,9,0,BAYSHOR2_1_N001,BAYSHOR2_1_N001,BAYSHOR2_1_N001,DAM,LMP,LMP_PRC,BAYSHOR2_1_N001,ALL,1,31.6922,61
2017-09-04T14:00:00-00:00,2017-09-04T15:00:00-00:00,2017-09-04,8,0,BAYSHOR2_1_N001,BAYSHOR2_1_N001,BAYSHOR2_1_N001,DAM,LMP,LMP_PRC,BAYSHOR2_1_N001,ALL,1,35.13989,61
2017-09-04T22:00:00-00:00,2017-09-04T23:00:00-00:00,2017-09-04,16,0,BAYSHOR2_1_N001,BAYSHOR2_1_N001,BAYSHOR2_1_N001,DAM,LMP,LMP_PRC,BAYSHOR2_1_N001,ALL,1,57.04936,61
2017-09-04T09:00:00-00:00,2017-09-04T10:00:00-00:00,2017-09-04,3,0,BAYSHOR2_1_N001,BAYSHOR2_1_N001,BAYSHOR2_1_N001,DAM,LMP,LMP_PRC,BAYSHOR2_1_N001,ALL,1,36.51536,61
2017-09-04T12:00:00-00:00,2017-09-04T13:00:00-00:00,2017-09-04,6,0,BAYSHOR2_1_N001,BAYSHOR2_1_N001,BAYSHOR2_1_N001,DAM,LMP,LMP_PRC,BAYSHOR2_1_N001,ALL,1,34.83104,61
2017-09-05T04:00:00-00:00,2017-09-05T05:00:00-00:00,2017-09-04,22,0,BAYSHOR2_1_N001,BAYSHOR2_1_N001,BAYSHOR2_1_N001,DAM,LMP,LMP_PRC,BAYSHOR2_1_N001,ALL,1,55.76257,61
2017-09-05T06:00:00-00:00,2017-09-05T07:00:00-00:00,2017-09-04,24,0,BAYSHOR2_1_N001,BAYSHOR2_1_N001,BAYSHOR2_1_N001,DAM,LMP,LMP_PRC,BAYSHOR2_1_N001,ALL,1,41.63338,61
2017-09-04T18:00:00-00:00,2017-09-04T19:00:00-00:00,2017-09-04,12,0,BAYSHOR2_1_N001,BAYSHOR2_1_N001,BAYSHOR2_1_N001,DAM,LMP,LMP_PRC,BAYSHOR2_1_N001,ALL,1,38.08302,61
2017-09-04T23:00:00-00:00,2017-09-05T00:00:00-00:00,2017-09-04,17,0,BAYSHOR2_1_N001,BAYSHOR2_1_N001,BAYSHOR2_1_N001,DAM,LMP,LMP_PRC,BAYSHOR2_1_N001,ALL,1,60.04533,61
2017-09-04T07:00:00-00:00,2017-09-04T08:00:00-00:00,2017-09-04,1,0,BAYSHOR2_1_N001,BAYSHOR2_1_N001,BAYSHOR2_1_N001,DAM,LMP,LMP_PRC,BAYSHOR2_1_N001,ALL,1,40.65089,61
2017-09-04T08:00:00-00:00,2017-09-04T09:00:00-00:00,2017-09-04,2,0,BAYSHOR2_1_N001,BAYSHOR2_1_N001,BAYSHOR2_1_N001,DAM,LMP,LMP_PRC,BAYSHOR2_1_N001,ALL,1,37.58213,61
2017-09-04T10:00:00-00:00,2017-09-04T11:00:00-00:00,2017-09-04,4,0,BAYSHOR2_1_N001,BAYSHOR2_1_N001,BAYSHOR2_1_N001,DAM,LMP,LMP_PRC,BAYSHOR2_1_N001,ALL,1,35.08957,61
2017-09-04T19:00:00-00:00,2017-09-04T20:00:00-00:00,2017-09-04,13,0,BAYSHOR2_1_N001,BAYSHOR2_1_N001,BAYSHOR2_1_N001,DAM,LMP,LMP_PRC,BAYSHOR2_1_N001,ALL,1,42.58928,61
2017-09-04T20:00:00-00:00,2017-09-04T21:00:00-00:00,2017-09-04,14,0,BAYSHOR2_1_N001,BAYSHOR2_1_N001,BAYSHOR2_1_N001,DAM,LMP,LMP_PRC,BAYSHOR2_1_N001,ALL,1,47.34667,61
2017-09-04T13:00:00-00:00,2017-09-04T14:00:00-00:00,2017-09-04,7,0,BAYSHOR2_1_N001,BAYSHOR2_1_N001,BAYSHOR2_1_N001,DAM,LMP,LMP_PRC,BAYSHOR2_1_N001,ALL,1,37.03032,61
2017-09-04T11:00:00-00:00,2017-09-04T12:00:00-00:00,2017-09-04,5,0,BAYSHOR2_1_N001,BAYSHOR2_1_N001,BAYSHOR2_1_N001,DAM,MCC,LMP_CONG_PRC,BAYSHOR2_1_N001,ALL,1,0,62
2017-09-04T23:00:00-00:00,2017-09-05T00:00:00-00:00,2017-09-04,17,0,BAYSHOR2_1_N001,BAYSHOR2_1_N001,BAYSHOR2_1_N001,DAM,MCC,LMP_CONG_PRC,BAYSHOR2_1_N001,ALL,1,0,62
2017-09-04T10:00:00-00:00,2017-09-04T11:00:00-00:00,2017-09-04,4,0,BAYSHOR2_1_N001,BAYSHOR2_1_N001,BAYSHOR2_1_N001,DAM,MCC,LMP_CONG_PRC,BAYSHOR2_1_N001,ALL,1,0,62
2017-09-05T03:00:00-00:00,2017-09-05T04:00:00-00:00,2017-09-04,21,0,BAYSHOR2_1_N001,BAYSHOR2_1_N001,BAYSHOR2_1_N001,DAM,MCC,LMP_CONG_PRC,BAYSHOR2_1_N001,ALL,1,0,62
2017-09-05T05:00:00-00:00,2017-09-05T06:00:00-00:00,2017-09-04,23,0,BAYSHOR2_1_N001,BAYSHOR2_1_N001,BAYSHOR2_1_N001,DAM,MCC,LMP_CONG_PRC,BAYSHOR2_1_N001,ALL,1,0,62
2017-09-04T16:00:00-00:00,2017-09-04T17:00:00-00:00,2017-09-04,10,0,BAYSHOR2_1_N001,BAYSHOR2_1_N001,BAYSHOR2_1_N001,DAM,MCC,LMP_CONG_PRC,BAYSHOR2_1_N001,ALL,1,0,62
2017-09-04T07:00:00-00:00,2017-09-04T08:00:00-00:00,2017-09-04,1,0,BAYSHOR2_1_N001,BAYSHOR2_1_N001,BAYSHOR2_1_N001,DAM,MCC,LMP_CONG_PRC,BAYSHOR2_1_N001,ALL,1,0,62
2017-09-04T12:00:00-00:00,2017-09-04T13:00:00-00:00,2017-09-04,6,0,BAYSHOR2_1_N001,BAYSHOR2_1_N001,BAYSHOR2_1_N001,DAM,MCC,LMP_CONG_PRC,BAYSHOR2_1_N001,ALL,1,0,62
2017-09-05T01:00:00-00:00,2017-09-05T02:00:00-00:00,2017-09-04,19,0,BAYSHOR2_1_N001,BAYSHOR2_1_N001,BAYSHOR2_1_N001,DAM,MCC,LMP_CONG_PRC,BAYSHOR2_1_N001,ALL,1,0,62
2017-09-05T04:00:00-00:00,2017-09-05T05:00:00-00:00,2017-09-04,22,0,BAYSHOR2_1_N001,BAYSHOR2_1_N001,BAYSHOR2_1_N001,DAM,MCC,LMP_CONG_PRC,BAYSHOR2_1_N001,ALL,1,0,62
2017-09-04T17:00:00-00:00,2017-09-04T18:00:00-00:00,2017-09-04,11,0,BAYSHOR2_1_N001,BAYSHOR2_1_N001,BAYSHOR2_1_N001,DAM,MCC,LMP_CONG_PRC,BAYSHOR2_1_N001,ALL,1,0,62
2017-09-04T18:00:00-00:00,2017-09-04T19:00:00-00:00,2017-09-04,12,0,BAYSHOR2_1_N001,BAYSHOR2_1_N001,BAYSHOR2_1_N001,DAM,MCC,LMP_CONG_PRC,BAYSHOR2_1_N001,ALL,1,0,62
2017-09-04T22:00:00-00:00,2017-09-04T23:00:00-00:00,2017-09-04,16,0,BAYSHOR2_1_N001,BAYSHOR2_1_N001,BAYSHOR2_1_N001,DAM,MCC,LMP_CONG_PRC,BAYSHOR2_1_N001,ALL,1,0,62
2017-09-05T00:00:00-00:00,2017-09-05T01:00:00-00:00,2017-09-04,18,0,BAYSHOR2_1_N001,BAYSHOR2_1_N001,BAYSHOR2_1_N001,DAM,MCC,LMP_CONG_PRC,BAYSHOR2_1_N001,ALL,1,0,62
2017-09-04T09:00:00-00:00,2017-09-04T10:00:00-00:00,2017-09-04,3,0,BAYSHOR2_1_N001,BAYSHOR2_1_N001,BAYSHOR2_1_N001,DAM,MCC,LMP_CONG_PRC,BAYSHOR2_1_N001,ALL,1,-0.27974,62
2017-09-04T15:00:00-00:00,2017-09-04T16:00:00-00:00,2017-09-04,9,0,BAYSHOR2_1_N001,BAYSHOR2_1_N001,BAYSHOR2_1_N001,DAM,MCC,LMP_CONG_PRC,BAYSHOR2_1_N001,ALL,1,-0.00971,62
2017-09-04T19:00:00-00:00,2017-09-04T20:00:00-00:00,2017-09-04,13,0,BAYSHOR2_1_N001,BAYSHOR2_1_N001,BAYSHOR2_1_N001,DAM,MCC,LMP_CONG_PRC,BAYSHOR2_1_N001,ALL,1,0,62
2017-09-04T20:00:00-00:00,2017-09-04T21:00:00-00:00,2017-09-04,14,0,BAYSHOR2_1_N001,BAYSHOR2_1_N001,BAYSHOR2_1_N001,DAM,MCC,LMP_CONG_PRC,BAYSHOR2_1_N001,ALL,1,0,62
2017-09-04T21:00:00-00:00,2017-09-04T22:00:00-00:00,2017-09-04,15,0,BAYSHOR2_1_N001,BAYSHOR2_1_N001,BAYSHOR2_1_N001,DAM,MCC,LMP_CONG_PRC,BAYSHOR2_1_N001,ALL,1,0,62
2017-09-04T13:00:00-00:00,2017-09-04T14:00:00-00:00,2017-09-04,7,0,BAYSHOR2_1_N001,BAYSHOR2_1_N001,BAYSHOR2_1_N001,DAM,MCC,LMP_CONG_PRC,BAYSHOR2_1_N001,ALL,1,0,62
2017-09-05T02:00:00-00:00,2017-09-05T03:00:00-00:00,2017-09-04,20,0,BAYSHOR2_1_N001,BAYSHOR2_1_N001,BAYSHOR2_1_N001,DAM,MCC,LMP_CONG_PRC,BAYSHOR2_1_N001,ALL,1,0,62
2017-09-05T06:00:00-00:00,2017-09-05T07:00:00-00:00,2017-09-04,24,0,BAYSHOR2_1_N001,BAYSHOR2_1_N001,BAYSHOR2_1_N001,DAM,MCC,LMP_CONG_PRC,BAYSHOR2_1_N001,ALL,1,0,62
2017-09-04T14:00:00-00:00,2017-09-04T15:00:00-00:00,2017-09-04,8,0,BAYSHOR2_1_N001,BAYSHOR2_1_N001,BAYSHOR2_1_N001,DAM,MCC,LMP_CONG_PRC,BAYSHOR2_1_N001,ALL,1,0,62
2017-09-04T08:00:00-00:00,2017-09-04T09:00:00-00:00,2017-09-04,2,0,BAYSHOR2_1_N001,BAYSHOR2_1_N001,BAYSHOR2_1_N001,DAM,MCC,LMP_CONG_PRC,BAYSHOR2_1_N001,ALL,1,0,62
2017-09-04T23:00:00-00:00,2017-09-05T00:00:00-00:00,2017-09-04,17,0,BAYSHOR2_1_N001,BAYSHOR2_1_N001,BAYSHOR2_1_N001,DAM,MCE,LMP_ENE_PRC,BAYSHOR2_1_N001,ALL,1,57.46515,63
2017-09-04T13:00:00-00:00,2017-09-04T14:00:00-00:00,2017-09-04,7,0,BAYSHOR2_1_N001,BAYSHOR2_1_N001,BAYSHOR2_1_N001,DAM,MCE,LMP_ENE_PRC,BAYSHOR2_1_N001,ALL,1,36.77656,63
2017-09-04T17:00:00-00:00,2017-09-04T18:00:00-00:00,2017-09-04,11,0,BAYSHOR2_1_N001,BAYSHOR2_1_N001,BAYSHOR2_1_N001,DAM,MCE,LMP_ENE_PRC,BAYSHOR2_1_N001,ALL,1,33.6981,63
2017-09-05T01:00:00-00:00,2017-09-05T02:00:00-00:00,2017-09-04,19,0,BAYSHOR2_1_N001,BAYSHOR2_1_N001,BAYSHOR2_1_N001,DAM,MCE,LMP_ENE_PRC,BAYSHOR2_1_N001,ALL,1,87.46656,63
2017-09-04T14:00:00-00:00,2017-09-04T15:00:00-00:00,2017-09-04,8,0,BAYSHOR2_1_N001,BAYSHOR2_1_N001,BAYSHOR2_1_N001,DAM,MCE,LMP_ENE_PRC,BAYSHOR2_1_N001,ALL,1,34.7782,63
2017-09-04T21:00:00-00:00,2017-09-04T22:00:00-00:00,2017-09-04,15,0,BAYSHOR2_1_N001,BAYSHOR2_1_N001,BAYSHOR2_1_N001,DAM,MCE,LMP_ENE_PRC,BAYSHOR2_1_N001,ALL,1,49.90831,63
2017-09-04T07:00:00-00:00,2017-09-04T08:00:00-00:00,2017-09-04,1,0,BAYSHOR2_1_N001,BAYSHOR2_1_N001,BAYSHOR2_1_N001,DAM,MCE,LMP_ENE_PRC,BAYSHOR2_1_N001,ALL,1,39.80308,63
2017-09-05T02:00:00-00:00,2017-09-05T03:00:00-00:00,2017-09-04,20,0,BAYSHOR2_1_N001,BAYSHOR2_1_N001,BAYSHOR2_1_N001,DAM,MCE,LMP_ENE_PRC,BAYSHOR2_1_N001,ALL,1,76.86789,63
2017-09-05T06:00:00-00:00,2017-09-05T07:00:00-00:00,2017-09-04,24,0,BAYSHOR2_1_N001,BAYSHOR2_1_N001,BAYSHOR2_1_N001,DAM,MCE,LMP_ENE_PRC,BAYSHOR2_1_N001,ALL,1,40.70131,63
2017-09-05T03:00:00-00:00,2017-09-05T04:00:00-00:00,2017-09-04,21,0,BAYSHOR2_1_N001,BAYSHOR2_1_N001,BAYSHOR2_1_N001,DAM,MCE,LMP_ENE_PRC,BAYSHOR2_1_N001,ALL,1,62.71777,63
2017-09-05T05:00:00-00:00,2017-09-05T06:00:00-00:00,2017-09-04,23,0,BAYSHOR2_1_N001,BAYSHOR2_1_N001,BAYSHOR2_1_N001,DAM,MCE,LMP_ENE_PRC,BAYSHOR2_1_N001,ALL,1,47.1988,63
2017-09-05T00:00:00-00:00,2017-09-05T01:00:00-00:00,2017-09-04,18,0,BAYSHOR2_1_N001,BAYSHOR2_1_N001,BAYSHOR2_1_N001,DAM,MCE,LMP_ENE_PRC,BAYSHOR2_1_N001,ALL,1,64.40129,63
2017-09-04T09:00:00-00:00,2017-09-04T10:00:00-00:00,2017-09-04,3,0,BAYSHOR2_1_N001,BAYSHOR2_1_N001,BAYSHOR2_1_N001,DAM,MCE,LMP_ENE_PRC,BAYSHOR2_1_N001,ALL,1,36.2549,63
2017-09-04T22:00:00-00:00,2017-09-04T23:00:00-00:00,2017-09-04,16,0,BAYSHOR2_1_N001,BAYSHOR2_1_N001,BAYSHOR2_1_N001,DAM,MCE,LMP_ENE_PRC,BAYSHOR2_1_N001,ALL,1,54.69737,63
2017-09-04T18:00:00-00:00,2017-09-04T19:00:00-00:00,2017-09-04,12,0,BAYSHOR2_1_N001,BAYSHOR2_1_N001,BAYSHOR2_1_N001,DAM,MCE,LMP_ENE_PRC,BAYSHOR2_1_N001,ALL,1,36.96662,63
2017-09-04T19:00:00-00:00,2017-09-04T20:00:00-00:00,2017-09-04,13,0,BAYSHOR2_1_N001,BAYSHOR2_1_N001,BAYSHOR2_1_N001,DAM,MCE,LMP_ENE_PRC,BAYSHOR2_1_N001,ALL,1,41.16497,63
2017-09-04T20:00:00-00:00,2017-09-04T21:00:00-00:00,2017-09-04,14,0,BAYSHOR2_1_N001,BAYSHOR2_1_N001,BAYSHOR2_1_N001,DAM,MCE,LMP_ENE_PRC,BAYSHOR2_1_N001,ALL,1,45.69701,63
2017-09-04T15:00:00-00:00,2017-09-04T16:00:00-00:00,2017-09-04,9,0,BAYSHOR2_1_N001,BAYSHOR2_1_N001,BAYSHOR2_1_N001,DAM,MCE,LMP_ENE_PRC,BAYSHOR2_1_N001,ALL,1,31.01038,63
2017-09-04T16:00:00-00:00,2017-09-04T17:00:00-00:00,2017-09-04,10,0,BAYSHOR2_1_N001,BAYSHOR2_1_N001,BAYSHOR2_1_N001,DAM,MCE,LMP_ENE_PRC,BAYSHOR2_1_N001,ALL,1,31.12758,63
2017-09-04T08:00:00-00:00,2017-09-04T09:00:00-00:00,2017-09-04,2,0,BAYSHOR2_1_N001,BAYSHOR2_1_N001,BAYSHOR2_1_N001,DAM,MCE,LMP_ENE_PRC,BAYSHOR2_1_N001,ALL,1,36.79112,63
2017-09-04T10:00:00-00:00,2017-09-04T11:00:00-00:00,2017-09-04,4,0,BAYSHOR2_1_N001,BAYSHOR2_1_N001,BAYSHOR2_1_N001,DAM,MCE,LMP_ENE_PRC,BAYSHOR2_1_N001,ALL,1,34.65295,63
2017-09-04T11:00:00-00:00,2017-09-04T12:00:00-00:00,2017-09-04,5,0,BAYSHOR2_1_N001,BAYSHOR2_1_N001,BAYSHOR2_1_N001,DAM,MCE,LMP_ENE_PRC,BAYSHOR2_1_N001,ALL,1,34.413,63
2017-09-04T12:00:00-00:00,2017-09-04T13:00:00-00:00,2017-09-04,6,0,BAYSHOR2_1_N001,BAYSHOR2_1_N001,BAYSHOR2_1_N001,DAM,MCE,LMP_ENE_PRC,BAYSHOR2_1_N001,ALL,1,34.46229,63
2017-09-05T04:00:00-00:00,2017-09-05T05:00:00-00:00,2017-09-04,22,0,BAYSHOR2_1_N001,BAYSHOR2_1_N001,BAYSHOR2_1_N001,DAM,MCE,LMP_ENE_PRC,BAYSHOR2_1_N001,ALL,1,54.38128,63
2017-09-04T21:00:00-00:00,2017-09-04T22:00:00-00:00,2017-09-04,15,0,BAYSHOR2_1_N001,BAYSHOR2_1_N001,BAYSHOR2_1_N001,DAM,MCL,LMP_LOSS_PRC,BAYSHOR2_1_N001,ALL,1,2.02129,64
2017-09-04T23:00:00-00:00,2017-09-05T00:00:00-00:00,2017-09-04,17,0,BAYSHOR2_1_N001,BAYSHOR2_1_N001,BAYSHOR2_1_N001,DAM,MCL,LMP_LOSS_PRC,BAYSHOR2_1_N001,ALL,1,2.58019,64
2017-09-05T02:00:00-00:00,2017-09-05T03:00:00-00:00,2017-09-04,20,0,BAYSHOR2_1_N001,BAYSHOR2_1_N001,BAYSHOR2_1_N001,DAM,MCL,LMP_LOSS_PRC,BAYSHOR2_1_N001,ALL,1,2.46746,64
2017-09-04T22:00:00-00:00,2017-09-04T23:00:00-00:00,2017-09-04,16,0,BAYSHOR2_1_N001,BAYSHOR2_1_N001,BAYSHOR2_1_N001,DAM,MCL,LMP_LOSS_PRC,BAYSHOR2_1_N001,ALL,1,2.35199,64
2017-09-05T05:00:00-00:00,2017-09-05T06:00:00-00:00,2017-09-04,23,0,BAYSHOR2_1_N001,BAYSHOR2_1_N001,BAYSHOR2_1_N001,DAM,MCL,LMP_LOSS_PRC,BAYSHOR2_1_N001,ALL,1,1.09501,64
2017-09-05T06:00:00-00:00,2017-09-05T07:00:00-00:00,2017-09-04,24,0,BAYSHOR2_1_N001,BAYSHOR2_1_N001,BAYSHOR2_1_N001,DAM,MCL,LMP_LOSS_PRC,BAYSHOR2_1_N001,ALL,1,0.93206,64
2017-09-04T14:00:00-00:00,2017-09-04T15:00:00-00:00,2017-09-04,8,0,BAYSHOR2_1_N001,BAYSHOR2_1_N001,BAYSHOR2_1_N001,DAM,MCL,LMP_LOSS_PRC,BAYSHOR2_1_N001,ALL,1,0.36169,64
2017-09-04T08:00:00-00:00,2017-09-04T09:00:00-00:00,2017-09-04,2,0,BAYSHOR2_1_N001,BAYSHOR2_1_N001,BAYSHOR2_1_N001,DAM,MCL,LMP_LOSS_PRC,BAYSHOR2_1_N001,ALL,1,0.79101,64
2017-09-04T10:00:00-00:00,2017-09-04T11:00:00-00:00,2017-09-04,4,0,BAYSHOR2_1_N001,BAYSHOR2_1_N001,BAYSHOR2_1_N001,DAM,MCL,LMP_LOSS_PRC,BAYSHOR2_1_N001,ALL,1,0.43663,64
2017-09-04T11:00:00-00:00,2017-09-04T12:00:00-00:00,2017-09-04,5,0,BAYSHOR2_1_N001,BAYSHOR2_1_N001,BAYSHOR2_1_N001,DAM,MCL,LMP_LOSS_PRC,BAYSHOR2_1_N001,ALL,1,0.49211,64
2017-09-05T04:00:00-00:00,2017-09-05T05:00:00-00:00,2017-09-04,22,0,BAYSHOR2_1_N001,BAYSHOR2_1_N001,BAYSHOR2_1_N001,DAM,MCL,LMP_LOSS_PRC,BAYSHOR2_1_N001,ALL,1,1.38128,64
2017-09-04T15:00:00-00:00,2017-09-04T16:00:00-00:00,2017-09-04,9,0,BAYSHOR2_1_N001,BAYSHOR2_1_N001,BAYSHOR2_1_N001,DAM,MCL,LMP_LOSS_PRC,BAYSHOR2_1_N001,ALL,1,0.69153,64
2017-09-04T07:00:00-00:00,2017-09-04T08:00:00-00:00,2017-09-04,1,0,BAYSHOR2_1_N001,BAYSHOR2_1_N001,BAYSHOR2_1_N001,DAM,MCL,LMP_LOSS_PRC,BAYSHOR2_1_N001,ALL,1,0.84781,64
2017-09-04T09:00:00-00:00,2017-09-04T10:00:00-00:00,2017-09-04,3,0,BAYSHOR2_1_N001,BAYSHOR2_1_N001,BAYSHOR2_1_N001,DAM,MCL,LMP_LOSS_PRC,BAYSHOR2_1_N001,ALL,1,0.5402,64
2017-09-05T03:00:00-00:00,2017-09-05T04:00:00-00:00,2017-09-04,21,0,BAYSHOR2_1_N001,BAYSHOR2_1_N001,BAYSHOR2_1_N001,DAM,MCL,LMP_LOSS_PRC,BAYSHOR2_1_N001,ALL,1,2.27666,64
2017-09-04T18:00:00-00:00,2017-09-04T19:00:00-00:00,2017-09-04,12,0,BAYSHOR2_1_N001,BAYSHOR2_1_N001,BAYSHOR2_1_N001,DAM,MCL,LMP_LOSS_PRC,BAYSHOR2_1_N001,ALL,1,1.11639,64
2017-09-05T00:00:00-00:00,2017-09-05T01:00:00-00:00,2017-09-04,18,0,BAYSHOR2_1_N001,BAYSHOR2_1_N001,BAYSHOR2_1_N001,DAM,MCL,LMP_LOSS_PRC,BAYSHOR2_1_N001,ALL,1,2.98178,64
2017-09-04T17:00:00-00:00,2017-09-04T18:00:00-00:00,2017-09-04,11,0,BAYSHOR2_1_N001,BAYSHOR2_1_N001,BAYSHOR2_1_N001,DAM,MCL,LMP_LOSS_PRC,BAYSHOR2_1_N001,ALL,1,0.88626,64
2017-09-04T13:00:00-00:00,2017-09-04T14:00:00-00:00,2017-09-04,7,0,BAYSHOR2_1_N001,BAYSHOR2_1_N001,BAYSHOR2_1_N001,DAM,MCL,LMP_LOSS_PRC,BAYSHOR2_1_N001,ALL,1,0.25376,64
2017-09-05T01:00:00-00:00,2017-09-05T02:00:00-00:00,2017-09-04,19,0,BAYSHOR2_1_N001,BAYSHOR2_1_N001,BAYSHOR2_1_N001,DAM,MCL,LMP_LOSS_PRC,BAYSHOR2_1_N001,ALL,1,3.45493,64
2017-09-04T19:00:00-00:00,2017-09-04T20:00:00-00:00,2017-09-04,13,0,BAYSHOR2_1_N001,BAYSHOR2_1_N001,BAYSHOR2_1_N001,DAM,MCL,LMP_LOSS_PRC,BAYSHOR2_1_N001,ALL,1,1.42431,64
2017-09-04T20:00:00-00:00,2017-09-04T21:00:00-00:00,2017-09-04,14,0,BAYSHOR2_1_N001,BAYSHOR2_1_N001,BAYSHOR2_1_N001,DAM,MCL,LMP_LOSS_PRC,BAYSHOR2_1_N001,ALL,1,1.64966,64
2017-09-04T16:00:00-00:00,2017-09-04T17:00:00-00:00,2017-09-04,10,0,BAYSHOR2_1_N001,BAYSHOR2_1_N001,BAYSHOR2_1_N001,DAM,MCL,LMP_LOSS_PRC,BAYSHOR2_1_N001,ALL,1,0.8062,64
2017-09-04T12:00:00-00:00,2017-09-04T13:00:00-00:00,2017-09-04,6,0,BAYSHOR2_1_N001,BAYSHOR2_1_N001,BAYSHOR2_1_N001,DAM,MCL,LMP_LOSS_PRC,BAYSHOR2_1_N001,ALL,1,0.36875,64
2017-09-04T08:00:00-00:00,2017-09-04T09:00:00-00:00,2017-09-04,2,0,TH_NP15_GEN-APND,TH_NP15_GEN-APND,TH_NP15_GEN-APND,DAM,LMP,LMP_PRC,TH_NP15_GEN-APND,ALL_APNODES,0,36.13575,65
2017-09-04T19:00:00-00:00,2017-09-04T20:00:00-00:00,2017-09-04,13,0,TH_NP15_GEN-APND,TH_NP15_GEN-APND,TH_NP15_GEN-APND,DAM,LMP,LMP_PRC,TH_NP15_GEN-APND,ALL_APNODES,0,40.40309,65
2017-09-04T22:00:00-00:00,2017-09-04T23:00:00-00:00,2017-09-04,16,0,TH_NP15_GEN-APND,TH_NP15_GEN-APND,TH_NP15_GEN-APND,DAM,LMP,LMP_PRC,TH_NP15_GEN-APND,ALL_APNODES,0,53.46668,65
2017-09-04T15:00:00-00:00,2017-09-04T16:00:00-00:00,2017-09-04,9,0,TH_NP15_GEN-APND,TH_NP15_GEN-APND,TH_NP15_GEN-APND,DAM,LMP,LMP_PRC,TH_NP15_GEN-APND,ALL_APNODES,0,30.47537,65
2017-09-04T07:00:00-00:00,2017-09-04T08:00:00-00:00,2017-09-04,1,0,TH_NP15_GEN-APND,TH_NP15_GEN-APND,TH_NP15_GEN-APND,DAM,LMP,LMP_PRC,TH_NP15_GEN-APND,ALL_APNODES,0,39.17036,65
2017-09-05T03:00:00-00:00,2017-09-05T04:00:00-00:00,2017-09-04,21,0,TH_NP15_GEN-APND,TH_NP15_GEN-APND,TH_NP15_GEN-APND,DAM,LMP,LMP_PRC,TH_NP15_GEN-APND,ALL_APNODES,0,61.2,65
2017-09-04T13:00:00-00:00,2017-09-04T14:00:00-00:00,2017-09-04,7,0,TH_NP15_GEN-APND,TH_NP15_GEN-APND,TH_NP15_GEN-APND,DAM,LMP,LMP_PRC,TH_NP15_GEN-APND,ALL_APNODES,0,35.9204,65
2017-09-05T04:00:00-00:00,2017-09-05T05:00:00-00:00,2017-09-04,22,0,TH_NP15_GEN-APND,TH_NP15_GEN-APND,TH_NP15_GEN-APND,DAM,LMP,LMP_PRC,TH_NP15_GEN-APND,ALL_APNODES,0,52.82054,65
2017-09-05T05:00:00-00:00,2017-09-05T06:00:00-00:00,2017-09-04,23,0,TH_NP15_GEN-APND,TH_NP15_GEN-APND,TH_NP15_GEN-APND,DAM,LMP,LMP_PRC,TH_NP15_GEN-APND,ALL_APNODES,0,46.04975,65
2017-09-05T06:00:00-00:00,2017-09-05T07:00:00-00:00,2017-09-04,24,0,TH_NP15_GEN-APND,TH_NP15_GEN-APND,TH_NP15_GEN-APND,DAM,LMP,LMP_PRC,TH_NP15_GEN-APND,ALL_APNODES,0,39.84973,65
2017-09-05T02:00:00-00:00,2017-09-05T03:00:00-00:00,2017-09-04,20,0,TH_NP15_GEN-APND,TH_NP15_GEN-APND,TH_NP15_GEN-APND,DAM,LMP,LMP_PRC,TH_NP15_GEN-APND,ALL_APNODES,0,74.83858,65
2017-09-04T10:00:00-00:00,2017-09-04T11:00:00-00:00,2017-09-04,4,0,TH_NP15_GEN-APND,TH_NP15_GEN-APND,TH_NP15_GEN-APND,DAM,LMP,LMP_PRC,TH_NP15_GEN-APND,ALL_APNODES,0,33.82082,65
2017-09-05T01:00:00-00:00,2017-09-05T02:00:00-00:00,2017-09-04,19,0,TH_NP15_GEN-APND,TH_NP15_GEN-APND,TH_NP15_GEN-APND,DAM,LMP,LMP_PRC,TH_NP15_GEN-APND,ALL_APNODES,0,85.58603,65
2017-09-05T00:00:00-00:00,2017-09-05T01:00:00-00:00,2017-09-04,18,0,TH_NP15_GEN-APND,TH_NP15_GEN-APND,TH_NP15_GEN-APND,DAM,LMP,LMP_PRC,TH_NP15_GEN-APND,ALL_APNODES,0,63.33867,65
2017-09-04T20:00:00-00:00,2017-09-04T21:00:00-00:00,2017-09-04,14,0,TH_NP15_GEN-APND,TH_NP15_GEN-APND,TH_NP15_GEN-APND,DAM,LMP,LMP_PRC,TH_NP15_GEN-APND,ALL_APNODES,0,44.63684,65
2017-09-04T18:00:00-00:00,2017-09-04T19:00:00-00:00,2017-09-04,12,0,TH_NP15_GEN-APND,TH_NP15_GEN-APND,TH_NP15_GEN-APND,DAM,LMP,LMP_PRC,TH_NP15_GEN-APND,ALL_APNODES,0,36.27905,65
2017-09-04T17:00:00-00:00,2017-09-04T18:00:00-00:00,2017-09-04,11,0,TH_NP15_GEN-APND,TH_NP15_GEN-APND,TH_NP15_GEN-APND,DAM,LMP,LMP_PRC,TH_NP15_GEN-APND,ALL_APNODES,0,33.10501,65
2017-09-04T21:00:00-00:00,2017-09-04T22:00:00-00:00,2017-09-04,15,0,TH_NP15_GEN-APND,TH_NP15_GEN-APND,TH_NP15_GEN-APND,DAM,LMP,LMP_PRC,TH_NP15_GEN-APND,ALL_APNODES,0,48.81033,65
2017-09-04T16:00:00-00:00,2017-09-04T17:00:00-00:00,2017-09-04,10,0,TH_NP15_GEN-APND,TH_NP15_GEN-APND,TH_NP15_GEN-APND,DAM,LMP,LMP_PRC,TH_NP15_GEN-APND,ALL_APNODES,0,30.5506,65
2017-09-04T14:00:00-00:00,2017-09-04T15:00:00-00:00,2017-09-04,8,0,TH_NP15_GEN-APND,TH_NP15_GEN-APND,TH_NP15_GEN-APND,DAM,LMP,LMP_PRC,TH_NP15_GEN-APND,ALL_APNODES,0,34.05064,65
2017-09-04T23:00:00-00:00,2017-09-05T00:00:00-00:00,2017-09-04,17,0,TH_NP15_GEN-APND,TH_NP15_GEN-APND,TH_NP15_GEN-APND,DAM,LMP,LMP_PRC,TH_NP15_GEN-APND,ALL_APNODES,0,56.36182,65
2017-09-04T12:00:00-00:00,2017-09-04T13:00:00-00:00,2017-09-04,6,0,TH_NP15_GEN-APND,TH_NP15_GEN-APND,TH_NP15_GEN-APND,DAM,LMP,LMP_PRC,TH_NP15_GEN-APND,ALL_APNODES,0,33.77563,65
2017-09-04T11:00:00-00:00,2017-09-04T12:00:00-00:00,2017-09-04,5,0,TH_NP15_GEN-APND,TH_NP15_GEN-APND,TH_NP15_GEN-APND,DAM,LMP,LMP_PRC,TH_NP15_GEN-APND,ALL_APNODES,0,33.62566,65
2017-09-04T09:00:00-00:00,2017-09-04T10:00:00-00:00,2017-09-04,3,0,TH_NP15_GEN-APND,TH_NP15_GEN-APND,TH_NP15_GEN-APND,DAM,LMP,LMP_PRC,TH_NP15_GEN-APND,ALL_APNODES,0,35.21499,65
2017-09-04T11:00:00-00:00,2017-09-04T12:00:00-00:00,2017-09-04,5,0,TH_NP15_GEN-APND,TH_NP15_GEN-APND,TH_NP15_GEN-APND,DAM,MCC,LMP_CONG_PRC,TH_NP15_GEN-APND,ALL_APNODES,0,-0.01993,66
2017-09-05T00:00:00-00:00,2017-09-05T01:00:00-00:00,2017-09-04,18,0,TH_NP15_GEN-APND,TH_NP15_GEN-APND,TH_NP15_GEN-APND,DAM,MCC,LMP_CONG_PRC,TH_NP15_GEN-APND,ALL_APNODES,0,0,66
2017-09-04T20:00:00-00:00,2017-09-04T21:00:00-00:00,2017-09-04,14,0,TH_NP15_GEN-APND,TH_NP15_GEN-APND,TH_NP15_GEN-APND,DAM,MCC,LMP_CONG_PRC,TH_NP15_GEN-APND,ALL_APNODES,0,0,66
2017-09-04T19:00:00-00:00,2017-09-04T20:00:00-00:00,2017-09-04,13,0,TH_NP15_GEN-APND,TH_NP15_GEN-APND,TH_NP15_GEN-APND,DAM,MCC,LMP_CONG_PRC,TH_NP15_GEN-APND,ALL_APNODES,0,-0.00444,66
2017-09-05T06:00:00-00:00,2017-09-05T07:00:00-00:00,2017-09-04,24,0,TH_NP15_GEN-APND,TH_NP15_GEN-APND,TH_NP15_GEN-APND,DAM,MCC,LMP_CONG_PRC,TH_NP15_GEN-APND,ALL_APNODES,0,-0.01314,66
2017-09-05T02:00:00-00:00,2017-09-05T03:00:00-00:00,2017-09-04,20,0,TH_NP15_GEN-APND,TH_NP15_GEN-APND,TH_NP15_GEN-APND,DAM,MCC,LMP_CONG_PRC,TH_NP15_GEN-APND,ALL_APNODES,0,0,66
2017-09-04T08:00:00-00:00,2017-09-04T09:00:00-00:00,2017-09-04,2,0,TH_NP15_GEN-APND,TH_NP15_GEN-APND,TH_NP15_GEN-APND,DAM,MCC,LMP_CONG_PRC,TH_NP15_GEN-APND,ALL_APNODES,0,-0.00785,66
2017-09-04T15:00:00-00:00,2017-09-04T16:00:00-00:00,2017-09-04,9,0,TH_NP15_GEN-APND,TH_NP15_GEN-APND,TH_NP15_GEN-APND,DAM,MCC,LMP_CONG_PRC,TH_NP15_GEN-APND,ALL_APNODES,0,0.00147,66
2017-09-04T16:00:00-00:00,2017-09-04T17:00:00-00:00,2017-09-04,10,0,TH_NP15_GEN-APND,TH_NP15_GEN-APND,TH_NP15_GEN-APND,DAM,MCC,LMP_CONG_PRC,TH_NP15_GEN-APND,ALL_APNODES,0,0.00822,66
2017-09-04T13:00:00-00:00,2017-09-04T14:00:00-00:00,2017-09-04,7,0,TH_NP15_GEN-APND,TH_NP15_GEN-APND,TH_NP15_GEN-APND,DAM,MCC,LMP_CONG_PRC,TH_NP15_GEN-APND,ALL_APNODES,0,0.01176,66
2017-09-04T12:00:00-00:00,2017-09-04T13:00:00-00:00,2017-09-04,6,0,TH_NP15_GEN-APND,TH_NP15_GEN-APND,TH_NP15_GEN-APND,DAM,MCC,LMP_CONG_PRC,TH_NP15_GEN-APND,ALL_APNODES,0,-0.01121,66
2017-09-04T09:00:00-00:00,2017-09-04T10:00:00-00:00,2017-09-04,3,0,TH_NP15_GEN-APND,TH_NP15_GEN-APND,TH_NP15_GEN-APND,DAM,MCC,LMP_CONG_PRC,TH_NP15_GEN-APND,ALL_APNODES,0,-0.20967,66
2017-09-04T23:00:00-00:00,2017-09-05T00:00:00-00:00,2017-09-04,17,0,TH_NP15_GEN-APND,TH_NP15_GEN-APND,TH_NP15_GEN-APND,DAM,MCC,LMP_CONG_PRC,TH_NP15_GEN-APND,ALL_APNODES,0,0,66
2017-09-05T05:00:00-00:00,2017-09-05T06:00:00-00:00,2017-09-04,23,0,TH_NP15_GEN-APND,TH_NP15_GEN-APND,TH_NP15_GEN-APND,DAM,MCC,LMP_CONG_PRC,TH_NP15_GEN-APND,ALL_APNODES,0,-0.01627,66
2017-09-05T01:00:00-00:00,2017-09-05T02:00:00-00:00,2017-09-04,19,0,TH_NP15_GEN-APND,TH_NP15_GEN-APND,TH_NP15_GEN-APND,DAM,MCC,LMP_CONG_PRC,TH_NP15_GEN-APND,ALL_APNODES,0,0,66
2017-09-04T10:00:00-00:00,2017-09-04T11:00:00-00:00,2017-09-04,4,0,TH_NP15_GEN-APND,TH_NP15_GEN-APND,TH_NP15_GEN-APND,DAM,MCC,LMP_CONG_PRC,TH_NP15_GEN-APND,ALL_APNODES,0,0.01341,66
2017-09-04T07:00:00-00:00,2017-09-04T08:00:00-00:00,2017-09-04,1,0,TH_NP15_GEN-APND,TH_NP15_GEN-APND,TH_NP15_GEN-APND,DAM,MCC,LMP_CONG_PRC,TH_NP15_GEN-APND,ALL_APNODES,0,0.00015,66
2017-09-04T22:00:00-00:00,2017-09-04T23:00:00-00:00,2017-09-04,16,0,TH_NP15_GEN-APND,TH_NP15_GEN-APND,TH_NP15_GEN-APND,DAM,MCC,LMP_CONG_PRC,TH_NP15_GEN-APND,ALL_APNODES,0,0,66
2017-09-04T21:00:00-00:00,2017-09-04T22:00:00-00:00,2017-09-04,15,0,TH_NP15_GEN-APND,TH_NP15_GEN-APND,TH_NP15_GEN-APND,DAM,MCC,LMP_CONG_PRC,TH_NP15_GEN-APND,ALL_APNODES,0,0,66
2017-09-04T18:00:00-00:00,2017-09-04T19:00:00-00:00,2017-09-04,12,0,TH_NP15_GEN-APND,TH_NP15_GEN-APND,TH_NP15_GEN-APND,DAM,MCC,LMP_CONG_PRC,TH_NP15_GEN-APND,ALL_APNODES,0,0,66
2017-09-05T04:00:00-00:00,2017-09-05T05:00:00-00:00,2017-09-04,22,0,TH_NP15_GEN-APND,TH_NP15_GEN-APND,TH_NP15_GEN-APND,DAM,MCC,LMP_CONG_PRC,TH_NP15_GEN-APND,ALL_APNODES,0,0,66
2017-09-05T03:00:00-00:00,2017-09-05T04:00:00-00:00,2017-09-04,21,0,TH_NP15_GEN-APND,TH_NP15_GEN-APND,TH_NP15_GEN-APND,DAM,MCC,LMP_CONG_PRC,TH_NP15_GEN-APND,ALL_APNODES,0,0,66
2017-09-04T14:00:00-00:00,2017-09-04T15:00:00-00:00,2017-09-04,8,0,TH_NP15_GEN-APND,TH_NP15_GEN-APND,TH_NP15_GEN-APND,DAM,MCC,LMP_CONG_PRC,TH_NP15_GEN-APND,ALL_APNODES,0,0.01322,66
2017-09-04T17:00:00-00:00,2017-09-04T18:00:00-00:00,2017-09-04,11,0,TH_NP15_GEN-APND,TH_NP15_GEN-APND,TH_NP15_GEN-APND,DAM,MCC,LMP_CONG_PRC,TH_NP15_GEN-APND,ALL_APNODES,0,0,66
2017-09-04T21:00:00-00:00,2017-09-04T22:00:00-00:00,2017-09-04,15,0,TH_NP15_GEN-APND,TH_NP15_GEN-APND,TH_NP15_GEN-APND,DAM,MCE,LMP_ENE_PRC,TH_NP15_GEN-APND,ALL_APNODES,0,49.90831,67
2017-09-05T03:00:00-00:00,2017-09-05T04:00:00-00:00,2017-09-04,21,0,TH_NP15_GEN-APND,TH_NP15_GEN-APND,TH_NP15_GEN-APND,DAM,MCE,LMP_ENE_PRC,TH_NP15_GEN-APND,ALL_APNODES,0,62.71777,67
2017-09-05T01:00:00-00:00,2017-09-05T02:00:00-00:00,2017-09-04,19,0,TH_NP15_GEN-APND,TH_NP15_GEN-APND,TH_NP15_GEN-APND,DAM,MCE,LMP_ENE_PRC,TH_NP15_GEN-APND,ALL_APNODES,0,87.46656,67
2017-09-05T04:00:00-00:00,2017-09-05T05:00:00-00:00,2017-09-04,22,0,TH_NP15_GEN-APND,TH_NP15_GEN-APND,TH_NP15_GEN-APND,DAM,MCE,LMP_ENE_PRC,TH_NP15_GEN-APND,ALL_APNODES,0,54.38128,67
2017-09-04T17:00:00-00:00,2017-09-04T18:00:00-00:00,2017-09-04,11,0,TH_NP15_GEN-APND,TH_NP15_GEN-APND,TH_NP15_GEN-APND,DAM,MCE,LMP_ENE_PRC,TH_NP15_GEN-APND,ALL_APNODES,0,33.6981,67
2017-09-04T08:00:00-00:00,2017-09-04T09:00:00-00:00,2017-09-04,2,0,TH_NP15_GEN-APND,TH_NP15_GEN-APND,TH_NP15_GEN-APND,DAM,MCE,LMP_ENE_PRC,TH_NP15_GEN-APND,ALL_APNODES,0,36.79112,67
2017-09-05T00:00:00-00:00,2017-09-05T01:00:00-00:00,2017-09-04,18,0,TH_NP15_GEN-APND,TH_NP15_GEN-APND,TH_NP15_GEN-APND,DAM,MCE,LMP_ENE_PRC,TH_NP15_GEN-APND,ALL_APNODES,0,64.40129,67
2017-09-05T05:00:00-00:00,2017-09-05T06:00:00-00:00,2017-09-04,23,0,TH_NP15_GEN-APND,TH_NP15_GEN-APND,TH_NP15_GEN-APND,DAM,MCE,LMP_ENE_PRC,TH_NP15_GEN-APND,ALL_APNODES,0,47.1988,67
2017-09-04T16:00:00-00:00,2017-09-04T17:00:00-00:00,2017-09-04,10,0,TH_NP15_GEN-APND,TH_NP15_GEN-APND,TH_NP15_GEN-APND,DAM,MCE,LMP_ENE_PRC,TH_NP15_GEN-APND,ALL_APNODES,0,31.12758,67
2017-09-04T11:00:00-00:00,2017-09-04T12:00:00-00:00,2017-09-04,5,0,TH_NP15_GEN-APND,TH_NP15_GEN-APND,TH_NP15_GEN-APND,DAM,MCE,LMP_ENE_PRC,TH_NP15_GEN-APND,ALL_APNODES,0,34.413,67
2017-09-05T06:00:00-00:00,2017-09-05T07:00:00-00:00,2017-09-04,24,0,TH_NP15_GEN-APND,TH_NP15_GEN-APND,TH_NP15_GEN-APND,DAM,MCE,LMP_ENE_PRC,TH_NP15_GEN-APND,ALL_APNODES,0,40.70131,67
2017-09-04T22:00:00-00:00,2017-09-04T23:00:00-00:00,2017-09-04,16,0,TH_NP15_GEN-APND,TH_NP15_GEN-APND,TH_NP15_GEN-APND,DAM,MCE,LMP_ENE_PRC,TH_NP15_GEN-APND,ALL_APNODES,0,54.69737,67
2017-09-04T15:00:00-00:00,2017-09-04T16:00:00-00:00,2017-09-04,9,0,TH_NP15_GEN-APND,TH_NP15_GEN-APND,TH_NP15_GEN-APND,DAM,MCE,LMP_ENE_PRC,TH_NP15_GEN-APND,ALL_APNODES,0,31.01038,67
2017-09-04T18:00:00-00:00,2017-09-04T19:00:00-00:00,2017-09-04,12,0,TH_NP15_GEN-APND,TH_NP15_GEN-APND,TH_NP15_GEN-APND,DAM,MCE,LMP_ENE_PRC,TH_NP15_GEN-APND,ALL_APNODES,0,36.96662,67
2017-09-04T12:00:00-00:00,2017-09-04T13:00:00-00:00,2017-09-04,6,0,TH_NP15_GEN-APND,TH_NP15_GEN-APND,TH_NP15_GEN-APND,DAM,MCE,LMP_ENE_PRC,TH_NP15_GEN-APND,ALL_APNODES,0,34.46229,67
2017-09-04T13:00:00-00:00,2017-09-04T14:00:00-00:00,2017-09-04,7,0,TH_NP15_GEN-APND,TH_NP15_GEN-APND,TH_NP15_GEN-APND,DAM,MCE,LMP_ENE_PRC,TH_NP15_GEN-APND,ALL_APNODES,0,36.77656,67
2017-09-05T02:00:00-00:00,2017-09-05T03:00:00-00:00,2017-09-04,20,0,TH_NP15_GEN-APND,TH_NP15_GEN-APND,TH_NP15_GEN-APND,DAM,MCE,LMP_ENE_PRC,TH_NP15_GEN-APND,ALL_APNODES,0,76.86789,67
2017-09-04T07:00:00-00:00,2017-09-04T08:00:00-00:00,2017-09-04,1,0,TH_NP15_GEN-APND,TH_NP15_GEN-APND,TH_NP15_GEN-APND,DAM,MCE,LMP_ENE_PRC,TH_NP15_GEN-APND,ALL_APNODES,0,39.80308,67
2017-09-04T10:00:00-00:00,2017-09-04T11:00:00-00:00,2017-09-04,4,0,TH_NP15_GEN-APND,TH_NP15_GEN-APND,TH_NP15_GEN-APND,DAM,MCE,LMP_ENE_PRC,TH_NP15_GEN-APND,ALL_APNODES,0,34.65295,67
2017-09-04T14:00:00-00:00,2017-09-04T15:00:00-00:00,2017-09-04,8,0,TH_NP15_GEN-APND,TH_NP15_GEN-APND,TH_NP15_GEN-APND,DAM,MCE,LMP_ENE_PRC,TH_NP15_GEN-APND,ALL_APNODES,0,34.7782,67
2017-09-04T19:00:00-00:00,2017-09-04T20:00:00-00:00,2017-09-04,13,0,TH_NP15_GEN-APND,TH_NP15_GEN-APND,TH_NP15_GEN-APND,DAM,MCE,LMP_ENE_PRC,TH_NP15_GEN-APND,ALL_APNODES,0,41.16497,67
2017-09-04T20:00:00-00:00,2017-09-04T21:00:00-00:00,2017-09-04,14,0,TH_NP15_GEN-APND,TH_NP15_GEN-APND,TH_NP15_GEN-APND,DAM,MCE,LMP_ENE_PRC,TH_NP15_GEN-APND,ALL_APNODES,0,45.69701,67
2017-09-04T23:00:00-00:00,2017-09-05T00:00:00-00:00,2017-09-04,17,0,TH_NP15_GEN-APND,TH_NP15_GEN-APND,TH_NP15_GEN-APND,DAM,MCE,LMP_ENE_PRC,TH_NP15_GEN-APND,ALL_APNODES,0,57.46515,67
2017-09-04T09:00:00-00:00,2017-09-04T10:00:00-00:00,2017-09-04,3,0,TH_NP15_GEN-APND,TH_NP15_GEN-APND,TH_NP15_GEN-APND,DAM,MCE,LMP_ENE_PRC,TH_NP15_GEN-APND,ALL_APNODES,0,36.2549,67
2017-09-05T05:00:00-00:00,2017-09-05T06:00:00-00:00,2017-09-04,23,0,TH_NP15_GEN-APND,TH_NP15_GEN-APND,TH_NP15_GEN-APND,DAM,MCL,LMP_LOSS_PRC,TH_NP15_GEN-APND,ALL_APNODES,0,-1.13277,68
2017-09-04T12:00:00-00:00,2017-09-04T13:00:00-00:00,2017-09-04,6,0,TH_NP15_GEN-APND,TH_NP15_GEN-APND,TH_NP15_GEN-APND,DAM,MCL,LMP_LOSS_PRC,TH_NP15_GEN-APND,ALL_APNODES,0,-0.67546,68
2017-09-04T23:00:00-00:00,2017-09-05T00:00:00-00:00,2017-09-04,17,0,TH_NP15_GEN-APND,TH_NP15_GEN-APND,TH_NP15_GEN-APND,DAM,MCL,LMP_LOSS_PRC,TH_NP15_GEN-APND,ALL_APNODES,0,-1.10333,68
2017-09-04T10:00:00-00:00,2017-09-04T11:00:00-00:00,2017-09-04,4,0,TH_NP15_GEN-APND,TH_NP15_GEN-APND,TH_NP15_GEN-APND,DAM,MCL,LMP_LOSS_PRC,TH_NP15_GEN-APND,ALL_APNODES,0,-0.84553,68
2017-09-04T18:00:00-00:00,2017-09-04T19:00:00-00:00,2017-09-04,12,0,TH_NP15_GEN-APND,TH_NP15_GEN-APND,TH_NP15_GEN-APND,DAM,MCL,LMP_LOSS_PRC,TH_NP15_GEN-APND,ALL_APNODES,0,-0.68758,68
2017-09-04T14:00:00-00:00,2017-09-04T15:00:00-00:00,2017-09-04,8,0,TH_NP15_GEN-APND,TH_NP15_GEN-APND,TH_NP15_GEN-APND,DAM,MCL,LMP_LOSS_PRC,TH_NP15_GEN-APND,ALL_APNODES,0,-0.74078,68
2017-09-04T17:00:00-00:00,2017-09-04T18:00:00-00:00,2017-09-04,11,0,TH_NP15_GEN-APND,TH_NP15_GEN-APND,TH_NP15_GEN-APND,DAM,MCL,LMP_LOSS_PRC,TH_NP15_GEN-APND,ALL_APNODES,0,-0.59309,68
2017-09-04T20:00:00-00:00,2017-09-04T21:00:00-00:00,2017-09-04,14,0,TH_NP15_GEN-APND,TH_NP15_GEN-APND,TH_NP15_GEN-APND,DAM,MCL,LMP_LOSS_PRC,TH_NP15_GEN-APND,ALL_APNODES,0,-1.06017,68
2017-09-04T21:00:00-00:00,2017-09-04T22:00:00-00:00,2017-09-04,15,0,TH_NP15_GEN-APND,TH_NP15_GEN-APND,TH_NP15_GEN-APND,DAM,MCL,LMP_LOSS_PRC,TH_NP15_GEN-APND,ALL_APNODES,0,-1.09798,68
2017-09-04T22:00:00-00:00,2017-09-04T23:00:00-00:00,2017-09-04,16,0,TH_NP15_GEN-APND,TH_NP15_GEN-APND,TH_NP15_GEN-APND,DAM,MCL,LMP_LOSS_PRC,TH_NP15_GEN-APND,ALL_APNODES,0,-1.23069,68
2017-09-04T08:00:00-00:00,2017-09-04T09:00:00-00:00,2017-09-04,2,0,TH_NP15_GEN-APND,TH_NP15_GEN-APND,TH_NP15_GEN-APND,DAM,MCL,LMP_LOSS_PRC,TH_NP15_GEN-APND,ALL_APNODES,0,-0.64752,68
2017-09-04T09:00:00-00:00,2017-09-04T10:00:00-00:00,2017-09-04,3,0,TH_NP15_GEN-APND,TH_NP15_GEN-APND,TH_NP15_GEN-APND,DAM,MCL,LMP_LOSS_PRC,TH_NP15_GEN-APND,ALL_APNODES,0,-0.83024,68
2017-09-04T13:00:00-00:00,2017-09-04T14:00:00-00:00,2017-09-04,7,0,TH_NP15_GEN-APND,TH_NP15_GEN-APND,TH_NP15_GEN-APND,DAM,MCL,LMP_LOSS_PRC,TH_NP15_GEN-APND,ALL_APNODES,0,-0.86793,68
2017-09-05T04:00:00-00:00,2017-09-05T05:00:00-00:00,2017-09-04,22,0,TH_NP15_GEN-APND,TH_NP15_GEN-APND,TH_NP15_GEN-APND,DAM,MCL,LMP_LOSS_PRC,TH_NP15_GEN-APND,ALL_APNODES,0,-1.56074,68
2017-09-04T19:00:00-00:00,2017-09-04T20:00:00-00:00,2017-09-04,13,0,TH_NP15_GEN-APND,TH_NP15_GEN-APND,TH_NP15_GEN-APND,DAM,MCL,LMP_LOSS_PRC,TH_NP15_GEN-APND,ALL_APNODES,0,-0.75744,68
2017-09-04T15:00:00-00:00,2017-09-04T16:00:00-00:00,2017-09-04,9,0,TH_NP15_GEN-APND,TH_NP15_GEN-APND,TH_NP15_GEN-APND,DAM,MCL,LMP_LOSS_PRC,TH_NP15_GEN-APND,ALL_APNODES,0,-0.53648,68
2017-09-05T02:00:00-00:00,2017-09-05T03:00:00-00:00,2017-09-04,20,0,TH_NP15_GEN-APND,TH_NP15_GEN-APND,TH_NP15_GEN-APND,DAM,MCL,LMP_LOSS_PRC,TH_NP15_GEN-APND,ALL_APNODES,0,-2.02931,68
2017-09-05T06:00:00-00:00,2017-09-05T07:00:00-00:00,2017-09-04,24,0,TH_NP15_GEN-APND,TH_NP15_GEN-APND,TH_NP15_GEN-APND,DAM,MCL,LMP_LOSS_PRC,TH_NP15_GEN-APND,ALL_APNODES,0,-0.83845,68
2017-09-05T00:00:00-00:00,2017-09-05T01:00:00-00:00,2017-09-04,18,0,TH_NP15_GEN-APND,TH_NP15_GEN-APND,TH_NP15_GEN-APND,DAM,MCL,LMP_LOSS_PRC,TH_NP15_GEN-APND,ALL_APNODES,0,-1.06262,68
2017-09-04T07:00:00-00:00,2017-09-04T08:00:00-00:00,2017-09-04,1,0,TH_NP15_GEN-APND,TH_NP15_GEN-APND,TH_NP15_GEN-APND,DAM,MCL,LMP_LOSS_PRC,TH_NP15_GEN-APND,ALL_APNODES,0,-0.63287,68
2017-09-04T11:00:00-00:00,2017-09-04T12:00:00-00:00,2017-09-04,5,0,TH_NP15_GEN-APND,TH_NP15_GEN-APND,TH_NP15_GEN-APND,DAM,MCL,LMP_LOSS_PRC,TH_NP15_GEN-APND,ALL_APNODES,0,-0.76741,68
2017-09-05T01:00:00-00:00,2017-09-05T02:00:00-00:00,2017-09-04,19,0,TH_NP15_GEN-APND,TH_NP15_GEN-APND,TH_NP15_GEN-APND,DAM,MCL,LMP_LOSS_PRC,TH_NP15_GEN-APND,ALL_APNODES,0,-1.88053,68
2017-09-05T03:00:00-00:00,2017-09-05T04:00:00-00:00,2017-09-04,21,0,TH_NP15_GEN-APND,TH_NP15_GEN-APND,TH_NP15_GEN-APND,DAM,MCL,LMP_LOSS_PRC,TH_NP15_GEN-APND,ALL_APNODES,0,-1.51777,68
2017-09-04T16:00:00-00:00,2017-09-04T17:00:00-00:00,2017-09-04,10,0,TH_NP15_GEN-APND,TH_NP15_GEN-APND,TH_NP15_GEN-APND,DAM,MCL,LMP_LOSS_PRC,TH_NP15_GEN-APND,ALL_APNODES,0,-0.5852,68
2017-09-05T03:00:00-00:00,2017-09-05T04:00:00-00:00,2017-09-04,21,0,TH_SP15_GEN-APND,TH_SP15_GEN-APND,TH_SP15_GEN-APND,DAM,LMP,LMP_PRC,TH_SP15_GEN-APND,ALL_APNODES,0,60.47875,69
2017-09-04T23:00:00-00:00,2017-09-05T00:00:00-00:00,2017-09-04,17,0,TH_SP15_GEN-APND,TH_SP15_GEN-APND,TH_SP15_GEN-APND,DAM,LMP,LMP_PRC,TH_SP15_GEN-APND,ALL_APNODES,0,55.11482,69
2017-09-05T04:00:00-00:00,2017-09-05T05:00:00-00:00,2017-09-04,22,0,TH_SP15_GEN-APND,TH_SP15_GEN-APND,TH_SP15_GEN-APND,DAM,LMP,LMP_PRC,TH_SP15_GEN-APND,ALL_APNODES,0,52.63021,69
2017-09-04T16:00:00-00:00,2017-09-04T17:00:00-00:00,2017-09-04,10,0,TH_SP15_GEN-APND,TH_SP15_GEN-APND,TH_SP15_GEN-APND,DAM,LMP,LMP_PRC,TH_SP15_GEN-APND,ALL_APNODES,0,30.29336,69
2017-09-05T02:00:00-00:00,2017-09-05T03:00:00-00:00,2017-09-04,20,0,TH_SP15_GEN-APND,TH_SP15_GEN-APND,TH_SP15_GEN-APND,DAM,LMP,LMP_PRC,TH_SP15_GEN-APND,ALL_APNODES,0,74.43118,69
2017-09-04T10:00:00-00:00,2017-09-04T11:00:00-00:00,2017-09-04,4,0,TH_SP15_GEN-APND,TH_SP15_GEN-APND,TH_SP15_GEN-APND,DAM,LMP,LMP_PRC,TH_SP15_GEN-APND,ALL_APNODES,0,33.9287,69
2017-09-04T19:00:00-00:00,2017-09-04T20:00:00-00:00,2017-09-04,13,0,TH_SP15_GEN-APND,TH_SP15_GEN-APND,TH_SP15_GEN-APND,DAM,LMP,LMP_PRC,TH_SP15_GEN-APND,ALL_APNODES,0,39.73899,69
2017-09-05T01:00:00-00:00,2017-09-05T02:00:00-00:00,2017-09-04,19,0,TH_SP15_GEN-APND,TH_SP15_GEN-APND,TH_SP15_GEN-APND,DAM,LMP,LMP_PRC,TH_SP15_GEN-APND,ALL_APNODES,0,84.41397,69
2017-09-04T08:00:00-00:00,2017-09-04T09:00:00-00:00,2017-09-04,2,0,TH_SP15_GEN-APND,TH_SP15_GEN-APND,TH_SP15_GEN-APND,DAM,LMP,LMP_PRC,TH_SP15_GEN-APND,ALL_APNODES,0,35.73521,69
2017-09-04T15:00:00-00:00,2017-09-04T16:00:00-00:00,2017-09-04,9,0,TH_SP15_GEN-APND,TH_SP15_GEN-APND,TH_SP15_GEN-APND,DAM,LMP,LMP_PRC,TH_SP15_GEN-APND,ALL_APNODES,0,30.22977,69
2017-09-04T12:00:00-00:00,2017-09-04T13:00:00-00:00,2017-09-04,6,0,TH_SP15_GEN-APND,TH_SP15_GEN-APND,TH_SP15_GEN-APND,DAM,LMP,LMP_PRC,TH_SP15_GEN-APND,ALL_APNODES,0,33.65588,69
2017-09-04T11:00:00-00:00,2017-09-04T12:00:00-00:00,2017-09-04,5,0,TH_SP15_GEN-APND,TH_SP15_GEN-APND,TH_SP15_GEN-APND,DAM,LMP,LMP_PRC,TH_SP15_GEN-APND,ALL_APNODES,0,33.65935,69
2017-09-04T21:00:00-00:00,2017-09-04T22:00:00-00:00,2017-09-04,15,0,TH_SP15_GEN-APND,TH_SP15_GEN-APND,TH_SP15_GEN-APND,DAM,LMP,LMP_PRC,TH_SP15_GEN-APND,ALL_APNODES,0,48.21642,69
2017-09-04T20:00:00-00:00,2017-09-04T21:00:00-00:00,2017-09-04,14,0,TH_SP15_GEN-APND,TH_SP15_GEN-APND,TH_SP15_GEN-APND,DAM,LMP,LMP_PRC,TH_SP15_GEN-APND,ALL_APNODES,0,44.20271,69
2017-09-04T18:00:00-00:00,2017-09-04T19:00:00-00:00,2017-09-04,12,0,TH_SP15_GEN-APND,TH_SP15_GEN-APND,TH_SP15_GEN-APND,DAM,LMP,LMP_PRC,TH_SP15_GEN-APND,ALL_APNODES,0,35.77444,69
2017-09-05T06:00:00-00:00,2017-09-05T07:00:00-00:00,2017-09-04,24,0,TH_SP15_GEN-APND,TH_SP15_GEN-APND,TH_SP15_GEN-APND,DAM,LMP,LMP_PRC,TH_SP15_GEN-APND,ALL_APNODES,0,39.36224,69
2017-09-04T07:00:00-00:00,2017-09-04T08:00:00-00:00,2017-09-04,1,0,TH_SP15_GEN-APND,TH_SP15_GEN-APND,TH_SP15_GEN-APND,DAM,LMP,LMP_PRC,TH_SP15_GEN-APND,ALL_APNODES,0,38.60899,69
2017-09-05T00:00:00-00:00,2017-09-05T01:00:00-00:00,2017-09-04,18,0,TH_SP15_GEN-APND,TH_SP15_GEN-APND,TH_SP15_GEN-APND,DAM,LMP,LMP_PRC,TH_SP15_GEN-APND,ALL_APNODES,0,61.7222,69
2017-09-04T17:00:00-00:00,2017-09-04T18:00:00-00:00,2017-09-04,11,0,TH_SP15_GEN-APND,TH_SP15_GEN-APND,TH_SP15_GEN-APND,DAM,LMP,LMP_PRC,TH_SP15_GEN-APND,ALL_APNODES,0,32.65039,69
2017-09-05T05:00:00-00:00,2017-09-05T06:00:00-00:00,2017-09-04,23,0,TH_SP15_GEN-APND,TH_SP15_GEN-APND,TH_SP15_GEN-APND,DAM,LMP,LMP_PRC,TH_SP15_GEN-APND,ALL_APNODES,0,45.69053,69
2017-09-04T14:00:00-00:00,2017-09-04T15:00:00-00:00,2017-09-04,8,0,TH_SP15_GEN-APND,TH_SP15_GEN-APND,TH_SP15_GEN-APND,DAM,LMP,LMP_PRC,TH_SP15_GEN-APND,ALL_APNODES,0,33.98177,69
2017-09-04T13:00:00-00:00,2017-09-04T14:00:00-00:00,2017-09-04,7,0,TH_SP15_GEN-APND,TH_SP15_GEN-APND,TH_SP15_GEN-APND,DAM,LMP,LMP_PRC,TH_SP15_GEN-APND,ALL_APNODES,0,36.01648,69
2017-09-04T22:00:00-00:00,2017-09-04T23:00:00-00:00,2017-09-04,16,0,TH_SP15_GEN-APND,TH_SP15_GEN-APND,TH_SP15_GEN-APND,DAM,LMP,LMP_PRC,TH_SP15_GEN-APND,ALL_APNODES,0,52.5587,69
2017-09-04T09:00:00-00:00,2017-09-04T10:00:00-00:00,2017-09-04,3,0,TH_SP15_GEN-APND,TH_SP15_GEN-APND,TH_SP15_GEN-APND,DAM,LMP,LMP_PRC,TH_SP15_GEN-APND,ALL_APNODES,0,35.42104,69
2017-09-05T01:00:00-00:00,2017-09-05T02:00:00-00:00,2017-09-04,19,0,TH_SP15_GEN-APND,TH_SP15_GEN-APND,TH_SP15_GEN-APND,DAM,MCC,LMP_CONG_PRC,TH_SP15_GEN-APND,ALL_APNODES,0,0,70
2017-09-05T02:00:00-00:00,2017-09-05T03:00:00-00:00,2017-09-04,20,0,TH_SP15_GEN-APND,TH_SP15_GEN-APND,TH_SP15_GEN-APND,DAM,MCC,LMP_CONG_PRC,TH_SP15_GEN-APND,ALL_APNODES,0,0,70
2017-09-04T21:00:00-00:00,2017-09-04T22:00:00-00:00,2017-09-04,15,0,TH_SP15_GEN-APND,TH_SP15_GEN-APND,TH_SP15_GEN-APND,DAM,MCC,LMP_CONG_PRC,TH_SP15_GEN-APND,ALL_APNODES,0,0,70
2017-09-04T15:00:00-00:00,2017-09-04T16:00:00-00:00,2017-09-04,9,0,TH_SP15_GEN-APND,TH_SP15_GEN-APND,TH_SP15_GEN-APND,DAM,MCC,LMP_CONG_PRC,TH_SP15_GEN-APND,ALL_APNODES,0,0.00706,70
2017-09-04T13:00:00-00:00,2017-09-04T14:00:00-00:00,2017-09-04,7,0,TH_SP15_GEN-APND,TH_SP15_GEN-APND,TH_SP15_GEN-APND,DAM,MCC,LMP_CONG_PRC,TH_SP15_GEN-APND,ALL_APNODES,0,0.00119,70
2017-09-04T19:00:00-00:00,2017-09-04T20:00:00-00:00,2017-09-04,13,0,TH_SP15_GEN-APND,TH_SP15_GEN-APND,TH_SP15_GEN-APND,DAM,MCC,LMP_CONG_PRC,TH_SP15_GEN-APND,ALL_APNODES,0,0.00245,70
2017-09-04T18:00:00-00:00,2017-09-04T19:00:00-00:00,2017-09-04,12,0,TH_SP15_GEN-APND,TH_SP15_GEN-APND,TH_SP15_GEN-APND,DAM,MCC,LMP_CONG_PRC,TH_SP15_GEN-APND,ALL_APNODES,0,0.00184,70
2017-09-04T20:00:00-00:00,2017-09-04T21:00:00-00:00,2017-09-04,14,0,TH_SP15_GEN-APND,TH_SP15_GEN-APND,TH_SP15_GEN-APND,DAM,MCC,LMP_CONG_PRC,TH_SP15_GEN-APND,ALL_APNODES,0,0,70
2017-09-04T07:00:00-00:00,2017-09-04T08:00:00-00:00,2017-09-04,1,0,TH_SP15_GEN-APND,TH_SP15_GEN-APND,TH_SP15_GEN-APND,DAM,MCC,LMP_CONG_PRC,TH_SP15_GEN-APND,ALL_APNODES,0,0,70
2017-09-05T05:00:00-00:00,2017-09-05T06:00:00-00:00,2017-09-04,23,0,TH_SP15_GEN-APND,TH_SP15_GEN-APND,TH_SP15_GEN-APND,DAM,MCC,LMP_CONG_PRC,TH_SP15_GEN-APND,ALL_APNODES,0,0.0021,70
2017-09-04T09:00:00-00:00,2017-09-04T10:00:00-00:00,2017-09-04,3,0,TH_SP15_GEN-APND,TH_SP15_GEN-APND,TH_SP15_GEN-APND,DAM,MCC,LMP_CONG_PRC,TH_SP15_GEN-APND,ALL_APNODES,0,0,70
2017-09-04T22:00:00-00:00,2017-09-04T23:00:00-00:00,2017-09-04,16,0,TH_SP15_GEN-APND,TH_SP15_GEN-APND,TH_SP15_GEN-APND,DAM,MCC,LMP_CONG_PRC,TH_SP15_GEN-APND,ALL_APNODES,0,0,70
2017-09-04T08:00:00-00:00,2017-09-04T09:00:00-00:00,2017-09-04,2,0,TH_SP15_GEN-APND,TH_SP15_GEN-APND,TH_SP15_GEN-APND,DAM,MCC,LMP_CONG_PRC,TH_SP15_GEN-APND,ALL_APNODES,0,0,70
2017-09-04T17:00:00-00:00,2017-09-04T18:00:00-00:00,2017-09-04,11,0,TH_SP15_GEN-APND,TH_SP15_GEN-APND,TH_SP15_GEN-APND,DAM,MCC,LMP_CONG_PRC,TH_SP15_GEN-APND,ALL_APNODES,0,0.0003,70
2017-09-05T00:00:00-00:00,2017-09-05T01:00:00-00:00,2017-09-04,18,0,TH_SP15_GEN-APND,TH_SP15_GEN-APND,TH_SP15_GEN-APND,DAM,MCC,LMP_CONG_PRC,TH_SP15_GEN-APND,ALL_APNODES,0,0,70
2017-09-05T06:00:00-00:00,2017-09-05T07:00:00-00:00,2017-09-04,24,0,TH_SP15_GEN-APND,TH_SP15_GEN-APND,TH_SP15_GEN-APND,DAM,MCC,LMP_CONG_PRC,TH_SP15_GEN-APND,ALL_APNODES,0,0,70
2017-09-05T04:00:00-00:00,2017-09-05T05:00:00-00:00,2017-09-04,22,0,TH_SP15_GEN-APND,TH_SP15_GEN-APND,TH_SP15_GEN-APND,DAM,MCC,LMP_CONG_PRC,TH_SP15_GEN-APND,ALL_APNODES,0,0,70
2017-09-04T14:00:00-00:00,2017-09-04T15:00:00-00:00,2017-09-04,8,0,TH_SP15_GEN-APND,TH_SP15_GEN-APND,TH_SP15_GEN-APND,DAM,MCC,LMP_CONG_PRC,TH_SP15_GEN-APND,ALL_APNODES,0,0,70
2017-09-04T23:00:00-00:00,2017-09-05T00:00:00-00:00,2017-09-04,17,0,TH_SP15_GEN-APND,TH_SP15_GEN-APND,TH_SP15_GEN-APND,DAM,MCC,LMP_CONG_PRC,TH_SP15_GEN-APND,ALL_APNODES,0,0,70
2017-09-04T12:00:00-00:00,2017-09-04T13:00:00-00:00,2017-09-04,6,0,TH_SP15_GEN-APND,TH_SP15_GEN-APND,TH_SP15_GEN-APND,DAM,MCC,LMP_CONG_PRC,TH_SP15_GEN-APND,ALL_APNODES,0,0,70
2017-09-04T11:00:00-00:00,2017-09-04T12:00:00-00:00,2017-09-04,5,0,TH_SP15_GEN-APND,TH_SP15_GEN-APND,TH_SP15_GEN-APND,DAM,MCC,LMP_CONG_PRC,TH_SP15_GEN-APND,ALL_APNODES,0,0,70
2017-09-05T03:00:00-00:00,2017-09-05T04:00:00-00:00,2017-09-04,21,0,TH_SP15_GEN-APND,TH_SP15_GEN-APND,TH_SP15_GEN-APND,DAM,MCC,LMP_CONG_PRC,TH_SP15_GEN-APND,ALL_APNODES,0,0,70
2017-09-04T16:00:00-00:00,2017-09-04T17:00:00-00:00,2017-09-04,10,0,TH_SP15_GEN-APND,TH_SP15_GEN-APND,TH_SP15_GEN-APND,DAM,MCC,LMP_CONG_PRC,TH_SP15_GEN-APND,ALL_APNODES,0,0,70
2017-09-04T10:00:00-00:00,2017-09-04T11:00:00-00:00,2017-09-04,4,0,TH_SP15_GEN-APND,TH_SP15_GEN-APND,TH_SP15_GEN-APND,DAM,MCC,LMP_CONG_PRC,TH_SP15_GEN-APND,ALL_APNODES,0,0,70
2017-09-04T13:00:00-00:00,2017-09-04T14:00:00-00:00,2017-09-04,7,0,TH_SP15_GEN-APND,TH_SP15_GEN-APND,TH_SP15_GEN-APND,DAM,MCE,LMP_ENE_PRC,TH_SP15_GEN-APND,ALL_APNODES,0,36.77656,71
2017-09-04T21:00:00-00:00,2017-09-04T22:00:00-00:00,2017-09-04,15,0,TH_SP15_GEN-APND,TH_SP15_GEN-APND,TH_SP15_GEN-APND,DAM,MCE,LMP_ENE_PRC,TH_SP15_GEN-APND,ALL_APNODES,0,49.90831,71
2017-09-04T09:00:00-00:00,2017-09-04T10:00:00-00:00,2017-09-04,3,0,TH_SP15_GEN-APND,TH_SP15_GEN-APND,TH_SP15_GEN-APND,DAM,MCE,LMP_ENE_PRC,TH_SP15_GEN-APND,ALL_APNODES,0,36.2549,71
2017-09-05T01:00:00-00:00,2017-09-05T02:00:00-00:00,2017-09-04,19,0,TH_SP15_GEN-APND,TH_SP15_GEN-APND,TH_SP15_GEN-APND,DAM,MCE,LMP_ENE_PRC,TH_SP15_GEN-APND,ALL_APNODES,0,87.46656,71
2017-09-05T06:00:00-00:00,2017-09-05T07:00:00-00:00,2017-09-04,24,0,TH_SP15_GEN-APND,TH_SP15_GEN-APND,TH_SP15_GEN-APND,DAM,MCE,LMP_ENE_PRC,TH_SP15_GEN-APND,ALL_APNODES,0,40.70131,71
2017-09-04T16:00:00-00:00,2017-09-04T17:00:00-00:00,2017-09-04,10,0,TH_SP15_GEN-APND,TH_SP15_GEN-APND,TH_SP15_GEN-APND,DAM,MCE,LMP_ENE_PRC,TH_SP15_GEN-APND,ALL_APNODES,0,31.12758,71
2017-09-04T19:00:00-00:00,2017-09-04T20:00:00-00:00,2017-09-04,13,0,TH_SP15_GEN-APND,TH_SP15_GEN-APND,TH_SP15_GEN-APND,DAM,MCE,LMP_ENE_PRC,TH_SP15_GEN-APND,ALL_APNODES,0,41.16497,71
2017-09-04T22:00:00-00:00,2017-09-04T23:00:00-00:00,2017-09-04,16,0,TH_SP15_GEN-APND,TH_SP15_GEN-APND,TH_SP15_GEN-APND,DAM,MCE,LMP_ENE_PRC,TH_SP15_GEN-APND,ALL_APNODES,0,54.69737,71
2017-09-04T23:00:00-00:00,2017-09-05T00:00:00-00:00,2017-09-04,17,0,TH_SP15_GEN-APND,TH_SP15_GEN-APND,TH_SP15_GEN-APND,DAM,MCE,LMP_ENE_PRC,TH_SP15_GEN-APND,ALL_APNODES,0,57.46515,71
2017-09-04T07:00:00-00:00,2017-09-04T08:00:00-00:00,2017-09-04,1,0,TH_SP15_GEN-APND,TH_SP15_GEN-APND,TH_SP15_GEN-APND,DAM,MCE,LMP_ENE_PRC,TH_SP15_GEN-APND,ALL_APNODES,0,39.80308,71
2017-09-04T10:00:00-00:00,2017-09-04T11:00:00-00:00,2017-09-04,4,0,TH_SP15_GEN-APND,TH_SP15_GEN-APND,TH_SP15_GEN-APND,DAM,MCE,LMP_ENE_PRC,TH_SP15_GEN-APND,ALL_APNODES,0,34.65295,71
2017-09-04T12:00:00-00:00,2017-09-04T13:00:00-00:00,2017-09-04,6,0,TH_SP15_GEN-APND,TH_SP15_GEN-APND,TH_SP15_GEN-APND,DAM,MCE,LMP_ENE_PRC,TH_SP15_GEN-APND,ALL_APNODES,0,34.46229,71
2017-09-05T02:00:00-00:00,2017-09-05T03:00:00-00:00,2017-09-04,20,0,TH_SP15_GEN-APND,TH_SP15_GEN-APND,TH_SP15_GEN-APND,DAM,MCE,LMP_ENE_PRC,TH_SP15_GEN-APND,ALL_APNODES,0,76.86789,71
2017-09-05T05:00:00-00:00,2017-09-05T06:00:00-00:00,2017-09-04,23,0,TH_SP15_GEN-APND,TH_SP15_GEN-APND,TH_SP15_GEN-APND,DAM,MCE,LMP_ENE_PRC,TH_SP15_GEN-APND,ALL_APNODES,0,47.1988,71
2017-09-04T20:00:00-00:00,2017-09-04T21:00:00-00:00,2017-09-04,14,0,TH_SP15_GEN-APND,TH_SP15_GEN-APND,TH_SP15_GEN-APND,DAM,MCE,LMP_ENE_PRC,TH_SP15_GEN-APND,ALL_APNODES,0,45.69701,71
2017-09-04T15:00:00-00:00,2017-09-04T16:00:00-00:00,2017-09-04,9,0,TH_SP15_GEN-APND,TH_SP15_GEN-APND,TH_SP15_GEN-APND,DAM,MCE,LMP_ENE_PRC,TH_SP15_GEN-APND,ALL_APNODES,0,31.01038,71
2017-09-05T03:00:00-00:00,2017-09-05T04:00:00-00:00,2017-09-04,21,0,TH_SP15_GEN-APND,TH_SP15_GEN-APND,TH_SP15_GEN-APND,DAM,MCE,LMP_ENE_PRC,TH_SP15_GEN-APND,ALL_APNODES,0,62.71777,71
2017-09-05T04:00:00-00:00,2017-09-05T05:00:00-00:00,2017-09-04,22,0,TH_SP15_GEN-APND,TH_SP15_GEN-APND,TH_SP15_GEN-APND,DAM,MCE,LMP_ENE_PRC,TH_SP15_GEN-APND,ALL_APNODES,0,54.38128,71
2017-09-04T17:00:00-00:00,2017-09-04T18:00:00-00:00,2017-09-04,11,0,TH_SP15_GEN-APND,TH_SP15_GEN-APND,TH_SP15_GEN-APND,DAM,MCE,LMP_ENE_PRC,TH_SP15_GEN-APND,ALL_APNODES,0,33.6981,71
2017-09-04T14:00:00-00:00,2017-09-04T15:00:00-00:00,2017-09-04,8,0,TH_SP15_GEN-APND,TH_SP15_GEN-APND,TH_SP15_GEN-APND,DAM,MCE,LMP_ENE_PRC,TH_SP15_GEN-APND,ALL_APNODES,0,34.7782,71
2017-09-04T18:00:00-00:00,2017-09-04T19:00:00-00:00,2017-09-04,12,0,TH_SP15_GEN-APND,TH_SP15_GEN-APND,TH_SP15_GEN-APND,DAM,MCE,LMP_ENE_PRC,TH_SP15_GEN-APND,ALL_APNODES,0,36.96662,71
2017-09-04T11:00:00-00:00,2017-09-04T12:00:00-00:00,2017-09-04,5,0,TH_SP15_GEN-APND,TH_SP15_GEN-APND,TH_SP15_GEN-APND,DAM,MCE,LMP_ENE_PRC,TH_SP15_GEN-APND,ALL_APNODES,0,34.413,71
2017-09-05T00:00:00-00:00,2017-09-05T01:00:00-00:00,2017-09-04,18,0,TH_SP15_GEN-APND,TH_SP15_GEN-APND,TH_SP15_GEN-APND,DAM,MCE,LMP_ENE_PRC,TH_SP15_GEN-APND,ALL_APNODES,0,64.40129,71
2017-09-04T08:00:00-00:00,2017-09-04T09:00:00-00:00,2017-09-04,2,0,TH_SP15_GEN-APND,TH_SP15_GEN-APND,TH_SP15_GEN-APND,DAM,MCE,LMP_ENE_PRC,TH_SP15_GEN-APND,ALL_APNODES,0,36.79112,71
2017-09-05T03:00:00-00:00,2017-09-05T04:00:00-00:00,2017-09-04,21,0,TH_SP15_GEN-APND,TH_SP15_GEN-APND,TH_SP15_GEN-APND,DAM,MCL,LMP_LOSS_PRC,TH_SP15_GEN-APND,ALL_APNODES,0,-2.23902,72
2017-09-04T08:00:00-00:00,2017-09-04T09:00:00-00:00,2017-09-04,2,0,TH_SP15_GEN-APND,TH_SP15_GEN-APND,TH_SP15_GEN-APND,DAM,MCL,LMP_LOSS_PRC,TH_SP15_GEN-APND,ALL_APNODES,0,-1.05591,72
2017-09-04T12:00:00-00:00,2017-09-04T13:00:00-00:00,2017-09-04,6,0,TH_SP15_GEN-APND,TH_SP15_GEN-APND,TH_SP15_GEN-APND,DAM,MCL,LMP_LOSS_PRC,TH_SP15_GEN-APND,ALL_APNODES,0,-0.80642,72
2017-09-04T13:00:00-00:00,2017-09-04T14:00:00-00:00,2017-09-04,7,0,TH_SP15_GEN-APND,TH_SP15_GEN-APND,TH_SP15_GEN-APND,DAM,MCL,LMP_LOSS_PRC,TH_SP15_GEN-APND,ALL_APNODES,0,-0.76127,72
2017-09-05T04:00:00-00:00,2017-09-05T05:00:00-00:00,2017-09-04,22,0,TH_SP15_GEN-APND,TH_SP15_GEN-APND,TH_SP15_GEN-APND,DAM,MCL,LMP_LOSS_PRC,TH_SP15_GEN-APND,ALL_APNODES,0,-1.75108,72
2017-09-04T18:00:00-00:00,2017-09-04T19:00:00-00:00,2017-09-04,12,0,TH_SP15_GEN-APND,TH_SP15_GEN-APND,TH_SP15_GEN-APND,DAM,MCL,LMP_LOSS_PRC,TH_SP15_GEN-APND,ALL_APNODES,0,-1.19402,72
2017-09-04T11:00:00-00:00,2017-09-04T12:00:00-00:00,2017-09-04,5,0,TH_SP15_GEN-APND,TH_SP15_GEN-APND,TH_SP15_GEN-APND,DAM,MCL,LMP_LOSS_PRC,TH_SP15_GEN-APND,ALL_APNODES,0,-0.75364,72
2017-09-05T02:00:00-00:00,2017-09-05T03:00:00-00:00,2017-09-04,20,0,TH_SP15_GEN-APND,TH_SP15_GEN-APND,TH_SP15_GEN-APND,DAM,MCL,LMP_LOSS_PRC,TH_SP15_GEN-APND,ALL_APNODES,0,-2.43671,72
2017-09-05T06:00:00-00:00,2017-09-05T07:00:00-00:00,2017-09-04,24,0,TH_SP15_GEN-APND,TH_SP15_GEN-APND,TH_SP15_GEN-APND,DAM,MCL,LMP_LOSS_PRC,TH_SP15_GEN-APND,ALL_APNODES,0,-1.33907,72
2017-09-04T17:00:00-00:00,2017-09-04T18:00:00-00:00,2017-09-04,11,0,TH_SP15_GEN-APND,TH_SP15_GEN-APND,TH_SP15_GEN-APND,DAM,MCL,LMP_LOSS_PRC,TH_SP15_GEN-APND,ALL_APNODES,0,-1.04801,72
2017-09-04T09:00:00-00:00,2017-09-04T10:00:00-00:00,2017-09-04,3,0,TH_SP15_GEN-APND,TH_SP15_GEN-APND,TH_SP15_GEN-APND,DAM,MCL,LMP_LOSS_PRC,TH_SP15_GEN-APND,ALL_APNODES,0,-0.83386,72
2017-09-04T10:00:00-00:00,2017-09-04T11:00:00-00:00,2017-09-04,4,0,TH_SP15_GEN-APND,TH_SP15_GEN-APND,TH_SP15_GEN-APND,DAM,MCL,LMP_LOSS_PRC,TH_SP15_GEN-APND,ALL_APNODES,0,-0.72425,72
2017-09-04T22:00:00-00:00,2017-09-04T23:00:00-00:00,2017-09-04,16,0,TH_SP15_GEN-APND,TH_SP15_GEN-APND,TH_SP15_GEN-APND,DAM,MCL,LMP_LOSS_PRC,TH_SP15_GEN-APND,ALL_APNODES,0,-2.13867,72
2017-09-04T14:00:00-00:00,2017-09-04T15:00:00-00:00,2017-09-04,8,0,TH_SP15_GEN-APND,TH_SP15_GEN-APND,TH_SP15_GEN-APND,DAM,MCL,LMP_LOSS_PRC,TH_SP15_GEN-APND,ALL_APNODES,0,-0.79642,72
2017-09-04T15:00:00-00:00,2017-09-04T16:00:00-00:00,2017-09-04,9,0,TH_SP15_GEN-APND,TH_SP15_GEN-APND,TH_SP15_GEN-APND,DAM,MCL,LMP_LOSS_PRC,TH_SP15_GEN-APND,ALL_APNODES,0,-0.78766,72
2017-09-05T05:00:00-00:00,2017-09-05T06:00:00-00:00,2017-09-04,23,0,TH_SP15_GEN-APND,TH_SP15_GEN-APND,TH_SP15_GEN-APND,DAM,MCL,LMP_LOSS_PRC,TH_SP15_GEN-APND,ALL_APNODES,0,-1.51036,72
2017-09-04T19:00:00-00:00,2017-09-04T20:00:00-00:00,2017-09-04,13,0,TH_SP15_GEN-APND,TH_SP15_GEN-APND,TH_SP15_GEN-APND,DAM,MCL,LMP_LOSS_PRC,TH_SP15_GEN-APND,ALL_APNODES,0,-1.42842,72
2017-09-04T20:00:00-00:00,2017-09-04T21:00:00-00:00,2017-09-04,14,0,TH_SP15_GEN-APND,TH_SP15_GEN-APND,TH_SP15_GEN-APND,DAM,MCL,LMP_LOSS_PRC,TH_SP15_GEN-APND,ALL_APNODES,0,-1.49429,72
2017-09-04T21:00:00-00:00,2017-09-04T22:00:00-00:00,2017-09-04,15,0,TH_SP15_GEN-APND,TH_SP15_GEN-APND,TH_SP15_GEN-APND,DAM,MCL,LMP_LOSS_PRC,TH_SP15_GEN-APND,ALL_APNODES,0,-1.69189,72
2017-09-04T07:00:00-00:00,2017-09-04T08:00:00-00:00,2017-09-04,1,0,TH_SP15_GEN-APND,TH_SP15_GEN-APND,TH_SP15_GEN-APND,DAM,MCL,LMP_LOSS_PRC,TH_SP15_GEN-APND,ALL_APNODES,0,-1.19409,72
2017-09-04T23:00:00-00:00,2017-09-05T00:00:00-00:00,2017-09-04,17,0,TH_SP15_GEN-APND,TH_SP15_GEN-APND,TH_SP15_GEN-APND,DAM,MCL,LMP_LOSS_PRC,TH_SP15_GEN-APND,ALL_APNODES,0,-2.35032,72
2017-09-05T01:00:00-00:00,2017-09-05T02:00:00-00:00,2017-09-04,19,0,TH_SP15_GEN-APND,TH_SP15_GEN-APND,TH_SP15_GEN-APND,DAM,MCL,LMP_LOSS_PRC,TH_SP15_GEN-APND,ALL_APNODES,0,-3.05258,72
2017-09-05T00:00:00-00:00,2017-09-05T01:00:00-00:00,2017-09-04,18,0,TH_SP15_GEN-APND,TH_SP15_GEN-APND,TH_SP15_GEN-APND,DAM,MCL,LMP_LOSS_PRC,TH_SP15_GEN-APND,ALL_APNODES,0,-2.67909,72
2017-09-04T16:00:00-00:00,2017-09-04T17:00:00-00:00,2017-09-04,10,0,TH_SP15_GEN-APND,TH_SP15_GEN-APND,TH_SP15_GEN-APND,DAM,MCL,LMP_LOSS_PRC,TH_SP15_GEN-APND,ALL_APNODES,0,-0.83422,72
2017-09-05T05:00:00-00:00,2017-09-05T06:00:00-00:00,2017-09-04,23,0,TH_ZP26_GEN-APND,TH_ZP26_GEN-APND,TH_ZP26_GEN-APND,DAM,LMP,LMP_PRC,TH_ZP26_GEN-APND,ALL_APNODES,0,45.325,73
2017-09-04T10:00:00-00:00,2017-09-04T11:00:00-00:00,2017-09-04,4,0,TH_ZP26_GEN-APND,TH_ZP26_GEN-APND,TH_ZP26_GEN-APND,DAM,LMP,LMP_PRC,TH_ZP26_GEN-APND,ALL_APNODES,0,33.48861,73
2017-09-04T15:00:00-00:00,2017-09-04T16:00:00-00:00,2017-09-04,9,0,TH_ZP26_GEN-APND,TH_ZP26_GEN-APND,TH_ZP26_GEN-APND,DAM,LMP,LMP_PRC,TH_ZP26_GEN-APND,ALL_APNODES,0,29.68139,73
2017-09-04T19:00:00-00:00,2017-09-04T20:00:00-00:00,2017-09-04,13,0,TH_ZP26_GEN-APND,TH_ZP26_GEN-APND,TH_ZP26_GEN-APND,DAM,LMP,LMP_PRC,TH_ZP26_GEN-APND,ALL_APNODES,0,39.09849,73
2017-09-04T22:00:00-00:00,2017-09-04T23:00:00-00:00,2017-09-04,16,0,TH_ZP26_GEN-APND,TH_ZP26_GEN-APND,TH_ZP26_GEN-APND,DAM,LMP,LMP_PRC,TH_ZP26_GEN-APND,ALL_APNODES,0,51.97344,73
2017-09-05T00:00:00-00:00,2017-09-05T01:00:00-00:00,2017-09-04,18,0,TH_ZP26_GEN-APND,TH_ZP26_GEN-APND,TH_ZP26_GEN-APND,DAM,LMP,LMP_PRC,TH_ZP26_GEN-APND,ALL_APNODES,0,61.47104,73
2017-09-04T13:00:00-00:00,2017-09-04T14:00:00-00:00,2017-09-04,7,0,TH_ZP26_GEN-APND,TH_ZP26_GEN-APND,TH_ZP26_GEN-APND,DAM,LMP,LMP_PRC,TH_ZP26_GEN-APND,ALL_APNODES,0,35.49306,73
2017-09-04T21:00:00-00:00,2017-09-04T22:00:00-00:00,2017-09-04,15,0,TH_ZP26_GEN-APND,TH_ZP26_GEN-APND,TH_ZP26_GEN-APND,DAM,LMP,LMP_PRC,TH_ZP26_GEN-APND,ALL_APNODES,0,47.30809,73
2017-09-04T08:00:00-00:00,2017-09-04T09:00:00-00:00,2017-09-04,2,0,TH_ZP26_GEN-APND,TH_ZP26_GEN-APND,TH_ZP26_GEN-APND,DAM,LMP,LMP_PRC,TH_ZP26_GEN-APND,ALL_APNODES,0,35.51815,73
2017-09-05T01:00:00-00:00,2017-09-05T02:00:00-00:00,2017-09-04,19,0,TH_ZP26_GEN-APND,TH_ZP26_GEN-APND,TH_ZP26_GEN-APND,DAM,LMP,LMP_PRC,TH_ZP26_GEN-APND,ALL_APNODES,0,83.86293,73
2017-09-05T02:00:00-00:00,2017-09-05T03:00:00-00:00,2017-09-04,20,0,TH_ZP26_GEN-APND,TH_ZP26_GEN-APND,TH_ZP26_GEN-APND,DAM,LMP,LMP_PRC,TH_ZP26_GEN-APND,ALL_APNODES,0,73.83161,73
2017-09-05T04:00:00-00:00,2017-09-05T05:00:00-00:00,2017-09-04,22,0,TH_ZP26_GEN-APND,TH_ZP26_GEN-APND,TH_ZP26_GEN-APND,DAM,LMP,LMP_PRC,TH_ZP26_GEN-APND,ALL_APNODES,0,52.12446,73
2017-09-04T18:00:00-00:00,2017-09-04T19:00:00-00:00,2017-09-04,12,0,TH_ZP26_GEN-APND,TH_ZP26_GEN-APND,TH_ZP26_GEN-APND,DAM,LMP,LMP_PRC,TH_ZP26_GEN-APND,ALL_APNODES,0,35.13678,73
2017-09-04T12:00:00-00:00,2017-09-04T13:00:00-00:00,2017-09-04,6,0,TH_ZP26_GEN-APND,TH_ZP26_GEN-APND,TH_ZP26_GEN-APND,DAM,LMP,LMP_PRC,TH_ZP26_GEN-APND,ALL_APNODES,0,33.27334,73
2017-09-04T17:00:00-00:00,2017-09-04T18:00:00-00:00,2017-09-04,11,0,TH_ZP26_GEN-APND,TH_ZP26_GEN-APND,TH_ZP26_GEN-APND,DAM,LMP,LMP_PRC,TH_ZP26_GEN-APND,ALL_APNODES,0,32.057,73
2017-09-04T07:00:00-00:00,2017-09-04T08:00:00-00:00,2017-09-04,1,0,TH_ZP26_GEN-APND,TH_ZP26_GEN-APND,TH_ZP26_GEN-APND,DAM,LMP,LMP_PRC,TH_ZP26_GEN-APND,ALL_APNODES,0,38.35823,73
2017-09-04T09:00:00-00:00,2017-09-04T10:00:00-00:00,2017-09-04,3,0,TH_ZP26_GEN-APND,TH_ZP26_GEN-APND,TH_ZP26_GEN-APND,DAM,LMP,LMP_PRC,TH_ZP26_GEN-APND,ALL_APNODES,0,35.00411,73
2017-09-04T11:00:00-00:00,2017-09-04T12:00:00-00:00,2017-09-04,5,0,TH_ZP26_GEN-APND,TH_ZP26_GEN-APND,TH_ZP26_GEN-APND,DAM,LMP,LMP_PRC,TH_ZP26_GEN-APND,ALL_APNODES,0,33.24984,73
2017-09-05T03:00:00-00:00,2017-09-05T04:00:00-00:00,2017-09-04,21,0,TH_ZP26_GEN-APND,TH_ZP26_GEN-APND,TH_ZP26_GEN-APND,DAM,LMP,LMP_PRC,TH_ZP26_GEN-APND,ALL_APNODES,0,60.1777,73
2017-09-04T20:00:00-00:00,2017-09-04T21:00:00-00:00,2017-09-04,14,0,TH_ZP26_GEN-APND,TH_ZP26_GEN-APND,TH_ZP26_GEN-APND,DAM,LMP,LMP_PRC,TH_ZP26_GEN-APND,ALL_APNODES,0,43.35732,73
2017-09-04T23:00:00-00:00,2017-09-05T00:00:00-00:00,2017-09-04,17,0,TH_ZP26_GEN-APND,TH_ZP26_GEN-APND,TH_ZP26_GEN-APND,DAM,LMP,LMP_PRC,TH_ZP26_GEN-APND,ALL_APNODES,0,54.6551,73
2017-09-05T06:00:00-00:00,2017-09-05T07:00:00-00:00,2017-09-04,24,0,TH_ZP26_GEN-APND,TH_ZP26_GEN-APND,TH_ZP26_GEN-APND,DAM,LMP,LMP_PRC,TH_ZP26_GEN-APND,ALL_APNODES,0,39.08547,73
2017-09-04T16:00:00-00:00,2017-09-04T17:00:00-00:00,2017-09-04,10,0,TH_ZP26_GEN-APND,TH_ZP26_GEN-APND,TH_ZP26_GEN-APND,DAM,LMP,LMP_PRC,TH_ZP26_GEN-APND,ALL_APNODES,0,29.70505,73
2017-09-04T14:00:00-00:00,2017-09-04T15:00:00-00:00,2017-09-04,8,0,TH_ZP26_GEN-APND,TH_ZP26_GEN-APND,TH_ZP26_GEN-APND,DAM,LMP,LMP_PRC,TH_ZP26_GEN-APND,ALL_APNODES,0,33.47749,73
2017-09-04T17:00:00-00:00,2017-09-04T18:00:00-00:00,2017-09-04,11,0,TH_ZP26_GEN-APND,TH_ZP26_GEN-APND,TH_ZP26_GEN-APND,DAM,MCC,LMP_CONG_PRC,TH_ZP26_GEN-APND,ALL_APNODES,0,0,74
2017-09-05T05:00:00-00:00,2017-09-05T06:00:00-00:00,2017-09-04,23,0,TH_ZP26_GEN-APND,TH_ZP26_GEN-APND,TH_ZP26_GEN-APND,DAM,MCC,LMP_CONG_PRC,TH_ZP26_GEN-APND,ALL_APNODES,0,0,74
2017-09-04T22:00:00-00:00,2017-09-04T23:00:00-00:00,2017-09-04,16,0,TH_ZP26_GEN-APND,TH_ZP26_GEN-APND,TH_ZP26_GEN-APND,DAM,MCC,LMP_CONG_PRC,TH_ZP26_GEN-APND,ALL_APNODES,0,0,74
2017-09-04T15:00:00-00:00,2017-09-04T16:00:00-00:00,2017-09-04,9,0,TH_ZP26_GEN-APND,TH_ZP26_GEN-APND,TH_ZP26_GEN-APND,DAM,MCC,LMP_CONG_PRC,TH_ZP26_GEN-APND,ALL_APNODES,0,-0.00794,74
2017-09-04T13:00:00-00:00,2017-09-04T14:00:00-00:00,2017-09-04,7,0,TH_ZP26_GEN-APND,TH_ZP26_GEN-APND,TH_ZP26_GEN-APND,DAM,MCC,LMP_CONG_PRC,TH_ZP26_GEN-APND,ALL_APNODES,0,0,74
2017-09-05T02:00:00-00:00,2017-09-05T03:00:00-00:00,2017-09-04,20,0,TH_ZP26_GEN-APND,TH_ZP26_GEN-APND,TH_ZP26_GEN-APND,DAM,MCC,LMP_CONG_PRC,TH_ZP26_GEN-APND,ALL_APNODES,0,0,74
2017-09-05T03:00:00-00:00,2017-09-05T04:00:00-00:00,2017-09-04,21,0,TH_ZP26_GEN-APND,TH_ZP26_GEN-APND,TH_ZP26_GEN-APND,DAM,MCC,LMP_CONG_PRC,TH_ZP26_GEN-APND,ALL_APNODES,0,0,74
2017-09-04T07:00:00-00:00,2017-09-04T08:00:00-00:00,2017-09-04,1,0,TH_ZP26_GEN-APND,TH_ZP26_GEN-APND,TH_ZP26_GEN-APND,DAM,MCC,LMP_CONG_PRC,TH_ZP26_GEN-APND,ALL_APNODES,0,0,74
2017-09-05T06:00:00-00:00,2017-09-05T07:00:00-00:00,2017-09-04,24,0,TH_ZP26_GEN-APND,TH_ZP26_GEN-APND,TH_ZP26_GEN-APND,DAM,MCC,LMP_CONG_PRC,TH_ZP26_GEN-APND,ALL_APNODES,0,0,74
2017-09-04T16:00:00-00:00,2017-09-04T17:00:00-00:00,2017-09-04,10,0,TH_ZP26_GEN-APND,TH_ZP26_GEN-APND,TH_ZP26_GEN-APND,DAM,MCC,LMP_CONG_PRC,TH_ZP26_GEN-APND,ALL_APNODES,0,0,74
2017-09-05T00:00:00-00:00,2017-09-05T01:00:00-00:00,2017-09-04,18,0,TH_ZP26_GEN-APND,TH_ZP26_GEN-APND,TH_ZP26_GEN-APND,DAM,MCC,LMP_CONG_PRC,TH_ZP26_GEN-APND,ALL_APNODES,0,0,74
2017-09-04T21:00:00-00:00,2017-09-04T22:00:00-00:00,2017-09-04,15,0,TH_ZP26_GEN-APND,TH_ZP26_GEN-APND,TH_ZP26_GEN-APND,DAM,MCC,LMP_CONG_PRC,TH_ZP26_GEN-APND,ALL_APNODES,0,0,74
2017-09-04T23:00:00-00:00,2017-09-05T00:00:00-00:00,2017-09-04,17,0,TH_ZP26_GEN-APND,TH_ZP26_GEN-APND,TH_ZP26_GEN-APND,DAM,MCC,LMP_CONG_PRC,TH_ZP26_GEN-APND,ALL_APNODES,0,0,74
2017-09-04T08:00:00-00:00,2017-09-04T09:00:00-00:00,2017-09-04,2,0,TH_ZP26_GEN-APND,TH_ZP26_GEN-APND,TH_ZP26_GEN-APND,DAM,MCC,LMP_CONG_PRC,TH_ZP26_GEN-APND,ALL_APNODES,0,0,74
2017-09-04T11:00:00-00:00,2017-09-04T12:00:00-00:00,2017-09-04,5,0,TH_ZP26_GEN-APND,TH_ZP26_GEN-APND,TH_ZP26_GEN-APND,DAM,MCC,LMP_CONG_PRC,TH_ZP26_GEN-APND,ALL_APNODES,0,0,74
2017-09-04T12:00:00-00:00,2017-09-04T13:00:00-00:00,2017-09-04,6,0,TH_ZP26_GEN-APND,TH_ZP26_GEN-APND,TH_ZP26_GEN-APND,DAM,MCC,LMP_CONG_PRC,TH_ZP26_GEN-APND,ALL_APNODES,0,0,74
2017-09-05T04:00:00-00:00,2017-09-05T05:00:00-00:00,2017-09-04,22,0,TH_ZP26_GEN-APND,TH_ZP26_GEN-APND,TH_ZP26_GEN-APND,DAM,MCC,LMP_CONG_PRC,TH_ZP26_GEN-APND,ALL_APNODES,0,0,74
2017-09-04T19:00:00-00:00,2017-09-04T20:00:00-00:00,2017-09-04,13,0,TH_ZP26_GEN-APND,TH_ZP26_GEN-APND,TH_ZP26_GEN-APND,DAM,MCC,LMP_CONG_PRC,TH_ZP26_GEN-APND,ALL_APNODES,0,0,74
2017-09-04T09:00:00-00:00,2017-09-04T10:00:00-00:00,2017-09-04,3,0,TH_ZP26_GEN-APND,TH_ZP26_GEN-APND,TH_ZP26_GEN-APND,DAM,MCC,LMP_CONG_PRC,TH_ZP26_GEN-APND,ALL_APNODES,0,0,74
2017-09-05T01:00:00-00:00,2017-09-05T02:00:00-00:00,2017-09-04,19,0,TH_ZP26_GEN-APND,TH_ZP26_GEN-APND,TH_ZP26_GEN-APND,DAM,MCC,LMP_CONG_PRC,TH_ZP26_GEN-APND,ALL_APNODES,0,0,74
2017-09-04T18:00:00-00:00,2017-09-04T19:00:00-00:00,2017-09-04,12,0,TH_ZP26_GEN-APND,TH_ZP26_GEN-APND,TH_ZP26_GEN-APND,DAM,MCC,LMP_CONG_PRC,TH_ZP26_GEN-APND,ALL_APNODES,0,0,74
2017-09-04T10:00:00-00:00,2017-09-04T11:00:00-00:00,2017-09-04,4,0,TH_ZP26_GEN-APND,TH_ZP26_GEN-APND,TH_ZP26_GEN-APND,DAM,MCC,LMP_CONG_PRC,TH_ZP26_GEN-APND,ALL_APNODES,0,0,74
2017-09-04T14:00:00-00:00,2017-09-04T15:00:00-00:00,2017-09-04,8,0,TH_ZP26_GEN-APND,TH_ZP26_GEN-APND,TH_ZP26_GEN-APND,DAM,MCC,LMP_CONG_PRC,TH_ZP26_GEN-APND,ALL_APNODES,0,0,74
2017-09-04T20:00:00-00:00,2017-09-04T21:00:00-00:00,2017-09-04,14,0,TH_ZP26_GEN-APND,TH_ZP26_GEN-APND,TH_ZP26_GEN-APND,DAM,MCC,LMP_CONG_PRC,TH_ZP26_GEN-APND,ALL_APNODES,0,0,74
2017-09-05T06:00:00-00:00,2017-09-05T07:00:00-00:00,2017-09-04,24,0,TH_ZP26_GEN-APND,TH_ZP26_GEN-APND,TH_ZP26_GEN-APND,DAM,MCE,LMP_ENE_PRC,TH_ZP26_GEN-APND,ALL_APNODES,0,40.70131,75
2017-09-04T18:00:00-00:00,2017-09-04T19:00:00-00:00,2017-09-04,12,0,TH_ZP26_GEN-APND,TH_ZP26_GEN-APND,TH_ZP26_GEN-APND,DAM,MCE,LMP_ENE_PRC,TH_ZP26_GEN-APND,ALL_APNODES,0,36.96662,75
2017-09-04T07:00:00-00:00,2017-09-04T08:00:00-00:00,2017-09-04,1,0,TH_ZP26_GEN-APND,TH_ZP26_GEN-APND,TH_ZP26_GEN-APND,DAM,MCE,LMP_ENE_PRC,TH_ZP26_GEN-APND,ALL_APNODES,0,39.80308,75
2017-09-04T17:00:00-00:00,2017-09-04T18:00:00-00:00,2017-09-04,11,0,TH_ZP26_GEN-APND,TH_ZP26_GEN-APND,TH_ZP26_GEN-APND,DAM,MCE,LMP_ENE_PRC,TH_ZP26_GEN-APND,ALL_APNODES,0,33.6981,75
2017-09-04T22:00:00-00:00,2017-09-04T23:00:00-00:00,2017-09-04,16,0,TH_ZP26_GEN-APND,TH_ZP26_GEN-APND,TH_ZP26_GEN-APND,DAM,MCE,LMP_ENE_PRC,TH_ZP26_GEN-APND,ALL_APNODES,0,54.69737,75
2017-09-04T21:00:00-00:00,2017-09-04T22:00:00-00:00,2017-09-04,15,0,TH_ZP26_GEN-APND,TH_ZP26_GEN-APND,TH_ZP26_GEN-APND,DAM,MCE,LMP_ENE_PRC,TH_ZP26_GEN-APND,ALL_APNODES,0,49.90831,75
2017-09-05T00:00:00-00:00,2017-09-05T01:00:00-00:00,2017-09-04,18,0,TH_ZP26_GEN-APND,TH_ZP26_GEN-APND,TH_ZP26_GEN-APND,DAM,MCE,LMP_ENE_PRC,TH_ZP26_GEN-APND,ALL_APNODES,0,64.40129,75
2017-09-04T08:00:00-00:00,2017-09-04T09:00:00-00:00,2017-09-04,2,0,TH_ZP26_GEN-APND,TH_ZP26_GEN-APND,TH_ZP26_GEN-APND,DAM,MCE,LMP_ENE_PRC,TH_ZP26_GEN-APND,ALL_APNODES,0,36.79112,75
2017-09-04T10:00:00-00:00,2017-09-04T11:00:00-00:00,2017-09-04,4,0,TH_ZP26_GEN-APND,TH_ZP26_GEN-APND,TH_ZP26_GEN-APND,DAM,MCE,LMP_ENE_PRC,TH_ZP26_GEN-APND,ALL_APNODES,0,34.65295,75
2017-09-05T04:00:00-00:00,2017-09-05T05:00:00-00:00,2017-09-04,22,0,TH_ZP26_GEN-APND,TH_ZP26_GEN-APND,TH_ZP26_GEN-APND,DAM,MCE,LMP_ENE_PRC,TH_ZP26_GEN-APND,ALL_APNODES,0,54.38128,75
2017-09-04T15:00:00-00:00,2017-09-04T16:00:00-00:00,2017-09-04,9,0,TH_ZP26_GEN-APND,TH_ZP26_GEN-APND,TH_ZP26_GEN-APND,DAM,MCE,LMP_ENE_PRC,TH_ZP26_GEN-APND,ALL_APNODES,0,31.01038,75
2017-09-04T23:00:00-00:00,2017-09-05T00:00:00-00:00,2017-09-04,17,0,TH_ZP26_GEN-APND,TH_ZP26_GEN-APND,TH_ZP26_GEN-APND,DAM,MCE,LMP_ENE_PRC,TH_ZP26_GEN-APND,ALL_APNODES,0,57.46515,75
2017-09-04T11:00:00-00:00,2017-09-04T12:00:00-00:00,2017-09-04,5,0,TH_ZP26_GEN-APND,TH_ZP26_GEN-APND,TH_ZP26_GEN-APND,DAM,MCE,LMP_ENE_PRC,TH_ZP26_GEN-APND,ALL_APNODES,0,34.413,75
2017-09-04T13:00:00-00:00,2017-09-04T14:00:00-00:00,2017-09-04,7,0,TH_ZP26_GEN-APND,TH_ZP26_GEN-APND,TH_ZP26_GEN-APND,DAM,MCE,LMP_ENE_PRC,TH_ZP26_GEN-APND,ALL_APNODES,0,36.77656,75
2017-09-04T14:00:00-00:00,2017-09-04T15:00:00-00:00,2017-09-04,8,0,TH_ZP26_GEN-APND,TH_ZP26_GEN-APND,TH_ZP26_GEN-APND,DAM,MCE,LMP_ENE_PRC,TH_ZP26_GEN-APND,ALL_APNODES,0,34.7782,75
2017-09-05T02:00:00-00:00,2017-09-05T03:00:00-00:00,2017-09-04,20,0,TH_ZP26_GEN-APND,TH_ZP26_GEN-APND,TH_ZP26_GEN-APND,DAM,MCE,LMP_ENE_PRC,TH_ZP26_GEN-APND,ALL_APNODES,0,76.86789,75
2017-09-04T20:00:00-00:00,2017-09-04T21:00:00-00:00,2017-09-04,14,0,TH_ZP26_GEN-APND,TH_ZP26_GEN-APND,TH_ZP26_GEN-APND,DAM,MCE,LMP_ENE_PRC,TH_ZP26_GEN-APND,ALL_APNODES,0,45.69701,75
2017-09-05T03:00:00-00:00,2017-09-05T04:00:00-00:00,2017-09-04,21,0,TH_ZP26_GEN-APND,TH_ZP26_GEN-APND,TH_ZP26_GEN-APND,DAM,MCE,LMP_ENE_PRC,TH_ZP26_GEN-APND,ALL_APNODES,0,62.71777,75
2017-09-05T05:00:00-00:00,2017-09-05T06:00:00-00:00,2017-09-04,23,0,TH_ZP26_GEN-APND,TH_ZP26_GEN-APND,TH_ZP26_GEN-APND,DAM,MCE,LMP_ENE_PRC,TH_ZP26_GEN-APND,ALL_APNODES,0,47.1988,75
2017-09-04T16:00:00-00:00,2017-09-04T17:00:00-00:00,2017-09-04,10,0,TH_ZP26_GEN-APND,TH_ZP26_GEN-APND,TH_ZP26_GEN-APND,DAM,MCE,LMP_ENE_PRC,TH_ZP26_GEN-APND,ALL_APNODES,0,31.12758,75
2017-09-04T12:00:00-00:00,2017-09-04T13:00:00-00:00,2017-09-04,6,0,TH_ZP26_GEN-APND,TH_ZP26_GEN-APND,TH_ZP26_GEN-APND,DAM,MCE,LMP_ENE_PRC,TH_ZP26_GEN-APND,ALL_APNODES,0,34.46229,75
2017-09-05T01:00:00-00:00,2017-09-05T02:00:00-00:00,2017-09-04,19,0,TH_ZP26_GEN-APND,TH_ZP26_GEN-APND,TH_ZP26_GEN-APND,DAM,MCE,LMP_ENE_PRC,TH_ZP26_GEN-APND,ALL_APNODES,0,87.46656,75
2017-09-04T19:00:00-00:00,2017-09-04T20:00:00-00:00,2017-09-04,13,0,TH_ZP26_GEN-APND,TH_ZP26_GEN-APND,TH_ZP26_GEN-APND,DAM,MCE,LMP_ENE_PRC,TH_ZP26_GEN-APND,ALL_APNODES,0,41.16497,75
2017-09-04T09:00:00-00:00,2017-09-04T10:00:00-00:00,2017-09-04,3,0,TH_ZP26_GEN-APND,TH_ZP26_GEN-APND,TH_ZP26_GEN-APND,DAM,MCE,LMP_ENE_PRC,TH_ZP26_GEN-APND,ALL_APNODES,0,36.2549,75
2017-09-04T15:00:00-00:00,2017-09-04T16:00:00-00:00,2017-09-04,9,0,TH_ZP26_GEN-APND,TH_ZP26_GEN-APND,TH_ZP26_GEN-APND,DAM,MCL,LMP_LOSS_PRC,TH_ZP26_GEN-APND,ALL_APNODES,0,-1.32104,76
2017-09-05T05:00:00-00:00,2017-09-05T06:00:00-00:00,2017-09-04,23,0,TH_ZP26_GEN-APND,TH_ZP26_GEN-APND,TH_ZP26_GEN-APND,DAM,MCL,LMP_LOSS_PRC,TH_ZP26_GEN-APND,ALL_APNODES,0,-1.87379,76
2017-09-05T03:00:00-00:00,2017-09-05T04:00:00-00:00,2017-09-04,21,0,TH_ZP26_GEN-APND,TH_ZP26_GEN-APND,TH_ZP26_GEN-APND,DAM,MCL,LMP_LOSS_PRC,TH_ZP26_GEN-APND,ALL_APNODES,0,-2.54007,76
2017-09-04T17:00:00-00:00,2017-09-04T18:00:00-00:00,2017-09-04,11,0,TH_ZP26_GEN-APND,TH_ZP26_GEN-APND,TH_ZP26_GEN-APND,DAM,MCL,LMP_LOSS_PRC,TH_ZP26_GEN-APND,ALL_APNODES,0,-1.6411,76
2017-09-05T01:00:00-00:00,2017-09-05T02:00:00-00:00,2017-09-04,19,0,TH_ZP26_GEN-APND,TH_ZP26_GEN-APND,TH_ZP26_GEN-APND,DAM,MCL,LMP_LOSS_PRC,TH_ZP26_GEN-APND,ALL_APNODES,0,-3.60362,76
2017-09-05T04:00:00-00:00,2017-09-05T05:00:00-00:00,2017-09-04,22,0,TH_ZP26_GEN-APND,TH_ZP26_GEN-APND,TH_ZP26_GEN-APND,DAM,MCL,LMP_LOSS_PRC,TH_ZP26_GEN-APND,ALL_APNODES,0,-2.25682,76
2017-09-04T22:00:00-00:00,2017-09-04T23:00:00-00:00,2017-09-04,16,0,TH_ZP26_GEN-APND,TH_ZP26_GEN-APND,TH_ZP26_GEN-APND,DAM,MCL,LMP_LOSS_PRC,TH_ZP26_GEN-APND,ALL_APNODES,0,-2.72393,76
2017-09-04T23:00:00-00:00,2017-09-05T00:00:00-00:00,2017-09-04,17,0,TH_ZP26_GEN-APND,TH_ZP26_GEN-APND,TH_ZP26_GEN-APND,DAM,MCL,LMP_LOSS_PRC,TH_ZP26_GEN-APND,ALL_APNODES,0,-2.81005,76
2017-09-05T00:00:00-00:00,2017-09-05T01:00:00-00:00,2017-09-04,18,0,TH_ZP26_GEN-APND,TH_ZP26_GEN-APND,TH_ZP26_GEN-APND,DAM,MCL,LMP_LOSS_PRC,TH_ZP26_GEN-APND,ALL_APNODES,0,-2.93026,76
2017-09-04T07:00:00-00:00,2017-09-04T08:00:00-00:00,2017-09-04,1,0,TH_ZP26_GEN-APND,TH_ZP26_GEN-APND,TH_ZP26_GEN-APND,DAM,MCL,LMP_LOSS_PRC,TH_ZP26_GEN-APND,ALL_APNODES,0,-1.44485,76
2017-09-04T10:00:00-00:00,2017-09-04T11:00:00-00:00,2017-09-04,4,0,TH_ZP26_GEN-APND,TH_ZP26_GEN-APND,TH_ZP26_GEN-APND,DAM,MCL,LMP_LOSS_PRC,TH_ZP26_GEN-APND,ALL_APNODES,0,-1.16434,76
2017-09-04T14:00:00-00:00,2017-09-04T15:00:00-00:00,2017-09-04,8,0,TH_ZP26_GEN-APND,TH_ZP26_GEN-APND,TH_ZP26_GEN-APND,DAM,MCL,LMP_LOSS_PRC,TH_ZP26_GEN-APND,ALL_APNODES,0,-1.3007,76
2017-09-04T19:00:00-00:00,2017-09-04T20:00:00-00:00,2017-09-04,13,0,TH_ZP26_GEN-APND,TH_ZP26_GEN-APND,TH_ZP26_GEN-APND,DAM,MCL,LMP_LOSS_PRC,TH_ZP26_GEN-APND,ALL_APNODES,0,-2.06648,76
2017-09-04T16:00:00-00:00,2017-09-04T17:00:00-00:00,2017-09-04,10,0,TH_ZP26_GEN-APND,TH_ZP26_GEN-APND,TH_ZP26_GEN-APND,DAM,MCL,LMP_LOSS_PRC,TH_ZP26_GEN-APND,ALL_APNODES,0,-1.42253,76
2017-09-04T21:00:00-00:00,2017-09-04T22:00:00-00:00,2017-09-04,15,0,TH_ZP26_GEN-APND,TH_ZP26_GEN-APND,TH_ZP26_GEN-APND,DAM,MCL,LMP_LOSS_PRC,TH_ZP26_GEN-APND,ALL_APNODES,0,-2.60022,76
2017-09-04T08:00:00-00:00,2017-09-04T09:00:00-00:00,2017-09-04,2,0,TH_ZP26_GEN-APND,TH_ZP26_GEN-APND,TH_ZP26_GEN-APND,DAM,MCL,LMP_LOSS_PRC,TH_ZP26_GEN-APND,ALL_APNODES,0,-1.27297,76
2017-09-05T02:00:00-00:00,2017-09-05T03:00:00-00:00,2017-09-04,20,0,TH_ZP26_GEN-APND,TH_ZP26_GEN-APND,TH_ZP26_GEN-APND,DAM,MCL,LMP_LOSS_PRC,TH_ZP26_GEN-APND,ALL_APNODES,0,-3.03628,76
2017-09-04T13:00:00-00:00,2017-09-04T14:00:00-00:00,2017-09-04,7,0,TH_ZP26_GEN-APND,TH_ZP26_GEN-APND,TH_ZP26_GEN-APND,DAM,MCL,LMP_LOSS_PRC,TH_ZP26_GEN-APND,ALL_APNODES,0,-1.2835,76
2017-09-05T06:00:00-00:00,2017-09-05T07:00:00-00:00,2017-09-04,24,0,TH_ZP26_GEN-APND,TH_ZP26_GEN-APND,TH_ZP26_GEN-APND,DAM,MCL,LMP_LOSS_PRC,TH_ZP26_GEN-APND,ALL_APNODES,0,-1.61584,76
2017-09-04T18:00:00-00:00,2017-09-04T19:00:00-00:00,2017-09-04,12,0,TH_ZP26_GEN-APND,TH_ZP26_GEN-APND,TH_ZP26_GEN-APND,DAM,MCL,LMP_LOSS_PRC,TH_ZP26_GEN-APND,ALL_APNODES,0,-1.82985,76
2017-09-04T20:00:00-00:00,2017-09-04T21:00:00-00:00,2017-09-04,14,0,TH_ZP26_GEN-APND,TH_ZP26_GEN-APND,TH_ZP26_GEN-APND,DAM,MCL,LMP_LOSS_PRC,TH_ZP26_GEN-APND,ALL_APNODES,0,-2.33969,76
2017-09-04T11:00:00-00:00,2017-09-04T12:00:00-00:00,2017-09-04,5,0,TH_ZP26_GEN-APND,TH_ZP26_GEN-APND,TH_ZP26_GEN-APND,DAM,MCL,LMP_LOSS_PRC,TH_ZP26_GEN-APND,ALL_APNODES,0,-1.16316,76
2017-09-04T12:00:00-00:00,2017-09-04T13:00:00-00:00,2017-09-04,6,0,TH_ZP26_GEN-APND,TH_ZP26_GEN-APND,TH_ZP26_GEN-APND,DAM,MCL,LMP_LOSS_PRC,TH_ZP26_GEN-APND,ALL_APNODES,0,-1.18895,76
2017-09-04T09:00:00-00:00,2017-09-04T10:00:00-00:00,2017-09-04,3,0,TH_ZP26_GEN-APND,TH_ZP26_GEN-APND,TH_ZP26_GEN-APND,DAM,MCL,LMP_LOSS_PRC,TH_ZP26_GEN-APND,ALL_APNODES,0,-1.25079,76
2017-09-04T11:00:00-00:00,2017-09-04T12:00:00-00:00,2017-09-04,5,0,URBAN_6_N005,URBAN_6_N005,URBAN_6_N005,DAM,LMP,LMP_PRC,URBAN_6_N005,ALL,1,34.78122,77
2017-09-04T22:00:00-00:00,2017-09-04T23:00:00-00:00,2017-09-04,16,0,URBAN_6_N005,URBAN_6_N005,URBAN_6_N005,DAM,LMP,LMP_PRC,URBAN_6_N005,ALL,1,54.59345,77
2017-09-04T07:00:00-00:00,2017-09-04T08:00:00-00:00,2017-09-04,1,0,URBAN_6_N005,URBAN_6_N005,URBAN_6_N005,DAM,LMP,LMP_PRC,URBAN_6_N005,ALL,1,39.65979,77
2017-09-04T14:00:00-00:00,2017-09-04T15:00:00-00:00,2017-09-04,8,0,URBAN_6_N005,URBAN_6_N005,URBAN_6_N005,DAM,LMP,LMP_PRC,URBAN_6_N005,ALL,1,35.09815,77
2017-09-04T19:00:00-00:00,2017-09-04T20:00:00-00:00,2017-09-04,13,0,URBAN_6_N005,URBAN_6_N005,URBAN_6_N005,DAM,LMP,LMP_PRC,URBAN_6_N005,ALL,1,40.96326,77
2017-09-04T21:00:00-00:00,2017-09-04T22:00:00-00:00,2017-09-04,15,0,URBAN_6_N005,URBAN_6_N005,URBAN_6_N005,DAM,LMP,LMP_PRC,URBAN_6_N005,ALL,1,49.74362,77
2017-09-04T23:00:00-00:00,2017-09-05T00:00:00-00:00,2017-09-04,17,0,URBAN_6_N005,URBAN_6_N005,URBAN_6_N005,DAM,LMP,LMP_PRC,URBAN_6_N005,ALL,1,57.28701,77
2017-09-04T17:00:00-00:00,2017-09-04T18:00:00-00:00,2017-09-04,11,0,URBAN_6_N005,URBAN_6_N005,URBAN_6_N005,DAM,LMP,LMP_PRC,URBAN_6_N005,ALL,1,33.72169,77
2017-09-04T08:00:00-00:00,2017-09-04T09:00:00-00:00,2017-09-04,2,0,URBAN_6_N005,URBAN_6_N005,URBAN_6_N005,DAM,LMP,LMP_PRC,URBAN_6_N005,ALL,1,36.74329,77
2017-09-04T09:00:00-00:00,2017-09-04T10:00:00-00:00,2017-09-04,3,0,URBAN_6_N005,URBAN_6_N005,URBAN_6_N005,DAM,LMP,LMP_PRC,URBAN_6_N005,ALL,1,36.6102,77
2017-09-04T18:00:00-00:00,2017-09-04T19:00:00-00:00,2017-09-04,12,0,URBAN_6_N005,URBAN_6_N005,URBAN_6_N005,DAM,LMP,LMP_PRC,URBAN_6_N005,ALL,1,37.02947,77
2017-09-04T10:00:00-00:00,2017-09-04T11:00:00-00:00,2017-09-04,4,0,URBAN_6_N005,URBAN_6_N005,URBAN_6_N005,DAM,LMP,LMP_PRC,URBAN_6_N005,ALL,1,35.02373,77
2017-09-05T03:00:00-00:00,2017-09-05T04:00:00-00:00,2017-09-04,21,0,URBAN_6_N005,URBAN_6_N005,URBAN_6_N005,DAM,LMP,LMP_PRC,URBAN_6_N005,ALL,1,62.54843,77
2017-09-05T04:00:00-00:00,2017-09-05T05:00:00-00:00,2017-09-04,22,0,URBAN_6_N005,URBAN_6_N005,URBAN_6_N005,DAM,LMP,LMP_PRC,URBAN_6_N005,ALL,1,54.41391,77
2017-09-04T16:00:00-00:00,2017-09-04T17:00:00-00:00,2017-09-04,10,0,URBAN_6_N005,URBAN_6_N005,URBAN_6_N005,DAM,LMP,LMP_PRC,URBAN_6_N005,ALL,1,31.2054,77
2017-09-05T00:00:00-00:00,2017-09-05T01:00:00-00:00,2017-09-04,18,0,URBAN_6_N005,URBAN_6_N005,URBAN_6_N005,DAM,LMP,LMP_PRC,URBAN_6_N005,ALL,1,63.71864,77
2017-09-05T02:00:00-00:00,2017-09-05T03:00:00-00:00,2017-09-04,20,0,URBAN_6_N005,URBAN_6_N005,URBAN_6_N005,DAM,LMP,LMP_PRC,URBAN_6_N005,ALL,1,76.53736,77
2017-09-05T05:00:00-00:00,2017-09-05T06:00:00-00:00,2017-09-04,23,0,URBAN_6_N005,URBAN_6_N005,URBAN_6_N005,DAM,LMP,LMP_PRC,URBAN_6_N005,ALL,1,46.94392,77
2017-09-05T06:00:00-00:00,2017-09-05T07:00:00-00:00,2017-09-04,24,0,URBAN_6_N005,URBAN_6_N005,URBAN_6_N005,DAM,LMP,LMP_PRC,URBAN_6_N005,ALL,1,40.75016,77
2017-09-04T15:00:00-00:00,2017-09-04T16:00:00-00:00,2017-09-04,9,0,URBAN_6_N005,URBAN_6_N005,URBAN_6_N005,DAM,LMP,LMP_PRC,URBAN_6_N005,ALL,1,31.27435,77
2017-09-04T12:00:00-00:00,2017-09-04T13:00:00-00:00,2017-09-04,6,0,URBAN_6_N005,URBAN_6_N005,URBAN_6_N005,DAM,LMP,LMP_PRC,URBAN_6_N005,ALL,1,34.79658,77
2017-09-04T13:00:00-00:00,2017-09-04T14:00:00-00:00,2017-09-04,7,0,URBAN_6_N005,URBAN_6_N005,URBAN_6_N005,DAM,LMP,LMP_PRC,URBAN_6_N005,ALL,1,37.25834,77
2017-09-04T20:00:00-00:00,2017-09-04T21:00:00-00:00,2017-09-04,14,0,URBAN_6_N005,URBAN_6_N005,URBAN_6_N005,DAM,LMP,LMP_PRC,URBAN_6_N005,ALL,1,45.56905,77
2017-09-05T01:00:00-00:00,2017-09-05T02:00:00-00:00,2017-09-04,19,0,URBAN_6_N005,URBAN_6_N005,URBAN_6_N005,DAM,LMP,LMP_PRC,URBAN_6_N005,ALL,1,86.78432,77
2017-09-04T08:00:00-00:00,2017-09-04T09:00:00-00:00,2017-09-04,2,0,URBAN_6_N005,URBAN_6_N005,URBAN_6_N005,DAM,MCC,LMP_CONG_PRC,URBAN_6_N005,ALL,1,0,78
2017-09-04T21:00:00-00:00,2017-09-04T22:00:00-00:00,2017-09-04,15,0,URBAN_6_N005,URBAN_6_N005,URBAN_6_N005,DAM,MCC,LMP_CONG_PRC,URBAN_6_N005,ALL,1,0,78
2017-09-04T07:00:00-00:00,2017-09-04T08:00:00-00:00,2017-09-04,1,0,URBAN_6_N005,URBAN_6_N005,URBAN_6_N005,DAM,MCC,LMP_CONG_PRC,URBAN_6_N005,ALL,1,0,78
2017-09-05T02:00:00-00:00,2017-09-05T03:00:00-00:00,2017-09-04,20,0,URBAN_6_N005,URBAN_6_N005,URBAN_6_N005,DAM,MCC,LMP_CONG_PRC,URBAN_6_N005,ALL,1,0,78
2017-09-04T19:00:00-00:00,2017-09-04T20:00:00-00:00,2017-09-04,13,0,URBAN_6_N005,URBAN_6_N005,URBAN_6_N005,DAM,MCC,LMP_CONG_PRC,URBAN_6_N005,ALL,1,0,78
2017-09-05T00:00:00-00:00,2017-09-05T01:00:00-00:00,2017-09-04,18,0,URBAN_6_N005,URBAN_6_N005,URBAN_6_N005,DAM,MCC,LMP_CONG_PRC,URBAN_6_N005,ALL,1,0,78
2017-09-04T11:00:00-00:00,2017-09-04T12:00:00-00:00,2017-09-04,5,0,URBAN_6_N005,URBAN_6_N005,URBAN_6_N005,DAM,MCC,LMP_CONG_PRC,URBAN_6_N005,ALL,1,0,78
2017-09-04T12:00:00-00:00,2017-09-04T13:00:00-00:00,2017-09-04,6,0,URBAN_6_N005,URBAN_6_N005,URBAN_6_N005,DAM,MCC,LMP_CONG_PRC,URBAN_6_N005,ALL,1,0,78
2017-09-05T04:00:00-00:00,2017-09-05T05:00:00-00:00,2017-09-04,22,0,URBAN_6_N005,URBAN_6_N005,URBAN_6_N005,DAM,MCC,LMP_CONG_PRC,URBAN_6_N005,ALL,1,0,78
2017-09-04T09:00:00-00:00,2017-09-04T10:00:00-00:00,2017-09-04,3,0,URBAN_6_N005,URBAN_6_N005,URBAN_6_N005,DAM,MCC,LMP_CONG_PRC,URBAN_6_N005,ALL,1,0,78
2017-09-04T10:00:00-00:00,2017-09-04T11:00:00-00:00,2017-09-04,4,0,URBAN_6_N005,URBAN_6_N005,URBAN_6_N005,DAM,MCC,LMP_CONG_PRC,URBAN_6_N005,ALL,1,0,78
2017-09-05T01:00:00-00:00,2017-09-05T02:00:00-00:00,2017-09-04,19,0,URBAN_6_N005,URBAN_6_N005,URBAN_6_N005,DAM,MCC,LMP_CONG_PRC,URBAN_6_N005,ALL,1,0,78
2017-09-05T03:00:00-00:00,2017-09-05T04:00:00-00:00,2017-09-04,21,0,URBAN_6_N005,URBAN_6_N005,URBAN_6_N005,DAM,MCC,LMP_CONG_PRC,URBAN_6_N005,ALL,1,0,78
2017-09-05T05:00:00-00:00,2017-09-05T06:00:00-00:00,2017-09-04,23,0,URBAN_6_N005,URBAN_6_N005,URBAN_6_N005,DAM,MCC,LMP_CONG_PRC,URBAN_6_N005,ALL,1,0,78
2017-09-04T22:00:00-00:00,2017-09-04T23:00:00-00:00,2017-09-04,16,0,URBAN_6_N005,URBAN_6_N005,URBAN_6_N005,DAM,MCC,LMP_CONG_PRC,URBAN_6_N005,ALL,1,0,78
2017-09-04T23:00:00-00:00,2017-09-05T00:00:00-00:00,2017-09-04,17,0,URBAN_6_N005,URBAN_6_N005,URBAN_6_N005,DAM,MCC,LMP_CONG_PRC,URBAN_6_N005,ALL,1,0,78
2017-09-04T14:00:00-00:00,2017-09-04T15:00:00-00:00,2017-09-04,8,0,URBAN_6_N005,URBAN_6_N005,URBAN_6_N005,DAM,MCC,LMP_CONG_PRC,URBAN_6_N005,ALL,1,0,78
2017-09-04T15:00:00-00:00,2017-09-04T16:00:00-00:00,2017-09-04,9,0,URBAN_6_N005,URBAN_6_N005,URBAN_6_N005,DAM,MCC,LMP_CONG_PRC,URBAN_6_N005,ALL,1,0.12133,78
2017-09-04T18:00:00-00:00,2017-09-04T19:00:00-00:00,2017-09-04,12,0,URBAN_6_N005,URBAN_6_N005,URBAN_6_N005,DAM,MCC,LMP_CONG_PRC,URBAN_6_N005,ALL,1,0,78
2017-09-04T13:00:00-00:00,2017-09-04T14:00:00-00:00,2017-09-04,7,0,URBAN_6_N005,URBAN_6_N005,URBAN_6_N005,DAM,MCC,LMP_CONG_PRC,URBAN_6_N005,ALL,1,0,78
2017-09-05T06:00:00-00:00,2017-09-05T07:00:00-00:00,2017-09-04,24,0,URBAN_6_N005,URBAN_6_N005,URBAN_6_N005,DAM,MCC,LMP_CONG_PRC,URBAN_6_N005,ALL,1,0,78
2017-09-04T16:00:00-00:00,2017-09-04T17:00:00-00:00,2017-09-04,10,0,URBAN_6_N005,URBAN_6_N005,URBAN_6_N005,DAM,MCC,LMP_CONG_PRC,URBAN_6_N005,ALL,1,0,78
2017-09-04T17:00:00-00:00,2017-09-04T18:00:00-00:00,2017-09-04,11,0,URBAN_6_N005,URBAN_6_N005,URBAN_6_N005,DAM,MCC,LMP_CONG_PRC,URBAN_6_N005,ALL,1,0,78
2017-09-04T20:00:00-00:00,2017-09-04T21:00:00-00:00,2017-09-04,14,0,URBAN_6_N005,URBAN_6_N005,URBAN_6_N005,DAM,MCC,LMP_CONG_PRC,URBAN_6_N005,ALL,1,0,78
2017-09-04T07:00:00-00:00,2017-09-04T08:00:00-00:00,2017-09-04,1,0,URBAN_6_N005,URBAN_6_N005,URBAN_6_N005,DAM,MCE,LMP_ENE_PRC,URBAN_6_N005,ALL,1,39.80308,79
2017-09-04T17:00:00-00:00,2017-09-04T18:00:00-00:00,2017-09-04,11,0,URBAN_6_N005,URBAN_6_N005,URBAN_6_N005,DAM,MCE,LMP_ENE_PRC,URBAN_6_N005,ALL,1,33.6981,79
2017-09-04T22:00:00-00:00,2017-09-04T23:00:00-00:00,2017-09-04,16,0,URBAN_6_N005,URBAN_6_N005,URBAN_6_N005,DAM,MCE,LMP_ENE_PRC,URBAN_6_N005,ALL,1,54.69737,79
2017-09-04T09:00:00-00:00,2017-09-04T10:00:00-00:00,2017-09-04,3,0,URBAN_6_N005,URBAN_6_N005,URBAN_6_N005,DAM,MCE,LMP_ENE_PRC,URBAN_6_N005,ALL,1,36.2549,79
2017-09-04T21:00:00-00:00,2017-09-04T22:00:00-00:00,2017-09-04,15,0,URBAN_6_N005,URBAN_6_N005,URBAN_6_N005,DAM,MCE,LMP_ENE_PRC,URBAN_6_N005,ALL,1,49.90831,79
2017-09-04T19:00:00-00:00,2017-09-04T20:00:00-00:00,2017-09-04,13,0,URBAN_6_N005,URBAN_6_N005,URBAN_6_N005,DAM,MCE,LMP_ENE_PRC,URBAN_6_N005,ALL,1,41.16497,79
2017-09-04T18:00:00-00:00,2017-09-04T19:00:00-00:00,2017-09-04,12,0,URBAN_6_N005,URBAN_6_N005,URBAN_6_N005,DAM,MCE,LMP_ENE_PRC,URBAN_6_N005,ALL,1,36.96662,79
2017-09-05T01:00:00-00:00,2017-09-05T02:00:00-00:00,2017-09-04,19,0,URBAN_6_N005,URBAN_6_N005,URBAN_6_N005,DAM,MCE,LMP_ENE_PRC,URBAN_6_N005,ALL,1,87.46656,79
2017-09-05T06:00:00-00:00,2017-09-05T07:00:00-00:00,2017-09-04,24,0,URBAN_6_N005,URBAN_6_N005,URBAN_6_N005,DAM,MCE,LMP_ENE_PRC,URBAN_6_N005,ALL,1,40.70131,79
2017-09-05T00:00:00-00:00,2017-09-05T01:00:00-00:00,2017-09-04,18,0,URBAN_6_N005,URBAN_6_N005,URBAN_6_N005,DAM,MCE,LMP_ENE_PRC,URBAN_6_N005,ALL,1,64.40129,79
2017-09-04T20:00:00-00:00,2017-09-04T21:00:00-00:00,2017-09-04,14,0,URBAN_6_N005,URBAN_6_N005,URBAN_6_N005,DAM,MCE,LMP_ENE_PRC,URBAN_6_N005,ALL,1,45.69701,79
2017-09-05T04:00:00-00:00,2017-09-05T05:00:00-00:00,2017-09-04,22,0,URBAN_6_N005,URBAN_6_N005,URBAN_6_N005,DAM,MCE,LMP_ENE_PRC,URBAN_6_N005,ALL,1,54.38128,79
2017-09-05T03:00:00-00:00,2017-09-05T04:00:00-00:00,2017-09-04,21,0,URBAN_6_N005,URBAN_6_N005,URBAN_6_N005,DAM,MCE,LMP_ENE_PRC,URBAN_6_N005,ALL,1,62.71777,79
2017-09-04T11:00:00-00:00,2017-09-04T12:00:00-00:00,2017-09-04,5,0,URBAN_6_N005,URBAN_6_N005,URBAN_6_N005,DAM,MCE,LMP_ENE_PRC,URBAN_6_N005,ALL,1,34.413,79
2017-09-05T02:00:00-00:00,2017-09-05T03:00:00-00:00,2017-09-04,20,0,URBAN_6_N005,URBAN_6_N005,URBAN_6_N005,DAM,MCE,LMP_ENE_PRC,URBAN_6_N005,ALL,1,76.86789,79
2017-09-04T10:00:00-00:00,2017-09-04T11:00:00-00:00,2017-09-04,4,0,URBAN_6_N005,URBAN_6_N005,URBAN_6_N005,DAM,MCE,LMP_ENE_PRC,URBAN_6_N005,ALL,1,34.65295,79
2017-09-04T23:00:00-00:00,2017-09-05T00:00:00-00:00,2017-09-04,17,0,URBAN_6_N005,URBAN_6_N005,URBAN_6_N005,DAM,MCE,LMP_ENE_PRC,URBAN_6_N005,ALL,1,57.46515,79
2017-09-04T16:00:00-00:00,2017-09-04T17:00:00-00:00,2017-09-04,10,0,URBAN_6_N005,URBAN_6_N005,URBAN_6_N005,DAM,MCE,LMP_ENE_PRC,URBAN_6_N005,ALL,1,31.12758,79
2017-09-04T14:00:00-00:00,2017-09-04T15:00:00-00:00,2017-09-04,8,0,URBAN_6_N005,URBAN_6_N005,URBAN_6_N005,DAM,MCE,LMP_ENE_PRC,URBAN_6_N005,ALL,1,34.7782,79
2017-09-05T05:00:00-00:00,2017-09-05T06:00:00-00:00,2017-09-04,23,0,URBAN_6_N005,URBAN_6_N005,URBAN_6_N005,DAM,MCE,LMP_ENE_PRC,URBAN_6_N005,ALL,1,47.1988,79
2017-09-04T08:00:00-00:00,2017-09-04T09:00:00-00:00,2017-09-04,2,0,URBAN_6_N005,URBAN_6_N005,URBAN_6_N005,DAM,MCE,LMP_ENE_PRC,URBAN_6_N005,ALL,1,36.79112,79
2017-09-04T13:00:00-00:00,2017-09-04T14:00:00-00:00,2017-09-04,7,0,URBAN_6_N005,URBAN_6_N005,URBAN_6_N005,DAM,MCE,LMP_ENE_PRC,URBAN_6_N005,ALL,1,36.77656,79
2017-09-04T12:00:00-00:00,2017-09-04T13:00:00-00:00,2017-09-04,6,0,URBAN_6_N005,URBAN_6_N005,URBAN_6_N005,DAM,MCE,LMP_ENE_PRC,URBAN_6_N005,ALL,1,34.46229,79
2017-09-04T15:00:00-00:00,2017-09-04T16:00:00-00:00,2017-09-04,9,0,URBAN_6_N005,URBAN_6_N005,URBAN_6_N005,DAM,MCE,LMP_ENE_PRC,URBAN_6_N005,ALL,1,31.01038,79
2017-09-04T17:00:00-00:00,2017-09-04T18:00:00-00:00,2017-09-04,11,0,URBAN_6_N005,URBAN_6_N005,URBAN_6_N005,DAM,MCL,LMP_LOSS_PRC,URBAN_6_N005,ALL,1,0.02359,80
2017-09-04T12:00:00-00:00,2017-09-04T13:00:00-00:00,2017-09-04,6,0,URBAN_6_N005,URBAN_6_N005,URBAN_6_N005,DAM,MCL,LMP_LOSS_PRC,URBAN_6_N005,ALL,1,0.33428,80
2017-09-04T09:00:00-00:00,2017-09-04T10:00:00-00:00,2017-09-04,3,0,URBAN_6_N005,URBAN_6_N005,URBAN_6_N005,DAM,MCL,LMP_LOSS_PRC,URBAN_6_N005,ALL,1,0.3553,80
2017-09-04T20:00:00-00:00,2017-09-04T21:00:00-00:00,2017-09-04,14,0,URBAN_6_N005,URBAN_6_N005,URBAN_6_N005,DAM,MCL,LMP_LOSS_PRC,URBAN_6_N005,ALL,1,-0.12795,80
2017-09-05T02:00:00-00:00,2017-09-05T03:00:00-00:00,2017-09-04,20,0,URBAN_6_N005,URBAN_6_N005,URBAN_6_N005,DAM,MCL,LMP_LOSS_PRC,URBAN_6_N005,ALL,1,-0.33053,80
2017-09-04T13:00:00-00:00,2017-09-04T14:00:00-00:00,2017-09-04,7,0,URBAN_6_N005,URBAN_6_N005,URBAN_6_N005,DAM,MCL,LMP_LOSS_PRC,URBAN_6_N005,ALL,1,0.48177,80
2017-09-04T14:00:00-00:00,2017-09-04T15:00:00-00:00,2017-09-04,8,0,URBAN_6_N005,URBAN_6_N005,URBAN_6_N005,DAM,MCL,LMP_LOSS_PRC,URBAN_6_N005,ALL,1,0.31996,80
2017-09-05T04:00:00-00:00,2017-09-05T05:00:00-00:00,2017-09-04,22,0,URBAN_6_N005,URBAN_6_N005,URBAN_6_N005,DAM,MCL,LMP_LOSS_PRC,URBAN_6_N005,ALL,1,0.03263,80
2017-09-04T11:00:00-00:00,2017-09-04T12:00:00-00:00,2017-09-04,5,0,URBAN_6_N005,URBAN_6_N005,URBAN_6_N005,DAM,MCL,LMP_LOSS_PRC,URBAN_6_N005,ALL,1,0.36822,80
2017-09-05T05:00:00-00:00,2017-09-05T06:00:00-00:00,2017-09-04,23,0,URBAN_6_N005,URBAN_6_N005,URBAN_6_N005,DAM,MCL,LMP_LOSS_PRC,URBAN_6_N005,ALL,1,-0.25487,80
2017-09-04T23:00:00-00:00,2017-09-05T00:00:00-00:00,2017-09-04,17,0,URBAN_6_N005,URBAN_6_N005,URBAN_6_N005,DAM,MCL,LMP_LOSS_PRC,URBAN_6_N005,ALL,1,-0.17814,80
2017-09-04T21:00:00-00:00,2017-09-04T22:00:00-00:00,2017-09-04,15,0,URBAN_6_N005,URBAN_6_N005,URBAN_6_N005,DAM,MCL,LMP_LOSS_PRC,URBAN_6_N005,ALL,1,-0.1647,80
2017-09-05T06:00:00-00:00,2017-09-05T07:00:00-00:00,2017-09-04,24,0,URBAN_6_N005,URBAN_6_N005,URBAN_6_N005,DAM,MCL,LMP_LOSS_PRC,URBAN_6_N005,ALL,1,0.04884,80
2017-09-05T03:00:00-00:00,2017-09-05T04:00:00-00:00,2017-09-04,21,0,URBAN_6_N005,URBAN_6_N005,URBAN_6_N005,DAM,MCL,LMP_LOSS_PRC,URBAN_6_N005,ALL,1,-0.16934,80
2017-09-04T19:00:00-00:00,2017-09-04T20:00:00-00:00,2017-09-04,13,0,URBAN_6_N005,URBAN_6_N005,URBAN_6_N005,DAM,MCL,LMP_LOSS_PRC,URBAN_6_N005,ALL,1,-0.20171,80
2017-09-04T16:00:00-00:00,2017-09-04T17:00:00-00:00,2017-09-04,10,0,URBAN_6_N005,URBAN_6_N005,URBAN_6_N005,DAM,MCL,LMP_LOSS_PRC,URBAN_6_N005,ALL,1,0.07782,80
2017-09-05T01:00:00-00:00,2017-09-05T02:00:00-00:00,2017-09-04,19,0,URBAN_6_N005,URBAN_6_N005,URBAN_6_N005,DAM,MCL,LMP_LOSS_PRC,URBAN_6_N005,ALL,1,-0.68224,80
2017-09-04T10:00:00-00:00,2017-09-04T11:00:00-00:00,2017-09-04,4,0,URBAN_6_N005,URBAN_6_N005,URBAN_6_N005,DAM,MCL,LMP_LOSS_PRC,URBAN_6_N005,ALL,1,0.37079,80
2017-09-04T07:00:00-00:00,2017-09-04T08:00:00-00:00,2017-09-04,1,0,URBAN_6_N005,URBAN_6_N005,URBAN_6_N005,DAM,MCL,LMP_LOSS_PRC,URBAN_6_N005,ALL,1,-0.14329,80
2017-09-04T15:00:00-00:00,2017-09-04T16:00:00-00:00,2017-09-04,9,0,URBAN_6_N005,URBAN_6_N005,URBAN_6_N005,DAM,MCL,LMP_LOSS_PRC,URBAN_6_N005,ALL,1,0.14265,80
2017-09-04T22:00:00-00:00,2017-09-04T23:00:00-00:00,2017-09-04,16,0,URBAN_6_N005,URBAN_6_N005,URBAN_6_N005,DAM,MCL,LMP_LOSS_PRC,URBAN_6_N005,ALL,1,-0.10393,80
2017-09-04T18:00:00-00:00,2017-09-04T19:00:00-00:00,2017-09-04,12,0,URBAN_6_N005,URBAN_6_N005,URBAN_6_N005,DAM,MCL,LMP_LOSS_PRC,URBAN_6_N005,ALL,1,0.06284,80
2017-09-04T08:00:00-00:00,2017-09-04T09:00:00-00:00,2017-09-04,2,0,URBAN_6_N005,URBAN_6_N005,URBAN_6_N005,DAM,MCL,LMP_LOSS_PRC,URBAN_6_N005,ALL,1,-0.04783,80
2017-09-05T00:00:00-00:00,2017-09-05T01:00:00-00:00,2017-09-04,18,0,URBAN_6_N005,URBAN_6_N005,URBAN_6_N005,DAM,MCL,LMP_LOSS_PRC,URBAN_6_N005,ALL,1,-0.68265,80
2017-09-05T09:00:00-00:00,2017-09-05T10:00:00-00:00,2017-09-05,3,0,BAYSHOR2_1_N001,BAYSHOR2_1_N001,BAYSHOR2_1_N001,DAM,LMP,LMP_PRC,BAYSHOR2_1_N001,ALL,1,32.07115,81
2017-09-05T13:00:00-00:00,2017-09-05T14:00:00-00:00,2017-09-05,7,0,BAYSHOR2_1_N001,BAYSHOR2_1_N001,BAYSHOR2_1_N001,DAM,LMP,LMP_PRC,BAYSHOR2_1_N001,ALL,1,43.72476,81
2017-09-06T00:00:00-00:00,2017-09-06T01:00:00-00:00,2017-09-05,18,0,BAYSHOR2_1_N001,BAYSHOR2_1_N001,BAYSHOR2_1_N001,DAM,LMP,LMP_PRC,BAYSHOR2_1_N001,ALL,1,77.84055,81
2017-09-06T02:00:00-00:00,2017-09-06T03:00:00-00:00,2017-09-05,20,0,BAYSHOR2_1_N001,BAYSHOR2_1_N001,BAYSHOR2_1_N001,DAM,LMP,LMP_PRC,BAYSHOR2_1_N001,ALL,1,91.21973,81
2017-09-05T20:00:00-00:00,2017-09-05T21:00:00-00:00,2017-09-05,14,0,BAYSHOR2_1_N001,BAYSHOR2_1_N001,BAYSHOR2_1_N001,DAM,LMP,LMP_PRC,BAYSHOR2_1_N001,ALL,1,52.85705,81
2017-09-05T12:00:00-00:00,2017-09-05T13:00:00-00:00,2017-09-05,6,0,BAYSHOR2_1_N001,BAYSHOR2_1_N001,BAYSHOR2_1_N001,DAM,LMP,LMP_PRC,BAYSHOR2_1_N001,ALL,1,35.14302,81
2017-09-05T07:00:00-00:00,2017-09-05T08:00:00-00:00,2017-09-05,1,0,BAYSHOR2_1_N001,BAYSHOR2_1_N001,BAYSHOR2_1_N001,DAM,LMP,LMP_PRC,BAYSHOR2_1_N001,ALL,1,35.43118,81
2017-09-06T01:00:00-00:00,2017-09-06T02:00:00-00:00,2017-09-05,19,0,BAYSHOR2_1_N001,BAYSHOR2_1_N001,BAYSHOR2_1_N001,DAM,LMP,LMP_PRC,BAYSHOR2_1_N001,ALL,1,107.23573,81
2017-09-06T03:00:00-00:00,2017-09-06T04:00:00-00:00,2017-09-05,21,0,BAYSHOR2_1_N001,BAYSHOR2_1_N001,BAYSHOR2_1_N001,DAM,LMP,LMP_PRC,BAYSHOR2_1_N001,ALL,1,64.052,81
2017-09-06T04:00:00-00:00,2017-09-06T05:00:00-00:00,2017-09-05,22,0,BAYSHOR2_1_N001,BAYSHOR2_1_N001,BAYSHOR2_1_N001,DAM,LMP,LMP_PRC,BAYSHOR2_1_N001,ALL,1,55.32512,81
2017-09-05T18:00:00-00:00,2017-09-05T19:00:00-00:00,2017-09-05,12,0,BAYSHOR2_1_N001,BAYSHOR2_1_N001,BAYSHOR2_1_N001,DAM,LMP,LMP_PRC,BAYSHOR2_1_N001,ALL,1,42.58639,81
2017-09-05T08:00:00-00:00,2017-09-05T09:00:00-00:00,2017-09-05,2,0,BAYSHOR2_1_N001,BAYSHOR2_1_N001,BAYSHOR2_1_N001,DAM,LMP,LMP_PRC,BAYSHOR2_1_N001,ALL,1,33.33997,81
2017-09-06T06:00:00-00:00,2017-09-06T07:00:00-00:00,2017-09-05,24,0,BAYSHOR2_1_N001,BAYSHOR2_1_N001,BAYSHOR2_1_N001,DAM,LMP,LMP_PRC,BAYSHOR2_1_N001,ALL,1,40.7123,81
2017-09-05T17:00:00-00:00,2017-09-05T18:00:00-00:00,2017-09-05,11,0,BAYSHOR2_1_N001,BAYSHOR2_1_N001,BAYSHOR2_1_N001,DAM,LMP,LMP_PRC,BAYSHOR2_1_N001,ALL,1,39.97025,81
2017-09-05T19:00:00-00:00,2017-09-05T20:00:00-00:00,2017-09-05,13,0,BAYSHOR2_1_N001,BAYSHOR2_1_N001,BAYSHOR2_1_N001,DAM,LMP,LMP_PRC,BAYSHOR2_1_N001,ALL,1,49.50147,81
2017-09-05T23:00:00-00:00,2017-09-06T00:00:00-00:00,2017-09-05,17,0,BAYSHOR2_1_N001,BAYSHOR2_1_N001,BAYSHOR2_1_N001,DAM,LMP,LMP_PRC,BAYSHOR2_1_N001,ALL,1,64.97912,81
2017-09-05T14:00:00-00:00,2017-09-05T15:00:00-00:00,2017-09-05,8,0,BAYSHOR2_1_N001,BAYSHOR2_1_N001,BAYSHOR2_1_N001,DAM,LMP,LMP_PRC,BAYSHOR2_1_N001,ALL,1,44.5232,81
2017-09-06T05:00:00-00:00,2017-09-06T06:00:00-00:00,2017-09-05,23,0,BAYSHOR2_1_N001,BAYSHOR2_1_N001,BAYSHOR2_1_N001,DAM,LMP,LMP_PRC,BAYSHOR2_1_N001,ALL,1,44.4035,81
2017-09-05T15:00:00-00:00,2017-09-05T16:00:00-00:00,2017-09-05,9,0,BAYSHOR2_1_N001,BAYSHOR2_1_N001,BAYSHOR2_1_N001,DAM,LMP,LMP_PRC,BAYSHOR2_1_N001,ALL,1,38.13636,81
2017-09-05T21:00:00-00:00,2017-09-05T22:00:00-00:00,2017-09-05,15,0,BAYSHOR2_1_N001,BAYSHOR2_1_N001,BAYSHOR2_1_N001,DAM,LMP,LMP_PRC,BAYSHOR2_1_N001,ALL,1,55.61435,81
2017-09-05T22:00:00-00:00,2017-09-05T23:00:00-00:00,2017-09-05,16,0,BAYSHOR2_1_N001,BAYSHOR2_1_N001,BAYSHOR2_1_N001,DAM,LMP,LMP_PRC,BAYSHOR2_1_N001,ALL,1,59.77473,81
2017-09-05T10:00:00-00:00,2017-09-05T11:00:00-00:00,2017-09-05,4,0,BAYSHOR2_1_N001,BAYSHOR2_1_N001,BAYSHOR2_1_N001,DAM,LMP,LMP_PRC,BAYSHOR2_1_N001,ALL,1,31.84644,81
2017-09-05T11:00:00-00:00,2017-09-05T12:00:00-00:00,2017-09-05,5,0,BAYSHOR2_1_N001,BAYSHOR2_1_N001,BAYSHOR2_1_N001,DAM,LMP,LMP_PRC,BAYSHOR2_1_N001,ALL,1,32.00122,81
2017-09-05T16:00:00-00:00,2017-09-05T17:00:00-00:00,2017-09-05,10,0,BAYSHOR2_1_N001,BAYSHOR2_1_N001,BAYSHOR2_1_N001,DAM,LMP,LMP_PRC,BAYSHOR2_1_N001,ALL,1,38.60876,81
2017-09-05T10:00:00-00:00,2017-09-05T11:00:00-00:00,2017-09-05,4,0,BAYSHOR2_1_N001,BAYSHOR2_1_N001,BAYSHOR2_1_N001,DAM,MCC,LMP_CONG_PRC,BAYSHOR2_1_N001,ALL,1,0,82
2017-09-05T09:00:00-00:00,2017-09-05T10:00:00-00:00,2017-09-05,3,0,BAYSHOR2_1_N001,BAYSHOR2_1_N001,BAYSHOR2_1_N001,DAM,MCC,LMP_CONG_PRC,BAYSHOR2_1_N001,ALL,1,0,82
2017-09-05T17:00:00-00:00,2017-09-05T18:00:00-00:00,2017-09-05,11,0,BAYSHOR2_1_N001,BAYSHOR2_1_N001,BAYSHOR2_1_N001,DAM,MCC,LMP_CONG_PRC,BAYSHOR2_1_N001,ALL,1,-1.30872,82
2017-09-05T07:00:00-00:00,2017-09-05T08:00:00-00:00,2017-09-05,1,0,BAYSHOR2_1_N001,BAYSHOR2_1_N001,BAYSHOR2_1_N001,DAM,MCC,LMP_CONG_PRC,BAYSHOR2_1_N001,ALL,1,-0.0539,82
2017-09-05T11:00:00-00:00,2017-09-05T12:00:00-00:00,2017-09-05,5,0,BAYSHOR2_1_N001,BAYSHOR2_1_N001,BAYSHOR2_1_N001,DAM,MCC,LMP_CONG_PRC,BAYSHOR2_1_N001,ALL,1,0,82
2017-09-05T15:00:00-00:00,2017-09-05T16:00:00-00:00,2017-09-05,9,0,BAYSHOR2_1_N001,BAYSHOR2_1_N001,BAYSHOR2_1_N001,DAM,MCC,LMP_CONG_PRC,BAYSHOR2_1_N001,ALL,1,0,82
2017-09-06T02:00:00-00:00,2017-09-06T03:00:00-00:00,2017-09-05,20,0,BAYSHOR2_1_N001,BAYSHOR2_1_N001,BAYSHOR2_1_N001,DAM,MCC,LMP_CONG_PRC,BAYSHOR2_1_N001,ALL,1,0,82
2017-09-05T18:00:00-00:00,2017-09-05T19:00:00-00:00,2017-09-05,12,0,BAYSHOR2_1_N001,BAYSHOR2_1_N001,BAYSHOR2_1_N001,DAM,MCC,LMP_CONG_PRC,BAYSHOR2_1_N001,ALL,1,-1.10574,82
2017-09-05T21:00:00-00:00,2017-09-05T22:00:00-00:00,2017-09-05,15,0,BAYSHOR2_1_N001,BAYSHOR2_1_N001,BAYSHOR2_1_N001,DAM,MCC,LMP_CONG_PRC,BAYSHOR2_1_N001,ALL,1,-0.59529,82
2017-09-05T14:00:00-00:00,2017-09-05T15:00:00-00:00,2017-09-05,8,0,BAYSHOR2_1_N001,BAYSHOR2_1_N001,BAYSHOR2_1_N001,DAM,MCC,LMP_CONG_PRC,BAYSHOR2_1_N001,ALL,1,0,82
2017-09-06T03:00:00-00:00,2017-09-06T04:00:00-00:00,2017-09-05,21,0,BAYSHOR2_1_N001,BAYSHOR2_1_N001,BAYSHOR2_1_N001,DAM,MCC,LMP_CONG_PRC,BAYSHOR2_1_N001,ALL,1,0,82
2017-09-05T16:00:00-00:00,2017-09-05T17:00:00-00:00,2017-09-05,10,0,BAYSHOR2_1_N001,BAYSHOR2_1_N001,BAYSHOR2_1_N001,DAM,MCC,LMP_CONG_PRC,BAYSHOR2_1_N001,ALL,1,-1.24993,82
2017-09-05T19:00:00-00:00,2017-09-05T20:00:00-00:00,2017-09-05,13,0,BAYSHOR2_1_N001,BAYSHOR2_1_N001,BAYSHOR2_1_N001,DAM,MCC,LMP_CONG_PRC,BAYSHOR2_1_N001,ALL,1,-1.12922,82
2017-09-05T20:00:00-00:00,2017-09-05T21:00:00-00:00,2017-09-05,14,0,BAYSHOR2_1_N001,BAYSHOR2_1_N001,BAYSHOR2_1_N001,DAM,MCC,LMP_CONG_PRC,BAYSHOR2_1_N001,ALL,1,-0.46843,82
2017-09-05T22:00:00-00:00,2017-09-05T23:00:00-00:00,2017-09-05,16,0,BAYSHOR2_1_N001,BAYSHOR2_1_N001,BAYSHOR2_1_N001,DAM,MCC,LMP_CONG_PRC,BAYSHOR2_1_N001,ALL,1,0,82
2017-09-06T05:00:00-00:00,2017-09-06T06:00:00-00:00,2017-09-05,23,0,BAYSHOR2_1_N001,BAYSHOR2_1_N001,BAYSHOR2_1_N001,DAM,MCC,LMP_CONG_PRC,BAYSHOR2_1_N001,ALL,1,0,82
2017-09-05T08:00:00-00:00,2017-09-05T09:00:00-00:00,2017-09-05,2,0,BAYSHOR2_1_N001,BAYSHOR2_1_N001,BAYSHOR2_1_N001,DAM,MCC,LMP_CONG_PRC,BAYSHOR2_1_N001,ALL,1,-0.2245,82
2017-09-05T13:00:00-00:00,2017-09-05T14:00:00-00:00,2017-09-05,7,0,BAYSHOR2_1_N001,BAYSHOR2_1_N001,BAYSHOR2_1_N001,DAM,MCC,LMP_CONG_PRC,BAYSHOR2_1_N001,ALL,1,0,82
2017-09-06T01:00:00-00:00,2017-09-06T02:00:00-00:00,2017-09-05,19,0,BAYSHOR2_1_N001,BAYSHOR2_1_N001,BAYSHOR2_1_N001,DAM,MCC,LMP_CONG_PRC,BAYSHOR2_1_N001,ALL,1,0,82
2017-09-06T04:00:00-00:00,2017-09-06T05:00:00-00:00,2017-09-05,22,0,BAYSHOR2_1_N001,BAYSHOR2_1_N001,BAYSHOR2_1_N001,DAM,MCC,LMP_CONG_PRC,BAYSHOR2_1_N001,ALL,1,0,82
2017-09-06T06:00:00-00:00,2017-09-06T07:00:00-00:00,2017-09-05,24,0,BAYSHOR2_1_N001,BAYSHOR2_1_N001,BAYSHOR2_1_N001,DAM,MCC,LMP_CONG_PRC,BAYSHOR2_1_N001,ALL,1,0,82
2017-09-05T12:00:00-00:00,2017-09-05T13:00:00-00:00,2017-09-05,6,0,BAYSHOR2_1_N001,BAYSHOR2_1_N001,BAYSHOR2_1_N001,DAM,MCC,LMP_CONG_PRC,BAYSHOR2_1_N001,ALL,1,0,82
2017-09-05T23:00:00-00:00,2017-09-06T00:00:00-00:00,2017-09-05,17,0,BAYSHOR2_1_N001,BAYSHOR2_1_N001,BAYSHOR2_1_N001,DAM,MCC,LMP_CONG_PRC,BAYSHOR2_1_N001,ALL,1,0,82
2017-09-06T00:00:00-00:00,2017-09-06T01:00:00-00:00,2017-09-05,18,0,BAYSHOR2_1_N001,BAYSHOR2_1_N001,BAYSHOR2_1_N001,DAM,MCC,LMP_CONG_PRC,BAYSHOR2_1_N001,ALL,1,0,82
2017-09-05T08:00:00-00:00,2017-09-05T09:00:00-00:00,2017-09-05,2,0,BAYSHOR2_1_N001,BAYSHOR2_1_N001,BAYSHOR2_1_N001,DAM,MCE,LMP_ENE_PRC,BAYSHOR2_1_N001,ALL,1,33.11738,83
2017-09-05T12:00:00-00:00,2017-09-05T13:00:00-00:00,2017-09-05,6,0,BAYSHOR2_1_N001,BAYSHOR2_1_N001,BAYSHOR2_1_N001,DAM,MCE,LMP_ENE_PRC,BAYSHOR2_1_N001,ALL,1,34.48099,83
2017-09-05T10:00:00-00:00,2017-09-05T11:00:00-00:00,2017-09-05,4,0,BAYSHOR2_1_N001,BAYSHOR2_1_N001,BAYSHOR2_1_N001,DAM,MCE,LMP_ENE_PRC,BAYSHOR2_1_N001,ALL,1,31.18226,83
2017-09-05T16:00:00-00:00,2017-09-05T17:00:00-00:00,2017-09-05,10,0,BAYSHOR2_1_N001,BAYSHOR2_1_N001,BAYSHOR2_1_N001,DAM,MCE,LMP_ENE_PRC,BAYSHOR2_1_N001,ALL,1,37.97874,83
2017-09-05T20:00:00-00:00,2017-09-05T21:00:00-00:00,2017-09-05,14,0,BAYSHOR2_1_N001,BAYSHOR2_1_N001,BAYSHOR2_1_N001,DAM,MCE,LMP_ENE_PRC,BAYSHOR2_1_N001,ALL,1,51.0487,83
2017-09-06T06:00:00-00:00,2017-09-06T07:00:00-00:00,2017-09-05,24,0,BAYSHOR2_1_N001,BAYSHOR2_1_N001,BAYSHOR2_1_N001,DAM,MCE,LMP_ENE_PRC,BAYSHOR2_1_N001,ALL,1,39.54954,83
2017-09-05T11:00:00-00:00,2017-09-05T12:00:00-00:00,2017-09-05,5,0,BAYSHOR2_1_N001,BAYSHOR2_1_N001,BAYSHOR2_1_N001,DAM,MCE,LMP_ENE_PRC,BAYSHOR2_1_N001,ALL,1,31.35223,83
2017-09-05T09:00:00-00:00,2017-09-05T10:00:00-00:00,2017-09-05,3,0,BAYSHOR2_1_N001,BAYSHOR2_1_N001,BAYSHOR2_1_N001,DAM,MCE,LMP_ENE_PRC,BAYSHOR2_1_N001,ALL,1,31.36237,83
2017-09-05T07:00:00-00:00,2017-09-05T08:00:00-00:00,2017-09-05,1,0,BAYSHOR2_1_N001,BAYSHOR2_1_N001,BAYSHOR2_1_N001,DAM,MCE,LMP_ENE_PRC,BAYSHOR2_1_N001,ALL,1,34.86107,83
2017-09-06T00:00:00-00:00,2017-09-06T01:00:00-00:00,2017-09-05,18,0,BAYSHOR2_1_N001,BAYSHOR2_1_N001,BAYSHOR2_1_N001,DAM,MCE,LMP_ENE_PRC,BAYSHOR2_1_N001,ALL,1,74.55277,83
2017-09-05T22:00:00-00:00,2017-09-05T23:00:00-00:00,2017-09-05,16,0,BAYSHOR2_1_N001,BAYSHOR2_1_N001,BAYSHOR2_1_N001,DAM,MCE,LMP_ENE_PRC,BAYSHOR2_1_N001,ALL,1,57.56981,83
2017-09-05T18:00:00-00:00,2017-09-05T19:00:00-00:00,2017-09-05,12,0,BAYSHOR2_1_N001,BAYSHOR2_1_N001,BAYSHOR2_1_N001,DAM,MCE,LMP_ENE_PRC,BAYSHOR2_1_N001,ALL,1,41.69097,83
2017-09-05T15:00:00-00:00,2017-09-05T16:00:00-00:00,2017-09-05,9,0,BAYSHOR2_1_N001,BAYSHOR2_1_N001,BAYSHOR2_1_N001,DAM,MCE,LMP_ENE_PRC,BAYSHOR2_1_N001,ALL,1,36.5081,83
2017-09-06T05:00:00-00:00,2017-09-06T06:00:00-00:00,2017-09-05,23,0,BAYSHOR2_1_N001,BAYSHOR2_1_N001,BAYSHOR2_1_N001,DAM,MCE,LMP_ENE_PRC,BAYSHOR2_1_N001,ALL,1,43.46467,83
2017-09-06T03:00:00-00:00,2017-09-06T04:00:00-00:00,2017-09-05,21,0,BAYSHOR2_1_N001,BAYSHOR2_1_N001,BAYSHOR2_1_N001,DAM,MCE,LMP_ENE_PRC,BAYSHOR2_1_N001,ALL,1,62.2287,83
2017-09-06T01:00:00-00:00,2017-09-06T02:00:00-00:00,2017-09-05,19,0,BAYSHOR2_1_N001,BAYSHOR2_1_N001,BAYSHOR2_1_N001,DAM,MCE,LMP_ENE_PRC,BAYSHOR2_1_N001,ALL,1,104.14269,83
2017-09-06T02:00:00-00:00,2017-09-06T03:00:00-00:00,2017-09-05,20,0,BAYSHOR2_1_N001,BAYSHOR2_1_N001,BAYSHOR2_1_N001,DAM,MCE,LMP_ENE_PRC,BAYSHOR2_1_N001,ALL,1,88.72651,83
2017-09-05T21:00:00-00:00,2017-09-05T22:00:00-00:00,2017-09-05,15,0,BAYSHOR2_1_N001,BAYSHOR2_1_N001,BAYSHOR2_1_N001,DAM,MCE,LMP_ENE_PRC,BAYSHOR2_1_N001,ALL,1,53.96989,83
2017-09-06T04:00:00-00:00,2017-09-06T05:00:00-00:00,2017-09-05,22,0,BAYSHOR2_1_N001,BAYSHOR2_1_N001,BAYSHOR2_1_N001,DAM,MCE,LMP_ENE_PRC,BAYSHOR2_1_N001,ALL,1,54.41637,83
2017-09-05T14:00:00-00:00,2017-09-05T15:00:00-00:00,2017-09-05,8,0,BAYSHOR2_1_N001,BAYSHOR2_1_N001,BAYSHOR2_1_N001,DAM,MCE,LMP_ENE_PRC,BAYSHOR2_1_N001,ALL,1,42.99267,83
2017-09-05T23:00:00-00:00,2017-09-06T00:00:00-00:00,2017-09-05,17,0,BAYSHOR2_1_N001,BAYSHOR2_1_N001,BAYSHOR2_1_N001,DAM,MCE,LMP_ENE_PRC,BAYSHOR2_1_N001,ALL,1,62.34205,83
2017-09-05T19:00:00-00:00,2017-09-05T20:00:00-00:00,2017-09-05,13,0,BAYSHOR2_1_N001,BAYSHOR2_1_N001,BAYSHOR2_1_N001,DAM,MCE,LMP_ENE_PRC,BAYSHOR2_1_N001,ALL,1,48.45506,83
2017-09-05T17:00:00-00:00,2017-09-05T18:00:00-00:00,2017-09-05,11,0,BAYSHOR2_1_N001,BAYSHOR2_1_N001,BAYSHOR2_1_N001,DAM,MCE,LMP_ENE_PRC,BAYSHOR2_1_N001,ALL,1,39.43725,83
2017-09-05T13:00:00-00:00,2017-09-05T14:00:00-00:00,2017-09-05,7,0,BAYSHOR2_1_N001,BAYSHOR2_1_N001,BAYSHOR2_1_N001,DAM,MCE,LMP_ENE_PRC,BAYSHOR2_1_N001,ALL,1,42.6583,83
2017-09-05T09:00:00-00:00,2017-09-05T10:00:00-00:00,2017-09-05,3,0,BAYSHOR2_1_N001,BAYSHOR2_1_N001,BAYSHOR2_1_N001,DAM,MCL,LMP_LOSS_PRC,BAYSHOR2_1_N001,ALL,1,0.70879,84
2017-09-05T23:00:00-00:00,2017-09-06T00:00:00-00:00,2017-09-05,17,0,BAYSHOR2_1_N001,BAYSHOR2_1_N001,BAYSHOR2_1_N001,DAM,MCL,LMP_LOSS_PRC,BAYSHOR2_1_N001,ALL,1,2.63707,84
2017-09-05T20:00:00-00:00,2017-09-05T21:00:00-00:00,2017-09-05,14,0,BAYSHOR2_1_N001,BAYSHOR2_1_N001,BAYSHOR2_1_N001,DAM,MCL,LMP_LOSS_PRC,BAYSHOR2_1_N001,ALL,1,2.27677,84
2017-09-06T05:00:00-00:00,2017-09-06T06:00:00-00:00,2017-09-05,23,0,BAYSHOR2_1_N001,BAYSHOR2_1_N001,BAYSHOR2_1_N001,DAM,MCL,LMP_LOSS_PRC,BAYSHOR2_1_N001,ALL,1,0.93884,84
2017-09-06T04:00:00-00:00,2017-09-06T05:00:00-00:00,2017-09-05,22,0,BAYSHOR2_1_N001,BAYSHOR2_1_N001,BAYSHOR2_1_N001,DAM,MCL,LMP_LOSS_PRC,BAYSHOR2_1_N001,ALL,1,0.90875,84
2017-09-06T02:00:00-00:00,2017-09-06T03:00:00-00:00,2017-09-05,20,0,BAYSHOR2_1_N001,BAYSHOR2_1_N001,BAYSHOR2_1_N001,DAM,MCL,LMP_LOSS_PRC,BAYSHOR2_1_N001,ALL,1,2.49322,84
2017-09-05T10:00:00-00:00,2017-09-05T11:00:00-00:00,2017-09-05,4,0,BAYSHOR2_1_N001,BAYSHOR2_1_N001,BAYSHOR2_1_N001,DAM,MCL,LMP_LOSS_PRC,BAYSHOR2_1_N001,ALL,1,0.66418,84
2017-09-05T19:00:00-00:00,2017-09-05T20:00:00-00:00,2017-09-05,13,0,BAYSHOR2_1_N001,BAYSHOR2_1_N001,BAYSHOR2_1_N001,DAM,MCL,LMP_LOSS_PRC,BAYSHOR2_1_N001,ALL,1,2.17563,84
2017-09-06T00:00:00-00:00,2017-09-06T01:00:00-00:00,2017-09-05,18,0,BAYSHOR2_1_N001,BAYSHOR2_1_N001,BAYSHOR2_1_N001,DAM,MCL,LMP_LOSS_PRC,BAYSHOR2_1_N001,ALL,1,3.28778,84
2017-09-05T14:00:00-00:00,2017-09-05T15:00:00-00:00,2017-09-05,8,0,BAYSHOR2_1_N001,BAYSHOR2_1_N001,BAYSHOR2_1_N001,DAM,MCL,LMP_LOSS_PRC,BAYSHOR2_1_N001,ALL,1,1.53054,84
2017-09-05T13:00:00-00:00,2017-09-05T14:00:00-00:00,2017-09-05,7,0,BAYSHOR2_1_N001,BAYSHOR2_1_N001,BAYSHOR2_1_N001,DAM,MCL,LMP_LOSS_PRC,BAYSHOR2_1_N001,ALL,1,1.06646,84
2017-09-05T08:00:00-00:00,2017-09-05T09:00:00-00:00,2017-09-05,2,0,BAYSHOR2_1_N001,BAYSHOR2_1_N001,BAYSHOR2_1_N001,DAM,MCL,LMP_LOSS_PRC,BAYSHOR2_1_N001,ALL,1,0.44708,84
2017-09-05T07:00:00-00:00,2017-09-05T08:00:00-00:00,2017-09-05,1,0,BAYSHOR2_1_N001,BAYSHOR2_1_N001,BAYSHOR2_1_N001,DAM,MCL,LMP_LOSS_PRC,BAYSHOR2_1_N001,ALL,1,0.62401,84
2017-09-05T18:00:00-00:00,2017-09-05T19:00:00-00:00,2017-09-05,12,0,BAYSHOR2_1_N001,BAYSHOR2_1_N001,BAYSHOR2_1_N001,DAM,MCL,LMP_LOSS_PRC,BAYSHOR2_1_N001,ALL,1,2.00117,84
2017-09-06T01:00:00-00:00,2017-09-06T02:00:00-00:00,2017-09-05,19,0,BAYSHOR2_1_N001,BAYSHOR2_1_N001,BAYSHOR2_1_N001,DAM,MCL,LMP_LOSS_PRC,BAYSHOR2_1_N001,ALL,1,3.09304,84
2017-09-05T22:00:00-00:00,2017-09-05T23:00:00-00:00,2017-09-05,16,0,BAYSHOR2_1_N001,BAYSHOR2_1_N001,BAYSHOR2_1_N001,DAM,MCL,LMP_LOSS_PRC,BAYSHOR2_1_N001,ALL,1,2.20492,84
2017-09-05T21:00:00-00:00,2017-09-05T22:00:00-00:00,2017-09-05,15,0,BAYSHOR2_1_N001,BAYSHOR2_1_N001,BAYSHOR2_1_N001,DAM,MCL,LMP_LOSS_PRC,BAYSHOR2_1_N001,ALL,1,2.23975,84
2017-09-05T16:00:00-00:00,2017-09-05T17:00:00-00:00,2017-09-05,10,0,BAYSHOR2_1_N001,BAYSHOR2_1_N001,BAYSHOR2_1_N001,DAM,MCL,LMP_LOSS_PRC,BAYSHOR2_1_N001,ALL,1,1.87995,84
2017-09-05T15:00:00-00:00,2017-09-05T16:00:00-00:00,2017-09-05,9,0,BAYSHOR2_1_N001,BAYSHOR2_1_N001,BAYSHOR2_1_N001,DAM,MCL,LMP_LOSS_PRC,BAYSHOR2_1_N001,ALL,1,1.62826,84
2017-09-06T06:00:00-00:00,2017-09-06T07:00:00-00:00,2017-09-05,24,0,BAYSHOR2_1_N001,BAYSHOR2_1_N001,BAYSHOR2_1_N001,DAM,MCL,LMP_LOSS_PRC,BAYSHOR2_1_N001,ALL,1,1.16276,84
2017-09-06T03:00:00-00:00,2017-09-06T04:00:00-00:00,2017-09-05,21,0,BAYSHOR2_1_N001,BAYSHOR2_1_N001,BAYSHOR2_1_N001,DAM,MCL,LMP_LOSS_PRC,BAYSHOR2_1_N001,ALL,1,1.8233,84
2017-09-05T12:00:00-00:00,2017-09-05T13:00:00-00:00,2017-09-05,6,0,BAYSHOR2_1_N001,BAYSHOR2_1_N001,BAYSHOR2_1_N001,DAM,MCL,LMP_LOSS_PRC,BAYSHOR2_1_N001,ALL,1,0.66203,84
2017-09-05T17:00:00-00:00,2017-09-05T18:00:00-00:00,2017-09-05,11,0,BAYSHOR2_1_N001,BAYSHOR2_1_N001,BAYSHOR2_1_N001,DAM,MCL,LMP_LOSS_PRC,BAYSHOR2_1_N001,ALL,1,1.84172,84
2017-09-05T11:00:00-00:00,2017-09-05T12:00:00-00:00,2017-09-05,5,0,BAYSHOR2_1_N001,BAYSHOR2_1_N001,BAYSHOR2_1_N001,DAM,MCL,LMP_LOSS_PRC,BAYSHOR2_1_N001,ALL,1,0.64899,84
2017-09-06T03:00:00-00:00,2017-09-06T04:00:00-00:00,2017-09-05,21,0,TH_NP15_GEN-APND,TH_NP15_GEN-APND,TH_NP15_GEN-APND,DAM,LMP,LMP_PRC,TH_NP15_GEN-APND,ALL_APNODES,0,60.68543,85
2017-09-05T20:00:00-00:00,2017-09-05T21:00:00-00:00,2017-09-05,14,0,TH_NP15_GEN-APND,TH_NP15_GEN-APND,TH_NP15_GEN-APND,DAM,LMP,LMP_PRC,TH_NP15_GEN-APND,ALL_APNODES,0,49.2428,85
2017-09-05T14:00:00-00:00,2017-09-05T15:00:00-00:00,2017-09-05,8,0,TH_NP15_GEN-APND,TH_NP15_GEN-APND,TH_NP15_GEN-APND,DAM,LMP,LMP_PRC,TH_NP15_GEN-APND,ALL_APNODES,0,42.11132,85
2017-09-05T15:00:00-00:00,2017-09-05T16:00:00-00:00,2017-09-05,9,0,TH_NP15_GEN-APND,TH_NP15_GEN-APND,TH_NP15_GEN-APND,DAM,LMP,LMP_PRC,TH_NP15_GEN-APND,ALL_APNODES,0,35.87286,85
2017-09-05T23:00:00-00:00,2017-09-06T00:00:00-00:00,2017-09-05,17,0,TH_NP15_GEN-APND,TH_NP15_GEN-APND,TH_NP15_GEN-APND,DAM,LMP,LMP_PRC,TH_NP15_GEN-APND,ALL_APNODES,0,60.70245,85
2017-09-05T12:00:00-00:00,2017-09-05T13:00:00-00:00,2017-09-05,6,0,TH_NP15_GEN-APND,TH_NP15_GEN-APND,TH_NP15_GEN-APND,DAM,LMP,LMP_PRC,TH_NP15_GEN-APND,ALL_APNODES,0,33.77757,85
2017-09-05T17:00:00-00:00,2017-09-05T18:00:00-00:00,2017-09-05,11,0,TH_NP15_GEN-APND,TH_NP15_GEN-APND,TH_NP15_GEN-APND,DAM,LMP,LMP_PRC,TH_NP15_GEN-APND,ALL_APNODES,0,37.40289,85
2017-09-05T07:00:00-00:00,2017-09-05T08:00:00-00:00,2017-09-05,1,0,TH_NP15_GEN-APND,TH_NP15_GEN-APND,TH_NP15_GEN-APND,DAM,LMP,LMP_PRC,TH_NP15_GEN-APND,ALL_APNODES,0,34.30329,85
2017-09-05T08:00:00-00:00,2017-09-05T09:00:00-00:00,2017-09-05,2,0,TH_NP15_GEN-APND,TH_NP15_GEN-APND,TH_NP15_GEN-APND,DAM,LMP,LMP_PRC,TH_NP15_GEN-APND,ALL_APNODES,0,32.30322,85
2017-09-05T09:00:00-00:00,2017-09-05T10:00:00-00:00,2017-09-05,3,0,TH_NP15_GEN-APND,TH_NP15_GEN-APND,TH_NP15_GEN-APND,DAM,LMP,LMP_PRC,TH_NP15_GEN-APND,ALL_APNODES,0,30.81039,85
2017-09-06T01:00:00-00:00,2017-09-06T02:00:00-00:00,2017-09-05,19,0,TH_NP15_GEN-APND,TH_NP15_GEN-APND,TH_NP15_GEN-APND,DAM,LMP,LMP_PRC,TH_NP15_GEN-APND,ALL_APNODES,0,101.20587,85
2017-09-05T18:00:00-00:00,2017-09-05T19:00:00-00:00,2017-09-05,12,0,TH_NP15_GEN-APND,TH_NP15_GEN-APND,TH_NP15_GEN-APND,DAM,LMP,LMP_PRC,TH_NP15_GEN-APND,ALL_APNODES,0,39.81394,85
2017-09-06T00:00:00-00:00,2017-09-06T01:00:00-00:00,2017-09-05,18,0,TH_NP15_GEN-APND,TH_NP15_GEN-APND,TH_NP15_GEN-APND,DAM,LMP,LMP_PRC,TH_NP15_GEN-APND,ALL_APNODES,0,72.7817,85
2017-09-06T05:00:00-00:00,2017-09-06T06:00:00-00:00,2017-09-05,23,0,TH_NP15_GEN-APND,TH_NP15_GEN-APND,TH_NP15_GEN-APND,DAM,LMP,LMP_PRC,TH_NP15_GEN-APND,ALL_APNODES,0,42.3824,85
2017-09-05T16:00:00-00:00,2017-09-05T17:00:00-00:00,2017-09-05,10,0,TH_NP15_GEN-APND,TH_NP15_GEN-APND,TH_NP15_GEN-APND,DAM,LMP,LMP_PRC,TH_NP15_GEN-APND,ALL_APNODES,0,36.09077,85
2017-09-05T19:00:00-00:00,2017-09-05T20:00:00-00:00,2017-09-05,13,0,TH_NP15_GEN-APND,TH_NP15_GEN-APND,TH_NP15_GEN-APND,DAM,LMP,LMP_PRC,TH_NP15_GEN-APND,ALL_APNODES,0,46.18715,85
2017-09-05T21:00:00-00:00,2017-09-05T22:00:00-00:00,2017-09-05,15,0,TH_NP15_GEN-APND,TH_NP15_GEN-APND,TH_NP15_GEN-APND,DAM,LMP,LMP_PRC,TH_NP15_GEN-APND,ALL_APNODES,0,51.7663,85
2017-09-05T10:00:00-00:00,2017-09-05T11:00:00-00:00,2017-09-05,4,0,TH_NP15_GEN-APND,TH_NP15_GEN-APND,TH_NP15_GEN-APND,DAM,LMP,LMP_PRC,TH_NP15_GEN-APND,ALL_APNODES,0,30.60538,85
2017-09-05T11:00:00-00:00,2017-09-05T12:00:00-00:00,2017-09-05,5,0,TH_NP15_GEN-APND,TH_NP15_GEN-APND,TH_NP15_GEN-APND,DAM,LMP,LMP_PRC,TH_NP15_GEN-APND,ALL_APNODES,0,30.76281,85
2017-09-06T04:00:00-00:00,2017-09-06T05:00:00-00:00,2017-09-05,22,0,TH_NP15_GEN-APND,TH_NP15_GEN-APND,TH_NP15_GEN-APND,DAM,LMP,LMP_PRC,TH_NP15_GEN-APND,ALL_APNODES,0,52.84918,85
2017-09-06T06:00:00-00:00,2017-09-06T07:00:00-00:00,2017-09-05,24,0,TH_NP15_GEN-APND,TH_NP15_GEN-APND,TH_NP15_GEN-APND,DAM,LMP,LMP_PRC,TH_NP15_GEN-APND,ALL_APNODES,0,38.77437,85
2017-09-05T22:00:00-00:00,2017-09-05T23:00:00-00:00,2017-09-05,16,0,TH_NP15_GEN-APND,TH_NP15_GEN-APND,TH_NP15_GEN-APND,DAM,LMP,LMP_PRC,TH_NP15_GEN-APND,ALL_APNODES,0,55.7103,85
2017-09-05T13:00:00-00:00,2017-09-05T14:00:00-00:00,2017-09-05,7,0,TH_NP15_GEN-APND,TH_NP15_GEN-APND,TH_NP15_GEN-APND,DAM,LMP,LMP_PRC,TH_NP15_GEN-APND,ALL_APNODES,0,41.62171,85
2017-09-06T02:00:00-00:00,2017-09-06T03:00:00-00:00,2017-09-05,20,0,TH_NP15_GEN-APND,TH_NP15_GEN-APND,TH_NP15_GEN-APND,DAM,LMP,LMP_PRC,TH_NP15_GEN-APND,ALL_APNODES,0,86.18894,85
2017-09-05T08:00:00-00:00,2017-09-05T09:00:00-00:00,2017-09-05,2,0,TH_NP15_GEN-APND,TH_NP15_GEN-APND,TH_NP15_GEN-APND,DAM,MCC,LMP_CONG_PRC,TH_NP15_GEN-APND,ALL_APNODES,0,-0.16837,86
2017-09-05T21:00:00-00:00,2017-09-05T22:00:00-00:00,2017-09-05,15,0,TH_NP15_GEN-APND,TH_NP15_GEN-APND,TH_NP15_GEN-APND,DAM,MCC,LMP_CONG_PRC,TH_NP15_GEN-APND,ALL_APNODES,0,-0.59529,86
2017-09-05T19:00:00-00:00,2017-09-05T20:00:00-00:00,2017-09-05,13,0,TH_NP15_GEN-APND,TH_NP15_GEN-APND,TH_NP15_GEN-APND,DAM,MCC,LMP_CONG_PRC,TH_NP15_GEN-APND,ALL_APNODES,0,-1.12922,86
2017-09-06T00:00:00-00:00,2017-09-06T01:00:00-00:00,2017-09-05,18,0,TH_NP15_GEN-APND,TH_NP15_GEN-APND,TH_NP15_GEN-APND,DAM,MCC,LMP_CONG_PRC,TH_NP15_GEN-APND,ALL_APNODES,0,-0.05636,86
2017-09-05T10:00:00-00:00,2017-09-05T11:00:00-00:00,2017-09-05,4,0,TH_NP15_GEN-APND,TH_NP15_GEN-APND,TH_NP15_GEN-APND,DAM,MCC,LMP_CONG_PRC,TH_NP15_GEN-APND,ALL_APNODES,0,0,86
2017-09-05T13:00:00-00:00,2017-09-05T14:00:00-00:00,2017-09-05,7,0,TH_NP15_GEN-APND,TH_NP15_GEN-APND,TH_NP15_GEN-APND,DAM,MCC,LMP_CONG_PRC,TH_NP15_GEN-APND,ALL_APNODES,0,0,86
2017-09-06T04:00:00-00:00,2017-09-06T05:00:00-00:00,2017-09-05,22,0,TH_NP15_GEN-APND,TH_NP15_GEN-APND,TH_NP15_GEN-APND,DAM,MCC,LMP_CONG_PRC,TH_NP15_GEN-APND,ALL_APNODES,0,0,86
2017-09-05T20:00:00-00:00,2017-09-05T21:00:00-00:00,2017-09-05,14,0,TH_NP15_GEN-APND,TH_NP15_GEN-APND,TH_NP15_GEN-APND,DAM,MCC,LMP_CONG_PRC,TH_NP15_GEN-APND,ALL_APNODES,0,-0.46843,86
2017-09-05T22:00:00-00:00,2017-09-05T23:00:00-00:00,2017-09-05,16,0,TH_NP15_GEN-APND,TH_NP15_GEN-APND,TH_NP15_GEN-APND,DAM,MCC,LMP_CONG_PRC,TH_NP15_GEN-APND,ALL_APNODES,0,0,86
2017-09-05T16:00:00-00:00,2017-09-05T17:00:00-00:00,2017-09-05,10,0,TH_NP15_GEN-APND,TH_NP15_GEN-APND,TH_NP15_GEN-APND,DAM,MCC,LMP_CONG_PRC,TH_NP15_GEN-APND,ALL_APNODES,0,-1.24993,86
2017-09-05T12:00:00-00:00,2017-09-05T13:00:00-00:00,2017-09-05,6,0,TH_NP15_GEN-APND,TH_NP15_GEN-APND,TH_NP15_GEN-APND,DAM,MCC,LMP_CONG_PRC,TH_NP15_GEN-APND,ALL_APNODES,0,0,86
2017-09-06T01:00:00-00:00,2017-09-06T02:00:00-00:00,2017-09-05,19,0,TH_NP15_GEN-APND,TH_NP15_GEN-APND,TH_NP15_GEN-APND,DAM,MCC,LMP_CONG_PRC,TH_NP15_GEN-APND,ALL_APNODES,0,0,86
2017-09-06T06:00:00-00:00,2017-09-06T07:00:00-00:00,2017-09-05,24,0,TH_NP15_GEN-APND,TH_NP15_GEN-APND,TH_NP15_GEN-APND,DAM,MCC,LMP_CONG_PRC,TH_NP15_GEN-APND,ALL_APNODES,0,0,86
2017-09-05T23:00:00-00:00,2017-09-06T00:00:00-00:00,2017-09-05,17,0,TH_NP15_GEN-APND,TH_NP15_GEN-APND,TH_NP15_GEN-APND,DAM,MCC,LMP_CONG_PRC,TH_NP15_GEN-APND,ALL_APNODES,0,0,86
2017-09-05T15:00:00-00:00,2017-09-05T16:00:00-00:00,2017-09-05,9,0,TH_NP15_GEN-APND,TH_NP15_GEN-APND,TH_NP15_GEN-APND,DAM,MCC,LMP_CONG_PRC,TH_NP15_GEN-APND,ALL_APNODES,0,0,86
2017-09-06T02:00:00-00:00,2017-09-06T03:00:00-00:00,2017-09-05,20,0,TH_NP15_GEN-APND,TH_NP15_GEN-APND,TH_NP15_GEN-APND,DAM,MCC,LMP_CONG_PRC,TH_NP15_GEN-APND,ALL_APNODES,0,0,86
2017-09-06T03:00:00-00:00,2017-09-06T04:00:00-00:00,2017-09-05,21,0,TH_NP15_GEN-APND,TH_NP15_GEN-APND,TH_NP15_GEN-APND,DAM,MCC,LMP_CONG_PRC,TH_NP15_GEN-APND,ALL_APNODES,0,0,86
2017-09-05T18:00:00-00:00,2017-09-05T19:00:00-00:00,2017-09-05,12,0,TH_NP15_GEN-APND,TH_NP15_GEN-APND,TH_NP15_GEN-APND,DAM,MCC,LMP_CONG_PRC,TH_NP15_GEN-APND,ALL_APNODES,0,-1.10574,86
2017-09-05T07:00:00-00:00,2017-09-05T08:00:00-00:00,2017-09-05,1,0,TH_NP15_GEN-APND,TH_NP15_GEN-APND,TH_NP15_GEN-APND,DAM,MCC,LMP_CONG_PRC,TH_NP15_GEN-APND,ALL_APNODES,0,0,86
2017-09-05T11:00:00-00:00,2017-09-05T12:00:00-00:00,2017-09-05,5,0,TH_NP15_GEN-APND,TH_NP15_GEN-APND,TH_NP15_GEN-APND,DAM,MCC,LMP_CONG_PRC,TH_NP15_GEN-APND,ALL_APNODES,0,0,86
2017-09-05T14:00:00-00:00,2017-09-05T15:00:00-00:00,2017-09-05,8,0,TH_NP15_GEN-APND,TH_NP15_GEN-APND,TH_NP15_GEN-APND,DAM,MCC,LMP_CONG_PRC,TH_NP15_GEN-APND,ALL_APNODES,0,0,86
2017-09-06T05:00:00-00:00,2017-09-06T06:00:00-00:00,2017-09-05,23,0,TH_NP15_GEN-APND,TH_NP15_GEN-APND,TH_NP15_GEN-APND,DAM,MCC,LMP_CONG_PRC,TH_NP15_GEN-APND,ALL_APNODES,0,0,86
2017-09-05T17:00:00-00:00,2017-09-05T18:00:00-00:00,2017-09-05,11,0,TH_NP15_GEN-APND,TH_NP15_GEN-APND,TH_NP15_GEN-APND,DAM,MCC,LMP_CONG_PRC,TH_NP15_GEN-APND,ALL_APNODES,0,-1.30872,86
2017-09-05T09:00:00-00:00,2017-09-05T10:00:00-00:00,2017-09-05,3,0,TH_NP15_GEN-APND,TH_NP15_GEN-APND,TH_NP15_GEN-APND,DAM,MCC,LMP_CONG_PRC,TH_NP15_GEN-APND,ALL_APNODES,0,0,86
2017-09-05T09:00:00-00:00,2017-09-05T10:00:00-00:00,2017-09-05,3,0,TH_NP15_GEN-APND,TH_NP15_GEN-APND,TH_NP15_GEN-APND,DAM,MCE,LMP_ENE_PRC,TH_NP15_GEN-APND,ALL_APNODES,0,31.36237,87
2017-09-05T10:00:00-00:00,2017-09-05T11:00:00-00:00,2017-09-05,4,0,TH_NP15_GEN-APND,TH_NP15_GEN-APND,TH_NP15_GEN-APND,DAM,MCE,LMP_ENE_PRC,TH_NP15_GEN-APND,ALL_APNODES,0,31.18226,87
2017-09-06T01:00:00-00:00,2017-09-06T02:00:00-00:00,2017-09-05,19,0,TH_NP15_GEN-APND,TH_NP15_GEN-APND,TH_NP15_GEN-APND,DAM,MCE,LMP_ENE_PRC,TH_NP15_GEN-APND,ALL_APNODES,0,104.14269,87
2017-09-06T05:00:00-00:00,2017-09-06T06:00:00-00:00,2017-09-05,23,0,TH_NP15_GEN-APND,TH_NP15_GEN-APND,TH_NP15_GEN-APND,DAM,MCE,LMP_ENE_PRC,TH_NP15_GEN-APND,ALL_APNODES,0,43.46467,87
2017-09-05T21:00:00-00:00,2017-09-05T22:00:00-00:00,2017-09-05,15,0,TH_NP15_GEN-APND,TH_NP15_GEN-APND,TH_NP15_GEN-APND,DAM,MCE,LMP_ENE_PRC,TH_NP15_GEN-APND,ALL_APNODES,0,53.96989,87
2017-09-05T19:00:00-00:00,2017-09-05T20:00:00-00:00,2017-09-05,13,0,TH_NP15_GEN-APND,TH_NP15_GEN-APND,TH_NP15_GEN-APND,DAM,MCE,LMP_ENE_PRC,TH_NP15_GEN-APND,ALL_APNODES,0,48.45506,87
2017-09-05T22:00:00-00:00,2017-09-05T23:00:00-00:00,2017-09-05,16,0,TH_NP15_GEN-APND,TH_NP15_GEN-APND,TH_NP15_GEN-APND,DAM,MCE,LMP_ENE_PRC,TH_NP15_GEN-APND,ALL_APNODES,0,57.56981,87
2017-09-05T11:00:00-00:00,2017-09-05T12:00:00-00:00,2017-09-05,5,0,TH_NP15_GEN-APND,TH_NP15_GEN-APND,TH_NP15_GEN-APND,DAM,MCE,LMP_ENE_PRC,TH_NP15_GEN-APND,ALL_APNODES,0,31.35223,87
2017-09-05T12:00:00-00:00,2017-09-05T13:00:00-00:00,2017-09-05,6,0,TH_NP15_GEN-APND,TH_NP15_GEN-APND,TH_NP15_GEN-APND,DAM,MCE,LMP_ENE_PRC,TH_NP15_GEN-APND,ALL_APNODES,0,34.48099,87
2017-09-05T14:00:00-00:00,2017-09-05T15:00:00-00:00,2017-09-05,8,0,TH_NP15_GEN-APND,TH_NP15_GEN-APND,TH_NP15_GEN-APND,DAM,MCE,LMP_ENE_PRC,TH_NP15_GEN-APND,ALL_APNODES,0,42.99267,87
2017-09-05T08:00:00-00:00,2017-09-05T09:00:00-00:00,2017-09-05,2,0,TH_NP15_GEN-APND,TH_NP15_GEN-APND,TH_NP15_GEN-APND,DAM,MCE,LMP_ENE_PRC,TH_NP15_GEN-APND,ALL_APNODES,0,33.11738,87
2017-09-06T02:00:00-00:00,2017-09-06T03:00:00-00:00,2017-09-05,20,0,TH_NP15_GEN-APND,TH_NP15_GEN-APND,TH_NP15_GEN-APND,DAM,MCE,LMP_ENE_PRC,TH_NP15_GEN-APND,ALL_APNODES,0,88.72651,87
2017-09-06T06:00:00-00:00,2017-09-06T07:00:00-00:00,2017-09-05,24,0,TH_NP15_GEN-APND,TH_NP15_GEN-APND,TH_NP15_GEN-APND,DAM,MCE,LMP_ENE_PRC,TH_NP15_GEN-APND,ALL_APNODES,0,39.54954,87
2017-09-05T16:00:00-00:00,2017-09-05T17:00:00-00:00,2017-09-05,10,0,TH_NP15_GEN-APND,TH_NP15_GEN-APND,TH_NP15_GEN-APND,DAM,MCE,LMP_ENE_PRC,TH_NP15_GEN-APND,ALL_APNODES,0,37.97874,87
2017-09-05T17:00:00-00:00,2017-09-05T18:00:00-00:00,2017-09-05,11,0,TH_NP15_GEN-APND,TH_NP15_GEN-APND,TH_NP15_GEN-APND,DAM,MCE,LMP_ENE_PRC,TH_NP15_GEN-APND,ALL_APNODES,0,39.43725,87
2017-09-05T18:00:00-00:00,2017-09-05T19:00:00-00:00,2017-09-05,12,0,TH_NP15_GEN-APND,TH_NP15_GEN-APND,TH_NP15_GEN-APND,DAM,MCE,LMP_ENE_PRC,TH_NP15_GEN-APND,ALL_APNODES,0,41.69097,87
2017-09-05T20:00:00-00:00,2017-09-05T21:00:00-00:00,2017-09-05,14,0,TH_NP15_GEN-APND,TH_NP15_GEN-APND,TH_NP15_GEN-APND,DAM,MCE,LMP_ENE_PRC,TH_NP15_GEN-APND,ALL_APNODES,0,51.0487,87
2017-09-05T07:00:00-00:00,2017-09-05T08:00:00-00:00,2017-09-05,1,0,TH_NP15_GEN-APND,TH_NP15_GEN-APND,TH_NP15_GEN-APND,DAM,MCE,LMP_ENE_PRC,TH_NP15_GEN-APND,ALL_APNODES,0,34.86107,87
2017-09-06T03:00:00-00:00,2017-09-06T04:00:00-00:00,2017-09-05,21,0,TH_NP15_GEN-APND,TH_NP15_GEN-APND,TH_NP15_GEN-APND,DAM,MCE,LMP_ENE_PRC,TH_NP15_GEN-APND,ALL_APNODES,0,62.2287,87
2017-09-05T15:00:00-00:00,2017-09-05T16:00:00-00:00,2017-09-05,9,0,TH_NP15_GEN-APND,TH_NP15_GEN-APND,TH_NP15_GEN-APND,DAM,MCE,LMP_ENE_PRC,TH_NP15_GEN-APND,ALL_APNODES,0,36.5081,87
2017-09-05T23:00:00-00:00,2017-09-06T00:00:00-00:00,2017-09-05,17,0,TH_NP15_GEN-APND,TH_NP15_GEN-APND,TH_NP15_GEN-APND,DAM,MCE,LMP_ENE_PRC,TH_NP15_GEN-APND,ALL_APNODES,0,62.34205,87
2017-09-05T13:00:00-00:00,2017-09-05T14:00:00-00:00,2017-09-05,7,0,TH_NP15_GEN-APND,TH_NP15_GEN-APND,TH_NP15_GEN-APND,DAM,MCE,LMP_ENE_PRC,TH_NP15_GEN-APND,ALL_APNODES,0,42.6583,87
2017-09-06T04:00:00-00:00,2017-09-06T05:00:00-00:00,2017-09-05,22,0,TH_NP15_GEN-APND,TH_NP15_GEN-APND,TH_NP15_GEN-APND,DAM,MCE,LMP_ENE_PRC,TH_NP15_GEN-APND,ALL_APNODES,0,54.41637,87
2017-09-06T00:00:00-00:00,2017-09-06T01:00:00-00:00,2017-09-05,18,0,TH_NP15_GEN-APND,TH_NP15_GEN-APND,TH_NP15_GEN-APND,DAM,MCE,LMP_ENE_PRC,TH_NP15_GEN-APND,ALL_APNODES,0,74.55277,87
2017-09-05T10:00:00-00:00,2017-09-05T11:00:00-00:00,2017-09-05,4,0,TH_NP15_GEN-APND,TH_NP15_GEN-APND,TH_NP15_GEN-APND,DAM,MCL,LMP_LOSS_PRC,TH_NP15_GEN-APND,ALL_APNODES,0,-0.57687,88
2017-09-05T19:00:00-00:00,2017-09-05T20:00:00-00:00,2017-09-05,13,0,TH_NP15_GEN-APND,TH_NP15_GEN-APND,TH_NP15_GEN-APND,DAM,MCL,LMP_LOSS_PRC,TH_NP15_GEN-APND,ALL_APNODES,0,-1.13869,88
2017-09-05T13:00:00-00:00,2017-09-05T14:00:00-00:00,2017-09-05,7,0,TH_NP15_GEN-APND,TH_NP15_GEN-APND,TH_NP15_GEN-APND,DAM,MCL,LMP_LOSS_PRC,TH_NP15_GEN-APND,ALL_APNODES,0,-1.0366,88
2017-09-06T04:00:00-00:00,2017-09-06T05:00:00-00:00,2017-09-05,22,0,TH_NP15_GEN-APND,TH_NP15_GEN-APND,TH_NP15_GEN-APND,DAM,MCL,LMP_LOSS_PRC,TH_NP15_GEN-APND,ALL_APNODES,0,-1.56719,88
2017-09-05T07:00:00-00:00,2017-09-05T08:00:00-00:00,2017-09-05,1,0,TH_NP15_GEN-APND,TH_NP15_GEN-APND,TH_NP15_GEN-APND,DAM,MCL,LMP_LOSS_PRC,TH_NP15_GEN-APND,ALL_APNODES,0,-0.55778,88
2017-09-06T01:00:00-00:00,2017-09-06T02:00:00-00:00,2017-09-05,19,0,TH_NP15_GEN-APND,TH_NP15_GEN-APND,TH_NP15_GEN-APND,DAM,MCL,LMP_LOSS_PRC,TH_NP15_GEN-APND,ALL_APNODES,0,-2.93682,88
2017-09-06T05:00:00-00:00,2017-09-06T06:00:00-00:00,2017-09-05,23,0,TH_NP15_GEN-APND,TH_NP15_GEN-APND,TH_NP15_GEN-APND,DAM,MCL,LMP_LOSS_PRC,TH_NP15_GEN-APND,ALL_APNODES,0,-1.08227,88
2017-09-06T06:00:00-00:00,2017-09-06T07:00:00-00:00,2017-09-05,24,0,TH_NP15_GEN-APND,TH_NP15_GEN-APND,TH_NP15_GEN-APND,DAM,MCL,LMP_LOSS_PRC,TH_NP15_GEN-APND,ALL_APNODES,0,-0.77517,88
2017-09-05T17:00:00-00:00,2017-09-05T18:00:00-00:00,2017-09-05,11,0,TH_NP15_GEN-APND,TH_NP15_GEN-APND,TH_NP15_GEN-APND,DAM,MCL,LMP_LOSS_PRC,TH_NP15_GEN-APND,ALL_APNODES,0,-0.72565,88
2017-09-05T20:00:00-00:00,2017-09-05T21:00:00-00:00,2017-09-05,14,0,TH_NP15_GEN-APND,TH_NP15_GEN-APND,TH_NP15_GEN-APND,DAM,MCL,LMP_LOSS_PRC,TH_NP15_GEN-APND,ALL_APNODES,0,-1.33748,88
2017-09-05T12:00:00-00:00,2017-09-05T13:00:00-00:00,2017-09-05,6,0,TH_NP15_GEN-APND,TH_NP15_GEN-APND,TH_NP15_GEN-APND,DAM,MCL,LMP_LOSS_PRC,TH_NP15_GEN-APND,ALL_APNODES,0,-0.70341,88
2017-09-05T21:00:00-00:00,2017-09-05T22:00:00-00:00,2017-09-05,15,0,TH_NP15_GEN-APND,TH_NP15_GEN-APND,TH_NP15_GEN-APND,DAM,MCL,LMP_LOSS_PRC,TH_NP15_GEN-APND,ALL_APNODES,0,-1.6083,88
2017-09-06T02:00:00-00:00,2017-09-06T03:00:00-00:00,2017-09-05,20,0,TH_NP15_GEN-APND,TH_NP15_GEN-APND,TH_NP15_GEN-APND,DAM,MCL,LMP_LOSS_PRC,TH_NP15_GEN-APND,ALL_APNODES,0,-2.53758,88
2017-09-05T15:00:00-00:00,2017-09-05T16:00:00-00:00,2017-09-05,9,0,TH_NP15_GEN-APND,TH_NP15_GEN-APND,TH_NP15_GEN-APND,DAM,MCL,LMP_LOSS_PRC,TH_NP15_GEN-APND,ALL_APNODES,0,-0.63524,88
2017-09-05T16:00:00-00:00,2017-09-05T17:00:00-00:00,2017-09-05,10,0,TH_NP15_GEN-APND,TH_NP15_GEN-APND,TH_NP15_GEN-APND,DAM,MCL,LMP_LOSS_PRC,TH_NP15_GEN-APND,ALL_APNODES,0,-0.63804,88
2017-09-06T00:00:00-00:00,2017-09-06T01:00:00-00:00,2017-09-05,18,0,TH_NP15_GEN-APND,TH_NP15_GEN-APND,TH_NP15_GEN-APND,DAM,MCL,LMP_LOSS_PRC,TH_NP15_GEN-APND,ALL_APNODES,0,-1.71471,88
2017-09-05T08:00:00-00:00,2017-09-05T09:00:00-00:00,2017-09-05,2,0,TH_NP15_GEN-APND,TH_NP15_GEN-APND,TH_NP15_GEN-APND,DAM,MCL,LMP_LOSS_PRC,TH_NP15_GEN-APND,ALL_APNODES,0,-0.64579,88
2017-09-05T09:00:00-00:00,2017-09-05T10:00:00-00:00,2017-09-05,3,0,TH_NP15_GEN-APND,TH_NP15_GEN-APND,TH_NP15_GEN-APND,DAM,MCL,LMP_LOSS_PRC,TH_NP15_GEN-APND,ALL_APNODES,0,-0.55198,88
2017-09-05T14:00:00-00:00,2017-09-05T15:00:00-00:00,2017-09-05,8,0,TH_NP15_GEN-APND,TH_NP15_GEN-APND,TH_NP15_GEN-APND,DAM,MCL,LMP_LOSS_PRC,TH_NP15_GEN-APND,ALL_APNODES,0,-0.88135,88
2017-09-05T22:00:00-00:00,2017-09-05T23:00:00-00:00,2017-09-05,16,0,TH_NP15_GEN-APND,TH_NP15_GEN-APND,TH_NP15_GEN-APND,DAM,MCL,LMP_LOSS_PRC,TH_NP15_GEN-APND,ALL_APNODES,0,-1.8595,88
2017-09-05T23:00:00-00:00,2017-09-06T00:00:00-00:00,2017-09-05,17,0,TH_NP15_GEN-APND,TH_NP15_GEN-APND,TH_NP15_GEN-APND,DAM,MCL,LMP_LOSS_PRC,TH_NP15_GEN-APND,ALL_APNODES,0,-1.6396,88
2017-09-06T03:00:00-00:00,2017-09-06T04:00:00-00:00,2017-09-05,21,0,TH_NP15_GEN-APND,TH_NP15_GEN-APND,TH_NP15_GEN-APND,DAM,MCL,LMP_LOSS_PRC,TH_NP15_GEN-APND,ALL_APNODES,0,-1.54327,88
2017-09-05T18:00:00-00:00,2017-09-05T19:00:00-00:00,2017-09-05,12,0,TH_NP15_GEN-APND,TH_NP15_GEN-APND,TH_NP15_GEN-APND,DAM,MCL,LMP_LOSS_PRC,TH_NP15_GEN-APND,ALL_APNODES,0,-0.77128,88
2017-09-05T11:00:00-00:00,2017-09-05T12:00:00-00:00,2017-09-05,5,0,TH_NP15_GEN-APND,TH_NP15_GEN-APND,TH_NP15_GEN-APND,DAM,MCL,LMP_LOSS_PRC,TH_NP15_GEN-APND,ALL_APNODES,0,-0.58942,88
2017-09-05T17:00:00-00:00,2017-09-05T18:00:00-00:00,2017-09-05,11,0,TH_SP15_GEN-APND,TH_SP15_GEN-APND,TH_SP15_GEN-APND,DAM,LMP,LMP_PRC,TH_SP15_GEN-APND,ALL_APNODES,0,37.11998,89
2017-09-05T16:00:00-00:00,2017-09-05T17:00:00-00:00,2017-09-05,10,0,TH_SP15_GEN-APND,TH_SP15_GEN-APND,TH_SP15_GEN-APND,DAM,LMP,LMP_PRC,TH_SP15_GEN-APND,ALL_APNODES,0,35.7791,89
2017-09-06T01:00:00-00:00,2017-09-06T02:00:00-00:00,2017-09-05,19,0,TH_SP15_GEN-APND,TH_SP15_GEN-APND,TH_SP15_GEN-APND,DAM,LMP,LMP_PRC,TH_SP15_GEN-APND,ALL_APNODES,0,100.47687,89
2017-09-05T07:00:00-00:00,2017-09-05T08:00:00-00:00,2017-09-05,1,0,TH_SP15_GEN-APND,TH_SP15_GEN-APND,TH_SP15_GEN-APND,DAM,LMP,LMP_PRC,TH_SP15_GEN-APND,ALL_APNODES,0,33.94771,89
2017-09-05T10:00:00-00:00,2017-09-05T11:00:00-00:00,2017-09-05,4,0,TH_SP15_GEN-APND,TH_SP15_GEN-APND,TH_SP15_GEN-APND,DAM,LMP,LMP_PRC,TH_SP15_GEN-APND,ALL_APNODES,0,30.5056,89
2017-09-06T02:00:00-00:00,2017-09-06T03:00:00-00:00,2017-09-05,20,0,TH_SP15_GEN-APND,TH_SP15_GEN-APND,TH_SP15_GEN-APND,DAM,LMP,LMP_PRC,TH_SP15_GEN-APND,ALL_APNODES,0,85.69207,89
2017-09-05T18:00:00-00:00,2017-09-05T19:00:00-00:00,2017-09-05,12,0,TH_SP15_GEN-APND,TH_SP15_GEN-APND,TH_SP15_GEN-APND,DAM,LMP,LMP_PRC,TH_SP15_GEN-APND,ALL_APNODES,0,38.92679,89
2017-09-05T08:00:00-00:00,2017-09-05T09:00:00-00:00,2017-09-05,2,0,TH_SP15_GEN-APND,TH_SP15_GEN-APND,TH_SP15_GEN-APND,DAM,LMP,LMP_PRC,TH_SP15_GEN-APND,ALL_APNODES,0,32.35568,89
2017-09-05T14:00:00-00:00,2017-09-05T15:00:00-00:00,2017-09-05,8,0,TH_SP15_GEN-APND,TH_SP15_GEN-APND,TH_SP15_GEN-APND,DAM,LMP,LMP_PRC,TH_SP15_GEN-APND,ALL_APNODES,0,41.6298,89
2017-09-05T15:00:00-00:00,2017-09-05T16:00:00-00:00,2017-09-05,9,0,TH_SP15_GEN-APND,TH_SP15_GEN-APND,TH_SP15_GEN-APND,DAM,LMP,LMP_PRC,TH_SP15_GEN-APND,ALL_APNODES,0,35.23762,89
2017-09-05T19:00:00-00:00,2017-09-05T20:00:00-00:00,2017-09-05,13,0,TH_SP15_GEN-APND,TH_SP15_GEN-APND,TH_SP15_GEN-APND,DAM,LMP,LMP_PRC,TH_SP15_GEN-APND,ALL_APNODES,0,45.28628,89
2017-09-05T22:00:00-00:00,2017-09-05T23:00:00-00:00,2017-09-05,16,0,TH_SP15_GEN-APND,TH_SP15_GEN-APND,TH_SP15_GEN-APND,DAM,LMP,LMP_PRC,TH_SP15_GEN-APND,ALL_APNODES,0,54.90955,89
2017-09-05T23:00:00-00:00,2017-09-06T00:00:00-00:00,2017-09-05,17,0,TH_SP15_GEN-APND,TH_SP15_GEN-APND,TH_SP15_GEN-APND,DAM,LMP,LMP_PRC,TH_SP15_GEN-APND,ALL_APNODES,0,59.28111,89
2017-09-05T11:00:00-00:00,2017-09-05T12:00:00-00:00,2017-09-05,5,0,TH_SP15_GEN-APND,TH_SP15_GEN-APND,TH_SP15_GEN-APND,DAM,LMP,LMP_PRC,TH_SP15_GEN-APND,ALL_APNODES,0,30.60605,89
2017-09-05T13:00:00-00:00,2017-09-05T14:00:00-00:00,2017-09-05,7,0,TH_SP15_GEN-APND,TH_SP15_GEN-APND,TH_SP15_GEN-APND,DAM,LMP,LMP_PRC,TH_SP15_GEN-APND,ALL_APNODES,0,41.54065,89
2017-09-05T20:00:00-00:00,2017-09-05T21:00:00-00:00,2017-09-05,14,0,TH_SP15_GEN-APND,TH_SP15_GEN-APND,TH_SP15_GEN-APND,DAM,LMP,LMP_PRC,TH_SP15_GEN-APND,ALL_APNODES,0,48.18868,89
2017-09-05T12:00:00-00:00,2017-09-05T13:00:00-00:00,2017-09-05,6,0,TH_SP15_GEN-APND,TH_SP15_GEN-APND,TH_SP15_GEN-APND,DAM,LMP,LMP_PRC,TH_SP15_GEN-APND,ALL_APNODES,0,33.60517,89
2017-09-05T09:00:00-00:00,2017-09-05T10:00:00-00:00,2017-09-05,3,0,TH_SP15_GEN-APND,TH_SP15_GEN-APND,TH_SP15_GEN-APND,DAM,LMP,LMP_PRC,TH_SP15_GEN-APND,ALL_APNODES,0,30.65044,89
2017-09-06T03:00:00-00:00,2017-09-06T04:00:00-00:00,2017-09-05,21,0,TH_SP15_GEN-APND,TH_SP15_GEN-APND,TH_SP15_GEN-APND,DAM,LMP,LMP_PRC,TH_SP15_GEN-APND,ALL_APNODES,0,59.91379,89
2017-09-06T00:00:00-00:00,2017-09-06T01:00:00-00:00,2017-09-05,18,0,TH_SP15_GEN-APND,TH_SP15_GEN-APND,TH_SP15_GEN-APND,DAM,LMP,LMP_PRC,TH_SP15_GEN-APND,ALL_APNODES,0,71.14571,89
2017-09-06T06:00:00-00:00,2017-09-06T07:00:00-00:00,2017-09-05,24,0,TH_SP15_GEN-APND,TH_SP15_GEN-APND,TH_SP15_GEN-APND,DAM,LMP,LMP_PRC,TH_SP15_GEN-APND,ALL_APNODES,0,38.18113,89
2017-09-06T04:00:00-00:00,2017-09-06T05:00:00-00:00,2017-09-05,22,0,TH_SP15_GEN-APND,TH_SP15_GEN-APND,TH_SP15_GEN-APND,DAM,LMP,LMP_PRC,TH_SP15_GEN-APND,ALL_APNODES,0,52.69681,89
2017-09-06T05:00:00-00:00,2017-09-06T06:00:00-00:00,2017-09-05,23,0,TH_SP15_GEN-APND,TH_SP15_GEN-APND,TH_SP15_GEN-APND,DAM,LMP,LMP_PRC,TH_SP15_GEN-APND,ALL_APNODES,0,42.0651,89
2017-09-05T21:00:00-00:00,2017-09-05T22:00:00-00:00,2017-09-05,15,0,TH_SP15_GEN-APND,TH_SP15_GEN-APND,TH_SP15_GEN-APND,DAM,LMP,LMP_PRC,TH_SP15_GEN-APND,ALL_APNODES,0,51.24214,89
2017-09-06T03:00:00-00:00,2017-09-06T04:00:00-00:00,2017-09-05,21,0,TH_SP15_GEN-APND,TH_SP15_GEN-APND,TH_SP15_GEN-APND,DAM,MCC,LMP_CONG_PRC,TH_SP15_GEN-APND,ALL_APNODES,0,0,90
2017-09-06T05:00:00-00:00,2017-09-06T06:00:00-00:00,2017-09-05,23,0,TH_SP15_GEN-APND,TH_SP15_GEN-APND,TH_SP15_GEN-APND,DAM,MCC,LMP_CONG_PRC,TH_SP15_GEN-APND,ALL_APNODES,0,0,90
2017-09-06T00:00:00-00:00,2017-09-06T01:00:00-00:00,2017-09-05,18,0,TH_SP15_GEN-APND,TH_SP15_GEN-APND,TH_SP15_GEN-APND,DAM,MCC,LMP_CONG_PRC,TH_SP15_GEN-APND,ALL_APNODES,0,0,90
2017-09-05T11:00:00-00:00,2017-09-05T12:00:00-00:00,2017-09-05,5,0,TH_SP15_GEN-APND,TH_SP15_GEN-APND,TH_SP15_GEN-APND,DAM,MCC,LMP_CONG_PRC,TH_SP15_GEN-APND,ALL_APNODES,0,0,90
2017-09-05T12:00:00-00:00,2017-09-05T13:00:00-00:00,2017-09-05,6,0,TH_SP15_GEN-APND,TH_SP15_GEN-APND,TH_SP15_GEN-APND,DAM,MCC,LMP_CONG_PRC,TH_SP15_GEN-APND,ALL_APNODES,0,0,90
2017-09-05T18:00:00-00:00,2017-09-05T19:00:00-00:00,2017-09-05,12,0,TH_SP15_GEN-APND,TH_SP15_GEN-APND,TH_SP15_GEN-APND,DAM,MCC,LMP_CONG_PRC,TH_SP15_GEN-APND,ALL_APNODES,0,-1.02983,90
2017-09-05T20:00:00-00:00,2017-09-05T21:00:00-00:00,2017-09-05,14,0,TH_SP15_GEN-APND,TH_SP15_GEN-APND,TH_SP15_GEN-APND,DAM,MCC,LMP_CONG_PRC,TH_SP15_GEN-APND,ALL_APNODES,0,-0.72618,90
2017-09-06T01:00:00-00:00,2017-09-06T02:00:00-00:00,2017-09-05,19,0,TH_SP15_GEN-APND,TH_SP15_GEN-APND,TH_SP15_GEN-APND,DAM,MCC,LMP_CONG_PRC,TH_SP15_GEN-APND,ALL_APNODES,0,0,90
2017-09-05T09:00:00-00:00,2017-09-05T10:00:00-00:00,2017-09-05,3,0,TH_SP15_GEN-APND,TH_SP15_GEN-APND,TH_SP15_GEN-APND,DAM,MCC,LMP_CONG_PRC,TH_SP15_GEN-APND,ALL_APNODES,0,0,90
2017-09-05T13:00:00-00:00,2017-09-05T14:00:00-00:00,2017-09-05,7,0,TH_SP15_GEN-APND,TH_SP15_GEN-APND,TH_SP15_GEN-APND,DAM,MCC,LMP_CONG_PRC,TH_SP15_GEN-APND,ALL_APNODES,0,0,90
2017-09-05T16:00:00-00:00,2017-09-05T17:00:00-00:00,2017-09-05,10,0,TH_SP15_GEN-APND,TH_SP15_GEN-APND,TH_SP15_GEN-APND,DAM,MCC,LMP_CONG_PRC,TH_SP15_GEN-APND,ALL_APNODES,0,-0.76024,90
2017-09-05T22:00:00-00:00,2017-09-05T23:00:00-00:00,2017-09-05,16,0,TH_SP15_GEN-APND,TH_SP15_GEN-APND,TH_SP15_GEN-APND,DAM,MCC,LMP_CONG_PRC,TH_SP15_GEN-APND,ALL_APNODES,0,-0.25959,90
2017-09-05T14:00:00-00:00,2017-09-05T15:00:00-00:00,2017-09-05,8,0,TH_SP15_GEN-APND,TH_SP15_GEN-APND,TH_SP15_GEN-APND,DAM,MCC,LMP_CONG_PRC,TH_SP15_GEN-APND,ALL_APNODES,0,0,90
2017-09-06T04:00:00-00:00,2017-09-06T05:00:00-00:00,2017-09-05,22,0,TH_SP15_GEN-APND,TH_SP15_GEN-APND,TH_SP15_GEN-APND,DAM,MCC,LMP_CONG_PRC,TH_SP15_GEN-APND,ALL_APNODES,0,0,90
2017-09-05T17:00:00-00:00,2017-09-05T18:00:00-00:00,2017-09-05,11,0,TH_SP15_GEN-APND,TH_SP15_GEN-APND,TH_SP15_GEN-APND,DAM,MCC,LMP_CONG_PRC,TH_SP15_GEN-APND,ALL_APNODES,0,-0.79499,90
2017-09-05T23:00:00-00:00,2017-09-06T00:00:00-00:00,2017-09-05,17,0,TH_SP15_GEN-APND,TH_SP15_GEN-APND,TH_SP15_GEN-APND,DAM,MCC,LMP_CONG_PRC,TH_SP15_GEN-APND,ALL_APNODES,0,-0.10593,90
2017-09-05T15:00:00-00:00,2017-09-05T16:00:00-00:00,2017-09-05,9,0,TH_SP15_GEN-APND,TH_SP15_GEN-APND,TH_SP15_GEN-APND,DAM,MCC,LMP_CONG_PRC,TH_SP15_GEN-APND,ALL_APNODES,0,0,90
2017-09-05T19:00:00-00:00,2017-09-05T20:00:00-00:00,2017-09-05,13,0,TH_SP15_GEN-APND,TH_SP15_GEN-APND,TH_SP15_GEN-APND,DAM,MCC,LMP_CONG_PRC,TH_SP15_GEN-APND,ALL_APNODES,0,-1.23543,90
2017-09-05T21:00:00-00:00,2017-09-05T22:00:00-00:00,2017-09-05,15,0,TH_SP15_GEN-APND,TH_SP15_GEN-APND,TH_SP15_GEN-APND,DAM,MCC,LMP_CONG_PRC,TH_SP15_GEN-APND,ALL_APNODES,0,-0.50419,90
2017-09-05T10:00:00-00:00,2017-09-05T11:00:00-00:00,2017-09-05,4,0,TH_SP15_GEN-APND,TH_SP15_GEN-APND,TH_SP15_GEN-APND,DAM,MCC,LMP_CONG_PRC,TH_SP15_GEN-APND,ALL_APNODES,0,0,90
2017-09-06T02:00:00-00:00,2017-09-06T03:00:00-00:00,2017-09-05,20,0,TH_SP15_GEN-APND,TH_SP15_GEN-APND,TH_SP15_GEN-APND,DAM,MCC,LMP_CONG_PRC,TH_SP15_GEN-APND,ALL_APNODES,0,0,90
2017-09-05T07:00:00-00:00,2017-09-05T08:00:00-00:00,2017-09-05,1,0,TH_SP15_GEN-APND,TH_SP15_GEN-APND,TH_SP15_GEN-APND,DAM,MCC,LMP_CONG_PRC,TH_SP15_GEN-APND,ALL_APNODES,0,0,90
2017-09-05T08:00:00-00:00,2017-09-05T09:00:00-00:00,2017-09-05,2,0,TH_SP15_GEN-APND,TH_SP15_GEN-APND,TH_SP15_GEN-APND,DAM,MCC,LMP_CONG_PRC,TH_SP15_GEN-APND,ALL_APNODES,0,0,90
2017-09-06T06:00:00-00:00,2017-09-06T07:00:00-00:00,2017-09-05,24,0,TH_SP15_GEN-APND,TH_SP15_GEN-APND,TH_SP15_GEN-APND,DAM,MCC,LMP_CONG_PRC,TH_SP15_GEN-APND,ALL_APNODES,0,0,90
2017-09-06T06:00:00-00:00,2017-09-06T07:00:00-00:00,2017-09-05,24,0,TH_SP15_GEN-APND,TH_SP15_GEN-APND,TH_SP15_GEN-APND,DAM,MCE,LMP_ENE_PRC,TH_SP15_GEN-APND,ALL_APNODES,0,39.54954,91
2017-09-05T17:00:00-00:00,2017-09-05T18:00:00-00:00,2017-09-05,11,0,TH_SP15_GEN-APND,TH_SP15_GEN-APND,TH_SP15_GEN-APND,DAM,MCE,LMP_ENE_PRC,TH_SP15_GEN-APND,ALL_APNODES,0,39.43725,91
2017-09-06T03:00:00-00:00,2017-09-06T04:00:00-00:00,2017-09-05,21,0,TH_SP15_GEN-APND,TH_SP15_GEN-APND,TH_SP15_GEN-APND,DAM,MCE,LMP_ENE_PRC,TH_SP15_GEN-APND,ALL_APNODES,0,62.2287,91
2017-09-05T16:00:00-00:00,2017-09-05T17:00:00-00:00,2017-09-05,10,0,TH_SP15_GEN-APND,TH_SP15_GEN-APND,TH_SP15_GEN-APND,DAM,MCE,LMP_ENE_PRC,TH_SP15_GEN-APND,ALL_APNODES,0,37.97874,91
2017-09-06T00:00:00-00:00,2017-09-06T01:00:00-00:00,2017-09-05,18,0,TH_SP15_GEN-APND,TH_SP15_GEN-APND,TH_SP15_GEN-APND,DAM,MCE,LMP_ENE_PRC,TH_SP15_GEN-APND,ALL_APNODES,0,74.55277,91
2017-09-06T01:00:00-00:00,2017-09-06T02:00:00-00:00,2017-09-05,19,0,TH_SP15_GEN-APND,TH_SP15_GEN-APND,TH_SP15_GEN-APND,DAM,MCE,LMP_ENE_PRC,TH_SP15_GEN-APND,ALL_APNODES,0,104.14269,91
2017-09-05T08:00:00-00:00,2017-09-05T09:00:00-00:00,2017-09-05,2,0,TH_SP15_GEN-APND,TH_SP15_GEN-APND,TH_SP15_GEN-APND,DAM,MCE,LMP_ENE_PRC,TH_SP15_GEN-APND,ALL_APNODES,0,33.11738,91
2017-09-05T21:00:00-00:00,2017-09-05T22:00:00-00:00,2017-09-05,15,0,TH_SP15_GEN-APND,TH_SP15_GEN-APND,TH_SP15_GEN-APND,DAM,MCE,LMP_ENE_PRC,TH_SP15_GEN-APND,ALL_APNODES,0,53.96989,91
2017-09-05T07:00:00-00:00,2017-09-05T08:00:00-00:00,2017-09-05,1,0,TH_SP15_GEN-APND,TH_SP15_GEN-APND,TH_SP15_GEN-APND,DAM,MCE,LMP_ENE_PRC,TH_SP15_GEN-APND,ALL_APNODES,0,34.86107,91
2017-09-05T10:00:00-00:00,2017-09-05T11:00:00-00:00,2017-09-05,4,0,TH_SP15_GEN-APND,TH_SP15_GEN-APND,TH_SP15_GEN-APND,DAM,MCE,LMP_ENE_PRC,TH_SP15_GEN-APND,ALL_APNODES,0,31.18226,91
2017-09-06T04:00:00-00:00,2017-09-06T05:00:00-00:00,2017-09-05,22,0,TH_SP15_GEN-APND,TH_SP15_GEN-APND,TH_SP15_GEN-APND,DAM,MCE,LMP_ENE_PRC,TH_SP15_GEN-APND,ALL_APNODES,0,54.41637,91
2017-09-05T19:00:00-00:00,2017-09-05T20:00:00-00:00,2017-09-05,13,0,TH_SP15_GEN-APND,TH_SP15_GEN-APND,TH_SP15_GEN-APND,DAM,MCE,LMP_ENE_PRC,TH_SP15_GEN-APND,ALL_APNODES,0,48.45506,91
2017-09-05T11:00:00-00:00,2017-09-05T12:00:00-00:00,2017-09-05,5,0,TH_SP15_GEN-APND,TH_SP15_GEN-APND,TH_SP15_GEN-APND,DAM,MCE,LMP_ENE_PRC,TH_SP15_GEN-APND,ALL_APNODES,0,31.35223,91
2017-09-05T14:00:00-00:00,2017-09-05T15:00:00-00:00,2017-09-05,8,0,TH_SP15_GEN-APND,TH_SP15_GEN-APND,TH_SP15_GEN-APND,DAM,MCE,LMP_ENE_PRC,TH_SP15_GEN-APND,ALL_APNODES,0,42.99267,91
2017-09-05T15:00:00-00:00,2017-09-05T16:00:00-00:00,2017-09-05,9,0,TH_SP15_GEN-APND,TH_SP15_GEN-APND,TH_SP15_GEN-APND,DAM,MCE,LMP_ENE_PRC,TH_SP15_GEN-APND,ALL_APNODES,0,36.5081,91
2017-09-06T05:00:00-00:00,2017-09-06T06:00:00-00:00,2017-09-05,23,0,TH_SP15_GEN-APND,TH_SP15_GEN-APND,TH_SP15_GEN-APND,DAM,MCE,LMP_ENE_PRC,TH_SP15_GEN-APND,ALL_APNODES,0,43.46467,91
2017-09-05T20:00:00-00:00,2017-09-05T21:00:00-00:00,2017-09-05,14,0,TH_SP15_GEN-APND,TH_SP15_GEN-APND,TH_SP15_GEN-APND,DAM,MCE,LMP_ENE_PRC,TH_SP15_GEN-APND,ALL_APNODES,0,51.0487,91
2017-09-05T23:00:00-00:00,2017-09-06T00:00:00-00:00,2017-09-05,17,0,TH_SP15_GEN-APND,TH_SP15_GEN-APND,TH_SP15_GEN-APND,DAM,MCE,LMP_ENE_PRC,TH_SP15_GEN-APND,ALL_APNODES,0,62.34205,91
2017-09-05T18:00:00-00:00,2017-09-05T19:00:00-00:00,2017-09-05,12,0,TH_SP15_GEN-APND,TH_SP15_GEN-APND,TH_SP15_GEN-APND,DAM,MCE,LMP_ENE_PRC,TH_SP15_GEN-APND,ALL_APNODES,0,41.69097,91
2017-09-05T13:00:00-00:00,2017-09-05T14:00:00-00:00,2017-09-05,7,0,TH_SP15_GEN-APND,TH_SP15_GEN-APND,TH_SP15_GEN-APND,DAM,MCE,LMP_ENE_PRC,TH_SP15_GEN-APND,ALL_APNODES,0,42.6583,91
2017-09-05T12:00:00-00:00,2017-09-05T13:00:00-00:00,2017-09-05,6,0,TH_SP15_GEN-APND,TH_SP15_GEN-APND,TH_SP15_GEN-APND,DAM,MCE,LMP_ENE_PRC,TH_SP15_GEN-APND,ALL_APNODES,0,34.48099,91
2017-09-06T02:00:00-00:00,2017-09-06T03:00:00-00:00,2017-09-05,20,0,TH_SP15_GEN-APND,TH_SP15_GEN-APND,TH_SP15_GEN-APND,DAM,MCE,LMP_ENE_PRC,TH_SP15_GEN-APND,ALL_APNODES,0,88.72651,91
2017-09-05T09:00:00-00:00,2017-09-05T10:00:00-00:00,2017-09-05,3,0,TH_SP15_GEN-APND,TH_SP15_GEN-APND,TH_SP15_GEN-APND,DAM,MCE,LMP_ENE_PRC,TH_SP15_GEN-APND,ALL_APNODES,0,31.36237,91
2017-09-05T22:00:00-00:00,2017-09-05T23:00:00-00:00,2017-09-05,16,0,TH_SP15_GEN-APND,TH_SP15_GEN-APND,TH_SP15_GEN-APND,DAM,MCE,LMP_ENE_PRC,TH_SP15_GEN-APND,ALL_APNODES,0,57.56981,91
2017-09-06T04:00:00-00:00,2017-09-06T05:00:00-00:00,2017-09-05,22,0,TH_SP15_GEN-APND,TH_SP15_GEN-APND,TH_SP15_GEN-APND,DAM,MCL,LMP_LOSS_PRC,TH_SP15_GEN-APND,ALL_APNODES,0,-1.71956,92
2017-09-06T06:00:00-00:00,2017-09-06T07:00:00-00:00,2017-09-05,24,0,TH_SP15_GEN-APND,TH_SP15_GEN-APND,TH_SP15_GEN-APND,DAM,MCL,LMP_LOSS_PRC,TH_SP15_GEN-APND,ALL_APNODES,0,-1.36841,92
2017-09-06T01:00:00-00:00,2017-09-06T02:00:00-00:00,2017-09-05,19,0,TH_SP15_GEN-APND,TH_SP15_GEN-APND,TH_SP15_GEN-APND,DAM,MCL,LMP_LOSS_PRC,TH_SP15_GEN-APND,ALL_APNODES,0,-3.66582,92
2017-09-06T03:00:00-00:00,2017-09-06T04:00:00-00:00,2017-09-05,21,0,TH_SP15_GEN-APND,TH_SP15_GEN-APND,TH_SP15_GEN-APND,DAM,MCL,LMP_LOSS_PRC,TH_SP15_GEN-APND,ALL_APNODES,0,-2.31491,92
2017-09-05T19:00:00-00:00,2017-09-05T20:00:00-00:00,2017-09-05,13,0,TH_SP15_GEN-APND,TH_SP15_GEN-APND,TH_SP15_GEN-APND,DAM,MCL,LMP_LOSS_PRC,TH_SP15_GEN-APND,ALL_APNODES,0,-1.93336,92
2017-09-05T22:00:00-00:00,2017-09-05T23:00:00-00:00,2017-09-05,16,0,TH_SP15_GEN-APND,TH_SP15_GEN-APND,TH_SP15_GEN-APND,DAM,MCL,LMP_LOSS_PRC,TH_SP15_GEN-APND,ALL_APNODES,0,-2.40066,92
2017-09-05T13:00:00-00:00,2017-09-05T14:00:00-00:00,2017-09-05,7,0,TH_SP15_GEN-APND,TH_SP15_GEN-APND,TH_SP15_GEN-APND,DAM,MCL,LMP_LOSS_PRC,TH_SP15_GEN-APND,ALL_APNODES,0,-1.11765,92
2017-09-06T02:00:00-00:00,2017-09-06T03:00:00-00:00,2017-09-05,20,0,TH_SP15_GEN-APND,TH_SP15_GEN-APND,TH_SP15_GEN-APND,DAM,MCL,LMP_LOSS_PRC,TH_SP15_GEN-APND,ALL_APNODES,0,-3.03445,92
2017-09-06T05:00:00-00:00,2017-09-06T06:00:00-00:00,2017-09-05,23,0,TH_SP15_GEN-APND,TH_SP15_GEN-APND,TH_SP15_GEN-APND,DAM,MCL,LMP_LOSS_PRC,TH_SP15_GEN-APND,ALL_APNODES,0,-1.39956,92
2017-09-05T07:00:00-00:00,2017-09-05T08:00:00-00:00,2017-09-05,1,0,TH_SP15_GEN-APND,TH_SP15_GEN-APND,TH_SP15_GEN-APND,DAM,MCL,LMP_LOSS_PRC,TH_SP15_GEN-APND,ALL_APNODES,0,-0.91336,92
2017-09-05T10:00:00-00:00,2017-09-05T11:00:00-00:00,2017-09-05,4,0,TH_SP15_GEN-APND,TH_SP15_GEN-APND,TH_SP15_GEN-APND,DAM,MCL,LMP_LOSS_PRC,TH_SP15_GEN-APND,ALL_APNODES,0,-0.67665,92
2017-09-05T17:00:00-00:00,2017-09-05T18:00:00-00:00,2017-09-05,11,0,TH_SP15_GEN-APND,TH_SP15_GEN-APND,TH_SP15_GEN-APND,DAM,MCL,LMP_LOSS_PRC,TH_SP15_GEN-APND,ALL_APNODES,0,-1.52228,92
2017-09-05T08:00:00-00:00,2017-09-05T09:00:00-00:00,2017-09-05,2,0,TH_SP15_GEN-APND,TH_SP15_GEN-APND,TH_SP15_GEN-APND,DAM,MCL,LMP_LOSS_PRC,TH_SP15_GEN-APND,ALL_APNODES,0,-0.7617,92
2017-09-05T15:00:00-00:00,2017-09-05T16:00:00-00:00,2017-09-05,9,0,TH_SP15_GEN-APND,TH_SP15_GEN-APND,TH_SP15_GEN-APND,DAM,MCL,LMP_LOSS_PRC,TH_SP15_GEN-APND,ALL_APNODES,0,-1.27048,92
2017-09-05T18:00:00-00:00,2017-09-05T19:00:00-00:00,2017-09-05,12,0,TH_SP15_GEN-APND,TH_SP15_GEN-APND,TH_SP15_GEN-APND,DAM,MCL,LMP_LOSS_PRC,TH_SP15_GEN-APND,ALL_APNODES,0,-1.73434,92
2017-09-05T23:00:00-00:00,2017-09-06T00:00:00-00:00,2017-09-05,17,0,TH_SP15_GEN-APND,TH_SP15_GEN-APND,TH_SP15_GEN-APND,DAM,MCL,LMP_LOSS_PRC,TH_SP15_GEN-APND,ALL_APNODES,0,-2.95501,92
2017-09-05T14:00:00-00:00,2017-09-05T15:00:00-00:00,2017-09-05,8,0,TH_SP15_GEN-APND,TH_SP15_GEN-APND,TH_SP15_GEN-APND,DAM,MCL,LMP_LOSS_PRC,TH_SP15_GEN-APND,ALL_APNODES,0,-1.36287,92
2017-09-05T21:00:00-00:00,2017-09-05T22:00:00-00:00,2017-09-05,15,0,TH_SP15_GEN-APND,TH_SP15_GEN-APND,TH_SP15_GEN-APND,DAM,MCL,LMP_LOSS_PRC,TH_SP15_GEN-APND,ALL_APNODES,0,-2.22356,92
2017-09-06T00:00:00-00:00,2017-09-06T01:00:00-00:00,2017-09-05,18,0,TH_SP15_GEN-APND,TH_SP15_GEN-APND,TH_SP15_GEN-APND,DAM,MCL,LMP_LOSS_PRC,TH_SP15_GEN-APND,ALL_APNODES,0,-3.40706,92
2017-09-05T09:00:00-00:00,2017-09-05T10:00:00-00:00,2017-09-05,3,0,TH_SP15_GEN-APND,TH_SP15_GEN-APND,TH_SP15_GEN-APND,DAM,MCL,LMP_LOSS_PRC,TH_SP15_GEN-APND,ALL_APNODES,0,-0.71193,92
2017-09-05T11:00:00-00:00,2017-09-05T12:00:00-00:00,2017-09-05,5,0,TH_SP15_GEN-APND,TH_SP15_GEN-APND,TH_SP15_GEN-APND,DAM,MCL,LMP_LOSS_PRC,TH_SP15_GEN-APND,ALL_APNODES,0,-0.74618,92
2017-09-05T12:00:00-00:00,2017-09-05T13:00:00-00:00,2017-09-05,6,0,TH_SP15_GEN-APND,TH_SP15_GEN-APND,TH_SP15_GEN-APND,DAM,MCL,LMP_LOSS_PRC,TH_SP15_GEN-APND,ALL_APNODES,0,-0.87582,92
2017-09-05T16:00:00-00:00,2017-09-05T17:00:00-00:00,2017-09-05,10,0,TH_SP15_GEN-APND,TH_SP15_GEN-APND,TH_SP15_GEN-APND,DAM,MCL,LMP_LOSS_PRC,TH_SP15_GEN-APND,ALL_APNODES,0,-1.43939,92
2017-09-05T20:00:00-00:00,2017-09-05T21:00:00-00:00,2017-09-05,14,0,TH_SP15_GEN-APND,TH_SP15_GEN-APND,TH_SP15_GEN-APND,DAM,MCL,LMP_LOSS_PRC,TH_SP15_GEN-APND,ALL_APNODES,0,-2.13384,92
2017-09-06T05:00:00-00:00,2017-09-06T06:00:00-00:00,2017-09-05,23,0,TH_ZP26_GEN-APND,TH_ZP26_GEN-APND,TH_ZP26_GEN-APND,DAM,LMP,LMP_PRC,TH_ZP26_GEN-APND,ALL_APNODES,0,41.7,93
2017-09-05T11:00:00-00:00,2017-09-05T12:00:00-00:00,2017-09-05,5,0,TH_ZP26_GEN-APND,TH_ZP26_GEN-APND,TH_ZP26_GEN-APND,DAM,LMP,LMP_PRC,TH_ZP26_GEN-APND,ALL_APNODES,0,30.21414,93
2017-09-06T03:00:00-00:00,2017-09-06T04:00:00-00:00,2017-09-05,21,0,TH_ZP26_GEN-APND,TH_ZP26_GEN-APND,TH_ZP26_GEN-APND,DAM,LMP,LMP_PRC,TH_ZP26_GEN-APND,ALL_APNODES,0,59.81422,93
2017-09-06T01:00:00-00:00,2017-09-06T02:00:00-00:00,2017-09-05,19,0,TH_ZP26_GEN-APND,TH_ZP26_GEN-APND,TH_ZP26_GEN-APND,DAM,LMP,LMP_PRC,TH_ZP26_GEN-APND,ALL_APNODES,0,99.68539,93
2017-09-05T14:00:00-00:00,2017-09-05T15:00:00-00:00,2017-09-05,8,0,TH_ZP26_GEN-APND,TH_ZP26_GEN-APND,TH_ZP26_GEN-APND,DAM,LMP,LMP_PRC,TH_ZP26_GEN-APND,ALL_APNODES,0,41.32025,93
2017-09-06T00:00:00-00:00,2017-09-06T01:00:00-00:00,2017-09-05,18,0,TH_ZP26_GEN-APND,TH_ZP26_GEN-APND,TH_ZP26_GEN-APND,DAM,LMP,LMP_PRC,TH_ZP26_GEN-APND,ALL_APNODES,0,70.85495,93
2017-09-05T07:00:00-00:00,2017-09-05T08:00:00-00:00,2017-09-05,1,0,TH_ZP26_GEN-APND,TH_ZP26_GEN-APND,TH_ZP26_GEN-APND,DAM,LMP,LMP_PRC,TH_ZP26_GEN-APND,ALL_APNODES,0,33.60956,93
2017-09-06T04:00:00-00:00,2017-09-06T05:00:00-00:00,2017-09-05,22,0,TH_ZP26_GEN-APND,TH_ZP26_GEN-APND,TH_ZP26_GEN-APND,DAM,LMP,LMP_PRC,TH_ZP26_GEN-APND,ALL_APNODES,0,52.21251,93
2017-09-05T18:00:00-00:00,2017-09-05T19:00:00-00:00,2017-09-05,12,0,TH_ZP26_GEN-APND,TH_ZP26_GEN-APND,TH_ZP26_GEN-APND,DAM,LMP,LMP_PRC,TH_ZP26_GEN-APND,ALL_APNODES,0,38.41372,93
2017-09-05T12:00:00-00:00,2017-09-05T13:00:00-00:00,2017-09-05,6,0,TH_ZP26_GEN-APND,TH_ZP26_GEN-APND,TH_ZP26_GEN-APND,DAM,LMP,LMP_PRC,TH_ZP26_GEN-APND,ALL_APNODES,0,33.26036,93
2017-09-05T13:00:00-00:00,2017-09-05T14:00:00-00:00,2017-09-05,7,0,TH_ZP26_GEN-APND,TH_ZP26_GEN-APND,TH_ZP26_GEN-APND,DAM,LMP,LMP_PRC,TH_ZP26_GEN-APND,ALL_APNODES,0,41.15673,93
2017-09-06T02:00:00-00:00,2017-09-06T03:00:00-00:00,2017-09-05,20,0,TH_ZP26_GEN-APND,TH_ZP26_GEN-APND,TH_ZP26_GEN-APND,DAM,LMP,LMP_PRC,TH_ZP26_GEN-APND,ALL_APNODES,0,85.23069,93
2017-09-06T06:00:00-00:00,2017-09-06T07:00:00-00:00,2017-09-05,24,0,TH_ZP26_GEN-APND,TH_ZP26_GEN-APND,TH_ZP26_GEN-APND,DAM,LMP,LMP_PRC,TH_ZP26_GEN-APND,ALL_APNODES,0,37.9201,93
2017-09-05T16:00:00-00:00,2017-09-05T17:00:00-00:00,2017-09-05,10,0,TH_ZP26_GEN-APND,TH_ZP26_GEN-APND,TH_ZP26_GEN-APND,DAM,LMP,LMP_PRC,TH_ZP26_GEN-APND,ALL_APNODES,0,34.80317,93
2017-09-05T17:00:00-00:00,2017-09-05T18:00:00-00:00,2017-09-05,11,0,TH_ZP26_GEN-APND,TH_ZP26_GEN-APND,TH_ZP26_GEN-APND,DAM,LMP,LMP_PRC,TH_ZP26_GEN-APND,ALL_APNODES,0,36.06872,93
2017-09-05T09:00:00-00:00,2017-09-05T10:00:00-00:00,2017-09-05,3,0,TH_ZP26_GEN-APND,TH_ZP26_GEN-APND,TH_ZP26_GEN-APND,DAM,LMP,LMP_PRC,TH_ZP26_GEN-APND,ALL_APNODES,0,30.26782,93
2017-09-05T10:00:00-00:00,2017-09-05T11:00:00-00:00,2017-09-05,4,0,TH_ZP26_GEN-APND,TH_ZP26_GEN-APND,TH_ZP26_GEN-APND,DAM,LMP,LMP_PRC,TH_ZP26_GEN-APND,ALL_APNODES,0,30.094,93
2017-09-05T19:00:00-00:00,2017-09-05T20:00:00-00:00,2017-09-05,13,0,TH_ZP26_GEN-APND,TH_ZP26_GEN-APND,TH_ZP26_GEN-APND,DAM,LMP,LMP_PRC,TH_ZP26_GEN-APND,ALL_APNODES,0,44.83709,93
2017-09-05T20:00:00-00:00,2017-09-05T21:00:00-00:00,2017-09-05,14,0,TH_ZP26_GEN-APND,TH_ZP26_GEN-APND,TH_ZP26_GEN-APND,DAM,LMP,LMP_PRC,TH_ZP26_GEN-APND,ALL_APNODES,0,47.76394,93
2017-09-05T22:00:00-00:00,2017-09-05T23:00:00-00:00,2017-09-05,16,0,TH_ZP26_GEN-APND,TH_ZP26_GEN-APND,TH_ZP26_GEN-APND,DAM,LMP,LMP_PRC,TH_ZP26_GEN-APND,ALL_APNODES,0,54.34328,93
2017-09-05T23:00:00-00:00,2017-09-06T00:00:00-00:00,2017-09-05,17,0,TH_ZP26_GEN-APND,TH_ZP26_GEN-APND,TH_ZP26_GEN-APND,DAM,LMP,LMP_PRC,TH_ZP26_GEN-APND,ALL_APNODES,0,58.95491,93
2017-09-05T15:00:00-00:00,2017-09-05T16:00:00-00:00,2017-09-05,9,0,TH_ZP26_GEN-APND,TH_ZP26_GEN-APND,TH_ZP26_GEN-APND,DAM,LMP,LMP_PRC,TH_ZP26_GEN-APND,ALL_APNODES,0,34.73015,93
2017-09-05T21:00:00-00:00,2017-09-05T22:00:00-00:00,2017-09-05,15,0,TH_ZP26_GEN-APND,TH_ZP26_GEN-APND,TH_ZP26_GEN-APND,DAM,LMP,LMP_PRC,TH_ZP26_GEN-APND,ALL_APNODES,0,50.2214,93
2017-09-05T08:00:00-00:00,2017-09-05T09:00:00-00:00,2017-09-05,2,0,TH_ZP26_GEN-APND,TH_ZP26_GEN-APND,TH_ZP26_GEN-APND,DAM,LMP,LMP_PRC,TH_ZP26_GEN-APND,ALL_APNODES,0,31.95496,93
2017-09-06T04:00:00-00:00,2017-09-06T05:00:00-00:00,2017-09-05,22,0,TH_ZP26_GEN-APND,TH_ZP26_GEN-APND,TH_ZP26_GEN-APND,DAM,MCC,LMP_CONG_PRC,TH_ZP26_GEN-APND,ALL_APNODES,0,0,94
2017-09-05T09:00:00-00:00,2017-09-05T10:00:00-00:00,2017-09-05,3,0,TH_ZP26_GEN-APND,TH_ZP26_GEN-APND,TH_ZP26_GEN-APND,DAM,MCC,LMP_CONG_PRC,TH_ZP26_GEN-APND,ALL_APNODES,0,0,94
2017-09-05T22:00:00-00:00,2017-09-05T23:00:00-00:00,2017-09-05,16,0,TH_ZP26_GEN-APND,TH_ZP26_GEN-APND,TH_ZP26_GEN-APND,DAM,MCC,LMP_CONG_PRC,TH_ZP26_GEN-APND,ALL_APNODES,0,0.1298,94
2017-09-05T14:00:00-00:00,2017-09-05T15:00:00-00:00,2017-09-05,8,0,TH_ZP26_GEN-APND,TH_ZP26_GEN-APND,TH_ZP26_GEN-APND,DAM,MCC,LMP_CONG_PRC,TH_ZP26_GEN-APND,ALL_APNODES,0,0,94
2017-09-05T20:00:00-00:00,2017-09-05T21:00:00-00:00,2017-09-05,14,0,TH_ZP26_GEN-APND,TH_ZP26_GEN-APND,TH_ZP26_GEN-APND,DAM,MCC,LMP_CONG_PRC,TH_ZP26_GEN-APND,ALL_APNODES,0,-0.22694,94
2017-09-05T23:00:00-00:00,2017-09-06T00:00:00-00:00,2017-09-05,17,0,TH_ZP26_GEN-APND,TH_ZP26_GEN-APND,TH_ZP26_GEN-APND,DAM,MCC,LMP_CONG_PRC,TH_ZP26_GEN-APND,ALL_APNODES,0,0.05414,94
2017-09-06T01:00:00-00:00,2017-09-06T02:00:00-00:00,2017-09-05,19,0,TH_ZP26_GEN-APND,TH_ZP26_GEN-APND,TH_ZP26_GEN-APND,DAM,MCC,LMP_CONG_PRC,TH_ZP26_GEN-APND,ALL_APNODES,0,0,94
2017-09-05T12:00:00-00:00,2017-09-05T13:00:00-00:00,2017-09-05,6,0,TH_ZP26_GEN-APND,TH_ZP26_GEN-APND,TH_ZP26_GEN-APND,DAM,MCC,LMP_CONG_PRC,TH_ZP26_GEN-APND,ALL_APNODES,0,0,94
2017-09-06T02:00:00-00:00,2017-09-06T03:00:00-00:00,2017-09-05,20,0,TH_ZP26_GEN-APND,TH_ZP26_GEN-APND,TH_ZP26_GEN-APND,DAM,MCC,LMP_CONG_PRC,TH_ZP26_GEN-APND,ALL_APNODES,0,0,94
2017-09-05T17:00:00-00:00,2017-09-05T18:00:00-00:00,2017-09-05,11,0,TH_ZP26_GEN-APND,TH_ZP26_GEN-APND,TH_ZP26_GEN-APND,DAM,MCC,LMP_CONG_PRC,TH_ZP26_GEN-APND,ALL_APNODES,0,-1.17187,94
2017-09-05T07:00:00-00:00,2017-09-05T08:00:00-00:00,2017-09-05,1,0,TH_ZP26_GEN-APND,TH_ZP26_GEN-APND,TH_ZP26_GEN-APND,DAM,MCC,LMP_CONG_PRC,TH_ZP26_GEN-APND,ALL_APNODES,0,0,94
2017-09-05T10:00:00-00:00,2017-09-05T11:00:00-00:00,2017-09-05,4,0,TH_ZP26_GEN-APND,TH_ZP26_GEN-APND,TH_ZP26_GEN-APND,DAM,MCC,LMP_CONG_PRC,TH_ZP26_GEN-APND,ALL_APNODES,0,0,94
2017-09-05T19:00:00-00:00,2017-09-05T20:00:00-00:00,2017-09-05,13,0,TH_ZP26_GEN-APND,TH_ZP26_GEN-APND,TH_ZP26_GEN-APND,DAM,MCC,LMP_CONG_PRC,TH_ZP26_GEN-APND,ALL_APNODES,0,-0.78335,94
2017-09-06T00:00:00-00:00,2017-09-06T01:00:00-00:00,2017-09-05,18,0,TH_ZP26_GEN-APND,TH_ZP26_GEN-APND,TH_ZP26_GEN-APND,DAM,MCC,LMP_CONG_PRC,TH_ZP26_GEN-APND,ALL_APNODES,0,0,94
2017-09-05T11:00:00-00:00,2017-09-05T12:00:00-00:00,2017-09-05,5,0,TH_ZP26_GEN-APND,TH_ZP26_GEN-APND,TH_ZP26_GEN-APND,DAM,MCC,LMP_CONG_PRC,TH_ZP26_GEN-APND,ALL_APNODES,0,0,94
2017-09-05T15:00:00-00:00,2017-09-05T16:00:00-00:00,2017-09-05,9,0,TH_ZP26_GEN-APND,TH_ZP26_GEN-APND,TH_ZP26_GEN-APND,DAM,MCC,LMP_CONG_PRC,TH_ZP26_GEN-APND,ALL_APNODES,0,0,94
2017-09-06T06:00:00-00:00,2017-09-06T07:00:00-00:00,2017-09-05,24,0,TH_ZP26_GEN-APND,TH_ZP26_GEN-APND,TH_ZP26_GEN-APND,DAM,MCC,LMP_CONG_PRC,TH_ZP26_GEN-APND,ALL_APNODES,0,0,94
2017-09-05T18:00:00-00:00,2017-09-05T19:00:00-00:00,2017-09-05,12,0,TH_ZP26_GEN-APND,TH_ZP26_GEN-APND,TH_ZP26_GEN-APND,DAM,MCC,LMP_CONG_PRC,TH_ZP26_GEN-APND,ALL_APNODES,0,-0.88419,94
2017-09-05T21:00:00-00:00,2017-09-05T22:00:00-00:00,2017-09-05,15,0,TH_ZP26_GEN-APND,TH_ZP26_GEN-APND,TH_ZP26_GEN-APND,DAM,MCC,LMP_CONG_PRC,TH_ZP26_GEN-APND,ALL_APNODES,0,-0.48871,94
2017-09-05T13:00:00-00:00,2017-09-05T14:00:00-00:00,2017-09-05,7,0,TH_ZP26_GEN-APND,TH_ZP26_GEN-APND,TH_ZP26_GEN-APND,DAM,MCC,LMP_CONG_PRC,TH_ZP26_GEN-APND,ALL_APNODES,0,0,94
2017-09-06T05:00:00-00:00,2017-09-06T06:00:00-00:00,2017-09-05,23,0,TH_ZP26_GEN-APND,TH_ZP26_GEN-APND,TH_ZP26_GEN-APND,DAM,MCC,LMP_CONG_PRC,TH_ZP26_GEN-APND,ALL_APNODES,0,0,94
2017-09-05T08:00:00-00:00,2017-09-05T09:00:00-00:00,2017-09-05,2,0,TH_ZP26_GEN-APND,TH_ZP26_GEN-APND,TH_ZP26_GEN-APND,DAM,MCC,LMP_CONG_PRC,TH_ZP26_GEN-APND,ALL_APNODES,0,0,94
2017-09-06T03:00:00-00:00,2017-09-06T04:00:00-00:00,2017-09-05,21,0,TH_ZP26_GEN-APND,TH_ZP26_GEN-APND,TH_ZP26_GEN-APND,DAM,MCC,LMP_CONG_PRC,TH_ZP26_GEN-APND,ALL_APNODES,0,0,94
2017-09-05T16:00:00-00:00,2017-09-05T17:00:00-00:00,2017-09-05,10,0,TH_ZP26_GEN-APND,TH_ZP26_GEN-APND,TH_ZP26_GEN-APND,DAM,MCC,LMP_CONG_PRC,TH_ZP26_GEN-APND,ALL_APNODES,0,-1.18169,94
2017-09-05T14:00:00-00:00,2017-09-05T15:00:00-00:00,2017-09-05,8,0,TH_ZP26_GEN-APND,TH_ZP26_GEN-APND,TH_ZP26_GEN-APND,DAM,MCE,LMP_ENE_PRC,TH_ZP26_GEN-APND,ALL_APNODES,0,42.99267,95
2017-09-06T03:00:00-00:00,2017-09-06T04:00:00-00:00,2017-09-05,21,0,TH_ZP26_GEN-APND,TH_ZP26_GEN-APND,TH_ZP26_GEN-APND,DAM,MCE,LMP_ENE_PRC,TH_ZP26_GEN-APND,ALL_APNODES,0,62.2287,95
2017-09-05T16:00:00-00:00,2017-09-05T17:00:00-00:00,2017-09-05,10,0,TH_ZP26_GEN-APND,TH_ZP26_GEN-APND,TH_ZP26_GEN-APND,DAM,MCE,LMP_ENE_PRC,TH_ZP26_GEN-APND,ALL_APNODES,0,37.97874,95
2017-09-06T01:00:00-00:00,2017-09-06T02:00:00-00:00,2017-09-05,19,0,TH_ZP26_GEN-APND,TH_ZP26_GEN-APND,TH_ZP26_GEN-APND,DAM,MCE,LMP_ENE_PRC,TH_ZP26_GEN-APND,ALL_APNODES,0,104.14269,95
2017-09-05T08:00:00-00:00,2017-09-05T09:00:00-00:00,2017-09-05,2,0,TH_ZP26_GEN-APND,TH_ZP26_GEN-APND,TH_ZP26_GEN-APND,DAM,MCE,LMP_ENE_PRC,TH_ZP26_GEN-APND,ALL_APNODES,0,33.11738,95
2017-09-05T18:00:00-00:00,2017-09-05T19:00:00-00:00,2017-09-05,12,0,TH_ZP26_GEN-APND,TH_ZP26_GEN-APND,TH_ZP26_GEN-APND,DAM,MCE,LMP_ENE_PRC,TH_ZP26_GEN-APND,ALL_APNODES,0,41.69097,95
2017-09-05T21:00:00-00:00,2017-09-05T22:00:00-00:00,2017-09-05,15,0,TH_ZP26_GEN-APND,TH_ZP26_GEN-APND,TH_ZP26_GEN-APND,DAM,MCE,LMP_ENE_PRC,TH_ZP26_GEN-APND,ALL_APNODES,0,53.96989,95
2017-09-05T07:00:00-00:00,2017-09-05T08:00:00-00:00,2017-09-05,1,0,TH_ZP26_GEN-APND,TH_ZP26_GEN-APND,TH_ZP26_GEN-APND,DAM,MCE,LMP_ENE_PRC,TH_ZP26_GEN-APND,ALL_APNODES,0,34.86107,95
2017-09-05T11:00:00-00:00,2017-09-05T12:00:00-00:00,2017-09-05,5,0,TH_ZP26_GEN-APND,TH_ZP26_GEN-APND,TH_ZP26_GEN-APND,DAM,MCE,LMP_ENE_PRC,TH_ZP26_GEN-APND,ALL_APNODES,0,31.35223,95
2017-09-05T13:00:00-00:00,2017-09-05T14:00:00-00:00,2017-09-05,7,0,TH_ZP26_GEN-APND,TH_ZP26_GEN-APND,TH_ZP26_GEN-APND,DAM,MCE,LMP_ENE_PRC,TH_ZP26_GEN-APND,ALL_APNODES,0,42.6583,95
2017-09-05T09:00:00-00:00,2017-09-05T10:00:00-00:00,2017-09-05,3,0,TH_ZP26_GEN-APND,TH_ZP26_GEN-APND,TH_ZP26_GEN-APND,DAM,MCE,LMP_ENE_PRC,TH_ZP26_GEN-APND,ALL_APNODES,0,31.36237,95
2017-09-06T04:00:00-00:00,2017-09-06T05:00:00-00:00,2017-09-05,22,0,TH_ZP26_GEN-APND,TH_ZP26_GEN-APND,TH_ZP26_GEN-APND,DAM,MCE,LMP_ENE_PRC,TH_ZP26_GEN-APND,ALL_APNODES,0,54.41637,95
2017-09-06T05:00:00-00:00,2017-09-06T06:00:00-00:00,2017-09-05,23,0,TH_ZP26_GEN-APND,TH_ZP26_GEN-APND,TH_ZP26_GEN-APND,DAM,MCE,LMP_ENE_PRC,TH_ZP26_GEN-APND,ALL_APNODES,0,43.46467,95
2017-09-05T17:00:00-00:00,2017-09-05T18:00:00-00:00,2017-09-05,11,0,TH_ZP26_GEN-APND,TH_ZP26_GEN-APND,TH_ZP26_GEN-APND,DAM,MCE,LMP_ENE_PRC,TH_ZP26_GEN-APND,ALL_APNODES,0,39.43725,95
2017-09-06T00:00:00-00:00,2017-09-06T01:00:00-00:00,2017-09-05,18,0,TH_ZP26_GEN-APND,TH_ZP26_GEN-APND,TH_ZP26_GEN-APND,DAM,MCE,LMP_ENE_PRC,TH_ZP26_GEN-APND,ALL_APNODES,0,74.55277,95
2017-09-05T12:00:00-00:00,2017-09-05T13:00:00-00:00,2017-09-05,6,0,TH_ZP26_GEN-APND,TH_ZP26_GEN-APND,TH_ZP26_GEN-APND,DAM,MCE,LMP_ENE_PRC,TH_ZP26_GEN-APND,ALL_APNODES,0,34.48099,95
2017-09-06T02:00:00-00:00,2017-09-06T03:00:00-00:00,2017-09-05,20,0,TH_ZP26_GEN-APND,TH_ZP26_GEN-APND,TH_ZP26_GEN-APND,DAM,MCE,LMP_ENE_PRC,TH_ZP26_GEN-APND,ALL_APNODES,0,88.72651,95
2017-09-06T06:00:00-00:00,2017-09-06T07:00:00-00:00,2017-09-05,24,0,TH_ZP26_GEN-APND,TH_ZP26_GEN-APND,TH_ZP26_GEN-APND,DAM,MCE,LMP_ENE_PRC,TH_ZP26_GEN-APND,ALL_APNODES,0,39.54954,95
2017-09-05T15:00:00-00:00,2017-09-05T16:00:00-00:00,2017-09-05,9,0,TH_ZP26_GEN-APND,TH_ZP26_GEN-APND,TH_ZP26_GEN-APND,DAM,MCE,LMP_ENE_PRC,TH_ZP26_GEN-APND,ALL_APNODES,0,36.5081,95
2017-09-05T19:00:00-00:00,2017-09-05T20:00:00-00:00,2017-09-05,13,0,TH_ZP26_GEN-APND,TH_ZP26_GEN-APND,TH_ZP26_GEN-APND,DAM,MCE,LMP_ENE_PRC,TH_ZP26_GEN-APND,ALL_APNODES,0,48.45506,95
2017-09-05T20:00:00-00:00,2017-09-05T21:00:00-00:00,2017-09-05,14,0,TH_ZP26_GEN-APND,TH_ZP26_GEN-APND,TH_ZP26_GEN-APND,DAM,MCE,LMP_ENE_PRC,TH_ZP26_GEN-APND,ALL_APNODES,0,51.0487,95
2017-09-05T22:00:00-00:00,2017-09-05T23:00:00-00:00,2017-09-05,16,0,TH_ZP26_GEN-APND,TH_ZP26_GEN-APND,TH_ZP26_GEN-APND,DAM,MCE,LMP_ENE_PRC,TH_ZP26_GEN-APND,ALL_APNODES,0,57.56981,95
2017-09-05T23:00:00-00:00,2017-09-06T00:00:00-00:00,2017-09-05,17,0,TH_ZP26_GEN-APND,TH_ZP26_GEN-APND,TH_ZP26_GEN-APND,DAM,MCE,LMP_ENE_PRC,TH_ZP26_GEN-APND,ALL_APNODES,0,62.34205,95
2017-09-05T10:00:00-00:00,2017-09-05T11:00:00-00:00,2017-09-05,4,0,TH_ZP26_GEN-APND,TH_ZP26_GEN-APND,TH_ZP26_GEN-APND,DAM,MCE,LMP_ENE_PRC,TH_ZP26_GEN-APND,ALL_APNODES,0,31.18226,95
2017-09-05T12:00:00-00:00,2017-09-05T13:00:00-00:00,2017-09-05,6,0,TH_ZP26_GEN-APND,TH_ZP26_GEN-APND,TH_ZP26_GEN-APND,DAM,MCL,LMP_LOSS_PRC,TH_ZP26_GEN-APND,ALL_APNODES,0,-1.22063,96
2017-09-05T19:00:00-00:00,2017-09-05T20:00:00-00:00,2017-09-05,13,0,TH_ZP26_GEN-APND,TH_ZP26_GEN-APND,TH_ZP26_GEN-APND,DAM,MCL,LMP_LOSS_PRC,TH_ZP26_GEN-APND,ALL_APNODES,0,-2.83462,96
2017-09-05T17:00:00-00:00,2017-09-05T18:00:00-00:00,2017-09-05,11,0,TH_ZP26_GEN-APND,TH_ZP26_GEN-APND,TH_ZP26_GEN-APND,DAM,MCL,LMP_LOSS_PRC,TH_ZP26_GEN-APND,ALL_APNODES,0,-2.19665,96
2017-09-05T18:00:00-00:00,2017-09-05T19:00:00-00:00,2017-09-05,12,0,TH_ZP26_GEN-APND,TH_ZP26_GEN-APND,TH_ZP26_GEN-APND,DAM,MCL,LMP_LOSS_PRC,TH_ZP26_GEN-APND,ALL_APNODES,0,-2.39306,96
2017-09-05T14:00:00-00:00,2017-09-05T15:00:00-00:00,2017-09-05,8,0,TH_ZP26_GEN-APND,TH_ZP26_GEN-APND,TH_ZP26_GEN-APND,DAM,MCL,LMP_LOSS_PRC,TH_ZP26_GEN-APND,ALL_APNODES,0,-1.67241,96
2017-09-05T15:00:00-00:00,2017-09-05T16:00:00-00:00,2017-09-05,9,0,TH_ZP26_GEN-APND,TH_ZP26_GEN-APND,TH_ZP26_GEN-APND,DAM,MCL,LMP_LOSS_PRC,TH_ZP26_GEN-APND,ALL_APNODES,0,-1.77794,96
2017-09-05T21:00:00-00:00,2017-09-05T22:00:00-00:00,2017-09-05,15,0,TH_ZP26_GEN-APND,TH_ZP26_GEN-APND,TH_ZP26_GEN-APND,DAM,MCL,LMP_LOSS_PRC,TH_ZP26_GEN-APND,ALL_APNODES,0,-3.25978,96
2017-09-05T13:00:00-00:00,2017-09-05T14:00:00-00:00,2017-09-05,7,0,TH_ZP26_GEN-APND,TH_ZP26_GEN-APND,TH_ZP26_GEN-APND,DAM,MCL,LMP_LOSS_PRC,TH_ZP26_GEN-APND,ALL_APNODES,0,-1.50157,96
2017-09-06T04:00:00-00:00,2017-09-06T05:00:00-00:00,2017-09-05,22,0,TH_ZP26_GEN-APND,TH_ZP26_GEN-APND,TH_ZP26_GEN-APND,DAM,MCL,LMP_LOSS_PRC,TH_ZP26_GEN-APND,ALL_APNODES,0,-2.20386,96
2017-09-06T05:00:00-00:00,2017-09-06T06:00:00-00:00,2017-09-05,23,0,TH_ZP26_GEN-APND,TH_ZP26_GEN-APND,TH_ZP26_GEN-APND,DAM,MCL,LMP_LOSS_PRC,TH_ZP26_GEN-APND,ALL_APNODES,0,-1.76467,96
2017-09-06T06:00:00-00:00,2017-09-06T07:00:00-00:00,2017-09-05,24,0,TH_ZP26_GEN-APND,TH_ZP26_GEN-APND,TH_ZP26_GEN-APND,DAM,MCL,LMP_LOSS_PRC,TH_ZP26_GEN-APND,ALL_APNODES,0,-1.62944,96
2017-09-05T20:00:00-00:00,2017-09-05T21:00:00-00:00,2017-09-05,14,0,TH_ZP26_GEN-APND,TH_ZP26_GEN-APND,TH_ZP26_GEN-APND,DAM,MCL,LMP_LOSS_PRC,TH_ZP26_GEN-APND,ALL_APNODES,0,-3.05782,96
2017-09-05T23:00:00-00:00,2017-09-06T00:00:00-00:00,2017-09-05,17,0,TH_ZP26_GEN-APND,TH_ZP26_GEN-APND,TH_ZP26_GEN-APND,DAM,MCL,LMP_LOSS_PRC,TH_ZP26_GEN-APND,ALL_APNODES,0,-3.44128,96
2017-09-05T16:00:00-00:00,2017-09-05T17:00:00-00:00,2017-09-05,10,0,TH_ZP26_GEN-APND,TH_ZP26_GEN-APND,TH_ZP26_GEN-APND,DAM,MCL,LMP_LOSS_PRC,TH_ZP26_GEN-APND,ALL_APNODES,0,-1.99388,96
2017-09-06T01:00:00-00:00,2017-09-06T02:00:00-00:00,2017-09-05,19,0,TH_ZP26_GEN-APND,TH_ZP26_GEN-APND,TH_ZP26_GEN-APND,DAM,MCL,LMP_LOSS_PRC,TH_ZP26_GEN-APND,ALL_APNODES,0,-4.45731,96
2017-09-05T07:00:00-00:00,2017-09-05T08:00:00-00:00,2017-09-05,1,0,TH_ZP26_GEN-APND,TH_ZP26_GEN-APND,TH_ZP26_GEN-APND,DAM,MCL,LMP_LOSS_PRC,TH_ZP26_GEN-APND,ALL_APNODES,0,-1.25151,96
2017-09-05T10:00:00-00:00,2017-09-05T11:00:00-00:00,2017-09-05,4,0,TH_ZP26_GEN-APND,TH_ZP26_GEN-APND,TH_ZP26_GEN-APND,DAM,MCL,LMP_LOSS_PRC,TH_ZP26_GEN-APND,ALL_APNODES,0,-1.08826,96
2017-09-05T22:00:00-00:00,2017-09-05T23:00:00-00:00,2017-09-05,16,0,TH_ZP26_GEN-APND,TH_ZP26_GEN-APND,TH_ZP26_GEN-APND,DAM,MCL,LMP_LOSS_PRC,TH_ZP26_GEN-APND,ALL_APNODES,0,-3.35632,96
2017-09-05T08:00:00-00:00,2017-09-05T09:00:00-00:00,2017-09-05,2,0,TH_ZP26_GEN-APND,TH_ZP26_GEN-APND,TH_ZP26_GEN-APND,DAM,MCL,LMP_LOSS_PRC,TH_ZP26_GEN-APND,ALL_APNODES,0,-1.16242,96
2017-09-05T09:00:00-00:00,2017-09-05T10:00:00-00:00,2017-09-05,3,0,TH_ZP26_GEN-APND,TH_ZP26_GEN-APND,TH_ZP26_GEN-APND,DAM,MCL,LMP_LOSS_PRC,TH_ZP26_GEN-APND,ALL_APNODES,0,-1.09455,96
2017-09-05T11:00:00-00:00,2017-09-05T12:00:00-00:00,2017-09-05,5,0,TH_ZP26_GEN-APND,TH_ZP26_GEN-APND,TH_ZP26_GEN-APND,DAM,MCL,LMP_LOSS_PRC,TH_ZP26_GEN-APND,ALL_APNODES,0,-1.13809,96
2017-09-06T00:00:00-00:00,2017-09-06T01:00:00-00:00,2017-09-05,18,0,TH_ZP26_GEN-APND,TH_ZP26_GEN-APND,TH_ZP26_GEN-APND,DAM,MCL,LMP_LOSS_PRC,TH_ZP26_GEN-APND,ALL_APNODES,0,-3.69782,96
2017-09-06T03:00:00-00:00,2017-09-06T04:00:00-00:00,2017-09-05,21,0,TH_ZP26_GEN-APND,TH_ZP26_GEN-APND,TH_ZP26_GEN-APND,DAM,MCL,LMP_LOSS_PRC,TH_ZP26_GEN-APND,ALL_APNODES,0,-2.41447,96
2017-09-06T02:00:00-00:00,2017-09-06T03:00:00-00:00,2017-09-05,20,0,TH_ZP26_GEN-APND,TH_ZP26_GEN-APND,TH_ZP26_GEN-APND,DAM,MCL,LMP_LOSS_PRC,TH_ZP26_GEN-APND,ALL_APNODES,0,-3.49582,96
2017-09-05T20:00:00-00:00,2017-09-05T21:00:00-00:00,2017-09-05,14,0,URBAN_6_N005,URBAN_6_N005,URBAN_6_N005,DAM,LMP,LMP_PRC,URBAN_6_N005,ALL,1,50.27588,97
2017-09-05T21:00:00-00:00,2017-09-05T22:00:00-00:00,2017-09-05,15,0,URBAN_6_N005,URBAN_6_N005,URBAN_6_N005,DAM,LMP,LMP_PRC,URBAN_6_N005,ALL,1,53.72811,97
2017-09-05T14:00:00-00:00,2017-09-05T15:00:00-00:00,2017-09-05,8,0,URBAN_6_N005,URBAN_6_N005,URBAN_6_N005,DAM,LMP,LMP_PRC,URBAN_6_N005,ALL,1,43.15604,97
2017-09-05T15:00:00-00:00,2017-09-05T16:00:00-00:00,2017-09-05,9,0,URBAN_6_N005,URBAN_6_N005,URBAN_6_N005,DAM,LMP,LMP_PRC,URBAN_6_N005,ALL,1,36.41318,97
2017-09-05T22:00:00-00:00,2017-09-05T23:00:00-00:00,2017-09-05,16,0,URBAN_6_N005,URBAN_6_N005,URBAN_6_N005,DAM,LMP,LMP_PRC,URBAN_6_N005,ALL,1,57.27469,97
2017-09-05T12:00:00-00:00,2017-09-05T13:00:00-00:00,2017-09-05,6,0,URBAN_6_N005,URBAN_6_N005,URBAN_6_N005,DAM,LMP,LMP_PRC,URBAN_6_N005,ALL,1,34.49478,97
2017-09-05T13:00:00-00:00,2017-09-05T14:00:00-00:00,2017-09-05,7,0,URBAN_6_N005,URBAN_6_N005,URBAN_6_N005,DAM,LMP,LMP_PRC,URBAN_6_N005,ALL,1,42.96118,97
2017-09-06T02:00:00-00:00,2017-09-06T03:00:00-00:00,2017-09-05,20,0,URBAN_6_N005,URBAN_6_N005,URBAN_6_N005,DAM,LMP,LMP_PRC,URBAN_6_N005,ALL,1,88.64666,97
2017-09-05T08:00:00-00:00,2017-09-05T09:00:00-00:00,2017-09-05,2,0,URBAN_6_N005,URBAN_6_N005,URBAN_6_N005,DAM,LMP,LMP_PRC,URBAN_6_N005,ALL,1,33.06108,97
2017-09-05T09:00:00-00:00,2017-09-05T10:00:00-00:00,2017-09-05,3,0,URBAN_6_N005,URBAN_6_N005,URBAN_6_N005,DAM,LMP,LMP_PRC,URBAN_6_N005,ALL,1,31.27769,97
2017-09-05T10:00:00-00:00,2017-09-05T11:00:00-00:00,2017-09-05,4,0,URBAN_6_N005,URBAN_6_N005,URBAN_6_N005,DAM,LMP,LMP_PRC,URBAN_6_N005,ALL,1,31.23527,97
2017-09-06T03:00:00-00:00,2017-09-06T04:00:00-00:00,2017-09-05,21,0,URBAN_6_N005,URBAN_6_N005,URBAN_6_N005,DAM,LMP,LMP_PRC,URBAN_6_N005,ALL,1,62.32204,97
2017-09-06T04:00:00-00:00,2017-09-06T05:00:00-00:00,2017-09-05,22,0,URBAN_6_N005,URBAN_6_N005,URBAN_6_N005,DAM,LMP,LMP_PRC,URBAN_6_N005,ALL,1,54.72654,97
2017-09-05T18:00:00-00:00,2017-09-05T19:00:00-00:00,2017-09-05,12,0,URBAN_6_N005,URBAN_6_N005,URBAN_6_N005,DAM,LMP,LMP_PRC,URBAN_6_N005,ALL,1,40.8582,97
2017-09-05T07:00:00-00:00,2017-09-05T08:00:00-00:00,2017-09-05,1,0,URBAN_6_N005,URBAN_6_N005,URBAN_6_N005,DAM,LMP,LMP_PRC,URBAN_6_N005,ALL,1,34.69025,97
2017-09-05T16:00:00-00:00,2017-09-05T17:00:00-00:00,2017-09-05,10,0,URBAN_6_N005,URBAN_6_N005,URBAN_6_N005,DAM,LMP,LMP_PRC,URBAN_6_N005,ALL,1,37.6951,97
2017-09-05T23:00:00-00:00,2017-09-06T00:00:00-00:00,2017-09-05,17,0,URBAN_6_N005,URBAN_6_N005,URBAN_6_N005,DAM,LMP,LMP_PRC,URBAN_6_N005,ALL,1,62.23701,97
2017-09-05T11:00:00-00:00,2017-09-05T12:00:00-00:00,2017-09-05,5,0,URBAN_6_N005,URBAN_6_N005,URBAN_6_N005,DAM,LMP,LMP_PRC,URBAN_6_N005,ALL,1,31.33342,97
2017-09-06T01:00:00-00:00,2017-09-06T02:00:00-00:00,2017-09-05,19,0,URBAN_6_N005,URBAN_6_N005,URBAN_6_N005,DAM,LMP,LMP_PRC,URBAN_6_N005,ALL,1,104.11145,97
2017-09-06T05:00:00-00:00,2017-09-06T06:00:00-00:00,2017-09-05,23,0,URBAN_6_N005,URBAN_6_N005,URBAN_6_N005,DAM,LMP,LMP_PRC,URBAN_6_N005,ALL,1,43.19084,97
2017-09-05T17:00:00-00:00,2017-09-05T18:00:00-00:00,2017-09-05,11,0,URBAN_6_N005,URBAN_6_N005,URBAN_6_N005,DAM,LMP,LMP_PRC,URBAN_6_N005,ALL,1,39.88643,97
2017-09-06T00:00:00-00:00,2017-09-06T01:00:00-00:00,2017-09-05,18,0,URBAN_6_N005,URBAN_6_N005,URBAN_6_N005,DAM,LMP,LMP_PRC,URBAN_6_N005,ALL,1,74.2471,97
2017-09-06T06:00:00-00:00,2017-09-06T07:00:00-00:00,2017-09-05,24,0,URBAN_6_N005,URBAN_6_N005,URBAN_6_N005,DAM,LMP,LMP_PRC,URBAN_6_N005,ALL,1,39.44276,97
2017-09-05T19:00:00-00:00,2017-09-05T20:00:00-00:00,2017-09-05,13,0,URBAN_6_N005,URBAN_6_N005,URBAN_6_N005,DAM,LMP,LMP_PRC,URBAN_6_N005,ALL,1,46.36739,97
2017-09-06T06:00:00-00:00,2017-09-06T07:00:00-00:00,2017-09-05,24,0,URBAN_6_N005,URBAN_6_N005,URBAN_6_N005,DAM,MCC,LMP_CONG_PRC,URBAN_6_N005,ALL,1,0,98
2017-09-05T21:00:00-00:00,2017-09-05T22:00:00-00:00,2017-09-05,15,0,URBAN_6_N005,URBAN_6_N005,URBAN_6_N005,DAM,MCC,LMP_CONG_PRC,URBAN_6_N005,ALL,1,-0.30655,98
2017-09-05T22:00:00-00:00,2017-09-05T23:00:00-00:00,2017-09-05,16,0,URBAN_6_N005,URBAN_6_N005,URBAN_6_N005,DAM,MCC,LMP_CONG_PRC,URBAN_6_N005,ALL,1,-0.49661,98
2017-09-05T16:00:00-00:00,2017-09-05T17:00:00-00:00,2017-09-05,10,0,URBAN_6_N005,URBAN_6_N005,URBAN_6_N005,DAM,MCC,LMP_CONG_PRC,URBAN_6_N005,ALL,1,-0.05196,98
2017-09-06T01:00:00-00:00,2017-09-06T02:00:00-00:00,2017-09-05,19,0,URBAN_6_N005,URBAN_6_N005,URBAN_6_N005,DAM,MCC,LMP_CONG_PRC,URBAN_6_N005,ALL,1,0,98
2017-09-05T10:00:00-00:00,2017-09-05T11:00:00-00:00,2017-09-05,4,0,URBAN_6_N005,URBAN_6_N005,URBAN_6_N005,DAM,MCC,LMP_CONG_PRC,URBAN_6_N005,ALL,1,0,98
2017-09-05T11:00:00-00:00,2017-09-05T12:00:00-00:00,2017-09-05,5,0,URBAN_6_N005,URBAN_6_N005,URBAN_6_N005,DAM,MCC,LMP_CONG_PRC,URBAN_6_N005,ALL,1,0,98
2017-09-05T08:00:00-00:00,2017-09-05T09:00:00-00:00,2017-09-05,2,0,URBAN_6_N005,URBAN_6_N005,URBAN_6_N005,DAM,MCC,LMP_CONG_PRC,URBAN_6_N005,ALL,1,0,98
2017-09-05T12:00:00-00:00,2017-09-05T13:00:00-00:00,2017-09-05,6,0,URBAN_6_N005,URBAN_6_N005,URBAN_6_N005,DAM,MCC,LMP_CONG_PRC,URBAN_6_N005,ALL,1,0,98
2017-09-06T04:00:00-00:00,2017-09-06T05:00:00-00:00,2017-09-05,22,0,URBAN_6_N005,URBAN_6_N005,URBAN_6_N005,DAM,MCC,LMP_CONG_PRC,URBAN_6_N005,ALL,1,0,98
2017-09-05T17:00:00-00:00,2017-09-05T18:00:00-00:00,2017-09-05,11,0,URBAN_6_N005,URBAN_6_N005,URBAN_6_N005,DAM,MCC,LMP_CONG_PRC,URBAN_6_N005,ALL,1,0.61482,98
2017-09-05T09:00:00-00:00,2017-09-05T10:00:00-00:00,2017-09-05,3,0,URBAN_6_N005,URBAN_6_N005,URBAN_6_N005,DAM,MCC,LMP_CONG_PRC,URBAN_6_N005,ALL,1,0,98
2017-09-06T03:00:00-00:00,2017-09-06T04:00:00-00:00,2017-09-05,21,0,URBAN_6_N005,URBAN_6_N005,URBAN_6_N005,DAM,MCC,LMP_CONG_PRC,URBAN_6_N005,ALL,1,0,98
2017-09-05T19:00:00-00:00,2017-09-05T20:00:00-00:00,2017-09-05,13,0,URBAN_6_N005,URBAN_6_N005,URBAN_6_N005,DAM,MCC,LMP_CONG_PRC,URBAN_6_N005,ALL,1,-2.01983,98
2017-09-05T23:00:00-00:00,2017-09-06T00:00:00-00:00,2017-09-05,17,0,URBAN_6_N005,URBAN_6_N005,URBAN_6_N005,DAM,MCC,LMP_CONG_PRC,URBAN_6_N005,ALL,1,-0.20479,98
2017-09-05T07:00:00-00:00,2017-09-05T08:00:00-00:00,2017-09-05,1,0,URBAN_6_N005,URBAN_6_N005,URBAN_6_N005,DAM,MCC,LMP_CONG_PRC,URBAN_6_N005,ALL,1,0,98
2017-09-05T14:00:00-00:00,2017-09-05T15:00:00-00:00,2017-09-05,8,0,URBAN_6_N005,URBAN_6_N005,URBAN_6_N005,DAM,MCC,LMP_CONG_PRC,URBAN_6_N005,ALL,1,0,98
2017-09-06T02:00:00-00:00,2017-09-06T03:00:00-00:00,2017-09-05,20,0,URBAN_6_N005,URBAN_6_N005,URBAN_6_N005,DAM,MCC,LMP_CONG_PRC,URBAN_6_N005,ALL,1,0,98
2017-09-06T00:00:00-00:00,2017-09-06T01:00:00-00:00,2017-09-05,18,0,URBAN_6_N005,URBAN_6_N005,URBAN_6_N005,DAM,MCC,LMP_CONG_PRC,URBAN_6_N005,ALL,1,0,98
2017-09-05T13:00:00-00:00,2017-09-05T14:00:00-00:00,2017-09-05,7,0,URBAN_6_N005,URBAN_6_N005,URBAN_6_N005,DAM,MCC,LMP_CONG_PRC,URBAN_6_N005,ALL,1,0,98
2017-09-06T05:00:00-00:00,2017-09-06T06:00:00-00:00,2017-09-05,23,0,URBAN_6_N005,URBAN_6_N005,URBAN_6_N005,DAM,MCC,LMP_CONG_PRC,URBAN_6_N005,ALL,1,0,98
2017-09-05T15:00:00-00:00,2017-09-05T16:00:00-00:00,2017-09-05,9,0,URBAN_6_N005,URBAN_6_N005,URBAN_6_N005,DAM,MCC,LMP_CONG_PRC,URBAN_6_N005,ALL,1,0,98
2017-09-05T20:00:00-00:00,2017-09-05T21:00:00-00:00,2017-09-05,14,0,URBAN_6_N005,URBAN_6_N005,URBAN_6_N005,DAM,MCC,LMP_CONG_PRC,URBAN_6_N005,ALL,1,-0.86471,98
2017-09-05T18:00:00-00:00,2017-09-05T19:00:00-00:00,2017-09-05,12,0,URBAN_6_N005,URBAN_6_N005,URBAN_6_N005,DAM,MCC,LMP_CONG_PRC,URBAN_6_N005,ALL,1,-0.68268,98
2017-09-05T08:00:00-00:00,2017-09-05T09:00:00-00:00,2017-09-05,2,0,URBAN_6_N005,URBAN_6_N005,URBAN_6_N005,DAM,MCE,LMP_ENE_PRC,URBAN_6_N005,ALL,1,33.11738,99
2017-09-05T19:00:00-00:00,2017-09-05T20:00:00-00:00,2017-09-05,13,0,URBAN_6_N005,URBAN_6_N005,URBAN_6_N005,DAM,MCE,LMP_ENE_PRC,URBAN_6_N005,ALL,1,48.45506,99
2017-09-05T23:00:00-00:00,2017-09-06T00:00:00-00:00,2017-09-05,17,0,URBAN_6_N005,URBAN_6_N005,URBAN_6_N005,DAM,MCE,LMP_ENE_PRC,URBAN_6_N005,ALL,1,62.34205,99
2017-09-06T05:00:00-00:00,2017-09-06T06:00:00-00:00,2017-09-05,23,0,URBAN_6_N005,URBAN_6_N005,URBAN_6_N005,DAM,MCE,LMP_ENE_PRC,URBAN_6_N005,ALL,1,43.46467,99
2017-09-06T06:00:00-00:00,2017-09-06T07:00:00-00:00,2017-09-05,24,0,URBAN_6_N005,URBAN_6_N005,URBAN_6_N005,DAM,MCE,LMP_ENE_PRC,URBAN_6_N005,ALL,1,39.54954,99
2017-09-06T01:00:00-00:00,2017-09-06T02:00:00-00:00,2017-09-05,19,0,URBAN_6_N005,URBAN_6_N005,URBAN_6_N005,DAM,MCE,LMP_ENE_PRC,URBAN_6_N005,ALL,1,104.14269,99
2017-09-06T02:00:00-00:00,2017-09-06T03:00:00-00:00,2017-09-05,20,0,URBAN_6_N005,URBAN_6_N005,URBAN_6_N005,DAM,MCE,LMP_ENE_PRC,URBAN_6_N005,ALL,1,88.72651,99
2017-09-05T16:00:00-00:00,2017-09-05T17:00:00-00:00,2017-09-05,10,0,URBAN_6_N005,URBAN_6_N005,URBAN_6_N005,DAM,MCE,LMP_ENE_PRC,URBAN_6_N005,ALL,1,37.97874,99
2017-09-05T18:00:00-00:00,2017-09-05T19:00:00-00:00,2017-09-05,12,0,URBAN_6_N005,URBAN_6_N005,URBAN_6_N005,DAM,MCE,LMP_ENE_PRC,URBAN_6_N005,ALL,1,41.69097,99
2017-09-05T21:00:00-00:00,2017-09-05T22:00:00-00:00,2017-09-05,15,0,URBAN_6_N005,URBAN_6_N005,URBAN_6_N005,DAM,MCE,LMP_ENE_PRC,URBAN_6_N005,ALL,1,53.96989,99
2017-09-06T00:00:00-00:00,2017-09-06T01:00:00-00:00,2017-09-05,18,0,URBAN_6_N005,URBAN_6_N005,URBAN_6_N005,DAM,MCE,LMP_ENE_PRC,URBAN_6_N005,ALL,1,74.55277,99
2017-09-06T04:00:00-00:00,2017-09-06T05:00:00-00:00,2017-09-05,22,0,URBAN_6_N005,URBAN_6_N005,URBAN_6_N005,DAM,MCE,LMP_ENE_PRC,URBAN_6_N005,ALL,1,54.41637,99
2017-09-05T14:00:00-00:00,2017-09-05T15:00:00-00:00,2017-09-05,8,0,URBAN_6_N005,URBAN_6_N005,URBAN_6_N005,DAM,MCE,LMP_ENE_PRC,URBAN_6_N005,ALL,1,42.99267,99
2017-09-05T07:00:00-00:00,2017-09-05T08:00:00-00:00,2017-09-05,1,0,URBAN_6_N005,URBAN_6_N005,URBAN_6_N005,DAM,MCE,LMP_ENE_PRC,URBAN_6_N005,ALL,1,34.86107,99
2017-09-05T10:00:00-00:00,2017-09-05T11:00:00-00:00,2017-09-05,4,0,URBAN_6_N005,URBAN_6_N005,URBAN_6_N005,DAM,MCE,LMP_ENE_PRC,URBAN_6_N005,ALL,1,31.18226,99
2017-09-05T09:00:00-00:00,2017-09-05T10:00:00-00:00,2017-09-05,3,0,URBAN_6_N005,URBAN_6_N005,URBAN_6_N005,DAM,MCE,LMP_ENE_PRC,URBAN_6_N005,ALL,1,31.36237,99
2017-09-05T11:00:00-00:00,2017-09-05T12:00:00-00:00,2017-09-05,5,0,URBAN_6_N005,URBAN_6_N005,URBAN_6_N005,DAM,MCE,LMP_ENE_PRC,URBAN_6_N005,ALL,1,31.35223,99
2017-09-05T15:00:00-00:00,2017-09-05T16:00:00-00:00,2017-09-05,9,0,URBAN_6_N005,URBAN_6_N005,URBAN_6_N005,DAM,MCE,LMP_ENE_PRC,URBAN_6_N005,ALL,1,36.5081,99
2017-09-05T22:00:00-00:00,2017-09-05T23:00:00-00:00,2017-09-05,16,0,URBAN_6_N005,URBAN_6_N005,URBAN_6_N005,DAM,MCE,LMP_ENE_PRC,URBAN_6_N005,ALL,1,57.56981,99
2017-09-05T17:00:00-00:00,2017-09-05T18:00:00-00:00,2017-09-05,11,0,URBAN_6_N005,URBAN_6_N005,URBAN_6_N005,DAM,MCE,LMP_ENE_PRC,URBAN_6_N005,ALL,1,39.43725,99
2017-09-05T20:00:00-00:00,2017-09-05T21:00:00-00:00,2017-09-05,14,0,URBAN_6_N005,URBAN_6_N005,URBAN_6_N005,DAM,MCE,LMP_ENE_PRC,URBAN_6_N005,ALL,1,51.0487,99
2017-09-05T12:00:00-00:00,2017-09-05T13:00:00-00:00,2017-09-05,6,0,URBAN_6_N005,URBAN_6_N005,URBAN_6_N005,DAM,MCE,LMP_ENE_PRC,URBAN_6_N005,ALL,1,34.48099,99
2017-09-05T13:00:00-00:00,2017-09-05T14:00:00-00:00,2017-09-05,7,0,URBAN_6_N005,URBAN_6_N005,URBAN_6_N005,DAM,MCE,LMP_ENE_PRC,URBAN_6_N005,ALL,1,42.6583,99
2017-09-06T03:00:00-00:00,2017-09-06T04:00:00-00:00,2017-09-05,21,0,URBAN_6_N005,URBAN_6_N005,URBAN_6_N005,DAM,MCE,LMP_ENE_PRC,URBAN_6_N005,ALL,1,62.2287,99
2017-09-06T02:00:00-00:00,2017-09-06T03:00:00-00:00,2017-09-05,20,0,URBAN_6_N005,URBAN_6_N005,URBAN_6_N005,DAM,MCL,LMP_LOSS_PRC,URBAN_6_N005,ALL,1,-0.07985,100
2017-09-05T23:00:00-00:00,2017-09-06T00:00:00-00:00,2017-09-05,17,0,URBAN_6_N005,URBAN_6_N005,URBAN_6_N005,DAM,MCL,LMP_LOSS_PRC,URBAN_6_N005,ALL,1,0.09975,100
2017-09-05T16:00:00-00:00,2017-09-05T17:00:00-00:00,2017-09-05,10,0,URBAN_6_N005,URBAN_6_N005,URBAN_6_N005,DAM,MCL,LMP_LOSS_PRC,URBAN_6_N005,ALL,1,-0.23167,100
2017-09-05T18:00:00-00:00,2017-09-05T19:00:00-00:00,2017-09-05,12,0,URBAN_6_N005,URBAN_6_N005,URBAN_6_N005,DAM,MCL,LMP_LOSS_PRC,URBAN_6_N005,ALL,1,-0.15009,100
2017-09-06T00:00:00-00:00,2017-09-06T01:00:00-00:00,2017-09-05,18,0,URBAN_6_N005,URBAN_6_N005,URBAN_6_N005,DAM,MCL,LMP_LOSS_PRC,URBAN_6_N005,ALL,1,-0.30567,100
2017-09-05T12:00:00-00:00,2017-09-05T13:00:00-00:00,2017-09-05,6,0,URBAN_6_N005,URBAN_6_N005,URBAN_6_N005,DAM,MCL,LMP_LOSS_PRC,URBAN_6_N005,ALL,1,0.01379,100
2017-09-05T09:00:00-00:00,2017-09-05T10:00:00-00:00,2017-09-05,3,0,URBAN_6_N005,URBAN_6_N005,URBAN_6_N005,DAM,MCL,LMP_LOSS_PRC,URBAN_6_N005,ALL,1,-0.08468,100
2017-09-05T07:00:00-00:00,2017-09-05T08:00:00-00:00,2017-09-05,1,0,URBAN_6_N005,URBAN_6_N005,URBAN_6_N005,DAM,MCL,LMP_LOSS_PRC,URBAN_6_N005,ALL,1,-0.17082,100
2017-09-05T08:00:00-00:00,2017-09-05T09:00:00-00:00,2017-09-05,2,0,URBAN_6_N005,URBAN_6_N005,URBAN_6_N005,DAM,MCL,LMP_LOSS_PRC,URBAN_6_N005,ALL,1,-0.0563,100
2017-09-06T01:00:00-00:00,2017-09-06T02:00:00-00:00,2017-09-05,19,0,URBAN_6_N005,URBAN_6_N005,URBAN_6_N005,DAM,MCL,LMP_LOSS_PRC,URBAN_6_N005,ALL,1,-0.03124,100
2017-09-05T15:00:00-00:00,2017-09-05T16:00:00-00:00,2017-09-05,9,0,URBAN_6_N005,URBAN_6_N005,URBAN_6_N005,DAM,MCL,LMP_LOSS_PRC,URBAN_6_N005,ALL,1,-0.09492,100
2017-09-05T20:00:00-00:00,2017-09-05T21:00:00-00:00,2017-09-05,14,0,URBAN_6_N005,URBAN_6_N005,URBAN_6_N005,DAM,MCL,LMP_LOSS_PRC,URBAN_6_N005,ALL,1,0.09189,100
2017-09-06T03:00:00-00:00,2017-09-06T04:00:00-00:00,2017-09-05,21,0,URBAN_6_N005,URBAN_6_N005,URBAN_6_N005,DAM,MCL,LMP_LOSS_PRC,URBAN_6_N005,ALL,1,0.09334,100
2017-09-05T19:00:00-00:00,2017-09-05T20:00:00-00:00,2017-09-05,13,0,URBAN_6_N005,URBAN_6_N005,URBAN_6_N005,DAM,MCL,LMP_LOSS_PRC,URBAN_6_N005,ALL,1,-0.06784,100
2017-09-05T22:00:00-00:00,2017-09-05T23:00:00-00:00,2017-09-05,16,0,URBAN_6_N005,URBAN_6_N005,URBAN_6_N005,DAM,MCL,LMP_LOSS_PRC,URBAN_6_N005,ALL,1,0.20149,100
2017-09-05T10:00:00-00:00,2017-09-05T11:00:00-00:00,2017-09-05,4,0,URBAN_6_N005,URBAN_6_N005,URBAN_6_N005,DAM,MCL,LMP_LOSS_PRC,URBAN_6_N005,ALL,1,0.05301,100
2017-09-05T13:00:00-00:00,2017-09-05T14:00:00-00:00,2017-09-05,7,0,URBAN_6_N005,URBAN_6_N005,URBAN_6_N005,DAM,MCL,LMP_LOSS_PRC,URBAN_6_N005,ALL,1,0.30287,100
2017-09-06T05:00:00-00:00,2017-09-06T06:00:00-00:00,2017-09-05,23,0,URBAN_6_N005,URBAN_6_N005,URBAN_6_N005,DAM,MCL,LMP_LOSS_PRC,URBAN_6_N005,ALL,1,-0.27383,100
2017-09-05T17:00:00-00:00,2017-09-05T18:00:00-00:00,2017-09-05,11,0,URBAN_6_N005,URBAN_6_N005,URBAN_6_N005,DAM,MCL,LMP_LOSS_PRC,URBAN_6_N005,ALL,1,-0.16564,100
2017-09-05T11:00:00-00:00,2017-09-05T12:00:00-00:00,2017-09-05,5,0,URBAN_6_N005,URBAN_6_N005,URBAN_6_N005,DAM,MCL,LMP_LOSS_PRC,URBAN_6_N005,ALL,1,-0.01881,100
2017-09-05T14:00:00-00:00,2017-09-05T15:00:00-00:00,2017-09-05,8,0,URBAN_6_N005,URBAN_6_N005,URBAN_6_N005,DAM,MCL,LMP_LOSS_PRC,URBAN_6_N005,ALL,1,0.16337,100
2017-09-06T04:00:00-00:00,2017-09-06T05:00:00-00:00,2017-09-05,22,0,URBAN_6_N005,URBAN_6_N005,URBAN_6_N005,DAM,MCL,LMP_LOSS_PRC,URBAN_6_N005,ALL,1,0.31017,100
2017-09-05T21:00:00-00:00,2017-09-05T22:00:00-00:00,2017-09-05,15,0,URBAN_6_N005,URBAN_6_N005,URBAN_6_N005,DAM,MCL,LMP_LOSS_PRC,URBAN_6_N005,ALL,1,0.06476,100
2017-09-06T06:00:00-00:00,2017-09-06T07:00:00-00:00,2017-09-05,24,0,URBAN_6_N005,URBAN_6_N005,URBAN_6_N005,DAM,MCL,LMP_LOSS_PRC,URBAN_6_N005,ALL,1,-0.10678,100
2017-09-06T16:00:00-00:00,2017-09-06T17:00:00-00:00,2017-09-06,10,0,BAYSHOR2_1_N001,BAYSHOR2_1_N001,BAYSHOR2_1_N001,DAM,LMP,LMP_PRC,BAYSHOR2_1_N001,ALL,1,34.94852,101
2017-09-06T20:00:00-00:00,2017-09-06T21:00:00-00:00,2017-09-06,14,0,BAYSHOR2_1_N001,BAYSHOR2_1_N001,BAYSHOR2_1_N001,DAM,LMP,LMP_PRC,BAYSHOR2_1_N001,ALL,1,43.90505,101
2017-09-07T00:00:00-00:00,2017-09-07T01:00:00-00:00,2017-09-06,18,0,BAYSHOR2_1_N001,BAYSHOR2_1_N001,BAYSHOR2_1_N001,DAM,LMP,LMP_PRC,BAYSHOR2_1_N001,ALL,1,57.27359,101
2017-09-06T09:00:00-00:00,2017-09-06T10:00:00-00:00,2017-09-06,3,0,BAYSHOR2_1_N001,BAYSHOR2_1_N001,BAYSHOR2_1_N001,DAM,LMP,LMP_PRC,BAYSHOR2_1_N001,ALL,1,30.32015,101
2017-09-06T18:00:00-00:00,2017-09-06T19:00:00-00:00,2017-09-06,12,0,BAYSHOR2_1_N001,BAYSHOR2_1_N001,BAYSHOR2_1_N001,DAM,LMP,LMP_PRC,BAYSHOR2_1_N001,ALL,1,38.4919,101
2017-09-06T07:00:00-00:00,2017-09-06T08:00:00-00:00,2017-09-06,1,0,BAYSHOR2_1_N001,BAYSHOR2_1_N001,BAYSHOR2_1_N001,DAM,LMP,LMP_PRC,BAYSHOR2_1_N001,ALL,1,32.43009,101
2017-09-06T14:00:00-00:00,2017-09-06T15:00:00-00:00,2017-09-06,8,0,BAYSHOR2_1_N001,BAYSHOR2_1_N001,BAYSHOR2_1_N001,DAM,LMP,LMP_PRC,BAYSHOR2_1_N001,ALL,1,40.12033,101
2017-09-07T01:00:00-00:00,2017-09-07T02:00:00-00:00,2017-09-06,19,0,BAYSHOR2_1_N001,BAYSHOR2_1_N001,BAYSHOR2_1_N001,DAM,LMP,LMP_PRC,BAYSHOR2_1_N001,ALL,1,72.19987,101
2017-09-07T02:00:00-00:00,2017-09-07T03:00:00-00:00,2017-09-06,20,0,BAYSHOR2_1_N001,BAYSHOR2_1_N001,BAYSHOR2_1_N001,DAM,LMP,LMP_PRC,BAYSHOR2_1_N001,ALL,1,63.42889,101
2017-09-06T21:00:00-00:00,2017-09-06T22:00:00-00:00,2017-09-06,15,0,BAYSHOR2_1_N001,BAYSHOR2_1_N001,BAYSHOR2_1_N001,DAM,LMP,LMP_PRC,BAYSHOR2_1_N001,ALL,1,46.14591,101
2017-09-06T11:00:00-00:00,2017-09-06T12:00:00-00:00,2017-09-06,5,0,BAYSHOR2_1_N001,BAYSHOR2_1_N001,BAYSHOR2_1_N001,DAM,LMP,LMP_PRC,BAYSHOR2_1_N001,ALL,1,30.08854,101
2017-09-07T05:00:00-00:00,2017-09-07T06:00:00-00:00,2017-09-06,23,0,BAYSHOR2_1_N001,BAYSHOR2_1_N001,BAYSHOR2_1_N001,DAM,LMP,LMP_PRC,BAYSHOR2_1_N001,ALL,1,39.77737,101
2017-09-06T22:00:00-00:00,2017-09-06T23:00:00-00:00,2017-09-06,16,0,BAYSHOR2_1_N001,BAYSHOR2_1_N001,BAYSHOR2_1_N001,DAM,LMP,LMP_PRC,BAYSHOR2_1_N001,ALL,1,48.68895,101
2017-09-06T23:00:00-00:00,2017-09-07T00:00:00-00:00,2017-09-06,17,0,BAYSHOR2_1_N001,BAYSHOR2_1_N001,BAYSHOR2_1_N001,DAM,LMP,LMP_PRC,BAYSHOR2_1_N001,ALL,1,53.65316,101
2017-09-07T06:00:00-00:00,2017-09-07T07:00:00-00:00,2017-09-06,24,0,BAYSHOR2_1_N001,BAYSHOR2_1_N001,BAYSHOR2_1_N001,DAM,LMP,LMP_PRC,BAYSHOR2_1_N001,ALL,1,37.76808,101
2017-09-06T15:00:00-00:00,2017-09-06T16:00:00-00:00,2017-09-06,9,0,BAYSHOR2_1_N001,BAYSHOR2_1_N001,BAYSHOR2_1_N001,DAM,LMP,LMP_PRC,BAYSHOR2_1_N001,ALL,1,35.55123,101
2017-09-06T17:00:00-00:00,2017-09-06T18:00:00-00:00,2017-09-06,11,0,BAYSHOR2_1_N001,BAYSHOR2_1_N001,BAYSHOR2_1_N001,DAM,LMP,LMP_PRC,BAYSHOR2_1_N001,ALL,1,37.34026,101
2017-09-06T13:00:00-00:00,2017-09-06T14:00:00-00:00,2017-09-06,7,0,BAYSHOR2_1_N001,BAYSHOR2_1_N001,BAYSHOR2_1_N001,DAM,LMP,LMP_PRC,BAYSHOR2_1_N001,ALL,1,40.12368,101
2017-09-06T08:00:00-00:00,2017-09-06T09:00:00-00:00,2017-09-06,2,0,BAYSHOR2_1_N001,BAYSHOR2_1_N001,BAYSHOR2_1_N001,DAM,LMP,LMP_PRC,BAYSHOR2_1_N001,ALL,1,31.36022,101
2017-09-07T04:00:00-00:00,2017-09-07T05:00:00-00:00,2017-09-06,22,0,BAYSHOR2_1_N001,BAYSHOR2_1_N001,BAYSHOR2_1_N001,DAM,LMP,LMP_PRC,BAYSHOR2_1_N001,ALL,1,45.20588,101
2017-09-06T19:00:00-00:00,2017-09-06T20:00:00-00:00,2017-09-06,13,0,BAYSHOR2_1_N001,BAYSHOR2_1_N001,BAYSHOR2_1_N001,DAM,LMP,LMP_PRC,BAYSHOR2_1_N001,ALL,1,39.5812,101
2017-09-06T10:00:00-00:00,2017-09-06T11:00:00-00:00,2017-09-06,4,0,BAYSHOR2_1_N001,BAYSHOR2_1_N001,BAYSHOR2_1_N001,DAM,LMP,LMP_PRC,BAYSHOR2_1_N001,ALL,1,29.68551,101
2017-09-07T03:00:00-00:00,2017-09-07T04:00:00-00:00,2017-09-06,21,0,BAYSHOR2_1_N001,BAYSHOR2_1_N001,BAYSHOR2_1_N001,DAM,LMP,LMP_PRC,BAYSHOR2_1_N001,ALL,1,54.31817,101
2017-09-06T12:00:00-00:00,2017-09-06T13:00:00-00:00,2017-09-06,6,0,BAYSHOR2_1_N001,BAYSHOR2_1_N001,BAYSHOR2_1_N001,DAM,LMP,LMP_PRC,BAYSHOR2_1_N001,ALL,1,33.4164,101
2017-09-07T04:00:00-00:00,2017-09-07T05:00:00-00:00,2017-09-06,22,0,BAYSHOR2_1_N001,BAYSHOR2_1_N001,BAYSHOR2_1_N001,DAM,MCC,LMP_CONG_PRC,BAYSHOR2_1_N001,ALL,1,0,102
2017-09-07T01:00:00-00:00,2017-09-07T02:00:00-00:00,2017-09-06,19,0,BAYSHOR2_1_N001,BAYSHOR2_1_N001,BAYSHOR2_1_N001,DAM,MCC,LMP_CONG_PRC,BAYSHOR2_1_N001,ALL,1,0,102
2017-09-06T19:00:00-00:00,2017-09-06T20:00:00-00:00,2017-09-06,13,0,BAYSHOR2_1_N001,BAYSHOR2_1_N001,BAYSHOR2_1_N001,DAM,MCC,LMP_CONG_PRC,BAYSHOR2_1_N001,ALL,1,0,102
2017-09-06T22:00:00-00:00,2017-09-06T23:00:00-00:00,2017-09-06,16,0,BAYSHOR2_1_N001,BAYSHOR2_1_N001,BAYSHOR2_1_N001,DAM,MCC,LMP_CONG_PRC,BAYSHOR2_1_N001,ALL,1,0,102
2017-09-06T23:00:00-00:00,2017-09-07T00:00:00-00:00,2017-09-06,17,0,BAYSHOR2_1_N001,BAYSHOR2_1_N001,BAYSHOR2_1_N001,DAM,MCC,LMP_CONG_PRC,BAYSHOR2_1_N001,ALL,1,0,102
2017-09-07T00:00:00-00:00,2017-09-07T01:00:00-00:00,2017-09-06,18,0,BAYSHOR2_1_N001,BAYSHOR2_1_N001,BAYSHOR2_1_N001,DAM,MCC,LMP_CONG_PRC,BAYSHOR2_1_N001,ALL,1,0,102
2017-09-06T09:00:00-00:00,2017-09-06T10:00:00-00:00,2017-09-06,3,0,BAYSHOR2_1_N001,BAYSHOR2_1_N001,BAYSHOR2_1_N001,DAM,MCC,LMP_CONG_PRC,BAYSHOR2_1_N001,ALL,1,0,102
2017-09-07T05:00:00-00:00,2017-09-07T06:00:00-00:00,2017-09-06,23,0,BAYSHOR2_1_N001,BAYSHOR2_1_N001,BAYSHOR2_1_N001,DAM,MCC,LMP_CONG_PRC,BAYSHOR2_1_N001,ALL,1,-0.24837,102
2017-09-06T10:00:00-00:00,2017-09-06T11:00:00-00:00,2017-09-06,4,0,BAYSHOR2_1_N001,BAYSHOR2_1_N001,BAYSHOR2_1_N001,DAM,MCC,LMP_CONG_PRC,BAYSHOR2_1_N001,ALL,1,0,102
2017-09-06T13:00:00-00:00,2017-09-06T14:00:00-00:00,2017-09-06,7,0,BAYSHOR2_1_N001,BAYSHOR2_1_N001,BAYSHOR2_1_N001,DAM,MCC,LMP_CONG_PRC,BAYSHOR2_1_N001,ALL,1,0,102
2017-09-06T15:00:00-00:00,2017-09-06T16:00:00-00:00,2017-09-06,9,0,BAYSHOR2_1_N001,BAYSHOR2_1_N001,BAYSHOR2_1_N001,DAM,MCC,LMP_CONG_PRC,BAYSHOR2_1_N001,ALL,1,0,102
2017-09-06T08:00:00-00:00,2017-09-06T09:00:00-00:00,2017-09-06,2,0,BAYSHOR2_1_N001,BAYSHOR2_1_N001,BAYSHOR2_1_N001,DAM,MCC,LMP_CONG_PRC,BAYSHOR2_1_N001,ALL,1,0,102
2017-09-06T12:00:00-00:00,2017-09-06T13:00:00-00:00,2017-09-06,6,0,BAYSHOR2_1_N001,BAYSHOR2_1_N001,BAYSHOR2_1_N001,DAM,MCC,LMP_CONG_PRC,BAYSHOR2_1_N001,ALL,1,0,102
2017-09-06T14:00:00-00:00,2017-09-06T15:00:00-00:00,2017-09-06,8,0,BAYSHOR2_1_N001,BAYSHOR2_1_N001,BAYSHOR2_1_N001,DAM,MCC,LMP_CONG_PRC,BAYSHOR2_1_N001,ALL,1,0,102
2017-09-06T18:00:00-00:00,2017-09-06T19:00:00-00:00,2017-09-06,12,0,BAYSHOR2_1_N001,BAYSHOR2_1_N001,BAYSHOR2_1_N001,DAM,MCC,LMP_CONG_PRC,BAYSHOR2_1_N001,ALL,1,-0.33088,102
2017-09-06T20:00:00-00:00,2017-09-06T21:00:00-00:00,2017-09-06,14,0,BAYSHOR2_1_N001,BAYSHOR2_1_N001,BAYSHOR2_1_N001,DAM,MCC,LMP_CONG_PRC,BAYSHOR2_1_N001,ALL,1,0,102
2017-09-06T17:00:00-00:00,2017-09-06T18:00:00-00:00,2017-09-06,11,0,BAYSHOR2_1_N001,BAYSHOR2_1_N001,BAYSHOR2_1_N001,DAM,MCC,LMP_CONG_PRC,BAYSHOR2_1_N001,ALL,1,-0.15031,102
2017-09-06T07:00:00-00:00,2017-09-06T08:00:00-00:00,2017-09-06,1,0,BAYSHOR2_1_N001,BAYSHOR2_1_N001,BAYSHOR2_1_N001,DAM,MCC,LMP_CONG_PRC,BAYSHOR2_1_N001,ALL,1,-0.23131,102
2017-09-06T11:00:00-00:00,2017-09-06T12:00:00-00:00,2017-09-06,5,0,BAYSHOR2_1_N001,BAYSHOR2_1_N001,BAYSHOR2_1_N001,DAM,MCC,LMP_CONG_PRC,BAYSHOR2_1_N001,ALL,1,-0.19699,102
2017-09-07T02:00:00-00:00,2017-09-07T03:00:00-00:00,2017-09-06,20,0,BAYSHOR2_1_N001,BAYSHOR2_1_N001,BAYSHOR2_1_N001,DAM,MCC,LMP_CONG_PRC,BAYSHOR2_1_N001,ALL,1,0,102
2017-09-07T06:00:00-00:00,2017-09-07T07:00:00-00:00,2017-09-06,24,0,BAYSHOR2_1_N001,BAYSHOR2_1_N001,BAYSHOR2_1_N001,DAM,MCC,LMP_CONG_PRC,BAYSHOR2_1_N001,ALL,1,-0.12378,102
2017-09-06T21:00:00-00:00,2017-09-06T22:00:00-00:00,2017-09-06,15,0,BAYSHOR2_1_N001,BAYSHOR2_1_N001,BAYSHOR2_1_N001,DAM,MCC,LMP_CONG_PRC,BAYSHOR2_1_N001,ALL,1,0,102
2017-09-06T16:00:00-00:00,2017-09-06T17:00:00-00:00,2017-09-06,10,0,BAYSHOR2_1_N001,BAYSHOR2_1_N001,BAYSHOR2_1_N001,DAM,MCC,LMP_CONG_PRC,BAYSHOR2_1_N001,ALL,1,0,102
2017-09-07T03:00:00-00:00,2017-09-07T04:00:00-00:00,2017-09-06,21,0,BAYSHOR2_1_N001,BAYSHOR2_1_N001,BAYSHOR2_1_N001,DAM,MCC,LMP_CONG_PRC,BAYSHOR2_1_N001,ALL,1,0,102
2017-09-07T02:00:00-00:00,2017-09-07T03:00:00-00:00,2017-09-06,20,0,BAYSHOR2_1_N001,BAYSHOR2_1_N001,BAYSHOR2_1_N001,DAM,MCE,LMP_ENE_PRC,BAYSHOR2_1_N001,ALL,1,62.84444,103
2017-09-07T01:00:00-00:00,2017-09-07T02:00:00-00:00,2017-09-06,19,0,BAYSHOR2_1_N001,BAYSHOR2_1_N001,BAYSHOR2_1_N001,DAM,MCE,LMP_ENE_PRC,BAYSHOR2_1_N001,ALL,1,71.58425,103
2017-09-06T15:00:00-00:00,2017-09-06T16:00:00-00:00,2017-09-06,9,0,BAYSHOR2_1_N001,BAYSHOR2_1_N001,BAYSHOR2_1_N001,DAM,MCE,LMP_ENE_PRC,BAYSHOR2_1_N001,ALL,1,34.07901,103
2017-09-06T19:00:00-00:00,2017-09-06T20:00:00-00:00,2017-09-06,13,0,BAYSHOR2_1_N001,BAYSHOR2_1_N001,BAYSHOR2_1_N001,DAM,MCE,LMP_ENE_PRC,BAYSHOR2_1_N001,ALL,1,38.39853,103
2017-09-06T20:00:00-00:00,2017-09-06T21:00:00-00:00,2017-09-06,14,0,BAYSHOR2_1_N001,BAYSHOR2_1_N001,BAYSHOR2_1_N001,DAM,MCE,LMP_ENE_PRC,BAYSHOR2_1_N001,ALL,1,42.7716,103
2017-09-06T21:00:00-00:00,2017-09-06T22:00:00-00:00,2017-09-06,15,0,BAYSHOR2_1_N001,BAYSHOR2_1_N001,BAYSHOR2_1_N001,DAM,MCE,LMP_ENE_PRC,BAYSHOR2_1_N001,ALL,1,45.02918,103
2017-09-06T10:00:00-00:00,2017-09-06T11:00:00-00:00,2017-09-06,4,0,BAYSHOR2_1_N001,BAYSHOR2_1_N001,BAYSHOR2_1_N001,DAM,MCE,LMP_ENE_PRC,BAYSHOR2_1_N001,ALL,1,28.82648,103
2017-09-06T14:00:00-00:00,2017-09-06T15:00:00-00:00,2017-09-06,8,0,BAYSHOR2_1_N001,BAYSHOR2_1_N001,BAYSHOR2_1_N001,DAM,MCE,LMP_ENE_PRC,BAYSHOR2_1_N001,ALL,1,38.65902,103
2017-09-07T06:00:00-00:00,2017-09-07T07:00:00-00:00,2017-09-06,24,0,BAYSHOR2_1_N001,BAYSHOR2_1_N001,BAYSHOR2_1_N001,DAM,MCE,LMP_ENE_PRC,BAYSHOR2_1_N001,ALL,1,36.59988,103
2017-09-06T17:00:00-00:00,2017-09-06T18:00:00-00:00,2017-09-06,11,0,BAYSHOR2_1_N001,BAYSHOR2_1_N001,BAYSHOR2_1_N001,DAM,MCE,LMP_ENE_PRC,BAYSHOR2_1_N001,ALL,1,35.7087,103
2017-09-06T23:00:00-00:00,2017-09-07T00:00:00-00:00,2017-09-06,17,0,BAYSHOR2_1_N001,BAYSHOR2_1_N001,BAYSHOR2_1_N001,DAM,MCE,LMP_ENE_PRC,BAYSHOR2_1_N001,ALL,1,52.51362,103
2017-09-06T09:00:00-00:00,2017-09-06T10:00:00-00:00,2017-09-06,3,0,BAYSHOR2_1_N001,BAYSHOR2_1_N001,BAYSHOR2_1_N001,DAM,MCE,LMP_ENE_PRC,BAYSHOR2_1_N001,ALL,1,29.47997,103
2017-09-07T03:00:00-00:00,2017-09-07T04:00:00-00:00,2017-09-06,21,0,BAYSHOR2_1_N001,BAYSHOR2_1_N001,BAYSHOR2_1_N001,DAM,MCE,LMP_ENE_PRC,BAYSHOR2_1_N001,ALL,1,53.67939,103
2017-09-06T22:00:00-00:00,2017-09-06T23:00:00-00:00,2017-09-06,16,0,BAYSHOR2_1_N001,BAYSHOR2_1_N001,BAYSHOR2_1_N001,DAM,MCE,LMP_ENE_PRC,BAYSHOR2_1_N001,ALL,1,47.61755,103
2017-09-07T00:00:00-00:00,2017-09-07T01:00:00-00:00,2017-09-06,18,0,BAYSHOR2_1_N001,BAYSHOR2_1_N001,BAYSHOR2_1_N001,DAM,MCE,LMP_ENE_PRC,BAYSHOR2_1_N001,ALL,1,56.26642,103
2017-09-06T07:00:00-00:00,2017-09-06T08:00:00-00:00,2017-09-06,1,0,BAYSHOR2_1_N001,BAYSHOR2_1_N001,BAYSHOR2_1_N001,DAM,MCE,LMP_ENE_PRC,BAYSHOR2_1_N001,ALL,1,32.11859,103
2017-09-06T12:00:00-00:00,2017-09-06T13:00:00-00:00,2017-09-06,6,0,BAYSHOR2_1_N001,BAYSHOR2_1_N001,BAYSHOR2_1_N001,DAM,MCE,LMP_ENE_PRC,BAYSHOR2_1_N001,ALL,1,32.37395,103
2017-09-07T04:00:00-00:00,2017-09-07T05:00:00-00:00,2017-09-06,22,0,BAYSHOR2_1_N001,BAYSHOR2_1_N001,BAYSHOR2_1_N001,DAM,MCE,LMP_ENE_PRC,BAYSHOR2_1_N001,ALL,1,44.66984,103
2017-09-06T18:00:00-00:00,2017-09-06T19:00:00-00:00,2017-09-06,12,0,BAYSHOR2_1_N001,BAYSHOR2_1_N001,BAYSHOR2_1_N001,DAM,MCE,LMP_ENE_PRC,BAYSHOR2_1_N001,ALL,1,37.09419,103
2017-09-06T13:00:00-00:00,2017-09-06T14:00:00-00:00,2017-09-06,7,0,BAYSHOR2_1_N001,BAYSHOR2_1_N001,BAYSHOR2_1_N001,DAM,MCE,LMP_ENE_PRC,BAYSHOR2_1_N001,ALL,1,38.96259,103
2017-09-07T05:00:00-00:00,2017-09-07T06:00:00-00:00,2017-09-06,23,0,BAYSHOR2_1_N001,BAYSHOR2_1_N001,BAYSHOR2_1_N001,DAM,MCE,LMP_ENE_PRC,BAYSHOR2_1_N001,ALL,1,39.29871,103
2017-09-06T16:00:00-00:00,2017-09-06T17:00:00-00:00,2017-09-06,10,0,BAYSHOR2_1_N001,BAYSHOR2_1_N001,BAYSHOR2_1_N001,DAM,MCE,LMP_ENE_PRC,BAYSHOR2_1_N001,ALL,1,33.44996,103
2017-09-06T08:00:00-00:00,2017-09-06T09:00:00-00:00,2017-09-06,2,0,BAYSHOR2_1_N001,BAYSHOR2_1_N001,BAYSHOR2_1_N001,DAM,MCE,LMP_ENE_PRC,BAYSHOR2_1_N001,ALL,1,30.57744,103
2017-09-06T11:00:00-00:00,2017-09-06T12:00:00-00:00,2017-09-06,5,0,BAYSHOR2_1_N001,BAYSHOR2_1_N001,BAYSHOR2_1_N001,DAM,MCE,LMP_ENE_PRC,BAYSHOR2_1_N001,ALL,1,29.4635,103
2017-09-07T01:00:00-00:00,2017-09-07T02:00:00-00:00,2017-09-06,19,0,BAYSHOR2_1_N001,BAYSHOR2_1_N001,BAYSHOR2_1_N001,DAM,MCL,LMP_LOSS_PRC,BAYSHOR2_1_N001,ALL,1,0.61562,104
2017-09-06T10:00:00-00:00,2017-09-06T11:00:00-00:00,2017-09-06,4,0,BAYSHOR2_1_N001,BAYSHOR2_1_N001,BAYSHOR2_1_N001,DAM,MCL,LMP_LOSS_PRC,BAYSHOR2_1_N001,ALL,1,0.85903,104
2017-09-07T05:00:00-00:00,2017-09-07T06:00:00-00:00,2017-09-06,23,0,BAYSHOR2_1_N001,BAYSHOR2_1_N001,BAYSHOR2_1_N001,DAM,MCL,LMP_LOSS_PRC,BAYSHOR2_1_N001,ALL,1,0.72703,104
2017-09-07T06:00:00-00:00,2017-09-07T07:00:00-00:00,2017-09-06,24,0,BAYSHOR2_1_N001,BAYSHOR2_1_N001,BAYSHOR2_1_N001,DAM,MCL,LMP_LOSS_PRC,BAYSHOR2_1_N001,ALL,1,1.29198,104
2017-09-06T19:00:00-00:00,2017-09-06T20:00:00-00:00,2017-09-06,13,0,BAYSHOR2_1_N001,BAYSHOR2_1_N001,BAYSHOR2_1_N001,DAM,MCL,LMP_LOSS_PRC,BAYSHOR2_1_N001,ALL,1,1.18267,104
2017-09-07T00:00:00-00:00,2017-09-07T01:00:00-00:00,2017-09-06,18,0,BAYSHOR2_1_N001,BAYSHOR2_1_N001,BAYSHOR2_1_N001,DAM,MCL,LMP_LOSS_PRC,BAYSHOR2_1_N001,ALL,1,1.00717,104
2017-09-07T02:00:00-00:00,2017-09-07T03:00:00-00:00,2017-09-06,20,0,BAYSHOR2_1_N001,BAYSHOR2_1_N001,BAYSHOR2_1_N001,DAM,MCL,LMP_LOSS_PRC,BAYSHOR2_1_N001,ALL,1,0.58445,104
2017-09-07T04:00:00-00:00,2017-09-07T05:00:00-00:00,2017-09-06,22,0,BAYSHOR2_1_N001,BAYSHOR2_1_N001,BAYSHOR2_1_N001,DAM,MCL,LMP_LOSS_PRC,BAYSHOR2_1_N001,ALL,1,0.53604,104
2017-09-06T15:00:00-00:00,2017-09-06T16:00:00-00:00,2017-09-06,9,0,BAYSHOR2_1_N001,BAYSHOR2_1_N001,BAYSHOR2_1_N001,DAM,MCL,LMP_LOSS_PRC,BAYSHOR2_1_N001,ALL,1,1.47221,104
2017-09-06T08:00:00-00:00,2017-09-06T09:00:00-00:00,2017-09-06,2,0,BAYSHOR2_1_N001,BAYSHOR2_1_N001,BAYSHOR2_1_N001,DAM,MCL,LMP_LOSS_PRC,BAYSHOR2_1_N001,ALL,1,0.78278,104
2017-09-06T14:00:00-00:00,2017-09-06T15:00:00-00:00,2017-09-06,8,0,BAYSHOR2_1_N001,BAYSHOR2_1_N001,BAYSHOR2_1_N001,DAM,MCL,LMP_LOSS_PRC,BAYSHOR2_1_N001,ALL,1,1.46131,104
2017-09-06T22:00:00-00:00,2017-09-06T23:00:00-00:00,2017-09-06,16,0,BAYSHOR2_1_N001,BAYSHOR2_1_N001,BAYSHOR2_1_N001,DAM,MCL,LMP_LOSS_PRC,BAYSHOR2_1_N001,ALL,1,1.07139,104
2017-09-06T07:00:00-00:00,2017-09-06T08:00:00-00:00,2017-09-06,1,0,BAYSHOR2_1_N001,BAYSHOR2_1_N001,BAYSHOR2_1_N001,DAM,MCL,LMP_LOSS_PRC,BAYSHOR2_1_N001,ALL,1,0.5428,104
2017-09-06T11:00:00-00:00,2017-09-06T12:00:00-00:00,2017-09-06,5,0,BAYSHOR2_1_N001,BAYSHOR2_1_N001,BAYSHOR2_1_N001,DAM,MCL,LMP_LOSS_PRC,BAYSHOR2_1_N001,ALL,1,0.82203,104
2017-09-06T13:00:00-00:00,2017-09-06T14:00:00-00:00,2017-09-06,7,0,BAYSHOR2_1_N001,BAYSHOR2_1_N001,BAYSHOR2_1_N001,DAM,MCL,LMP_LOSS_PRC,BAYSHOR2_1_N001,ALL,1,1.16109,104
2017-09-06T09:00:00-00:00,2017-09-06T10:00:00-00:00,2017-09-06,3,0,BAYSHOR2_1_N001,BAYSHOR2_1_N001,BAYSHOR2_1_N001,DAM,MCL,LMP_LOSS_PRC,BAYSHOR2_1_N001,ALL,1,0.84018,104
2017-09-06T17:00:00-00:00,2017-09-06T18:00:00-00:00,2017-09-06,11,0,BAYSHOR2_1_N001,BAYSHOR2_1_N001,BAYSHOR2_1_N001,DAM,MCL,LMP_LOSS_PRC,BAYSHOR2_1_N001,ALL,1,1.78186,104
2017-09-06T12:00:00-00:00,2017-09-06T13:00:00-00:00,2017-09-06,6,0,BAYSHOR2_1_N001,BAYSHOR2_1_N001,BAYSHOR2_1_N001,DAM,MCL,LMP_LOSS_PRC,BAYSHOR2_1_N001,ALL,1,1.04244,104
2017-09-06T18:00:00-00:00,2017-09-06T19:00:00-00:00,2017-09-06,12,0,BAYSHOR2_1_N001,BAYSHOR2_1_N001,BAYSHOR2_1_N001,DAM,MCL,LMP_LOSS_PRC,BAYSHOR2_1_N001,ALL,1,1.72859,104
2017-09-06T20:00:00-00:00,2017-09-06T21:00:00-00:00,2017-09-06,14,0,BAYSHOR2_1_N001,BAYSHOR2_1_N001,BAYSHOR2_1_N001,DAM,MCL,LMP_LOSS_PRC,BAYSHOR2_1_N001,ALL,1,1.13345,104
2017-09-06T23:00:00-00:00,2017-09-07T00:00:00-00:00,2017-09-06,17,0,BAYSHOR2_1_N001,BAYSHOR2_1_N001,BAYSHOR2_1_N001,DAM,MCL,LMP_LOSS_PRC,BAYSHOR2_1_N001,ALL,1,1.13955,104
2017-09-06T16:00:00-00:00,2017-09-06T17:00:00-00:00,2017-09-06,10,0,BAYSHOR2_1_N001,BAYSHOR2_1_N001,BAYSHOR2_1_N001,DAM,MCL,LMP_LOSS_PRC,BAYSHOR2_1_N001,ALL,1,1.49856,104
2017-09-06T21:00:00-00:00,2017-09-06T22:00:00-00:00,2017-09-06,15,0,BAYSHOR2_1_N001,BAYSHOR2_1_N001,BAYSHOR2_1_N001,DAM,MCL,LMP_LOSS_PRC,BAYSHOR2_1_N001,ALL,1,1.11672,104
2017-09-07T03:00:00-00:00,2017-09-07T04:00:00-00:00,2017-09-06,21,0,BAYSHOR2_1_N001,BAYSHOR2_1_N001,BAYSHOR2_1_N001,DAM,MCL,LMP_LOSS_PRC,BAYSHOR2_1_N001,ALL,1,0.63878,104
2017-09-06T23:00:00-00:00,2017-09-07T00:00:00-00:00,2017-09-06,17,0,TH_NP15_GEN-APND,TH_NP15_GEN-APND,TH_NP15_GEN-APND,DAM,LMP,LMP_PRC,TH_NP15_GEN-APND,ALL_APNODES,0,50.89094,105
2017-09-06T20:00:00-00:00,2017-09-06T21:00:00-00:00,2017-09-06,14,0,TH_NP15_GEN-APND,TH_NP15_GEN-APND,TH_NP15_GEN-APND,DAM,LMP,LMP_PRC,TH_NP15_GEN-APND,ALL_APNODES,0,41.49701,105
2017-09-07T03:00:00-00:00,2017-09-07T04:00:00-00:00,2017-09-06,21,0,TH_NP15_GEN-APND,TH_NP15_GEN-APND,TH_NP15_GEN-APND,DAM,LMP,LMP_PRC,TH_NP15_GEN-APND,ALL_APNODES,0,51.7684,105
2017-09-06T17:00:00-00:00,2017-09-06T18:00:00-00:00,2017-09-06,11,0,TH_NP15_GEN-APND,TH_NP15_GEN-APND,TH_NP15_GEN-APND,DAM,LMP,LMP_PRC,TH_NP15_GEN-APND,ALL_APNODES,0,35.13346,105
2017-09-06T12:00:00-00:00,2017-09-06T13:00:00-00:00,2017-09-06,6,0,TH_NP15_GEN-APND,TH_NP15_GEN-APND,TH_NP15_GEN-APND,DAM,LMP,LMP_PRC,TH_NP15_GEN-APND,ALL_APNODES,0,31.92326,105
2017-09-07T02:00:00-00:00,2017-09-07T03:00:00-00:00,2017-09-06,20,0,TH_NP15_GEN-APND,TH_NP15_GEN-APND,TH_NP15_GEN-APND,DAM,LMP,LMP_PRC,TH_NP15_GEN-APND,ALL_APNODES,0,60.60089,105
2017-09-07T05:00:00-00:00,2017-09-07T06:00:00-00:00,2017-09-06,23,0,TH_NP15_GEN-APND,TH_NP15_GEN-APND,TH_NP15_GEN-APND,DAM,LMP,LMP_PRC,TH_NP15_GEN-APND,ALL_APNODES,0,38.14773,105
2017-09-06T07:00:00-00:00,2017-09-06T08:00:00-00:00,2017-09-06,1,0,TH_NP15_GEN-APND,TH_NP15_GEN-APND,TH_NP15_GEN-APND,DAM,LMP,LMP_PRC,TH_NP15_GEN-APND,ALL_APNODES,0,31.64002,105
2017-09-07T04:00:00-00:00,2017-09-07T05:00:00-00:00,2017-09-06,22,0,TH_NP15_GEN-APND,TH_NP15_GEN-APND,TH_NP15_GEN-APND,DAM,LMP,LMP_PRC,TH_NP15_GEN-APND,ALL_APNODES,0,43.29848,105
2017-09-06T16:00:00-00:00,2017-09-06T17:00:00-00:00,2017-09-06,10,0,TH_NP15_GEN-APND,TH_NP15_GEN-APND,TH_NP15_GEN-APND,DAM,LMP,LMP_PRC,TH_NP15_GEN-APND,ALL_APNODES,0,32.99504,105
2017-09-06T21:00:00-00:00,2017-09-06T22:00:00-00:00,2017-09-06,15,0,TH_NP15_GEN-APND,TH_NP15_GEN-APND,TH_NP15_GEN-APND,DAM,LMP,LMP_PRC,TH_NP15_GEN-APND,ALL_APNODES,0,43.68731,105
2017-09-06T10:00:00-00:00,2017-09-06T11:00:00-00:00,2017-09-06,4,0,TH_NP15_GEN-APND,TH_NP15_GEN-APND,TH_NP15_GEN-APND,DAM,LMP,LMP_PRC,TH_NP15_GEN-APND,ALL_APNODES,0,28.36993,105
2017-09-06T13:00:00-00:00,2017-09-06T14:00:00-00:00,2017-09-06,7,0,TH_NP15_GEN-APND,TH_NP15_GEN-APND,TH_NP15_GEN-APND,DAM,LMP,LMP_PRC,TH_NP15_GEN-APND,ALL_APNODES,0,38.45218,105
2017-09-07T01:00:00-00:00,2017-09-07T02:00:00-00:00,2017-09-06,19,0,TH_NP15_GEN-APND,TH_NP15_GEN-APND,TH_NP15_GEN-APND,DAM,LMP,LMP_PRC,TH_NP15_GEN-APND,ALL_APNODES,0,68.95711,105
2017-09-07T06:00:00-00:00,2017-09-07T07:00:00-00:00,2017-09-06,24,0,TH_NP15_GEN-APND,TH_NP15_GEN-APND,TH_NP15_GEN-APND,DAM,LMP,LMP_PRC,TH_NP15_GEN-APND,ALL_APNODES,0,36.29244,105
2017-09-06T15:00:00-00:00,2017-09-06T16:00:00-00:00,2017-09-06,9,0,TH_NP15_GEN-APND,TH_NP15_GEN-APND,TH_NP15_GEN-APND,DAM,LMP,LMP_PRC,TH_NP15_GEN-APND,ALL_APNODES,0,33.70074,105
2017-09-06T09:00:00-00:00,2017-09-06T10:00:00-00:00,2017-09-06,3,0,TH_NP15_GEN-APND,TH_NP15_GEN-APND,TH_NP15_GEN-APND,DAM,LMP,LMP_PRC,TH_NP15_GEN-APND,ALL_APNODES,0,29,105
2017-09-06T22:00:00-00:00,2017-09-06T23:00:00-00:00,2017-09-06,16,0,TH_NP15_GEN-APND,TH_NP15_GEN-APND,TH_NP15_GEN-APND,DAM,LMP,LMP_PRC,TH_NP15_GEN-APND,ALL_APNODES,0,45.91761,105
2017-09-06T08:00:00-00:00,2017-09-06T09:00:00-00:00,2017-09-06,2,0,TH_NP15_GEN-APND,TH_NP15_GEN-APND,TH_NP15_GEN-APND,DAM,LMP,LMP_PRC,TH_NP15_GEN-APND,ALL_APNODES,0,30.14804,105
2017-09-06T14:00:00-00:00,2017-09-06T15:00:00-00:00,2017-09-06,8,0,TH_NP15_GEN-APND,TH_NP15_GEN-APND,TH_NP15_GEN-APND,DAM,LMP,LMP_PRC,TH_NP15_GEN-APND,ALL_APNODES,0,38.17578,105
2017-09-06T11:00:00-00:00,2017-09-06T12:00:00-00:00,2017-09-06,5,0,TH_NP15_GEN-APND,TH_NP15_GEN-APND,TH_NP15_GEN-APND,DAM,LMP,LMP_PRC,TH_NP15_GEN-APND,ALL_APNODES,0,29.13645,105
2017-09-06T18:00:00-00:00,2017-09-06T19:00:00-00:00,2017-09-06,12,0,TH_NP15_GEN-APND,TH_NP15_GEN-APND,TH_NP15_GEN-APND,DAM,LMP,LMP_PRC,TH_NP15_GEN-APND,ALL_APNODES,0,36.23657,105
2017-09-06T19:00:00-00:00,2017-09-06T20:00:00-00:00,2017-09-06,13,0,TH_NP15_GEN-APND,TH_NP15_GEN-APND,TH_NP15_GEN-APND,DAM,LMP,LMP_PRC,TH_NP15_GEN-APND,ALL_APNODES,0,37.32721,105
2017-09-07T00:00:00-00:00,2017-09-07T01:00:00-00:00,2017-09-06,18,0,TH_NP15_GEN-APND,TH_NP15_GEN-APND,TH_NP15_GEN-APND,DAM,LMP,LMP_PRC,TH_NP15_GEN-APND,ALL_APNODES,0,54.2971,105
2017-09-06T22:00:00-00:00,2017-09-06T23:00:00-00:00,2017-09-06,16,0,TH_NP15_GEN-APND,TH_NP15_GEN-APND,TH_NP15_GEN-APND,DAM,MCC,LMP_CONG_PRC,TH_NP15_GEN-APND,ALL_APNODES,0,0,106
2017-09-07T00:00:00-00:00,2017-09-07T01:00:00-00:00,2017-09-06,18,0,TH_NP15_GEN-APND,TH_NP15_GEN-APND,TH_NP15_GEN-APND,DAM,MCC,LMP_CONG_PRC,TH_NP15_GEN-APND,ALL_APNODES,0,0,106
2017-09-07T06:00:00-00:00,2017-09-07T07:00:00-00:00,2017-09-06,24,0,TH_NP15_GEN-APND,TH_NP15_GEN-APND,TH_NP15_GEN-APND,DAM,MCC,LMP_CONG_PRC,TH_NP15_GEN-APND,ALL_APNODES,0,0,106
2017-09-06T08:00:00-00:00,2017-09-06T09:00:00-00:00,2017-09-06,2,0,TH_NP15_GEN-APND,TH_NP15_GEN-APND,TH_NP15_GEN-APND,DAM,MCC,LMP_CONG_PRC,TH_NP15_GEN-APND,ALL_APNODES,0,-0.08082,106
2017-09-06T12:00:00-00:00,2017-09-06T13:00:00-00:00,2017-09-06,6,0,TH_NP15_GEN-APND,TH_NP15_GEN-APND,TH_NP15_GEN-APND,DAM,MCC,LMP_CONG_PRC,TH_NP15_GEN-APND,ALL_APNODES,0,-0.05574,106
2017-09-07T01:00:00-00:00,2017-09-07T02:00:00-00:00,2017-09-06,19,0,TH_NP15_GEN-APND,TH_NP15_GEN-APND,TH_NP15_GEN-APND,DAM,MCC,LMP_CONG_PRC,TH_NP15_GEN-APND,ALL_APNODES,0,0,106
2017-09-07T04:00:00-00:00,2017-09-07T05:00:00-00:00,2017-09-06,22,0,TH_NP15_GEN-APND,TH_NP15_GEN-APND,TH_NP15_GEN-APND,DAM,MCC,LMP_CONG_PRC,TH_NP15_GEN-APND,ALL_APNODES,0,0,106
2017-09-06T11:00:00-00:00,2017-09-06T12:00:00-00:00,2017-09-06,5,0,TH_NP15_GEN-APND,TH_NP15_GEN-APND,TH_NP15_GEN-APND,DAM,MCC,LMP_CONG_PRC,TH_NP15_GEN-APND,ALL_APNODES,0,0,106
2017-09-06T14:00:00-00:00,2017-09-06T15:00:00-00:00,2017-09-06,8,0,TH_NP15_GEN-APND,TH_NP15_GEN-APND,TH_NP15_GEN-APND,DAM,MCC,LMP_CONG_PRC,TH_NP15_GEN-APND,ALL_APNODES,0,0,106
2017-09-06T18:00:00-00:00,2017-09-06T19:00:00-00:00,2017-09-06,12,0,TH_NP15_GEN-APND,TH_NP15_GEN-APND,TH_NP15_GEN-APND,DAM,MCC,LMP_CONG_PRC,TH_NP15_GEN-APND,ALL_APNODES,0,-0.33088,106
2017-09-06T20:00:00-00:00,2017-09-06T21:00:00-00:00,2017-09-06,14,0,TH_NP15_GEN-APND,TH_NP15_GEN-APND,TH_NP15_GEN-APND,DAM,MCC,LMP_CONG_PRC,TH_NP15_GEN-APND,ALL_APNODES,0,0,106
2017-09-06T09:00:00-00:00,2017-09-06T10:00:00-00:00,2017-09-06,3,0,TH_NP15_GEN-APND,TH_NP15_GEN-APND,TH_NP15_GEN-APND,DAM,MCC,LMP_CONG_PRC,TH_NP15_GEN-APND,ALL_APNODES,0,-0.0584,106
2017-09-06T15:00:00-00:00,2017-09-06T16:00:00-00:00,2017-09-06,9,0,TH_NP15_GEN-APND,TH_NP15_GEN-APND,TH_NP15_GEN-APND,DAM,MCC,LMP_CONG_PRC,TH_NP15_GEN-APND,ALL_APNODES,0,0,106
2017-09-06T19:00:00-00:00,2017-09-06T20:00:00-00:00,2017-09-06,13,0,TH_NP15_GEN-APND,TH_NP15_GEN-APND,TH_NP15_GEN-APND,DAM,MCC,LMP_CONG_PRC,TH_NP15_GEN-APND,ALL_APNODES,0,0,106
2017-09-06T10:00:00-00:00,2017-09-06T11:00:00-00:00,2017-09-06,4,0,TH_NP15_GEN-APND,TH_NP15_GEN-APND,TH_NP15_GEN-APND,DAM,MCC,LMP_CONG_PRC,TH_NP15_GEN-APND,ALL_APNODES,0,-0.05009,106
2017-09-06T13:00:00-00:00,2017-09-06T14:00:00-00:00,2017-09-06,7,0,TH_NP15_GEN-APND,TH_NP15_GEN-APND,TH_NP15_GEN-APND,DAM,MCC,LMP_CONG_PRC,TH_NP15_GEN-APND,ALL_APNODES,0,0,106
2017-09-06T07:00:00-00:00,2017-09-06T08:00:00-00:00,2017-09-06,1,0,TH_NP15_GEN-APND,TH_NP15_GEN-APND,TH_NP15_GEN-APND,DAM,MCC,LMP_CONG_PRC,TH_NP15_GEN-APND,ALL_APNODES,0,0,106
2017-09-07T03:00:00-00:00,2017-09-07T04:00:00-00:00,2017-09-06,21,0,TH_NP15_GEN-APND,TH_NP15_GEN-APND,TH_NP15_GEN-APND,DAM,MCC,LMP_CONG_PRC,TH_NP15_GEN-APND,ALL_APNODES,0,0,106
2017-09-06T21:00:00-00:00,2017-09-06T22:00:00-00:00,2017-09-06,15,0,TH_NP15_GEN-APND,TH_NP15_GEN-APND,TH_NP15_GEN-APND,DAM,MCC,LMP_CONG_PRC,TH_NP15_GEN-APND,ALL_APNODES,0,0,106
2017-09-06T17:00:00-00:00,2017-09-06T18:00:00-00:00,2017-09-06,11,0,TH_NP15_GEN-APND,TH_NP15_GEN-APND,TH_NP15_GEN-APND,DAM,MCC,LMP_CONG_PRC,TH_NP15_GEN-APND,ALL_APNODES,0,-0.15031,106
2017-09-07T02:00:00-00:00,2017-09-07T03:00:00-00:00,2017-09-06,20,0,TH_NP15_GEN-APND,TH_NP15_GEN-APND,TH_NP15_GEN-APND,DAM,MCC,LMP_CONG_PRC,TH_NP15_GEN-APND,ALL_APNODES,0,0,106
2017-09-07T05:00:00-00:00,2017-09-07T06:00:00-00:00,2017-09-06,23,0,TH_NP15_GEN-APND,TH_NP15_GEN-APND,TH_NP15_GEN-APND,DAM,MCC,LMP_CONG_PRC,TH_NP15_GEN-APND,ALL_APNODES,0,-0.18816,106
2017-09-06T16:00:00-00:00,2017-09-06T17:00:00-00:00,2017-09-06,10,0,TH_NP15_GEN-APND,TH_NP15_GEN-APND,TH_NP15_GEN-APND,DAM,MCC,LMP_CONG_PRC,TH_NP15_GEN-APND,ALL_APNODES,0,0,106
2017-09-06T23:00:00-00:00,2017-09-07T00:00:00-00:00,2017-09-06,17,0,TH_NP15_GEN-APND,TH_NP15_GEN-APND,TH_NP15_GEN-APND,DAM,MCC,LMP_CONG_PRC,TH_NP15_GEN-APND,ALL_APNODES,0,0,106
2017-09-06T11:00:00-00:00,2017-09-06T12:00:00-00:00,2017-09-06,5,0,TH_NP15_GEN-APND,TH_NP15_GEN-APND,TH_NP15_GEN-APND,DAM,MCE,LMP_ENE_PRC,TH_NP15_GEN-APND,ALL_APNODES,0,29.4635,107
2017-09-06T22:00:00-00:00,2017-09-06T23:00:00-00:00,2017-09-06,16,0,TH_NP15_GEN-APND,TH_NP15_GEN-APND,TH_NP15_GEN-APND,DAM,MCE,LMP_ENE_PRC,TH_NP15_GEN-APND,ALL_APNODES,0,47.61755,107
2017-09-07T06:00:00-00:00,2017-09-07T07:00:00-00:00,2017-09-06,24,0,TH_NP15_GEN-APND,TH_NP15_GEN-APND,TH_NP15_GEN-APND,DAM,MCE,LMP_ENE_PRC,TH_NP15_GEN-APND,ALL_APNODES,0,36.59988,107
2017-09-07T01:00:00-00:00,2017-09-07T02:00:00-00:00,2017-09-06,19,0,TH_NP15_GEN-APND,TH_NP15_GEN-APND,TH_NP15_GEN-APND,DAM,MCE,LMP_ENE_PRC,TH_NP15_GEN-APND,ALL_APNODES,0,71.58425,107
2017-09-06T07:00:00-00:00,2017-09-06T08:00:00-00:00,2017-09-06,1,0,TH_NP15_GEN-APND,TH_NP15_GEN-APND,TH_NP15_GEN-APND,DAM,MCE,LMP_ENE_PRC,TH_NP15_GEN-APND,ALL_APNODES,0,32.11859,107
2017-09-07T00:00:00-00:00,2017-09-07T01:00:00-00:00,2017-09-06,18,0,TH_NP15_GEN-APND,TH_NP15_GEN-APND,TH_NP15_GEN-APND,DAM,MCE,LMP_ENE_PRC,TH_NP15_GEN-APND,ALL_APNODES,0,56.26642,107
2017-09-06T21:00:00-00:00,2017-09-06T22:00:00-00:00,2017-09-06,15,0,TH_NP15_GEN-APND,TH_NP15_GEN-APND,TH_NP15_GEN-APND,DAM,MCE,LMP_ENE_PRC,TH_NP15_GEN-APND,ALL_APNODES,0,45.02918,107
2017-09-06T20:00:00-00:00,2017-09-06T21:00:00-00:00,2017-09-06,14,0,TH_NP15_GEN-APND,TH_NP15_GEN-APND,TH_NP15_GEN-APND,DAM,MCE,LMP_ENE_PRC,TH_NP15_GEN-APND,ALL_APNODES,0,42.7716,107
2017-09-06T15:00:00-00:00,2017-09-06T16:00:00-00:00,2017-09-06,9,0,TH_NP15_GEN-APND,TH_NP15_GEN-APND,TH_NP15_GEN-APND,DAM,MCE,LMP_ENE_PRC,TH_NP15_GEN-APND,ALL_APNODES,0,34.07901,107
2017-09-07T04:00:00-00:00,2017-09-07T05:00:00-00:00,2017-09-06,22,0,TH_NP15_GEN-APND,TH_NP15_GEN-APND,TH_NP15_GEN-APND,DAM,MCE,LMP_ENE_PRC,TH_NP15_GEN-APND,ALL_APNODES,0,44.66984,107
2017-09-06T12:00:00-00:00,2017-09-06T13:00:00-00:00,2017-09-06,6,0,TH_NP15_GEN-APND,TH_NP15_GEN-APND,TH_NP15_GEN-APND,DAM,MCE,LMP_ENE_PRC,TH_NP15_GEN-APND,ALL_APNODES,0,32.37395,107
2017-09-06T09:00:00-00:00,2017-09-06T10:00:00-00:00,2017-09-06,3,0,TH_NP15_GEN-APND,TH_NP15_GEN-APND,TH_NP15_GEN-APND,DAM,MCE,LMP_ENE_PRC,TH_NP15_GEN-APND,ALL_APNODES,0,29.47997,107
2017-09-06T13:00:00-00:00,2017-09-06T14:00:00-00:00,2017-09-06,7,0,TH_NP15_GEN-APND,TH_NP15_GEN-APND,TH_NP15_GEN-APND,DAM,MCE,LMP_ENE_PRC,TH_NP15_GEN-APND,ALL_APNODES,0,38.96259,107
2017-09-07T03:00:00-00:00,2017-09-07T04:00:00-00:00,2017-09-06,21,0,TH_NP15_GEN-APND,TH_NP15_GEN-APND,TH_NP15_GEN-APND,DAM,MCE,LMP_ENE_PRC,TH_NP15_GEN-APND,ALL_APNODES,0,53.67939,107
2017-09-06T10:00:00-00:00,2017-09-06T11:00:00-00:00,2017-09-06,4,0,TH_NP15_GEN-APND,TH_NP15_GEN-APND,TH_NP15_GEN-APND,DAM,MCE,LMP_ENE_PRC,TH_NP15_GEN-APND,ALL_APNODES,0,28.82648,107
2017-09-06T23:00:00-00:00,2017-09-07T00:00:00-00:00,2017-09-06,17,0,TH_NP15_GEN-APND,TH_NP15_GEN-APND,TH_NP15_GEN-APND,DAM,MCE,LMP_ENE_PRC,TH_NP15_GEN-APND,ALL_APNODES,0,52.51362,107
2017-09-07T05:00:00-00:00,2017-09-07T06:00:00-00:00,2017-09-06,23,0,TH_NP15_GEN-APND,TH_NP15_GEN-APND,TH_NP15_GEN-APND,DAM,MCE,LMP_ENE_PRC,TH_NP15_GEN-APND,ALL_APNODES,0,39.29871,107
2017-09-06T08:00:00-00:00,2017-09-06T09:00:00-00:00,2017-09-06,2,0,TH_NP15_GEN-APND,TH_NP15_GEN-APND,TH_NP15_GEN-APND,DAM,MCE,LMP_ENE_PRC,TH_NP15_GEN-APND,ALL_APNODES,0,30.57744,107
2017-09-06T19:00:00-00:00,2017-09-06T20:00:00-00:00,2017-09-06,13,0,TH_NP15_GEN-APND,TH_NP15_GEN-APND,TH_NP15_GEN-APND,DAM,MCE,LMP_ENE_PRC,TH_NP15_GEN-APND,ALL_APNODES,0,38.39853,107
2017-09-06T17:00:00-00:00,2017-09-06T18:00:00-00:00,2017-09-06,11,0,TH_NP15_GEN-APND,TH_NP15_GEN-APND,TH_NP15_GEN-APND,DAM,MCE,LMP_ENE_PRC,TH_NP15_GEN-APND,ALL_APNODES,0,35.7087,107
2017-09-06T16:00:00-00:00,2017-09-06T17:00:00-00:00,2017-09-06,10,0,TH_NP15_GEN-APND,TH_NP15_GEN-APND,TH_NP15_GEN-APND,DAM,MCE,LMP_ENE_PRC,TH_NP15_GEN-APND,ALL_APNODES,0,33.44996,107
2017-09-07T02:00:00-00:00,2017-09-07T03:00:00-00:00,2017-09-06,20,0,TH_NP15_GEN-APND,TH_NP15_GEN-APND,TH_NP15_GEN-APND,DAM,MCE,LMP_ENE_PRC,TH_NP15_GEN-APND,ALL_APNODES,0,62.84444,107
2017-09-06T14:00:00-00:00,2017-09-06T15:00:00-00:00,2017-09-06,8,0,TH_NP15_GEN-APND,TH_NP15_GEN-APND,TH_NP15_GEN-APND,DAM,MCE,LMP_ENE_PRC,TH_NP15_GEN-APND,ALL_APNODES,0,38.65902,107
2017-09-06T18:00:00-00:00,2017-09-06T19:00:00-00:00,2017-09-06,12,0,TH_NP15_GEN-APND,TH_NP15_GEN-APND,TH_NP15_GEN-APND,DAM,MCE,LMP_ENE_PRC,TH_NP15_GEN-APND,ALL_APNODES,0,37.09419,107
2017-09-07T05:00:00-00:00,2017-09-07T06:00:00-00:00,2017-09-06,23,0,TH_NP15_GEN-APND,TH_NP15_GEN-APND,TH_NP15_GEN-APND,DAM,MCL,LMP_LOSS_PRC,TH_NP15_GEN-APND,ALL_APNODES,0,-0.96282,108
2017-09-06T09:00:00-00:00,2017-09-06T10:00:00-00:00,2017-09-06,3,0,TH_NP15_GEN-APND,TH_NP15_GEN-APND,TH_NP15_GEN-APND,DAM,MCL,LMP_LOSS_PRC,TH_NP15_GEN-APND,ALL_APNODES,0,-0.42156,108
2017-09-06T18:00:00-00:00,2017-09-06T19:00:00-00:00,2017-09-06,12,0,TH_NP15_GEN-APND,TH_NP15_GEN-APND,TH_NP15_GEN-APND,DAM,MCL,LMP_LOSS_PRC,TH_NP15_GEN-APND,ALL_APNODES,0,-0.52674,108
2017-09-06T08:00:00-00:00,2017-09-06T09:00:00-00:00,2017-09-06,2,0,TH_NP15_GEN-APND,TH_NP15_GEN-APND,TH_NP15_GEN-APND,DAM,MCL,LMP_LOSS_PRC,TH_NP15_GEN-APND,ALL_APNODES,0,-0.34858,108
2017-09-07T04:00:00-00:00,2017-09-07T05:00:00-00:00,2017-09-06,22,0,TH_NP15_GEN-APND,TH_NP15_GEN-APND,TH_NP15_GEN-APND,DAM,MCL,LMP_LOSS_PRC,TH_NP15_GEN-APND,ALL_APNODES,0,-1.37136,108
2017-09-07T02:00:00-00:00,2017-09-07T03:00:00-00:00,2017-09-06,20,0,TH_NP15_GEN-APND,TH_NP15_GEN-APND,TH_NP15_GEN-APND,DAM,MCL,LMP_LOSS_PRC,TH_NP15_GEN-APND,ALL_APNODES,0,-2.24355,108
2017-09-06T07:00:00-00:00,2017-09-06T08:00:00-00:00,2017-09-06,1,0,TH_NP15_GEN-APND,TH_NP15_GEN-APND,TH_NP15_GEN-APND,DAM,MCL,LMP_LOSS_PRC,TH_NP15_GEN-APND,ALL_APNODES,0,-0.47857,108
2017-09-06T22:00:00-00:00,2017-09-06T23:00:00-00:00,2017-09-06,16,0,TH_NP15_GEN-APND,TH_NP15_GEN-APND,TH_NP15_GEN-APND,DAM,MCL,LMP_LOSS_PRC,TH_NP15_GEN-APND,ALL_APNODES,0,-1.69995,108
2017-09-06T20:00:00-00:00,2017-09-06T21:00:00-00:00,2017-09-06,14,0,TH_NP15_GEN-APND,TH_NP15_GEN-APND,TH_NP15_GEN-APND,DAM,MCL,LMP_LOSS_PRC,TH_NP15_GEN-APND,ALL_APNODES,0,-1.27459,108
2017-09-07T03:00:00-00:00,2017-09-07T04:00:00-00:00,2017-09-06,21,0,TH_NP15_GEN-APND,TH_NP15_GEN-APND,TH_NP15_GEN-APND,DAM,MCL,LMP_LOSS_PRC,TH_NP15_GEN-APND,ALL_APNODES,0,-1.91099,108
2017-09-06T19:00:00-00:00,2017-09-06T20:00:00-00:00,2017-09-06,13,0,TH_NP15_GEN-APND,TH_NP15_GEN-APND,TH_NP15_GEN-APND,DAM,MCL,LMP_LOSS_PRC,TH_NP15_GEN-APND,ALL_APNODES,0,-1.07132,108
2017-09-07T01:00:00-00:00,2017-09-07T02:00:00-00:00,2017-09-06,19,0,TH_NP15_GEN-APND,TH_NP15_GEN-APND,TH_NP15_GEN-APND,DAM,MCL,LMP_LOSS_PRC,TH_NP15_GEN-APND,ALL_APNODES,0,-2.62714,108
2017-09-06T14:00:00-00:00,2017-09-06T15:00:00-00:00,2017-09-06,8,0,TH_NP15_GEN-APND,TH_NP15_GEN-APND,TH_NP15_GEN-APND,DAM,MCL,LMP_LOSS_PRC,TH_NP15_GEN-APND,ALL_APNODES,0,-0.48324,108
2017-09-07T06:00:00-00:00,2017-09-07T07:00:00-00:00,2017-09-06,24,0,TH_NP15_GEN-APND,TH_NP15_GEN-APND,TH_NP15_GEN-APND,DAM,MCL,LMP_LOSS_PRC,TH_NP15_GEN-APND,ALL_APNODES,0,-0.30744,108
2017-09-06T17:00:00-00:00,2017-09-06T18:00:00-00:00,2017-09-06,11,0,TH_NP15_GEN-APND,TH_NP15_GEN-APND,TH_NP15_GEN-APND,DAM,MCL,LMP_LOSS_PRC,TH_NP15_GEN-APND,ALL_APNODES,0,-0.42493,108
2017-09-06T12:00:00-00:00,2017-09-06T13:00:00-00:00,2017-09-06,6,0,TH_NP15_GEN-APND,TH_NP15_GEN-APND,TH_NP15_GEN-APND,DAM,MCL,LMP_LOSS_PRC,TH_NP15_GEN-APND,ALL_APNODES,0,-0.39496,108
2017-09-06T13:00:00-00:00,2017-09-06T14:00:00-00:00,2017-09-06,7,0,TH_NP15_GEN-APND,TH_NP15_GEN-APND,TH_NP15_GEN-APND,DAM,MCL,LMP_LOSS_PRC,TH_NP15_GEN-APND,ALL_APNODES,0,-0.51041,108
2017-09-06T10:00:00-00:00,2017-09-06T11:00:00-00:00,2017-09-06,4,0,TH_NP15_GEN-APND,TH_NP15_GEN-APND,TH_NP15_GEN-APND,DAM,MCL,LMP_LOSS_PRC,TH_NP15_GEN-APND,ALL_APNODES,0,-0.40645,108
2017-09-07T00:00:00-00:00,2017-09-07T01:00:00-00:00,2017-09-06,18,0,TH_NP15_GEN-APND,TH_NP15_GEN-APND,TH_NP15_GEN-APND,DAM,MCL,LMP_LOSS_PRC,TH_NP15_GEN-APND,ALL_APNODES,0,-1.96932,108
2017-09-06T21:00:00-00:00,2017-09-06T22:00:00-00:00,2017-09-06,15,0,TH_NP15_GEN-APND,TH_NP15_GEN-APND,TH_NP15_GEN-APND,DAM,MCL,LMP_LOSS_PRC,TH_NP15_GEN-APND,ALL_APNODES,0,-1.34187,108
2017-09-06T11:00:00-00:00,2017-09-06T12:00:00-00:00,2017-09-06,5,0,TH_NP15_GEN-APND,TH_NP15_GEN-APND,TH_NP15_GEN-APND,DAM,MCL,LMP_LOSS_PRC,TH_NP15_GEN-APND,ALL_APNODES,0,-0.32704,108
2017-09-06T16:00:00-00:00,2017-09-06T17:00:00-00:00,2017-09-06,10,0,TH_NP15_GEN-APND,TH_NP15_GEN-APND,TH_NP15_GEN-APND,DAM,MCL,LMP_LOSS_PRC,TH_NP15_GEN-APND,ALL_APNODES,0,-0.45492,108
2017-09-06T23:00:00-00:00,2017-09-07T00:00:00-00:00,2017-09-06,17,0,TH_NP15_GEN-APND,TH_NP15_GEN-APND,TH_NP15_GEN-APND,DAM,MCL,LMP_LOSS_PRC,TH_NP15_GEN-APND,ALL_APNODES,0,-1.62267,108
2017-09-06T15:00:00-00:00,2017-09-06T16:00:00-00:00,2017-09-06,9,0,TH_NP15_GEN-APND,TH_NP15_GEN-APND,TH_NP15_GEN-APND,DAM,MCL,LMP_LOSS_PRC,TH_NP15_GEN-APND,ALL_APNODES,0,-0.37828,108
2017-09-06T18:00:00-00:00,2017-09-06T19:00:00-00:00,2017-09-06,12,0,TH_SP15_GEN-APND,TH_SP15_GEN-APND,TH_SP15_GEN-APND,DAM,LMP,LMP_PRC,TH_SP15_GEN-APND,ALL_APNODES,0,35.55478,109
2017-09-06T07:00:00-00:00,2017-09-06T08:00:00-00:00,2017-09-06,1,0,TH_SP15_GEN-APND,TH_SP15_GEN-APND,TH_SP15_GEN-APND,DAM,LMP,LMP_PRC,TH_SP15_GEN-APND,ALL_APNODES,0,31.15503,109
2017-09-06T20:00:00-00:00,2017-09-06T21:00:00-00:00,2017-09-06,14,0,TH_SP15_GEN-APND,TH_SP15_GEN-APND,TH_SP15_GEN-APND,DAM,LMP,LMP_PRC,TH_SP15_GEN-APND,ALL_APNODES,0,41.28315,109
2017-09-06T23:00:00-00:00,2017-09-07T00:00:00-00:00,2017-09-06,17,0,TH_SP15_GEN-APND,TH_SP15_GEN-APND,TH_SP15_GEN-APND,DAM,LMP,LMP_PRC,TH_SP15_GEN-APND,ALL_APNODES,0,50.3343,109
2017-09-06T09:00:00-00:00,2017-09-06T10:00:00-00:00,2017-09-06,3,0,TH_SP15_GEN-APND,TH_SP15_GEN-APND,TH_SP15_GEN-APND,DAM,LMP,LMP_PRC,TH_SP15_GEN-APND,ALL_APNODES,0,28.60146,109
2017-09-06T10:00:00-00:00,2017-09-06T11:00:00-00:00,2017-09-06,4,0,TH_SP15_GEN-APND,TH_SP15_GEN-APND,TH_SP15_GEN-APND,DAM,LMP,LMP_PRC,TH_SP15_GEN-APND,ALL_APNODES,0,27.97033,109
2017-09-07T04:00:00-00:00,2017-09-07T05:00:00-00:00,2017-09-06,22,0,TH_SP15_GEN-APND,TH_SP15_GEN-APND,TH_SP15_GEN-APND,DAM,LMP,LMP_PRC,TH_SP15_GEN-APND,ALL_APNODES,0,43.32975,109
2017-09-06T22:00:00-00:00,2017-09-06T23:00:00-00:00,2017-09-06,16,0,TH_SP15_GEN-APND,TH_SP15_GEN-APND,TH_SP15_GEN-APND,DAM,LMP,LMP_PRC,TH_SP15_GEN-APND,ALL_APNODES,0,45.74142,109
2017-09-06T21:00:00-00:00,2017-09-06T22:00:00-00:00,2017-09-06,15,0,TH_SP15_GEN-APND,TH_SP15_GEN-APND,TH_SP15_GEN-APND,DAM,LMP,LMP_PRC,TH_SP15_GEN-APND,ALL_APNODES,0,43.24152,109
2017-09-06T11:00:00-00:00,2017-09-06T12:00:00-00:00,2017-09-06,5,0,TH_SP15_GEN-APND,TH_SP15_GEN-APND,TH_SP15_GEN-APND,DAM,LMP,LMP_PRC,TH_SP15_GEN-APND,ALL_APNODES,0,28.49415,109
2017-09-06T13:00:00-00:00,2017-09-06T14:00:00-00:00,2017-09-06,7,0,TH_SP15_GEN-APND,TH_SP15_GEN-APND,TH_SP15_GEN-APND,DAM,LMP,LMP_PRC,TH_SP15_GEN-APND,ALL_APNODES,0,37.6028,109
2017-09-07T01:00:00-00:00,2017-09-07T02:00:00-00:00,2017-09-06,19,0,TH_SP15_GEN-APND,TH_SP15_GEN-APND,TH_SP15_GEN-APND,DAM,LMP,LMP_PRC,TH_SP15_GEN-APND,ALL_APNODES,0,69.63,109
2017-09-07T02:00:00-00:00,2017-09-07T03:00:00-00:00,2017-09-06,20,0,TH_SP15_GEN-APND,TH_SP15_GEN-APND,TH_SP15_GEN-APND,DAM,LMP,LMP_PRC,TH_SP15_GEN-APND,ALL_APNODES,0,61.1225,109
2017-09-07T05:00:00-00:00,2017-09-07T06:00:00-00:00,2017-09-06,23,0,TH_SP15_GEN-APND,TH_SP15_GEN-APND,TH_SP15_GEN-APND,DAM,LMP,LMP_PRC,TH_SP15_GEN-APND,ALL_APNODES,0,38.06473,109
2017-09-06T17:00:00-00:00,2017-09-06T18:00:00-00:00,2017-09-06,11,0,TH_SP15_GEN-APND,TH_SP15_GEN-APND,TH_SP15_GEN-APND,DAM,LMP,LMP_PRC,TH_SP15_GEN-APND,ALL_APNODES,0,34.21965,109
2017-09-07T00:00:00-00:00,2017-09-07T01:00:00-00:00,2017-09-06,18,0,TH_SP15_GEN-APND,TH_SP15_GEN-APND,TH_SP15_GEN-APND,DAM,LMP,LMP_PRC,TH_SP15_GEN-APND,ALL_APNODES,0,54.26334,109
2017-09-06T12:00:00-00:00,2017-09-06T13:00:00-00:00,2017-09-06,6,0,TH_SP15_GEN-APND,TH_SP15_GEN-APND,TH_SP15_GEN-APND,DAM,LMP,LMP_PRC,TH_SP15_GEN-APND,ALL_APNODES,0,31.27,109
2017-09-06T14:00:00-00:00,2017-09-06T15:00:00-00:00,2017-09-06,8,0,TH_SP15_GEN-APND,TH_SP15_GEN-APND,TH_SP15_GEN-APND,DAM,LMP,LMP_PRC,TH_SP15_GEN-APND,ALL_APNODES,0,37.20544,109
2017-09-07T03:00:00-00:00,2017-09-07T04:00:00-00:00,2017-09-06,21,0,TH_SP15_GEN-APND,TH_SP15_GEN-APND,TH_SP15_GEN-APND,DAM,LMP,LMP_PRC,TH_SP15_GEN-APND,ALL_APNODES,0,52.14953,109
2017-09-06T19:00:00-00:00,2017-09-06T20:00:00-00:00,2017-09-06,13,0,TH_SP15_GEN-APND,TH_SP15_GEN-APND,TH_SP15_GEN-APND,DAM,LMP,LMP_PRC,TH_SP15_GEN-APND,ALL_APNODES,0,37.07378,109
2017-09-06T15:00:00-00:00,2017-09-06T16:00:00-00:00,2017-09-06,9,0,TH_SP15_GEN-APND,TH_SP15_GEN-APND,TH_SP15_GEN-APND,DAM,LMP,LMP_PRC,TH_SP15_GEN-APND,ALL_APNODES,0,32.75334,109
2017-09-07T06:00:00-00:00,2017-09-07T07:00:00-00:00,2017-09-06,24,0,TH_SP15_GEN-APND,TH_SP15_GEN-APND,TH_SP15_GEN-APND,DAM,LMP,LMP_PRC,TH_SP15_GEN-APND,ALL_APNODES,0,35.20543,109
2017-09-06T16:00:00-00:00,2017-09-06T17:00:00-00:00,2017-09-06,10,0,TH_SP15_GEN-APND,TH_SP15_GEN-APND,TH_SP15_GEN-APND,DAM,LMP,LMP_PRC,TH_SP15_GEN-APND,ALL_APNODES,0,32.16213,109
2017-09-06T08:00:00-00:00,2017-09-06T09:00:00-00:00,2017-09-06,2,0,TH_SP15_GEN-APND,TH_SP15_GEN-APND,TH_SP15_GEN-APND,DAM,LMP,LMP_PRC,TH_SP15_GEN-APND,ALL_APNODES,0,29.58062,109
2017-09-07T04:00:00-00:00,2017-09-07T05:00:00-00:00,2017-09-06,22,0,TH_SP15_GEN-APND,TH_SP15_GEN-APND,TH_SP15_GEN-APND,DAM,MCC,LMP_CONG_PRC,TH_SP15_GEN-APND,ALL_APNODES,0,0,110
2017-09-06T20:00:00-00:00,2017-09-06T21:00:00-00:00,2017-09-06,14,0,TH_SP15_GEN-APND,TH_SP15_GEN-APND,TH_SP15_GEN-APND,DAM,MCC,LMP_CONG_PRC,TH_SP15_GEN-APND,ALL_APNODES,0,0,110
2017-09-06T15:00:00-00:00,2017-09-06T16:00:00-00:00,2017-09-06,9,0,TH_SP15_GEN-APND,TH_SP15_GEN-APND,TH_SP15_GEN-APND,DAM,MCC,LMP_CONG_PRC,TH_SP15_GEN-APND,ALL_APNODES,0,0,110
2017-09-06T22:00:00-00:00,2017-09-06T23:00:00-00:00,2017-09-06,16,0,TH_SP15_GEN-APND,TH_SP15_GEN-APND,TH_SP15_GEN-APND,DAM,MCC,LMP_CONG_PRC,TH_SP15_GEN-APND,ALL_APNODES,0,0,110
2017-09-06T09:00:00-00:00,2017-09-06T10:00:00-00:00,2017-09-06,3,0,TH_SP15_GEN-APND,TH_SP15_GEN-APND,TH_SP15_GEN-APND,DAM,MCC,LMP_CONG_PRC,TH_SP15_GEN-APND,ALL_APNODES,0,0,110
2017-09-06T13:00:00-00:00,2017-09-06T14:00:00-00:00,2017-09-06,7,0,TH_SP15_GEN-APND,TH_SP15_GEN-APND,TH_SP15_GEN-APND,DAM,MCC,LMP_CONG_PRC,TH_SP15_GEN-APND,ALL_APNODES,0,0,110
2017-09-07T05:00:00-00:00,2017-09-07T06:00:00-00:00,2017-09-06,23,0,TH_SP15_GEN-APND,TH_SP15_GEN-APND,TH_SP15_GEN-APND,DAM,MCC,LMP_CONG_PRC,TH_SP15_GEN-APND,ALL_APNODES,0,0,110
2017-09-06T17:00:00-00:00,2017-09-06T18:00:00-00:00,2017-09-06,11,0,TH_SP15_GEN-APND,TH_SP15_GEN-APND,TH_SP15_GEN-APND,DAM,MCC,LMP_CONG_PRC,TH_SP15_GEN-APND,ALL_APNODES,0,0,110
2017-09-06T14:00:00-00:00,2017-09-06T15:00:00-00:00,2017-09-06,8,0,TH_SP15_GEN-APND,TH_SP15_GEN-APND,TH_SP15_GEN-APND,DAM,MCC,LMP_CONG_PRC,TH_SP15_GEN-APND,ALL_APNODES,0,0,110
2017-09-07T02:00:00-00:00,2017-09-07T03:00:00-00:00,2017-09-06,20,0,TH_SP15_GEN-APND,TH_SP15_GEN-APND,TH_SP15_GEN-APND,DAM,MCC,LMP_CONG_PRC,TH_SP15_GEN-APND,ALL_APNODES,0,0,110
2017-09-06T10:00:00-00:00,2017-09-06T11:00:00-00:00,2017-09-06,4,0,TH_SP15_GEN-APND,TH_SP15_GEN-APND,TH_SP15_GEN-APND,DAM,MCC,LMP_CONG_PRC,TH_SP15_GEN-APND,ALL_APNODES,0,0,110
2017-09-07T03:00:00-00:00,2017-09-07T04:00:00-00:00,2017-09-06,21,0,TH_SP15_GEN-APND,TH_SP15_GEN-APND,TH_SP15_GEN-APND,DAM,MCC,LMP_CONG_PRC,TH_SP15_GEN-APND,ALL_APNODES,0,0,110
2017-09-06T16:00:00-00:00,2017-09-06T17:00:00-00:00,2017-09-06,10,0,TH_SP15_GEN-APND,TH_SP15_GEN-APND,TH_SP15_GEN-APND,DAM,MCC,LMP_CONG_PRC,TH_SP15_GEN-APND,ALL_APNODES,0,0,110
2017-09-06T18:00:00-00:00,2017-09-06T19:00:00-00:00,2017-09-06,12,0,TH_SP15_GEN-APND,TH_SP15_GEN-APND,TH_SP15_GEN-APND,DAM,MCC,LMP_CONG_PRC,TH_SP15_GEN-APND,ALL_APNODES,0,0,110
2017-09-06T12:00:00-00:00,2017-09-06T13:00:00-00:00,2017-09-06,6,0,TH_SP15_GEN-APND,TH_SP15_GEN-APND,TH_SP15_GEN-APND,DAM,MCC,LMP_CONG_PRC,TH_SP15_GEN-APND,ALL_APNODES,0,0,110
2017-09-07T06:00:00-00:00,2017-09-07T07:00:00-00:00,2017-09-06,24,0,TH_SP15_GEN-APND,TH_SP15_GEN-APND,TH_SP15_GEN-APND,DAM,MCC,LMP_CONG_PRC,TH_SP15_GEN-APND,ALL_APNODES,0,0,110
2017-09-06T21:00:00-00:00,2017-09-06T22:00:00-00:00,2017-09-06,15,0,TH_SP15_GEN-APND,TH_SP15_GEN-APND,TH_SP15_GEN-APND,DAM,MCC,LMP_CONG_PRC,TH_SP15_GEN-APND,ALL_APNODES,0,0,110
2017-09-06T23:00:00-00:00,2017-09-07T00:00:00-00:00,2017-09-06,17,0,TH_SP15_GEN-APND,TH_SP15_GEN-APND,TH_SP15_GEN-APND,DAM,MCC,LMP_CONG_PRC,TH_SP15_GEN-APND,ALL_APNODES,0,0,110
2017-09-07T01:00:00-00:00,2017-09-07T02:00:00-00:00,2017-09-06,19,0,TH_SP15_GEN-APND,TH_SP15_GEN-APND,TH_SP15_GEN-APND,DAM,MCC,LMP_CONG_PRC,TH_SP15_GEN-APND,ALL_APNODES,0,0,110
2017-09-06T11:00:00-00:00,2017-09-06T12:00:00-00:00,2017-09-06,5,0,TH_SP15_GEN-APND,TH_SP15_GEN-APND,TH_SP15_GEN-APND,DAM,MCC,LMP_CONG_PRC,TH_SP15_GEN-APND,ALL_APNODES,0,0,110
2017-09-06T19:00:00-00:00,2017-09-06T20:00:00-00:00,2017-09-06,13,0,TH_SP15_GEN-APND,TH_SP15_GEN-APND,TH_SP15_GEN-APND,DAM,MCC,LMP_CONG_PRC,TH_SP15_GEN-APND,ALL_APNODES,0,0,110
2017-09-07T00:00:00-00:00,2017-09-07T01:00:00-00:00,2017-09-06,18,0,TH_SP15_GEN-APND,TH_SP15_GEN-APND,TH_SP15_GEN-APND,DAM,MCC,LMP_CONG_PRC,TH_SP15_GEN-APND,ALL_APNODES,0,0,110
2017-09-06T07:00:00-00:00,2017-09-06T08:00:00-00:00,2017-09-06,1,0,TH_SP15_GEN-APND,TH_SP15_GEN-APND,TH_SP15_GEN-APND,DAM,MCC,LMP_CONG_PRC,TH_SP15_GEN-APND,ALL_APNODES,0,0,110
2017-09-06T08:00:00-00:00,2017-09-06T09:00:00-00:00,2017-09-06,2,0,TH_SP15_GEN-APND,TH_SP15_GEN-APND,TH_SP15_GEN-APND,DAM,MCC,LMP_CONG_PRC,TH_SP15_GEN-APND,ALL_APNODES,0,0,110
2017-09-06T18:00:00-00:00,2017-09-06T19:00:00-00:00,2017-09-06,12,0,TH_SP15_GEN-APND,TH_SP15_GEN-APND,TH_SP15_GEN-APND,DAM,MCE,LMP_ENE_PRC,TH_SP15_GEN-APND,ALL_APNODES,0,37.09419,111
2017-09-06T22:00:00-00:00,2017-09-06T23:00:00-00:00,2017-09-06,16,0,TH_SP15_GEN-APND,TH_SP15_GEN-APND,TH_SP15_GEN-APND,DAM,MCE,LMP_ENE_PRC,TH_SP15_GEN-APND,ALL_APNODES,0,47.61755,111
2017-09-06T10:00:00-00:00,2017-09-06T11:00:00-00:00,2017-09-06,4,0,TH_SP15_GEN-APND,TH_SP15_GEN-APND,TH_SP15_GEN-APND,DAM,MCE,LMP_ENE_PRC,TH_SP15_GEN-APND,ALL_APNODES,0,28.82648,111
2017-09-06T08:00:00-00:00,2017-09-06T09:00:00-00:00,2017-09-06,2,0,TH_SP15_GEN-APND,TH_SP15_GEN-APND,TH_SP15_GEN-APND,DAM,MCE,LMP_ENE_PRC,TH_SP15_GEN-APND,ALL_APNODES,0,30.57744,111
2017-09-06T07:00:00-00:00,2017-09-06T08:00:00-00:00,2017-09-06,1,0,TH_SP15_GEN-APND,TH_SP15_GEN-APND,TH_SP15_GEN-APND,DAM,MCE,LMP_ENE_PRC,TH_SP15_GEN-APND,ALL_APNODES,0,32.11859,111
2017-09-06T16:00:00-00:00,2017-09-06T17:00:00-00:00,2017-09-06,10,0,TH_SP15_GEN-APND,TH_SP15_GEN-APND,TH_SP15_GEN-APND,DAM,MCE,LMP_ENE_PRC,TH_SP15_GEN-APND,ALL_APNODES,0,33.44996,111
2017-09-07T02:00:00-00:00,2017-09-07T03:00:00-00:00,2017-09-06,20,0,TH_SP15_GEN-APND,TH_SP15_GEN-APND,TH_SP15_GEN-APND,DAM,MCE,LMP_ENE_PRC,TH_SP15_GEN-APND,ALL_APNODES,0,62.84444,111
2017-09-06T14:00:00-00:00,2017-09-06T15:00:00-00:00,2017-09-06,8,0,TH_SP15_GEN-APND,TH_SP15_GEN-APND,TH_SP15_GEN-APND,DAM,MCE,LMP_ENE_PRC,TH_SP15_GEN-APND,ALL_APNODES,0,38.65902,111
2017-09-06T15:00:00-00:00,2017-09-06T16:00:00-00:00,2017-09-06,9,0,TH_SP15_GEN-APND,TH_SP15_GEN-APND,TH_SP15_GEN-APND,DAM,MCE,LMP_ENE_PRC,TH_SP15_GEN-APND,ALL_APNODES,0,34.07901,111
2017-09-06T09:00:00-00:00,2017-09-06T10:00:00-00:00,2017-09-06,3,0,TH_SP15_GEN-APND,TH_SP15_GEN-APND,TH_SP15_GEN-APND,DAM,MCE,LMP_ENE_PRC,TH_SP15_GEN-APND,ALL_APNODES,0,29.47997,111
2017-09-06T12:00:00-00:00,2017-09-06T13:00:00-00:00,2017-09-06,6,0,TH_SP15_GEN-APND,TH_SP15_GEN-APND,TH_SP15_GEN-APND,DAM,MCE,LMP_ENE_PRC,TH_SP15_GEN-APND,ALL_APNODES,0,32.37395,111
2017-09-06T21:00:00-00:00,2017-09-06T22:00:00-00:00,2017-09-06,15,0,TH_SP15_GEN-APND,TH_SP15_GEN-APND,TH_SP15_GEN-APND,DAM,MCE,LMP_ENE_PRC,TH_SP15_GEN-APND,ALL_APNODES,0,45.02918,111
2017-09-06T19:00:00-00:00,2017-09-06T20:00:00-00:00,2017-09-06,13,0,TH_SP15_GEN-APND,TH_SP15_GEN-APND,TH_SP15_GEN-APND,DAM,MCE,LMP_ENE_PRC,TH_SP15_GEN-APND,ALL_APNODES,0,38.39853,111
2017-09-06T17:00:00-00:00,2017-09-06T18:00:00-00:00,2017-09-06,11,0,TH_SP15_GEN-APND,TH_SP15_GEN-APND,TH_SP15_GEN-APND,DAM,MCE,LMP_ENE_PRC,TH_SP15_GEN-APND,ALL_APNODES,0,35.7087,111
2017-09-07T05:00:00-00:00,2017-09-07T06:00:00-00:00,2017-09-06,23,0,TH_SP15_GEN-APND,TH_SP15_GEN-APND,TH_SP15_GEN-APND,DAM,MCE,LMP_ENE_PRC,TH_SP15_GEN-APND,ALL_APNODES,0,39.29871,111
2017-09-07T04:00:00-00:00,2017-09-07T05:00:00-00:00,2017-09-06,22,0,TH_SP15_GEN-APND,TH_SP15_GEN-APND,TH_SP15_GEN-APND,DAM,MCE,LMP_ENE_PRC,TH_SP15_GEN-APND,ALL_APNODES,0,44.66984,111
2017-09-06T13:00:00-00:00,2017-09-06T14:00:00-00:00,2017-09-06,7,0,TH_SP15_GEN-APND,TH_SP15_GEN-APND,TH_SP15_GEN-APND,DAM,MCE,LMP_ENE_PRC,TH_SP15_GEN-APND,ALL_APNODES,0,38.96259,111
2017-09-06T11:00:00-00:00,2017-09-06T12:00:00-00:00,2017-09-06,5,0,TH_SP15_GEN-APND,TH_SP15_GEN-APND,TH_SP15_GEN-APND,DAM,MCE,LMP_ENE_PRC,TH_SP15_GEN-APND,ALL_APNODES,0,29.4635,111
2017-09-06T23:00:00-00:00,2017-09-07T00:00:00-00:00,2017-09-06,17,0,TH_SP15_GEN-APND,TH_SP15_GEN-APND,TH_SP15_GEN-APND,DAM,MCE,LMP_ENE_PRC,TH_SP15_GEN-APND,ALL_APNODES,0,52.51362,111
2017-09-06T20:00:00-00:00,2017-09-06T21:00:00-00:00,2017-09-06,14,0,TH_SP15_GEN-APND,TH_SP15_GEN-APND,TH_SP15_GEN-APND,DAM,MCE,LMP_ENE_PRC,TH_SP15_GEN-APND,ALL_APNODES,0,42.7716,111
2017-09-07T00:00:00-00:00,2017-09-07T01:00:00-00:00,2017-09-06,18,0,TH_SP15_GEN-APND,TH_SP15_GEN-APND,TH_SP15_GEN-APND,DAM,MCE,LMP_ENE_PRC,TH_SP15_GEN-APND,ALL_APNODES,0,56.26642,111
2017-09-07T06:00:00-00:00,2017-09-07T07:00:00-00:00,2017-09-06,24,0,TH_SP15_GEN-APND,TH_SP15_GEN-APND,TH_SP15_GEN-APND,DAM,MCE,LMP_ENE_PRC,TH_SP15_GEN-APND,ALL_APNODES,0,36.59988,111
2017-09-07T01:00:00-00:00,2017-09-07T02:00:00-00:00,2017-09-06,19,0,TH_SP15_GEN-APND,TH_SP15_GEN-APND,TH_SP15_GEN-APND,DAM,MCE,LMP_ENE_PRC,TH_SP15_GEN-APND,ALL_APNODES,0,71.58425,111
2017-09-07T03:00:00-00:00,2017-09-07T04:00:00-00:00,2017-09-06,21,0,TH_SP15_GEN-APND,TH_SP15_GEN-APND,TH_SP15_GEN-APND,DAM,MCE,LMP_ENE_PRC,TH_SP15_GEN-APND,ALL_APNODES,0,53.67939,111
2017-09-07T02:00:00-00:00,2017-09-07T03:00:00-00:00,2017-09-06,20,0,TH_SP15_GEN-APND,TH_SP15_GEN-APND,TH_SP15_GEN-APND,DAM,MCL,LMP_LOSS_PRC,TH_SP15_GEN-APND,ALL_APNODES,0,-1.72194,112
2017-09-06T10:00:00-00:00,2017-09-06T11:00:00-00:00,2017-09-06,4,0,TH_SP15_GEN-APND,TH_SP15_GEN-APND,TH_SP15_GEN-APND,DAM,MCL,LMP_LOSS_PRC,TH_SP15_GEN-APND,ALL_APNODES,0,-0.85615,112
2017-09-06T19:00:00-00:00,2017-09-06T20:00:00-00:00,2017-09-06,13,0,TH_SP15_GEN-APND,TH_SP15_GEN-APND,TH_SP15_GEN-APND,DAM,MCL,LMP_LOSS_PRC,TH_SP15_GEN-APND,ALL_APNODES,0,-1.32475,112
2017-09-06T16:00:00-00:00,2017-09-06T17:00:00-00:00,2017-09-06,10,0,TH_SP15_GEN-APND,TH_SP15_GEN-APND,TH_SP15_GEN-APND,DAM,MCL,LMP_LOSS_PRC,TH_SP15_GEN-APND,ALL_APNODES,0,-1.28782,112
2017-09-06T14:00:00-00:00,2017-09-06T15:00:00-00:00,2017-09-06,8,0,TH_SP15_GEN-APND,TH_SP15_GEN-APND,TH_SP15_GEN-APND,DAM,MCL,LMP_LOSS_PRC,TH_SP15_GEN-APND,ALL_APNODES,0,-1.45358,112
2017-09-06T23:00:00-00:00,2017-09-07T00:00:00-00:00,2017-09-06,17,0,TH_SP15_GEN-APND,TH_SP15_GEN-APND,TH_SP15_GEN-APND,DAM,MCL,LMP_LOSS_PRC,TH_SP15_GEN-APND,ALL_APNODES,0,-2.17932,112
2017-09-06T21:00:00-00:00,2017-09-06T22:00:00-00:00,2017-09-06,15,0,TH_SP15_GEN-APND,TH_SP15_GEN-APND,TH_SP15_GEN-APND,DAM,MCL,LMP_LOSS_PRC,TH_SP15_GEN-APND,ALL_APNODES,0,-1.78766,112
2017-09-07T04:00:00-00:00,2017-09-07T05:00:00-00:00,2017-09-06,22,0,TH_SP15_GEN-APND,TH_SP15_GEN-APND,TH_SP15_GEN-APND,DAM,MCL,LMP_LOSS_PRC,TH_SP15_GEN-APND,ALL_APNODES,0,-1.3401,112
2017-09-07T01:00:00-00:00,2017-09-07T02:00:00-00:00,2017-09-06,19,0,TH_SP15_GEN-APND,TH_SP15_GEN-APND,TH_SP15_GEN-APND,DAM,MCL,LMP_LOSS_PRC,TH_SP15_GEN-APND,ALL_APNODES,0,-1.95425,112
2017-09-06T12:00:00-00:00,2017-09-06T13:00:00-00:00,2017-09-06,6,0,TH_SP15_GEN-APND,TH_SP15_GEN-APND,TH_SP15_GEN-APND,DAM,MCL,LMP_LOSS_PRC,TH_SP15_GEN-APND,ALL_APNODES,0,-1.10395,112
2017-09-06T07:00:00-00:00,2017-09-06T08:00:00-00:00,2017-09-06,1,0,TH_SP15_GEN-APND,TH_SP15_GEN-APND,TH_SP15_GEN-APND,DAM,MCL,LMP_LOSS_PRC,TH_SP15_GEN-APND,ALL_APNODES,0,-0.96356,112
2017-09-06T18:00:00-00:00,2017-09-06T19:00:00-00:00,2017-09-06,12,0,TH_SP15_GEN-APND,TH_SP15_GEN-APND,TH_SP15_GEN-APND,DAM,MCL,LMP_LOSS_PRC,TH_SP15_GEN-APND,ALL_APNODES,0,-1.53941,112
2017-09-06T11:00:00-00:00,2017-09-06T12:00:00-00:00,2017-09-06,5,0,TH_SP15_GEN-APND,TH_SP15_GEN-APND,TH_SP15_GEN-APND,DAM,MCL,LMP_LOSS_PRC,TH_SP15_GEN-APND,ALL_APNODES,0,-0.96935,112
2017-09-06T13:00:00-00:00,2017-09-06T14:00:00-00:00,2017-09-06,7,0,TH_SP15_GEN-APND,TH_SP15_GEN-APND,TH_SP15_GEN-APND,DAM,MCL,LMP_LOSS_PRC,TH_SP15_GEN-APND,ALL_APNODES,0,-1.35979,112
2017-09-06T08:00:00-00:00,2017-09-06T09:00:00-00:00,2017-09-06,2,0,TH_SP15_GEN-APND,TH_SP15_GEN-APND,TH_SP15_GEN-APND,DAM,MCL,LMP_LOSS_PRC,TH_SP15_GEN-APND,ALL_APNODES,0,-0.99682,112
2017-09-06T22:00:00-00:00,2017-09-06T23:00:00-00:00,2017-09-06,16,0,TH_SP15_GEN-APND,TH_SP15_GEN-APND,TH_SP15_GEN-APND,DAM,MCL,LMP_LOSS_PRC,TH_SP15_GEN-APND,ALL_APNODES,0,-1.87613,112
2017-09-07T00:00:00-00:00,2017-09-07T01:00:00-00:00,2017-09-06,18,0,TH_SP15_GEN-APND,TH_SP15_GEN-APND,TH_SP15_GEN-APND,DAM,MCL,LMP_LOSS_PRC,TH_SP15_GEN-APND,ALL_APNODES,0,-2.00308,112
2017-09-07T03:00:00-00:00,2017-09-07T04:00:00-00:00,2017-09-06,21,0,TH_SP15_GEN-APND,TH_SP15_GEN-APND,TH_SP15_GEN-APND,DAM,MCL,LMP_LOSS_PRC,TH_SP15_GEN-APND,ALL_APNODES,0,-1.52986,112
2017-09-06T09:00:00-00:00,2017-09-06T10:00:00-00:00,2017-09-06,3,0,TH_SP15_GEN-APND,TH_SP15_GEN-APND,TH_SP15_GEN-APND,DAM,MCL,LMP_LOSS_PRC,TH_SP15_GEN-APND,ALL_APNODES,0,-0.8785,112
2017-09-06T20:00:00-00:00,2017-09-06T21:00:00-00:00,2017-09-06,14,0,TH_SP15_GEN-APND,TH_SP15_GEN-APND,TH_SP15_GEN-APND,DAM,MCL,LMP_LOSS_PRC,TH_SP15_GEN-APND,ALL_APNODES,0,-1.48845,112
2017-09-07T06:00:00-00:00,2017-09-07T07:00:00-00:00,2017-09-06,24,0,TH_SP15_GEN-APND,TH_SP15_GEN-APND,TH_SP15_GEN-APND,DAM,MCL,LMP_LOSS_PRC,TH_SP15_GEN-APND,ALL_APNODES,0,-1.39446,112
2017-09-06T15:00:00-00:00,2017-09-06T16:00:00-00:00,2017-09-06,9,0,TH_SP15_GEN-APND,TH_SP15_GEN-APND,TH_SP15_GEN-APND,DAM,MCL,LMP_LOSS_PRC,TH_SP15_GEN-APND,ALL_APNODES,0,-1.32567,112
2017-09-06T17:00:00-00:00,2017-09-06T18:00:00-00:00,2017-09-06,11,0,TH_SP15_GEN-APND,TH_SP15_GEN-APND,TH_SP15_GEN-APND,DAM,MCL,LMP_LOSS_PRC,TH_SP15_GEN-APND,ALL_APNODES,0,-1.48905,112
2017-09-07T05:00:00-00:00,2017-09-07T06:00:00-00:00,2017-09-06,23,0,TH_SP15_GEN-APND,TH_SP15_GEN-APND,TH_SP15_GEN-APND,DAM,MCL,LMP_LOSS_PRC,TH_SP15_GEN-APND,ALL_APNODES,0,-1.23398,112
2017-09-06T08:00:00-00:00,2017-09-06T09:00:00-00:00,2017-09-06,2,0,TH_ZP26_GEN-APND,TH_ZP26_GEN-APND,TH_ZP26_GEN-APND,DAM,LMP,LMP_PRC,TH_ZP26_GEN-APND,ALL_APNODES,0,29.44302,113
2017-09-06T21:00:00-00:00,2017-09-06T22:00:00-00:00,2017-09-06,15,0,TH_ZP26_GEN-APND,TH_ZP26_GEN-APND,TH_ZP26_GEN-APND,DAM,LMP,LMP_PRC,TH_ZP26_GEN-APND,ALL_APNODES,0,42.39497,113
2017-09-06T20:00:00-00:00,2017-09-06T21:00:00-00:00,2017-09-06,14,0,TH_ZP26_GEN-APND,TH_ZP26_GEN-APND,TH_ZP26_GEN-APND,DAM,LMP,LMP_PRC,TH_ZP26_GEN-APND,ALL_APNODES,0,40.30368,113
2017-09-06T22:00:00-00:00,2017-09-06T23:00:00-00:00,2017-09-06,16,0,TH_ZP26_GEN-APND,TH_ZP26_GEN-APND,TH_ZP26_GEN-APND,DAM,LMP,LMP_PRC,TH_ZP26_GEN-APND,ALL_APNODES,0,44.88431,113
2017-09-07T00:00:00-00:00,2017-09-07T01:00:00-00:00,2017-09-06,18,0,TH_ZP26_GEN-APND,TH_ZP26_GEN-APND,TH_ZP26_GEN-APND,DAM,LMP,LMP_PRC,TH_ZP26_GEN-APND,ALL_APNODES,0,53.48686,113
2017-09-06T09:00:00-00:00,2017-09-06T10:00:00-00:00,2017-09-06,3,0,TH_ZP26_GEN-APND,TH_ZP26_GEN-APND,TH_ZP26_GEN-APND,DAM,LMP,LMP_PRC,TH_ZP26_GEN-APND,ALL_APNODES,0,28.41574,113
2017-09-06T10:00:00-00:00,2017-09-06T11:00:00-00:00,2017-09-06,4,0,TH_ZP26_GEN-APND,TH_ZP26_GEN-APND,TH_ZP26_GEN-APND,DAM,LMP,LMP_PRC,TH_ZP26_GEN-APND,ALL_APNODES,0,27.80314,113
2017-09-06T14:00:00-00:00,2017-09-06T15:00:00-00:00,2017-09-06,8,0,TH_ZP26_GEN-APND,TH_ZP26_GEN-APND,TH_ZP26_GEN-APND,DAM,LMP,LMP_PRC,TH_ZP26_GEN-APND,ALL_APNODES,0,37.18224,113
2017-09-07T02:00:00-00:00,2017-09-07T03:00:00-00:00,2017-09-06,20,0,TH_ZP26_GEN-APND,TH_ZP26_GEN-APND,TH_ZP26_GEN-APND,DAM,LMP,LMP_PRC,TH_ZP26_GEN-APND,ALL_APNODES,0,60.41864,113
2017-09-07T04:00:00-00:00,2017-09-07T05:00:00-00:00,2017-09-06,22,0,TH_ZP26_GEN-APND,TH_ZP26_GEN-APND,TH_ZP26_GEN-APND,DAM,LMP,LMP_PRC,TH_ZP26_GEN-APND,ALL_APNODES,0,42.94558,113
2017-09-06T17:00:00-00:00,2017-09-06T18:00:00-00:00,2017-09-06,11,0,TH_ZP26_GEN-APND,TH_ZP26_GEN-APND,TH_ZP26_GEN-APND,DAM,LMP,LMP_PRC,TH_ZP26_GEN-APND,ALL_APNODES,0,33.60908,113
2017-09-06T23:00:00-00:00,2017-09-07T00:00:00-00:00,2017-09-06,17,0,TH_ZP26_GEN-APND,TH_ZP26_GEN-APND,TH_ZP26_GEN-APND,DAM,LMP,LMP_PRC,TH_ZP26_GEN-APND,ALL_APNODES,0,49.63587,113
2017-09-06T16:00:00-00:00,2017-09-06T17:00:00-00:00,2017-09-06,10,0,TH_ZP26_GEN-APND,TH_ZP26_GEN-APND,TH_ZP26_GEN-APND,DAM,LMP,LMP_PRC,TH_ZP26_GEN-APND,ALL_APNODES,0,31.74401,113
2017-09-07T01:00:00-00:00,2017-09-07T02:00:00-00:00,2017-09-06,19,0,TH_ZP26_GEN-APND,TH_ZP26_GEN-APND,TH_ZP26_GEN-APND,DAM,LMP,LMP_PRC,TH_ZP26_GEN-APND,ALL_APNODES,0,68.57771,113
2017-09-06T18:00:00-00:00,2017-09-06T19:00:00-00:00,2017-09-06,12,0,TH_ZP26_GEN-APND,TH_ZP26_GEN-APND,TH_ZP26_GEN-APND,DAM,LMP,LMP_PRC,TH_ZP26_GEN-APND,ALL_APNODES,0,34.76193,113
2017-09-06T19:00:00-00:00,2017-09-06T20:00:00-00:00,2017-09-06,13,0,TH_ZP26_GEN-APND,TH_ZP26_GEN-APND,TH_ZP26_GEN-APND,DAM,LMP,LMP_PRC,TH_ZP26_GEN-APND,ALL_APNODES,0,36.28277,113
2017-09-06T11:00:00-00:00,2017-09-06T12:00:00-00:00,2017-09-06,5,0,TH_ZP26_GEN-APND,TH_ZP26_GEN-APND,TH_ZP26_GEN-APND,DAM,LMP,LMP_PRC,TH_ZP26_GEN-APND,ALL_APNODES,0,28.38808,113
2017-09-06T15:00:00-00:00,2017-09-06T16:00:00-00:00,2017-09-06,9,0,TH_ZP26_GEN-APND,TH_ZP26_GEN-APND,TH_ZP26_GEN-APND,DAM,LMP,LMP_PRC,TH_ZP26_GEN-APND,ALL_APNODES,0,32.47389,113
2017-09-06T12:00:00-00:00,2017-09-06T13:00:00-00:00,2017-09-06,6,0,TH_ZP26_GEN-APND,TH_ZP26_GEN-APND,TH_ZP26_GEN-APND,DAM,LMP,LMP_PRC,TH_ZP26_GEN-APND,ALL_APNODES,0,31.16964,113
2017-09-06T13:00:00-00:00,2017-09-06T14:00:00-00:00,2017-09-06,7,0,TH_ZP26_GEN-APND,TH_ZP26_GEN-APND,TH_ZP26_GEN-APND,DAM,LMP,LMP_PRC,TH_ZP26_GEN-APND,ALL_APNODES,0,37.61059,113
2017-09-07T05:00:00-00:00,2017-09-07T06:00:00-00:00,2017-09-06,23,0,TH_ZP26_GEN-APND,TH_ZP26_GEN-APND,TH_ZP26_GEN-APND,DAM,LMP,LMP_PRC,TH_ZP26_GEN-APND,ALL_APNODES,0,37.72676,113
2017-09-07T06:00:00-00:00,2017-09-07T07:00:00-00:00,2017-09-06,24,0,TH_ZP26_GEN-APND,TH_ZP26_GEN-APND,TH_ZP26_GEN-APND,DAM,LMP,LMP_PRC,TH_ZP26_GEN-APND,ALL_APNODES,0,35.19445,113
2017-09-06T07:00:00-00:00,2017-09-06T08:00:00-00:00,2017-09-06,1,0,TH_ZP26_GEN-APND,TH_ZP26_GEN-APND,TH_ZP26_GEN-APND,DAM,LMP,LMP_PRC,TH_ZP26_GEN-APND,ALL_APNODES,0,30.91414,113
2017-09-07T03:00:00-00:00,2017-09-07T04:00:00-00:00,2017-09-06,21,0,TH_ZP26_GEN-APND,TH_ZP26_GEN-APND,TH_ZP26_GEN-APND,DAM,LMP,LMP_PRC,TH_ZP26_GEN-APND,ALL_APNODES,0,51.59663,113
2017-09-06T14:00:00-00:00,2017-09-06T15:00:00-00:00,2017-09-06,8,0,TH_ZP26_GEN-APND,TH_ZP26_GEN-APND,TH_ZP26_GEN-APND,DAM,MCC,LMP_CONG_PRC,TH_ZP26_GEN-APND,ALL_APNODES,0,0,114
2017-09-06T19:00:00-00:00,2017-09-06T20:00:00-00:00,2017-09-06,13,0,TH_ZP26_GEN-APND,TH_ZP26_GEN-APND,TH_ZP26_GEN-APND,DAM,MCC,LMP_CONG_PRC,TH_ZP26_GEN-APND,ALL_APNODES,0,0,114
2017-09-06T13:00:00-00:00,2017-09-06T14:00:00-00:00,2017-09-06,7,0,TH_ZP26_GEN-APND,TH_ZP26_GEN-APND,TH_ZP26_GEN-APND,DAM,MCC,LMP_CONG_PRC,TH_ZP26_GEN-APND,ALL_APNODES,0,0,114
2017-09-07T04:00:00-00:00,2017-09-07T05:00:00-00:00,2017-09-06,22,0,TH_ZP26_GEN-APND,TH_ZP26_GEN-APND,TH_ZP26_GEN-APND,DAM,MCC,LMP_CONG_PRC,TH_ZP26_GEN-APND,ALL_APNODES,0,0,114
2017-09-06T20:00:00-00:00,2017-09-06T21:00:00-00:00,2017-09-06,14,0,TH_ZP26_GEN-APND,TH_ZP26_GEN-APND,TH_ZP26_GEN-APND,DAM,MCC,LMP_CONG_PRC,TH_ZP26_GEN-APND,ALL_APNODES,0,0,114
2017-09-06T21:00:00-00:00,2017-09-06T22:00:00-00:00,2017-09-06,15,0,TH_ZP26_GEN-APND,TH_ZP26_GEN-APND,TH_ZP26_GEN-APND,DAM,MCC,LMP_CONG_PRC,TH_ZP26_GEN-APND,ALL_APNODES,0,0,114
2017-09-06T08:00:00-00:00,2017-09-06T09:00:00-00:00,2017-09-06,2,0,TH_ZP26_GEN-APND,TH_ZP26_GEN-APND,TH_ZP26_GEN-APND,DAM,MCC,LMP_CONG_PRC,TH_ZP26_GEN-APND,ALL_APNODES,0,0,114
2017-09-06T12:00:00-00:00,2017-09-06T13:00:00-00:00,2017-09-06,6,0,TH_ZP26_GEN-APND,TH_ZP26_GEN-APND,TH_ZP26_GEN-APND,DAM,MCC,LMP_CONG_PRC,TH_ZP26_GEN-APND,ALL_APNODES,0,0,114
2017-09-07T06:00:00-00:00,2017-09-07T07:00:00-00:00,2017-09-06,24,0,TH_ZP26_GEN-APND,TH_ZP26_GEN-APND,TH_ZP26_GEN-APND,DAM,MCC,LMP_CONG_PRC,TH_ZP26_GEN-APND,ALL_APNODES,0,0,114
2017-09-06T15:00:00-00:00,2017-09-06T16:00:00-00:00,2017-09-06,9,0,TH_ZP26_GEN-APND,TH_ZP26_GEN-APND,TH_ZP26_GEN-APND,DAM,MCC,LMP_CONG_PRC,TH_ZP26_GEN-APND,ALL_APNODES,0,0,114
2017-09-07T05:00:00-00:00,2017-09-07T06:00:00-00:00,2017-09-06,23,0,TH_ZP26_GEN-APND,TH_ZP26_GEN-APND,TH_ZP26_GEN-APND,DAM,MCC,LMP_CONG_PRC,TH_ZP26_GEN-APND,ALL_APNODES,0,0,114
2017-09-06T17:00:00-00:00,2017-09-06T18:00:00-00:00,2017-09-06,11,0,TH_ZP26_GEN-APND,TH_ZP26_GEN-APND,TH_ZP26_GEN-APND,DAM,MCC,LMP_CONG_PRC,TH_ZP26_GEN-APND,ALL_APNODES,0,-0.14279,114
2017-09-07T00:00:00-00:00,2017-09-07T01:00:00-00:00,2017-09-06,18,0,TH_ZP26_GEN-APND,TH_ZP26_GEN-APND,TH_ZP26_GEN-APND,DAM,MCC,LMP_CONG_PRC,TH_ZP26_GEN-APND,ALL_APNODES,0,0,114
2017-09-07T01:00:00-00:00,2017-09-07T02:00:00-00:00,2017-09-06,19,0,TH_ZP26_GEN-APND,TH_ZP26_GEN-APND,TH_ZP26_GEN-APND,DAM,MCC,LMP_CONG_PRC,TH_ZP26_GEN-APND,ALL_APNODES,0,0,114
2017-09-06T23:00:00-00:00,2017-09-07T00:00:00-00:00,2017-09-06,17,0,TH_ZP26_GEN-APND,TH_ZP26_GEN-APND,TH_ZP26_GEN-APND,DAM,MCC,LMP_CONG_PRC,TH_ZP26_GEN-APND,ALL_APNODES,0,0,114
2017-09-06T10:00:00-00:00,2017-09-06T11:00:00-00:00,2017-09-06,4,0,TH_ZP26_GEN-APND,TH_ZP26_GEN-APND,TH_ZP26_GEN-APND,DAM,MCC,LMP_CONG_PRC,TH_ZP26_GEN-APND,ALL_APNODES,0,0,114
2017-09-06T11:00:00-00:00,2017-09-06T12:00:00-00:00,2017-09-06,5,0,TH_ZP26_GEN-APND,TH_ZP26_GEN-APND,TH_ZP26_GEN-APND,DAM,MCC,LMP_CONG_PRC,TH_ZP26_GEN-APND,ALL_APNODES,0,0,114
2017-09-07T02:00:00-00:00,2017-09-07T03:00:00-00:00,2017-09-06,20,0,TH_ZP26_GEN-APND,TH_ZP26_GEN-APND,TH_ZP26_GEN-APND,DAM,MCC,LMP_CONG_PRC,TH_ZP26_GEN-APND,ALL_APNODES,0,0,114
2017-09-06T18:00:00-00:00,2017-09-06T19:00:00-00:00,2017-09-06,12,0,TH_ZP26_GEN-APND,TH_ZP26_GEN-APND,TH_ZP26_GEN-APND,DAM,MCC,LMP_CONG_PRC,TH_ZP26_GEN-APND,ALL_APNODES,0,-0.31434,114
2017-09-06T09:00:00-00:00,2017-09-06T10:00:00-00:00,2017-09-06,3,0,TH_ZP26_GEN-APND,TH_ZP26_GEN-APND,TH_ZP26_GEN-APND,DAM,MCC,LMP_CONG_PRC,TH_ZP26_GEN-APND,ALL_APNODES,0,0,114
2017-09-07T03:00:00-00:00,2017-09-07T04:00:00-00:00,2017-09-06,21,0,TH_ZP26_GEN-APND,TH_ZP26_GEN-APND,TH_ZP26_GEN-APND,DAM,MCC,LMP_CONG_PRC,TH_ZP26_GEN-APND,ALL_APNODES,0,0,114
2017-09-06T16:00:00-00:00,2017-09-06T17:00:00-00:00,2017-09-06,10,0,TH_ZP26_GEN-APND,TH_ZP26_GEN-APND,TH_ZP26_GEN-APND,DAM,MCC,LMP_CONG_PRC,TH_ZP26_GEN-APND,ALL_APNODES,0,0,114
2017-09-06T22:00:00-00:00,2017-09-06T23:00:00-00:00,2017-09-06,16,0,TH_ZP26_GEN-APND,TH_ZP26_GEN-APND,TH_ZP26_GEN-APND,DAM,MCC,LMP_CONG_PRC,TH_ZP26_GEN-APND,ALL_APNODES,0,0,114
2017-09-06T07:00:00-00:00,2017-09-06T08:00:00-00:00,2017-09-06,1,0,TH_ZP26_GEN-APND,TH_ZP26_GEN-APND,TH_ZP26_GEN-APND,DAM,MCC,LMP_CONG_PRC,TH_ZP26_GEN-APND,ALL_APNODES,0,0,114
2017-09-06T09:00:00-00:00,2017-09-06T10:00:00-00:00,2017-09-06,3,0,TH_ZP26_GEN-APND,TH_ZP26_GEN-APND,TH_ZP26_GEN-APND,DAM,MCE,LMP_ENE_PRC,TH_ZP26_GEN-APND,ALL_APNODES,0,29.47997,115
2017-09-06T13:00:00-00:00,2017-09-06T14:00:00-00:00,2017-09-06,7,0,TH_ZP26_GEN-APND,TH_ZP26_GEN-APND,TH_ZP26_GEN-APND,DAM,MCE,LMP_ENE_PRC,TH_ZP26_GEN-APND,ALL_APNODES,0,38.96259,115
2017-09-06T17:00:00-00:00,2017-09-06T18:00:00-00:00,2017-09-06,11,0,TH_ZP26_GEN-APND,TH_ZP26_GEN-APND,TH_ZP26_GEN-APND,DAM,MCE,LMP_ENE_PRC,TH_ZP26_GEN-APND,ALL_APNODES,0,35.7087,115
2017-09-07T03:00:00-00:00,2017-09-07T04:00:00-00:00,2017-09-06,21,0,TH_ZP26_GEN-APND,TH_ZP26_GEN-APND,TH_ZP26_GEN-APND,DAM,MCE,LMP_ENE_PRC,TH_ZP26_GEN-APND,ALL_APNODES,0,53.67939,115
2017-09-06T22:00:00-00:00,2017-09-06T23:00:00-00:00,2017-09-06,16,0,TH_ZP26_GEN-APND,TH_ZP26_GEN-APND,TH_ZP26_GEN-APND,DAM,MCE,LMP_ENE_PRC,TH_ZP26_GEN-APND,ALL_APNODES,0,47.61755,115
2017-09-06T23:00:00-00:00,2017-09-07T00:00:00-00:00,2017-09-06,17,0,TH_ZP26_GEN-APND,TH_ZP26_GEN-APND,TH_ZP26_GEN-APND,DAM,MCE,LMP_ENE_PRC,TH_ZP26_GEN-APND,ALL_APNODES,0,52.51362,115
2017-09-06T15:00:00-00:00,2017-09-06T16:00:00-00:00,2017-09-06,9,0,TH_ZP26_GEN-APND,TH_ZP26_GEN-APND,TH_ZP26_GEN-APND,DAM,MCE,LMP_ENE_PRC,TH_ZP26_GEN-APND,ALL_APNODES,0,34.07901,115
2017-09-06T19:00:00-00:00,2017-09-06T20:00:00-00:00,2017-09-06,13,0,TH_ZP26_GEN-APND,TH_ZP26_GEN-APND,TH_ZP26_GEN-APND,DAM,MCE,LMP_ENE_PRC,TH_ZP26_GEN-APND,ALL_APNODES,0,38.39853,115
2017-09-06T12:00:00-00:00,2017-09-06T13:00:00-00:00,2017-09-06,6,0,TH_ZP26_GEN-APND,TH_ZP26_GEN-APND,TH_ZP26_GEN-APND,DAM,MCE,LMP_ENE_PRC,TH_ZP26_GEN-APND,ALL_APNODES,0,32.37395,115
2017-09-06T07:00:00-00:00,2017-09-06T08:00:00-00:00,2017-09-06,1,0,TH_ZP26_GEN-APND,TH_ZP26_GEN-APND,TH_ZP26_GEN-APND,DAM,MCE,LMP_ENE_PRC,TH_ZP26_GEN-APND,ALL_APNODES,0,32.11859,115
2017-09-07T01:00:00-00:00,2017-09-07T02:00:00-00:00,2017-09-06,19,0,TH_ZP26_GEN-APND,TH_ZP26_GEN-APND,TH_ZP26_GEN-APND,DAM,MCE,LMP_ENE_PRC,TH_ZP26_GEN-APND,ALL_APNODES,0,71.58425,115
2017-09-06T11:00:00-00:00,2017-09-06T12:00:00-00:00,2017-09-06,5,0,TH_ZP26_GEN-APND,TH_ZP26_GEN-APND,TH_ZP26_GEN-APND,DAM,MCE,LMP_ENE_PRC,TH_ZP26_GEN-APND,ALL_APNODES,0,29.4635,115
2017-09-06T10:00:00-00:00,2017-09-06T11:00:00-00:00,2017-09-06,4,0,TH_ZP26_GEN-APND,TH_ZP26_GEN-APND,TH_ZP26_GEN-APND,DAM,MCE,LMP_ENE_PRC,TH_ZP26_GEN-APND,ALL_APNODES,0,28.82648,115
2017-09-07T02:00:00-00:00,2017-09-07T03:00:00-00:00,2017-09-06,20,0,TH_ZP26_GEN-APND,TH_ZP26_GEN-APND,TH_ZP26_GEN-APND,DAM,MCE,LMP_ENE_PRC,TH_ZP26_GEN-APND,ALL_APNODES,0,62.84444,115
2017-09-06T21:00:00-00:00,2017-09-06T22:00:00-00:00,2017-09-06,15,0,TH_ZP26_GEN-APND,TH_ZP26_GEN-APND,TH_ZP26_GEN-APND,DAM,MCE,LMP_ENE_PRC,TH_ZP26_GEN-APND,ALL_APNODES,0,45.02918,115
2017-09-06T18:00:00-00:00,2017-09-06T19:00:00-00:00,2017-09-06,12,0,TH_ZP26_GEN-APND,TH_ZP26_GEN-APND,TH_ZP26_GEN-APND,DAM,MCE,LMP_ENE_PRC,TH_ZP26_GEN-APND,ALL_APNODES,0,37.09419,115
2017-09-07T05:00:00-00:00,2017-09-07T06:00:00-00:00,2017-09-06,23,0,TH_ZP26_GEN-APND,TH_ZP26_GEN-APND,TH_ZP26_GEN-APND,DAM,MCE,LMP_ENE_PRC,TH_ZP26_GEN-APND,ALL_APNODES,0,39.29871,115
2017-09-06T14:00:00-00:00,2017-09-06T15:00:00-00:00,2017-09-06,8,0,TH_ZP26_GEN-APND,TH_ZP26_GEN-APND,TH_ZP26_GEN-APND,DAM,MCE,LMP_ENE_PRC,TH_ZP26_GEN-APND,ALL_APNODES,0,38.65902,115
2017-09-06T08:00:00-00:00,2017-09-06T09:00:00-00:00,2017-09-06,2,0,TH_ZP26_GEN-APND,TH_ZP26_GEN-APND,TH_ZP26_GEN-APND,DAM,MCE,LMP_ENE_PRC,TH_ZP26_GEN-APND,ALL_APNODES,0,30.57744,115
2017-09-06T16:00:00-00:00,2017-09-06T17:00:00-00:00,2017-09-06,10,0,TH_ZP26_GEN-APND,TH_ZP26_GEN-APND,TH_ZP26_GEN-APND,DAM,MCE,LMP_ENE_PRC,TH_ZP26_GEN-APND,ALL_APNODES,0,33.44996,115
2017-09-07T06:00:00-00:00,2017-09-07T07:00:00-00:00,2017-09-06,24,0,TH_ZP26_GEN-APND,TH_ZP26_GEN-APND,TH_ZP26_GEN-APND,DAM,MCE,LMP_ENE_PRC,TH_ZP26_GEN-APND,ALL_APNODES,0,36.59988,115
2017-09-07T04:00:00-00:00,2017-09-07T05:00:00-00:00,2017-09-06,22,0,TH_ZP26_GEN-APND,TH_ZP26_GEN-APND,TH_ZP26_GEN-APND,DAM,MCE,LMP_ENE_PRC,TH_ZP26_GEN-APND,ALL_APNODES,0,44.66984,115
2017-09-06T20:00:00-00:00,2017-09-06T21:00:00-00:00,2017-09-06,14,0,TH_ZP26_GEN-APND,TH_ZP26_GEN-APND,TH_ZP26_GEN-APND,DAM,MCE,LMP_ENE_PRC,TH_ZP26_GEN-APND,ALL_APNODES,0,42.7716,115
2017-09-07T00:00:00-00:00,2017-09-07T01:00:00-00:00,2017-09-06,18,0,TH_ZP26_GEN-APND,TH_ZP26_GEN-APND,TH_ZP26_GEN-APND,DAM,MCE,LMP_ENE_PRC,TH_ZP26_GEN-APND,ALL_APNODES,0,56.26642,115
2017-09-06T21:00:00-00:00,2017-09-06T22:00:00-00:00,2017-09-06,15,0,TH_ZP26_GEN-APND,TH_ZP26_GEN-APND,TH_ZP26_GEN-APND,DAM,MCL,LMP_LOSS_PRC,TH_ZP26_GEN-APND,ALL_APNODES,0,-2.63421,116
2017-09-06T19:00:00-00:00,2017-09-06T20:00:00-00:00,2017-09-06,13,0,TH_ZP26_GEN-APND,TH_ZP26_GEN-APND,TH_ZP26_GEN-APND,DAM,MCL,LMP_LOSS_PRC,TH_ZP26_GEN-APND,ALL_APNODES,0,-2.11576,116
2017-09-06T09:00:00-00:00,2017-09-06T10:00:00-00:00,2017-09-06,3,0,TH_ZP26_GEN-APND,TH_ZP26_GEN-APND,TH_ZP26_GEN-APND,DAM,MCL,LMP_LOSS_PRC,TH_ZP26_GEN-APND,ALL_APNODES,0,-1.06423,116
2017-09-06T08:00:00-00:00,2017-09-06T09:00:00-00:00,2017-09-06,2,0,TH_ZP26_GEN-APND,TH_ZP26_GEN-APND,TH_ZP26_GEN-APND,DAM,MCL,LMP_LOSS_PRC,TH_ZP26_GEN-APND,ALL_APNODES,0,-1.13442,116
2017-09-06T07:00:00-00:00,2017-09-06T08:00:00-00:00,2017-09-06,1,0,TH_ZP26_GEN-APND,TH_ZP26_GEN-APND,TH_ZP26_GEN-APND,DAM,MCL,LMP_LOSS_PRC,TH_ZP26_GEN-APND,ALL_APNODES,0,-1.20445,116
2017-09-07T00:00:00-00:00,2017-09-07T01:00:00-00:00,2017-09-06,18,0,TH_ZP26_GEN-APND,TH_ZP26_GEN-APND,TH_ZP26_GEN-APND,DAM,MCL,LMP_LOSS_PRC,TH_ZP26_GEN-APND,ALL_APNODES,0,-2.77956,116
2017-09-06T10:00:00-00:00,2017-09-06T11:00:00-00:00,2017-09-06,4,0,TH_ZP26_GEN-APND,TH_ZP26_GEN-APND,TH_ZP26_GEN-APND,DAM,MCL,LMP_LOSS_PRC,TH_ZP26_GEN-APND,ALL_APNODES,0,-1.02334,116
2017-09-06T12:00:00-00:00,2017-09-06T13:00:00-00:00,2017-09-06,6,0,TH_ZP26_GEN-APND,TH_ZP26_GEN-APND,TH_ZP26_GEN-APND,DAM,MCL,LMP_LOSS_PRC,TH_ZP26_GEN-APND,ALL_APNODES,0,-1.20431,116
2017-09-06T11:00:00-00:00,2017-09-06T12:00:00-00:00,2017-09-06,5,0,TH_ZP26_GEN-APND,TH_ZP26_GEN-APND,TH_ZP26_GEN-APND,DAM,MCL,LMP_LOSS_PRC,TH_ZP26_GEN-APND,ALL_APNODES,0,-1.07542,116
2017-09-07T06:00:00-00:00,2017-09-07T07:00:00-00:00,2017-09-06,24,0,TH_ZP26_GEN-APND,TH_ZP26_GEN-APND,TH_ZP26_GEN-APND,DAM,MCL,LMP_LOSS_PRC,TH_ZP26_GEN-APND,ALL_APNODES,0,-1.40544,116
2017-09-07T01:00:00-00:00,2017-09-07T02:00:00-00:00,2017-09-06,19,0,TH_ZP26_GEN-APND,TH_ZP26_GEN-APND,TH_ZP26_GEN-APND,DAM,MCL,LMP_LOSS_PRC,TH_ZP26_GEN-APND,ALL_APNODES,0,-3.00654,116
2017-09-06T17:00:00-00:00,2017-09-06T18:00:00-00:00,2017-09-06,11,0,TH_ZP26_GEN-APND,TH_ZP26_GEN-APND,TH_ZP26_GEN-APND,DAM,MCL,LMP_LOSS_PRC,TH_ZP26_GEN-APND,ALL_APNODES,0,-1.95684,116
2017-09-07T05:00:00-00:00,2017-09-07T06:00:00-00:00,2017-09-06,23,0,TH_ZP26_GEN-APND,TH_ZP26_GEN-APND,TH_ZP26_GEN-APND,DAM,MCL,LMP_LOSS_PRC,TH_ZP26_GEN-APND,ALL_APNODES,0,-1.57195,116
2017-09-06T14:00:00-00:00,2017-09-06T15:00:00-00:00,2017-09-06,8,0,TH_ZP26_GEN-APND,TH_ZP26_GEN-APND,TH_ZP26_GEN-APND,DAM,MCL,LMP_LOSS_PRC,TH_ZP26_GEN-APND,ALL_APNODES,0,-1.47677,116
2017-09-06T23:00:00-00:00,2017-09-07T00:00:00-00:00,2017-09-06,17,0,TH_ZP26_GEN-APND,TH_ZP26_GEN-APND,TH_ZP26_GEN-APND,DAM,MCL,LMP_LOSS_PRC,TH_ZP26_GEN-APND,ALL_APNODES,0,-2.87775,116
2017-09-06T20:00:00-00:00,2017-09-06T21:00:00-00:00,2017-09-06,14,0,TH_ZP26_GEN-APND,TH_ZP26_GEN-APND,TH_ZP26_GEN-APND,DAM,MCL,LMP_LOSS_PRC,TH_ZP26_GEN-APND,ALL_APNODES,0,-2.46792,116
2017-09-06T18:00:00-00:00,2017-09-06T19:00:00-00:00,2017-09-06,12,0,TH_ZP26_GEN-APND,TH_ZP26_GEN-APND,TH_ZP26_GEN-APND,DAM,MCL,LMP_LOSS_PRC,TH_ZP26_GEN-APND,ALL_APNODES,0,-2.01792,116
2017-09-06T16:00:00-00:00,2017-09-06T17:00:00-00:00,2017-09-06,10,0,TH_ZP26_GEN-APND,TH_ZP26_GEN-APND,TH_ZP26_GEN-APND,DAM,MCL,LMP_LOSS_PRC,TH_ZP26_GEN-APND,ALL_APNODES,0,-1.70595,116
2017-09-07T04:00:00-00:00,2017-09-07T05:00:00-00:00,2017-09-06,22,0,TH_ZP26_GEN-APND,TH_ZP26_GEN-APND,TH_ZP26_GEN-APND,DAM,MCL,LMP_LOSS_PRC,TH_ZP26_GEN-APND,ALL_APNODES,0,-1.72426,116
2017-09-06T22:00:00-00:00,2017-09-06T23:00:00-00:00,2017-09-06,16,0,TH_ZP26_GEN-APND,TH_ZP26_GEN-APND,TH_ZP26_GEN-APND,DAM,MCL,LMP_LOSS_PRC,TH_ZP26_GEN-APND,ALL_APNODES,0,-2.73325,116
2017-09-06T15:00:00-00:00,2017-09-06T16:00:00-00:00,2017-09-06,9,0,TH_ZP26_GEN-APND,TH_ZP26_GEN-APND,TH_ZP26_GEN-APND,DAM,MCL,LMP_LOSS_PRC,TH_ZP26_GEN-APND,ALL_APNODES,0,-1.60512,116
2017-09-07T03:00:00-00:00,2017-09-07T04:00:00-00:00,2017-09-06,21,0,TH_ZP26_GEN-APND,TH_ZP26_GEN-APND,TH_ZP26_GEN-APND,DAM,MCL,LMP_LOSS_PRC,TH_ZP26_GEN-APND,ALL_APNODES,0,-2.08276,116
2017-09-06T13:00:00-00:00,2017-09-06T14:00:00-00:00,2017-09-06,7,0,TH_ZP26_GEN-APND,TH_ZP26_GEN-APND,TH_ZP26_GEN-APND,DAM,MCL,LMP_LOSS_PRC,TH_ZP26_GEN-APND,ALL_APNODES,0,-1.352,116
2017-09-07T02:00:00-00:00,2017-09-07T03:00:00-00:00,2017-09-06,20,0,TH_ZP26_GEN-APND,TH_ZP26_GEN-APND,TH_ZP26_GEN-APND,DAM,MCL,LMP_LOSS_PRC,TH_ZP26_GEN-APND,ALL_APNODES,0,-2.4258,116
2017-09-06T17:00:00-00:00,2017-09-06T18:00:00-00:00,2017-09-06,11,0,URBAN_6_N005,URBAN_6_N005,URBAN_6_N005,DAM,LMP,LMP_PRC,URBAN_6_N005,ALL,1,22.43235,117
2017-09-06T14:00:00-00:00,2017-09-06T15:00:00-00:00,2017-09-06,8,0,URBAN_6_N005,URBAN_6_N005,URBAN_6_N005,DAM,LMP,LMP_PRC,URBAN_6_N005,ALL,1,38.17191,117
2017-09-06T16:00:00-00:00,2017-09-06T17:00:00-00:00,2017-09-06,10,0,URBAN_6_N005,URBAN_6_N005,URBAN_6_N005,DAM,LMP,LMP_PRC,URBAN_6_N005,ALL,1,23.51988,117
2017-09-07T03:00:00-00:00,2017-09-07T04:00:00-00:00,2017-09-06,21,0,URBAN_6_N005,URBAN_6_N005,URBAN_6_N005,DAM,LMP,LMP_PRC,URBAN_6_N005,ALL,1,54.13566,117
2017-09-07T06:00:00-00:00,2017-09-07T07:00:00-00:00,2017-09-06,24,0,URBAN_6_N005,URBAN_6_N005,URBAN_6_N005,DAM,LMP,LMP_PRC,URBAN_6_N005,ALL,1,35.99964,117
2017-09-06T11:00:00-00:00,2017-09-06T12:00:00-00:00,2017-09-06,5,0,URBAN_6_N005,URBAN_6_N005,URBAN_6_N005,DAM,LMP,LMP_PRC,URBAN_6_N005,ALL,1,28.98619,117
2017-09-06T09:00:00-00:00,2017-09-06T10:00:00-00:00,2017-09-06,3,0,URBAN_6_N005,URBAN_6_N005,URBAN_6_N005,DAM,LMP,LMP_PRC,URBAN_6_N005,ALL,1,29.04956,117
2017-09-06T18:00:00-00:00,2017-09-06T19:00:00-00:00,2017-09-06,12,0,URBAN_6_N005,URBAN_6_N005,URBAN_6_N005,DAM,LMP,LMP_PRC,URBAN_6_N005,ALL,1,21.83129,117
2017-09-06T19:00:00-00:00,2017-09-06T20:00:00-00:00,2017-09-06,13,0,URBAN_6_N005,URBAN_6_N005,URBAN_6_N005,DAM,LMP,LMP_PRC,URBAN_6_N005,ALL,1,21.22976,117
2017-09-07T00:00:00-00:00,2017-09-07T01:00:00-00:00,2017-09-06,18,0,URBAN_6_N005,URBAN_6_N005,URBAN_6_N005,DAM,LMP,LMP_PRC,URBAN_6_N005,ALL,1,55.97428,117
2017-09-06T07:00:00-00:00,2017-09-06T08:00:00-00:00,2017-09-06,1,0,URBAN_6_N005,URBAN_6_N005,URBAN_6_N005,DAM,LMP,LMP_PRC,URBAN_6_N005,ALL,1,31.66572,117
2017-09-06T13:00:00-00:00,2017-09-06T14:00:00-00:00,2017-09-06,7,0,URBAN_6_N005,URBAN_6_N005,URBAN_6_N005,DAM,LMP,LMP_PRC,URBAN_6_N005,ALL,1,38.7483,117
2017-09-07T04:00:00-00:00,2017-09-07T05:00:00-00:00,2017-09-06,22,0,URBAN_6_N005,URBAN_6_N005,URBAN_6_N005,DAM,LMP,LMP_PRC,URBAN_6_N005,ALL,1,45.04507,117
2017-09-06T20:00:00-00:00,2017-09-06T21:00:00-00:00,2017-09-06,14,0,URBAN_6_N005,URBAN_6_N005,URBAN_6_N005,DAM,LMP,LMP_PRC,URBAN_6_N005,ALL,1,20.3797,117
2017-09-06T15:00:00-00:00,2017-09-06T16:00:00-00:00,2017-09-06,9,0,URBAN_6_N005,URBAN_6_N005,URBAN_6_N005,DAM,LMP,LMP_PRC,URBAN_6_N005,ALL,1,28.30671,117
2017-09-07T02:00:00-00:00,2017-09-07T03:00:00-00:00,2017-09-06,20,0,URBAN_6_N005,URBAN_6_N005,URBAN_6_N005,DAM,LMP,LMP_PRC,URBAN_6_N005,ALL,1,62.77531,117
2017-09-06T22:00:00-00:00,2017-09-06T23:00:00-00:00,2017-09-06,16,0,URBAN_6_N005,URBAN_6_N005,URBAN_6_N005,DAM,LMP,LMP_PRC,URBAN_6_N005,ALL,1,34.10122,117
2017-09-06T08:00:00-00:00,2017-09-06T09:00:00-00:00,2017-09-06,2,0,URBAN_6_N005,URBAN_6_N005,URBAN_6_N005,DAM,LMP,LMP_PRC,URBAN_6_N005,ALL,1,30.07291,117
2017-09-06T10:00:00-00:00,2017-09-06T11:00:00-00:00,2017-09-06,4,0,URBAN_6_N005,URBAN_6_N005,URBAN_6_N005,DAM,LMP,LMP_PRC,URBAN_6_N005,ALL,1,28.40273,117
2017-09-07T05:00:00-00:00,2017-09-07T06:00:00-00:00,2017-09-06,23,0,URBAN_6_N005,URBAN_6_N005,URBAN_6_N005,DAM,LMP,LMP_PRC,URBAN_6_N005,ALL,1,39.00397,117
2017-09-06T21:00:00-00:00,2017-09-06T22:00:00-00:00,2017-09-06,15,0,URBAN_6_N005,URBAN_6_N005,URBAN_6_N005,DAM,LMP,LMP_PRC,URBAN_6_N005,ALL,1,26.34365,117
2017-09-06T23:00:00-00:00,2017-09-07T00:00:00-00:00,2017-09-06,17,0,URBAN_6_N005,URBAN_6_N005,URBAN_6_N005,DAM,LMP,LMP_PRC,URBAN_6_N005,ALL,1,49.40502,117
2017-09-07T01:00:00-00:00,2017-09-07T02:00:00-00:00,2017-09-06,19,0,URBAN_6_N005,URBAN_6_N005,URBAN_6_N005,DAM,LMP,LMP_PRC,URBAN_6_N005,ALL,1,71.46256,117
2017-09-06T12:00:00-00:00,2017-09-06T13:00:00-00:00,2017-09-06,6,0,URBAN_6_N005,URBAN_6_N005,URBAN_6_N005,DAM,LMP,LMP_PRC,URBAN_6_N005,ALL,1,31.89158,117
2017-09-07T03:00:00-00:00,2017-09-07T04:00:00-00:00,2017-09-06,21,0,URBAN_6_N005,URBAN_6_N005,URBAN_6_N005,DAM,MCC,LMP_CONG_PRC,URBAN_6_N005,ALL,1,0,118
2017-09-07T05:00:00-00:00,2017-09-07T06:00:00-00:00,2017-09-06,23,0,URBAN_6_N005,URBAN_6_N005,URBAN_6_N005,DAM,MCC,LMP_CONG_PRC,URBAN_6_N005,ALL,1,0,118
2017-09-06T08:00:00-00:00,2017-09-06T09:00:00-00:00,2017-09-06,2,0,URBAN_6_N005,URBAN_6_N005,URBAN_6_N005,DAM,MCC,LMP_CONG_PRC,URBAN_6_N005,ALL,1,0,118
2017-09-06T15:00:00-00:00,2017-09-06T16:00:00-00:00,2017-09-06,9,0,URBAN_6_N005,URBAN_6_N005,URBAN_6_N005,DAM,MCC,LMP_CONG_PRC,URBAN_6_N005,ALL,1,-5.24408,118
2017-09-07T04:00:00-00:00,2017-09-07T05:00:00-00:00,2017-09-06,22,0,URBAN_6_N005,URBAN_6_N005,URBAN_6_N005,DAM,MCC,LMP_CONG_PRC,URBAN_6_N005,ALL,1,0,118
2017-09-06T18:00:00-00:00,2017-09-06T19:00:00-00:00,2017-09-06,12,0,URBAN_6_N005,URBAN_6_N005,URBAN_6_N005,DAM,MCC,LMP_CONG_PRC,URBAN_6_N005,ALL,1,-14.77326,118
2017-09-06T07:00:00-00:00,2017-09-06T08:00:00-00:00,2017-09-06,1,0,URBAN_6_N005,URBAN_6_N005,URBAN_6_N005,DAM,MCC,LMP_CONG_PRC,URBAN_6_N005,ALL,1,0,118
2017-09-06T12:00:00-00:00,2017-09-06T13:00:00-00:00,2017-09-06,6,0,URBAN_6_N005,URBAN_6_N005,URBAN_6_N005,DAM,MCC,LMP_CONG_PRC,URBAN_6_N005,ALL,1,0,118
2017-09-07T02:00:00-00:00,2017-09-07T03:00:00-00:00,2017-09-06,20,0,URBAN_6_N005,URBAN_6_N005,URBAN_6_N005,DAM,MCC,LMP_CONG_PRC,URBAN_6_N005,ALL,1,0,118
2017-09-06T19:00:00-00:00,2017-09-06T20:00:00-00:00,2017-09-06,13,0,URBAN_6_N005,URBAN_6_N005,URBAN_6_N005,DAM,MCC,LMP_CONG_PRC,URBAN_6_N005,ALL,1,-16.94606,118
2017-09-07T00:00:00-00:00,2017-09-07T01:00:00-00:00,2017-09-06,18,0,URBAN_6_N005,URBAN_6_N005,URBAN_6_N005,DAM,MCC,LMP_CONG_PRC,URBAN_6_N005,ALL,1,-0.4947,118
2017-09-07T06:00:00-00:00,2017-09-07T07:00:00-00:00,2017-09-06,24,0,URBAN_6_N005,URBAN_6_N005,URBAN_6_N005,DAM,MCC,LMP_CONG_PRC,URBAN_6_N005,ALL,1,0,118
2017-09-06T16:00:00-00:00,2017-09-06T17:00:00-00:00,2017-09-06,10,0,URBAN_6_N005,URBAN_6_N005,URBAN_6_N005,DAM,MCC,LMP_CONG_PRC,URBAN_6_N005,ALL,1,-9.58554,118
2017-09-06T20:00:00-00:00,2017-09-06T21:00:00-00:00,2017-09-06,14,0,URBAN_6_N005,URBAN_6_N005,URBAN_6_N005,DAM,MCC,LMP_CONG_PRC,URBAN_6_N005,ALL,1,-22.3363,118
2017-09-07T01:00:00-00:00,2017-09-07T02:00:00-00:00,2017-09-06,19,0,URBAN_6_N005,URBAN_6_N005,URBAN_6_N005,DAM,MCC,LMP_CONG_PRC,URBAN_6_N005,ALL,1,0,118
2017-09-06T10:00:00-00:00,2017-09-06T11:00:00-00:00,2017-09-06,4,0,URBAN_6_N005,URBAN_6_N005,URBAN_6_N005,DAM,MCC,LMP_CONG_PRC,URBAN_6_N005,ALL,1,0,118
2017-09-06T17:00:00-00:00,2017-09-06T18:00:00-00:00,2017-09-06,11,0,URBAN_6_N005,URBAN_6_N005,URBAN_6_N005,DAM,MCC,LMP_CONG_PRC,URBAN_6_N005,ALL,1,-12.80143,118
2017-09-06T14:00:00-00:00,2017-09-06T15:00:00-00:00,2017-09-06,8,0,URBAN_6_N005,URBAN_6_N005,URBAN_6_N005,DAM,MCC,LMP_CONG_PRC,URBAN_6_N005,ALL,1,0,118
2017-09-06T21:00:00-00:00,2017-09-06T22:00:00-00:00,2017-09-06,15,0,URBAN_6_N005,URBAN_6_N005,URBAN_6_N005,DAM,MCC,LMP_CONG_PRC,URBAN_6_N005,ALL,1,-18.56395,118
2017-09-06T23:00:00-00:00,2017-09-07T00:00:00-00:00,2017-09-06,17,0,URBAN_6_N005,URBAN_6_N005,URBAN_6_N005,DAM,MCC,LMP_CONG_PRC,URBAN_6_N005,ALL,1,-2.99832,118
2017-09-06T22:00:00-00:00,2017-09-06T23:00:00-00:00,2017-09-06,16,0,URBAN_6_N005,URBAN_6_N005,URBAN_6_N005,DAM,MCC,LMP_CONG_PRC,URBAN_6_N005,ALL,1,-13.683,118
2017-09-06T09:00:00-00:00,2017-09-06T10:00:00-00:00,2017-09-06,3,0,URBAN_6_N005,URBAN_6_N005,URBAN_6_N005,DAM,MCC,LMP_CONG_PRC,URBAN_6_N005,ALL,1,0,118
2017-09-06T11:00:00-00:00,2017-09-06T12:00:00-00:00,2017-09-06,5,0,URBAN_6_N005,URBAN_6_N005,URBAN_6_N005,DAM,MCC,LMP_CONG_PRC,URBAN_6_N005,ALL,1,0,118
2017-09-06T13:00:00-00:00,2017-09-06T14:00:00-00:00,2017-09-06,7,0,URBAN_6_N005,URBAN_6_N005,URBAN_6_N005,DAM,MCC,LMP_CONG_PRC,URBAN_6_N005,ALL,1,0,118
2017-09-07T03:00:00-00:00,2017-09-07T04:00:00-00:00,2017-09-06,21,0,URBAN_6_N005,URBAN_6_N005,URBAN_6_N005,DAM,MCE,LMP_ENE_PRC,URBAN_6_N005,ALL,1,53.67939,119
2017-09-06T09:00:00-00:00,2017-09-06T10:00:00-00:00,2017-09-06,3,0,URBAN_6_N005,URBAN_6_N005,URBAN_6_N005,DAM,MCE,LMP_ENE_PRC,URBAN_6_N005,ALL,1,29.47997,119
2017-09-06T22:00:00-00:00,2017-09-06T23:00:00-00:00,2017-09-06,16,0,URBAN_6_N005,URBAN_6_N005,URBAN_6_N005,DAM,MCE,LMP_ENE_PRC,URBAN_6_N005,ALL,1,47.61755,119
2017-09-06T21:00:00-00:00,2017-09-06T22:00:00-00:00,2017-09-06,15,0,URBAN_6_N005,URBAN_6_N005,URBAN_6_N005,DAM,MCE,LMP_ENE_PRC,URBAN_6_N005,ALL,1,45.02918,119
2017-09-06T20:00:00-00:00,2017-09-06T21:00:00-00:00,2017-09-06,14,0,URBAN_6_N005,URBAN_6_N005,URBAN_6_N005,DAM,MCE,LMP_ENE_PRC,URBAN_6_N005,ALL,1,42.7716,119
2017-09-06T15:00:00-00:00,2017-09-06T16:00:00-00:00,2017-09-06,9,0,URBAN_6_N005,URBAN_6_N005,URBAN_6_N005,DAM,MCE,LMP_ENE_PRC,URBAN_6_N005,ALL,1,34.07901,119
2017-09-07T01:00:00-00:00,2017-09-07T02:00:00-00:00,2017-09-06,19,0,URBAN_6_N005,URBAN_6_N005,URBAN_6_N005,DAM,MCE,LMP_ENE_PRC,URBAN_6_N005,ALL,1,71.58425,119
2017-09-06T18:00:00-00:00,2017-09-06T19:00:00-00:00,2017-09-06,12,0,URBAN_6_N005,URBAN_6_N005,URBAN_6_N005,DAM,MCE,LMP_ENE_PRC,URBAN_6_N005,ALL,1,37.09419,119
2017-09-06T10:00:00-00:00,2017-09-06T11:00:00-00:00,2017-09-06,4,0,URBAN_6_N005,URBAN_6_N005,URBAN_6_N005,DAM,MCE,LMP_ENE_PRC,URBAN_6_N005,ALL,1,28.82648,119
2017-09-07T00:00:00-00:00,2017-09-07T01:00:00-00:00,2017-09-06,18,0,URBAN_6_N005,URBAN_6_N005,URBAN_6_N005,DAM,MCE,LMP_ENE_PRC,URBAN_6_N005,ALL,1,56.26642,119
2017-09-06T11:00:00-00:00,2017-09-06T12:00:00-00:00,2017-09-06,5,0,URBAN_6_N005,URBAN_6_N005,URBAN_6_N005,DAM,MCE,LMP_ENE_PRC,URBAN_6_N005,ALL,1,29.4635,119
2017-09-06T23:00:00-00:00,2017-09-07T00:00:00-00:00,2017-09-06,17,0,URBAN_6_N005,URBAN_6_N005,URBAN_6_N005,DAM,MCE,LMP_ENE_PRC,URBAN_6_N005,ALL,1,52.51362,119
2017-09-07T06:00:00-00:00,2017-09-07T07:00:00-00:00,2017-09-06,24,0,URBAN_6_N005,URBAN_6_N005,URBAN_6_N005,DAM,MCE,LMP_ENE_PRC,URBAN_6_N005,ALL,1,36.59988,119
2017-09-07T04:00:00-00:00,2017-09-07T05:00:00-00:00,2017-09-06,22,0,URBAN_6_N005,URBAN_6_N005,URBAN_6_N005,DAM,MCE,LMP_ENE_PRC,URBAN_6_N005,ALL,1,44.66984,119
2017-09-06T12:00:00-00:00,2017-09-06T13:00:00-00:00,2017-09-06,6,0,URBAN_6_N005,URBAN_6_N005,URBAN_6_N005,DAM,MCE,LMP_ENE_PRC,URBAN_6_N005,ALL,1,32.37395,119
2017-09-06T19:00:00-00:00,2017-09-06T20:00:00-00:00,2017-09-06,13,0,URBAN_6_N005,URBAN_6_N005,URBAN_6_N005,DAM,MCE,LMP_ENE_PRC,URBAN_6_N005,ALL,1,38.39853,119
2017-09-06T16:00:00-00:00,2017-09-06T17:00:00-00:00,2017-09-06,10,0,URBAN_6_N005,URBAN_6_N005,URBAN_6_N005,DAM,MCE,LMP_ENE_PRC,URBAN_6_N005,ALL,1,33.44996,119
2017-09-07T02:00:00-00:00,2017-09-07T03:00:00-00:00,2017-09-06,20,0,URBAN_6_N005,URBAN_6_N005,URBAN_6_N005,DAM,MCE,LMP_ENE_PRC,URBAN_6_N005,ALL,1,62.84444,119
2017-09-06T08:00:00-00:00,2017-09-06T09:00:00-00:00,2017-09-06,2,0,URBAN_6_N005,URBAN_6_N005,URBAN_6_N005,DAM,MCE,LMP_ENE_PRC,URBAN_6_N005,ALL,1,30.57744,119
2017-09-06T07:00:00-00:00,2017-09-06T08:00:00-00:00,2017-09-06,1,0,URBAN_6_N005,URBAN_6_N005,URBAN_6_N005,DAM,MCE,LMP_ENE_PRC,URBAN_6_N005,ALL,1,32.11859,119
2017-09-06T17:00:00-00:00,2017-09-06T18:00:00-00:00,2017-09-06,11,0,URBAN_6_N005,URBAN_6_N005,URBAN_6_N005,DAM,MCE,LMP_ENE_PRC,URBAN_6_N005,ALL,1,35.7087,119
2017-09-07T05:00:00-00:00,2017-09-07T06:00:00-00:00,2017-09-06,23,0,URBAN_6_N005,URBAN_6_N005,URBAN_6_N005,DAM,MCE,LMP_ENE_PRC,URBAN_6_N005,ALL,1,39.29871,119
2017-09-06T14:00:00-00:00,2017-09-06T15:00:00-00:00,2017-09-06,8,0,URBAN_6_N005,URBAN_6_N005,URBAN_6_N005,DAM,MCE,LMP_ENE_PRC,URBAN_6_N005,ALL,1,38.65902,119
2017-09-06T13:00:00-00:00,2017-09-06T14:00:00-00:00,2017-09-06,7,0,URBAN_6_N005,URBAN_6_N005,URBAN_6_N005,DAM,MCE,LMP_ENE_PRC,URBAN_6_N005,ALL,1,38.96259,119
2017-09-06T21:00:00-00:00,2017-09-06T22:00:00-00:00,2017-09-06,15,0,URBAN_6_N005,URBAN_6_N005,URBAN_6_N005,DAM,MCL,LMP_LOSS_PRC,URBAN_6_N005,ALL,1,-0.12158,120
2017-09-07T02:00:00-00:00,2017-09-07T03:00:00-00:00,2017-09-06,20,0,URBAN_6_N005,URBAN_6_N005,URBAN_6_N005,DAM,MCL,LMP_LOSS_PRC,URBAN_6_N005,ALL,1,-0.06913,120
2017-09-07T03:00:00-00:00,2017-09-07T04:00:00-00:00,2017-09-06,21,0,URBAN_6_N005,URBAN_6_N005,URBAN_6_N005,DAM,MCL,LMP_LOSS_PRC,URBAN_6_N005,ALL,1,0.45627,120
2017-09-06T17:00:00-00:00,2017-09-06T18:00:00-00:00,2017-09-06,11,0,URBAN_6_N005,URBAN_6_N005,URBAN_6_N005,DAM,MCL,LMP_LOSS_PRC,URBAN_6_N005,ALL,1,-0.47493,120
2017-09-07T04:00:00-00:00,2017-09-07T05:00:00-00:00,2017-09-06,22,0,URBAN_6_N005,URBAN_6_N005,URBAN_6_N005,DAM,MCL,LMP_LOSS_PRC,URBAN_6_N005,ALL,1,0.37523,120
2017-09-06T12:00:00-00:00,2017-09-06T13:00:00-00:00,2017-09-06,6,0,URBAN_6_N005,URBAN_6_N005,URBAN_6_N005,DAM,MCL,LMP_LOSS_PRC,URBAN_6_N005,ALL,1,-0.48237,120
2017-09-07T00:00:00-00:00,2017-09-07T01:00:00-00:00,2017-09-06,18,0,URBAN_6_N005,URBAN_6_N005,URBAN_6_N005,DAM,MCL,LMP_LOSS_PRC,URBAN_6_N005,ALL,1,0.20256,120
2017-09-06T19:00:00-00:00,2017-09-06T20:00:00-00:00,2017-09-06,13,0,URBAN_6_N005,URBAN_6_N005,URBAN_6_N005,DAM,MCL,LMP_LOSS_PRC,URBAN_6_N005,ALL,1,-0.22271,120
2017-09-06T18:00:00-00:00,2017-09-06T19:00:00-00:00,2017-09-06,12,0,URBAN_6_N005,URBAN_6_N005,URBAN_6_N005,DAM,MCL,LMP_LOSS_PRC,URBAN_6_N005,ALL,1,-0.48964,120
2017-09-06T10:00:00-00:00,2017-09-06T11:00:00-00:00,2017-09-06,4,0,URBAN_6_N005,URBAN_6_N005,URBAN_6_N005,DAM,MCL,LMP_LOSS_PRC,URBAN_6_N005,ALL,1,-0.42375,120
2017-09-06T20:00:00-00:00,2017-09-06T21:00:00-00:00,2017-09-06,14,0,URBAN_6_N005,URBAN_6_N005,URBAN_6_N005,DAM,MCL,LMP_LOSS_PRC,URBAN_6_N005,ALL,1,-0.0556,120
2017-09-06T08:00:00-00:00,2017-09-06T09:00:00-00:00,2017-09-06,2,0,URBAN_6_N005,URBAN_6_N005,URBAN_6_N005,DAM,MCL,LMP_LOSS_PRC,URBAN_6_N005,ALL,1,-0.50453,120
2017-09-07T06:00:00-00:00,2017-09-07T07:00:00-00:00,2017-09-06,24,0,URBAN_6_N005,URBAN_6_N005,URBAN_6_N005,DAM,MCL,LMP_LOSS_PRC,URBAN_6_N005,ALL,1,-0.60024,120
2017-09-06T07:00:00-00:00,2017-09-06T08:00:00-00:00,2017-09-06,1,0,URBAN_6_N005,URBAN_6_N005,URBAN_6_N005,DAM,MCL,LMP_LOSS_PRC,URBAN_6_N005,ALL,1,-0.45287,120
2017-09-06T13:00:00-00:00,2017-09-06T14:00:00-00:00,2017-09-06,7,0,URBAN_6_N005,URBAN_6_N005,URBAN_6_N005,DAM,MCL,LMP_LOSS_PRC,URBAN_6_N005,ALL,1,-0.21429,120
2017-09-06T11:00:00-00:00,2017-09-06T12:00:00-00:00,2017-09-06,5,0,URBAN_6_N005,URBAN_6_N005,URBAN_6_N005,DAM,MCL,LMP_LOSS_PRC,URBAN_6_N005,ALL,1,-0.47731,120
2017-09-07T05:00:00-00:00,2017-09-07T06:00:00-00:00,2017-09-06,23,0,URBAN_6_N005,URBAN_6_N005,URBAN_6_N005,DAM,MCL,LMP_LOSS_PRC,URBAN_6_N005,ALL,1,-0.29474,120
2017-09-06T22:00:00-00:00,2017-09-06T23:00:00-00:00,2017-09-06,16,0,URBAN_6_N005,URBAN_6_N005,URBAN_6_N005,DAM,MCL,LMP_LOSS_PRC,URBAN_6_N005,ALL,1,0.16666,120
2017-09-06T14:00:00-00:00,2017-09-06T15:00:00-00:00,2017-09-06,8,0,URBAN_6_N005,URBAN_6_N005,URBAN_6_N005,DAM,MCL,LMP_LOSS_PRC,URBAN_6_N005,ALL,1,-0.4871,120
2017-09-06T23:00:00-00:00,2017-09-07T00:00:00-00:00,2017-09-06,17,0,URBAN_6_N005,URBAN_6_N005,URBAN_6_N005,DAM,MCL,LMP_LOSS_PRC,URBAN_6_N005,ALL,1,-0.11028,120
2017-09-06T09:00:00-00:00,2017-09-06T10:00:00-00:00,2017-09-06,3,0,URBAN_6_N005,URBAN_6_N005,URBAN_6_N005,DAM,MCL,LMP_LOSS_PRC,URBAN_6_N005,ALL,1,-0.43041,120
2017-09-06T16:00:00-00:00,2017-09-06T17:00:00-00:00,2017-09-06,10,0,URBAN_6_N005,URBAN_6_N005,URBAN_6_N005,DAM,MCL,LMP_LOSS_PRC,URBAN_6_N005,ALL,1,-0.34453,120
2017-09-06T15:00:00-00:00,2017-09-06T16:00:00-00:00,2017-09-06,9,0,URBAN_6_N005,URBAN_6_N005,URBAN_6_N005,DAM,MCL,LMP_LOSS_PRC,URBAN_6_N005,ALL,1,-0.52822,120
2017-09-07T01:00:00-00:00,2017-09-07T02:00:00-00:00,2017-09-06,19,0,URBAN_6_N005,URBAN_6_N005,URBAN_6_N005,DAM,MCL,LMP_LOSS_PRC,URBAN_6_N005,ALL,1,-0.12169,120
2017-09-08T01:00:00-00:00,2017-09-08T02:00:00-00:00,2017-09-07,19,0,BAYSHOR2_1_N001,BAYSHOR2_1_N001,BAYSHOR2_1_N001,DAM,LMP,LMP_PRC,BAYSHOR2_1_N001,ALL,1,66.00822,121
2017-09-07T21:00:00-00:00,2017-09-07T22:00:00-00:00,2017-09-07,15,0,BAYSHOR2_1_N001,BAYSHOR2_1_N001,BAYSHOR2_1_N001,DAM,LMP,LMP_PRC,BAYSHOR2_1_N001,ALL,1,43.20207,121
2017-09-07T18:00:00-00:00,2017-09-07T19:00:00-00:00,2017-09-07,12,0,BAYSHOR2_1_N001,BAYSHOR2_1_N001,BAYSHOR2_1_N001,DAM,LMP,LMP_PRC,BAYSHOR2_1_N001,ALL,1,43.48551,121
2017-09-08T06:00:00-00:00,2017-09-08T07:00:00-00:00,2017-09-07,24,0,BAYSHOR2_1_N001,BAYSHOR2_1_N001,BAYSHOR2_1_N001,DAM,LMP,LMP_PRC,BAYSHOR2_1_N001,ALL,1,36.86503,121
2017-09-08T05:00:00-00:00,2017-09-08T06:00:00-00:00,2017-09-07,23,0,BAYSHOR2_1_N001,BAYSHOR2_1_N001,BAYSHOR2_1_N001,DAM,LMP,LMP_PRC,BAYSHOR2_1_N001,ALL,1,40.94838,121
2017-09-07T13:00:00-00:00,2017-09-07T14:00:00-00:00,2017-09-07,7,0,BAYSHOR2_1_N001,BAYSHOR2_1_N001,BAYSHOR2_1_N001,DAM,LMP,LMP_PRC,BAYSHOR2_1_N001,ALL,1,41.8012,121
2017-09-07T09:00:00-00:00,2017-09-07T10:00:00-00:00,2017-09-07,3,0,BAYSHOR2_1_N001,BAYSHOR2_1_N001,BAYSHOR2_1_N001,DAM,LMP,LMP_PRC,BAYSHOR2_1_N001,ALL,1,29.68417,121
2017-09-07T07:00:00-00:00,2017-09-07T08:00:00-00:00,2017-09-07,1,0,BAYSHOR2_1_N001,BAYSHOR2_1_N001,BAYSHOR2_1_N001,DAM,LMP,LMP_PRC,BAYSHOR2_1_N001,ALL,1,35.32812,121
2017-09-07T23:00:00-00:00,2017-09-08T00:00:00-00:00,2017-09-07,17,0,BAYSHOR2_1_N001,BAYSHOR2_1_N001,BAYSHOR2_1_N001,DAM,LMP,LMP_PRC,BAYSHOR2_1_N001,ALL,1,49.67157,121
2017-09-07T15:00:00-00:00,2017-09-07T16:00:00-00:00,2017-09-07,9,0,BAYSHOR2_1_N001,BAYSHOR2_1_N001,BAYSHOR2_1_N001,DAM,LMP,LMP_PRC,BAYSHOR2_1_N001,ALL,1,40.73149,121
2017-09-08T00:00:00-00:00,2017-09-08T01:00:00-00:00,2017-09-07,18,0,BAYSHOR2_1_N001,BAYSHOR2_1_N001,BAYSHOR2_1_N001,DAM,LMP,LMP_PRC,BAYSHOR2_1_N001,ALL,1,53.3716,121
2017-09-07T19:00:00-00:00,2017-09-07T20:00:00-00:00,2017-09-07,13,0,BAYSHOR2_1_N001,BAYSHOR2_1_N001,BAYSHOR2_1_N001,DAM,LMP,LMP_PRC,BAYSHOR2_1_N001,ALL,1,41.25793,121
2017-09-07T08:00:00-00:00,2017-09-07T09:00:00-00:00,2017-09-07,2,0,BAYSHOR2_1_N001,BAYSHOR2_1_N001,BAYSHOR2_1_N001,DAM,LMP,LMP_PRC,BAYSHOR2_1_N001,ALL,1,32.22053,121
2017-09-08T03:00:00-00:00,2017-09-08T04:00:00-00:00,2017-09-07,21,0,BAYSHOR2_1_N001,BAYSHOR2_1_N001,BAYSHOR2_1_N001,DAM,LMP,LMP_PRC,BAYSHOR2_1_N001,ALL,1,52.26818,121
2017-09-07T11:00:00-00:00,2017-09-07T12:00:00-00:00,2017-09-07,5,0,BAYSHOR2_1_N001,BAYSHOR2_1_N001,BAYSHOR2_1_N001,DAM,LMP,LMP_PRC,BAYSHOR2_1_N001,ALL,1,30.45275,121
2017-09-07T22:00:00-00:00,2017-09-07T23:00:00-00:00,2017-09-07,16,0,BAYSHOR2_1_N001,BAYSHOR2_1_N001,BAYSHOR2_1_N001,DAM,LMP,LMP_PRC,BAYSHOR2_1_N001,ALL,1,46.21281,121
2017-09-07T17:00:00-00:00,2017-09-07T18:00:00-00:00,2017-09-07,11,0,BAYSHOR2_1_N001,BAYSHOR2_1_N001,BAYSHOR2_1_N001,DAM,LMP,LMP_PRC,BAYSHOR2_1_N001,ALL,1,42.46939,121
2017-09-07T16:00:00-00:00,2017-09-07T17:00:00-00:00,2017-09-07,10,0,BAYSHOR2_1_N001,BAYSHOR2_1_N001,BAYSHOR2_1_N001,DAM,LMP,LMP_PRC,BAYSHOR2_1_N001,ALL,1,39.5913,121
2017-09-07T14:00:00-00:00,2017-09-07T15:00:00-00:00,2017-09-07,8,0,BAYSHOR2_1_N001,BAYSHOR2_1_N001,BAYSHOR2_1_N001,DAM,LMP,LMP_PRC,BAYSHOR2_1_N001,ALL,1,44.08539,121
2017-09-07T12:00:00-00:00,2017-09-07T13:00:00-00:00,2017-09-07,6,0,BAYSHOR2_1_N001,BAYSHOR2_1_N001,BAYSHOR2_1_N001,DAM,LMP,LMP_PRC,BAYSHOR2_1_N001,ALL,1,35.92263,121
2017-09-07T10:00:00-00:00,2017-09-07T11:00:00-00:00,2017-09-07,4,0,BAYSHOR2_1_N001,BAYSHOR2_1_N001,BAYSHOR2_1_N001,DAM,LMP,LMP_PRC,BAYSHOR2_1_N001,ALL,1,29.07683,121
2017-09-07T20:00:00-00:00,2017-09-07T21:00:00-00:00,2017-09-07,14,0,BAYSHOR2_1_N001,BAYSHOR2_1_N001,BAYSHOR2_1_N001,DAM,LMP,LMP_PRC,BAYSHOR2_1_N001,ALL,1,41.84043,121
2017-09-08T04:00:00-00:00,2017-09-08T05:00:00-00:00,2017-09-07,22,0,BAYSHOR2_1_N001,BAYSHOR2_1_N001,BAYSHOR2_1_N001,DAM,LMP,LMP_PRC,BAYSHOR2_1_N001,ALL,1,44.66793,121
2017-09-08T02:00:00-00:00,2017-09-08T03:00:00-00:00,2017-09-07,20,0,BAYSHOR2_1_N001,BAYSHOR2_1_N001,BAYSHOR2_1_N001,DAM,LMP,LMP_PRC,BAYSHOR2_1_N001,ALL,1,56.05542,121
2017-09-08T06:00:00-00:00,2017-09-08T07:00:00-00:00,2017-09-07,24,0,BAYSHOR2_1_N001,BAYSHOR2_1_N001,BAYSHOR2_1_N001,DAM,MCC,LMP_CONG_PRC,BAYSHOR2_1_N001,ALL,1,0,122
2017-09-07T11:00:00-00:00,2017-09-07T12:00:00-00:00,2017-09-07,5,0,BAYSHOR2_1_N001,BAYSHOR2_1_N001,BAYSHOR2_1_N001,DAM,MCC,LMP_CONG_PRC,BAYSHOR2_1_N001,ALL,1,-0.18975,122
2017-09-08T03:00:00-00:00,2017-09-08T04:00:00-00:00,2017-09-07,21,0,BAYSHOR2_1_N001,BAYSHOR2_1_N001,BAYSHOR2_1_N001,DAM,MCC,LMP_CONG_PRC,BAYSHOR2_1_N001,ALL,1,0,122
2017-09-07T19:00:00-00:00,2017-09-07T20:00:00-00:00,2017-09-07,13,0,BAYSHOR2_1_N001,BAYSHOR2_1_N001,BAYSHOR2_1_N001,DAM,MCC,LMP_CONG_PRC,BAYSHOR2_1_N001,ALL,1,3.54652,122
2017-09-07T12:00:00-00:00,2017-09-07T13:00:00-00:00,2017-09-07,6,0,BAYSHOR2_1_N001,BAYSHOR2_1_N001,BAYSHOR2_1_N001,DAM,MCC,LMP_CONG_PRC,BAYSHOR2_1_N001,ALL,1,0,122
2017-09-07T22:00:00-00:00,2017-09-07T23:00:00-00:00,2017-09-07,16,0,BAYSHOR2_1_N001,BAYSHOR2_1_N001,BAYSHOR2_1_N001,DAM,MCC,LMP_CONG_PRC,BAYSHOR2_1_N001,ALL,1,0.16575,122
2017-09-07T08:00:00-00:00,2017-09-07T09:00:00-00:00,2017-09-07,2,0,BAYSHOR2_1_N001,BAYSHOR2_1_N001,BAYSHOR2_1_N001,DAM,MCC,LMP_CONG_PRC,BAYSHOR2_1_N001,ALL,1,0,122
2017-09-07T07:00:00-00:00,2017-09-07T08:00:00-00:00,2017-09-07,1,0,BAYSHOR2_1_N001,BAYSHOR2_1_N001,BAYSHOR2_1_N001,DAM,MCC,LMP_CONG_PRC,BAYSHOR2_1_N001,ALL,1,0,122
2017-09-08T05:00:00-00:00,2017-09-08T06:00:00-00:00,2017-09-07,23,0,BAYSHOR2_1_N001,BAYSHOR2_1_N001,BAYSHOR2_1_N001,DAM,MCC,LMP_CONG_PRC,BAYSHOR2_1_N001,ALL,1,-0.2498,122
2017-09-07T21:00:00-00:00,2017-09-07T22:00:00-00:00,2017-09-07,15,0,BAYSHOR2_1_N001,BAYSHOR2_1_N001,BAYSHOR2_1_N001,DAM,MCC,LMP_CONG_PRC,BAYSHOR2_1_N001,ALL,1,1.90961,122
2017-09-07T23:00:00-00:00,2017-09-08T00:00:00-00:00,2017-09-07,17,0,BAYSHOR2_1_N001,BAYSHOR2_1_N001,BAYSHOR2_1_N001,DAM,MCC,LMP_CONG_PRC,BAYSHOR2_1_N001,ALL,1,1.26815,122
2017-09-07T17:00:00-00:00,2017-09-07T18:00:00-00:00,2017-09-07,11,0,BAYSHOR2_1_N001,BAYSHOR2_1_N001,BAYSHOR2_1_N001,DAM,MCC,LMP_CONG_PRC,BAYSHOR2_1_N001,ALL,1,5.56542,122
2017-09-08T02:00:00-00:00,2017-09-08T03:00:00-00:00,2017-09-07,20,0,BAYSHOR2_1_N001,BAYSHOR2_1_N001,BAYSHOR2_1_N001,DAM,MCC,LMP_CONG_PRC,BAYSHOR2_1_N001,ALL,1,0,122
2017-09-08T00:00:00-00:00,2017-09-08T01:00:00-00:00,2017-09-07,18,0,BAYSHOR2_1_N001,BAYSHOR2_1_N001,BAYSHOR2_1_N001,DAM,MCC,LMP_CONG_PRC,BAYSHOR2_1_N001,ALL,1,0,122
2017-09-07T15:00:00-00:00,2017-09-07T16:00:00-00:00,2017-09-07,9,0,BAYSHOR2_1_N001,BAYSHOR2_1_N001,BAYSHOR2_1_N001,DAM,MCC,LMP_CONG_PRC,BAYSHOR2_1_N001,ALL,1,3.76004,122
2017-09-08T04:00:00-00:00,2017-09-08T05:00:00-00:00,2017-09-07,22,0,BAYSHOR2_1_N001,BAYSHOR2_1_N001,BAYSHOR2_1_N001,DAM,MCC,LMP_CONG_PRC,BAYSHOR2_1_N001,ALL,1,0,122
2017-09-07T16:00:00-00:00,2017-09-07T17:00:00-00:00,2017-09-07,10,0,BAYSHOR2_1_N001,BAYSHOR2_1_N001,BAYSHOR2_1_N001,DAM,MCC,LMP_CONG_PRC,BAYSHOR2_1_N001,ALL,1,4.99826,122
2017-09-07T20:00:00-00:00,2017-09-07T21:00:00-00:00,2017-09-07,14,0,BAYSHOR2_1_N001,BAYSHOR2_1_N001,BAYSHOR2_1_N001,DAM,MCC,LMP_CONG_PRC,BAYSHOR2_1_N001,ALL,1,2.18637,122
2017-09-07T14:00:00-00:00,2017-09-07T15:00:00-00:00,2017-09-07,8,0,BAYSHOR2_1_N001,BAYSHOR2_1_N001,BAYSHOR2_1_N001,DAM,MCC,LMP_CONG_PRC,BAYSHOR2_1_N001,ALL,1,0,122
2017-09-07T18:00:00-00:00,2017-09-07T19:00:00-00:00,2017-09-07,12,0,BAYSHOR2_1_N001,BAYSHOR2_1_N001,BAYSHOR2_1_N001,DAM,MCC,LMP_CONG_PRC,BAYSHOR2_1_N001,ALL,1,5.76947,122
2017-09-07T13:00:00-00:00,2017-09-07T14:00:00-00:00,2017-09-07,7,0,BAYSHOR2_1_N001,BAYSHOR2_1_N001,BAYSHOR2_1_N001,DAM,MCC,LMP_CONG_PRC,BAYSHOR2_1_N001,ALL,1,0,122
2017-09-07T09:00:00-00:00,2017-09-07T10:00:00-00:00,2017-09-07,3,0,BAYSHOR2_1_N001,BAYSHOR2_1_N001,BAYSHOR2_1_N001,DAM,MCC,LMP_CONG_PRC,BAYSHOR2_1_N001,ALL,1,-0.21793,122
2017-09-08T01:00:00-00:00,2017-09-08T02:00:00-00:00,2017-09-07,19,0,BAYSHOR2_1_N001,BAYSHOR2_1_N001,BAYSHOR2_1_N001,DAM,MCC,LMP_CONG_PRC,BAYSHOR2_1_N001,ALL,1,0,122
2017-09-07T10:00:00-00:00,2017-09-07T11:00:00-00:00,2017-09-07,4,0,BAYSHOR2_1_N001,BAYSHOR2_1_N001,BAYSHOR2_1_N001,DAM,MCC,LMP_CONG_PRC,BAYSHOR2_1_N001,ALL,1,0,122
2017-09-08T00:00:00-00:00,2017-09-08T01:00:00-00:00,2017-09-07,18,0,BAYSHOR2_1_N001,BAYSHOR2_1_N001,BAYSHOR2_1_N001,DAM,MCE,LMP_ENE_PRC,BAYSHOR2_1_N001,ALL,1,52.70228,123
2017-09-08T02:00:00-00:00,2017-09-08T03:00:00-00:00,2017-09-07,20,0,BAYSHOR2_1_N001,BAYSHOR2_1_N001,BAYSHOR2_1_N001,DAM,MCE,LMP_ENE_PRC,BAYSHOR2_1_N001,ALL,1,56.17902,123
2017-09-08T03:00:00-00:00,2017-09-08T04:00:00-00:00,2017-09-07,21,0,BAYSHOR2_1_N001,BAYSHOR2_1_N001,BAYSHOR2_1_N001,DAM,MCE,LMP_ENE_PRC,BAYSHOR2_1_N001,ALL,1,51.94096,123
2017-09-07T21:00:00-00:00,2017-09-07T22:00:00-00:00,2017-09-07,15,0,BAYSHOR2_1_N001,BAYSHOR2_1_N001,BAYSHOR2_1_N001,DAM,MCE,LMP_ENE_PRC,BAYSHOR2_1_N001,ALL,1,40.32467,123
2017-09-07T12:00:00-00:00,2017-09-07T13:00:00-00:00,2017-09-07,6,0,BAYSHOR2_1_N001,BAYSHOR2_1_N001,BAYSHOR2_1_N001,DAM,MCE,LMP_ENE_PRC,BAYSHOR2_1_N001,ALL,1,34.7045,123
2017-09-07T15:00:00-00:00,2017-09-07T16:00:00-00:00,2017-09-07,9,0,BAYSHOR2_1_N001,BAYSHOR2_1_N001,BAYSHOR2_1_N001,DAM,MCE,LMP_ENE_PRC,BAYSHOR2_1_N001,ALL,1,35.38615,123
2017-09-07T16:00:00-00:00,2017-09-07T17:00:00-00:00,2017-09-07,10,0,BAYSHOR2_1_N001,BAYSHOR2_1_N001,BAYSHOR2_1_N001,DAM,MCE,LMP_ENE_PRC,BAYSHOR2_1_N001,ALL,1,33.11606,123
2017-09-07T18:00:00-00:00,2017-09-07T19:00:00-00:00,2017-09-07,12,0,BAYSHOR2_1_N001,BAYSHOR2_1_N001,BAYSHOR2_1_N001,DAM,MCE,LMP_ENE_PRC,BAYSHOR2_1_N001,ALL,1,36.39139,123
2017-09-07T19:00:00-00:00,2017-09-07T20:00:00-00:00,2017-09-07,13,0,BAYSHOR2_1_N001,BAYSHOR2_1_N001,BAYSHOR2_1_N001,DAM,MCE,LMP_ENE_PRC,BAYSHOR2_1_N001,ALL,1,36.71997,123
2017-09-07T23:00:00-00:00,2017-09-08T00:00:00-00:00,2017-09-07,17,0,BAYSHOR2_1_N001,BAYSHOR2_1_N001,BAYSHOR2_1_N001,DAM,MCE,LMP_ENE_PRC,BAYSHOR2_1_N001,ALL,1,47.55691,123
2017-09-07T07:00:00-00:00,2017-09-07T08:00:00-00:00,2017-09-07,1,0,BAYSHOR2_1_N001,BAYSHOR2_1_N001,BAYSHOR2_1_N001,DAM,MCE,LMP_ENE_PRC,BAYSHOR2_1_N001,ALL,1,34.08076,123
2017-09-07T10:00:00-00:00,2017-09-07T11:00:00-00:00,2017-09-07,4,0,BAYSHOR2_1_N001,BAYSHOR2_1_N001,BAYSHOR2_1_N001,DAM,MCE,LMP_ENE_PRC,BAYSHOR2_1_N001,ALL,1,28.03937,123
2017-09-08T01:00:00-00:00,2017-09-08T02:00:00-00:00,2017-09-07,19,0,BAYSHOR2_1_N001,BAYSHOR2_1_N001,BAYSHOR2_1_N001,DAM,MCE,LMP_ENE_PRC,BAYSHOR2_1_N001,ALL,1,66.05446,123
2017-09-08T04:00:00-00:00,2017-09-08T05:00:00-00:00,2017-09-07,22,0,BAYSHOR2_1_N001,BAYSHOR2_1_N001,BAYSHOR2_1_N001,DAM,MCE,LMP_ENE_PRC,BAYSHOR2_1_N001,ALL,1,44.53877,123
2017-09-07T11:00:00-00:00,2017-09-07T12:00:00-00:00,2017-09-07,5,0,BAYSHOR2_1_N001,BAYSHOR2_1_N001,BAYSHOR2_1_N001,DAM,MCE,LMP_ENE_PRC,BAYSHOR2_1_N001,ALL,1,29.75577,123
2017-09-07T13:00:00-00:00,2017-09-07T14:00:00-00:00,2017-09-07,7,0,BAYSHOR2_1_N001,BAYSHOR2_1_N001,BAYSHOR2_1_N001,DAM,MCE,LMP_ENE_PRC,BAYSHOR2_1_N001,ALL,1,40.48542,123
2017-09-08T05:00:00-00:00,2017-09-08T06:00:00-00:00,2017-09-07,23,0,BAYSHOR2_1_N001,BAYSHOR2_1_N001,BAYSHOR2_1_N001,DAM,MCE,LMP_ENE_PRC,BAYSHOR2_1_N001,ALL,1,39.90525,123
2017-09-07T08:00:00-00:00,2017-09-07T09:00:00-00:00,2017-09-07,2,0,BAYSHOR2_1_N001,BAYSHOR2_1_N001,BAYSHOR2_1_N001,DAM,MCE,LMP_ENE_PRC,BAYSHOR2_1_N001,ALL,1,31.23355,123
2017-09-07T09:00:00-00:00,2017-09-07T10:00:00-00:00,2017-09-07,3,0,BAYSHOR2_1_N001,BAYSHOR2_1_N001,BAYSHOR2_1_N001,DAM,MCE,LMP_ENE_PRC,BAYSHOR2_1_N001,ALL,1,29.0227,123
2017-09-07T17:00:00-00:00,2017-09-07T18:00:00-00:00,2017-09-07,11,0,BAYSHOR2_1_N001,BAYSHOR2_1_N001,BAYSHOR2_1_N001,DAM,MCE,LMP_ENE_PRC,BAYSHOR2_1_N001,ALL,1,35.36217,123
2017-09-07T22:00:00-00:00,2017-09-07T23:00:00-00:00,2017-09-07,16,0,BAYSHOR2_1_N001,BAYSHOR2_1_N001,BAYSHOR2_1_N001,DAM,MCE,LMP_ENE_PRC,BAYSHOR2_1_N001,ALL,1,45.23732,123
2017-09-08T06:00:00-00:00,2017-09-08T07:00:00-00:00,2017-09-07,24,0,BAYSHOR2_1_N001,BAYSHOR2_1_N001,BAYSHOR2_1_N001,DAM,MCE,LMP_ENE_PRC,BAYSHOR2_1_N001,ALL,1,35.29781,123
2017-09-07T20:00:00-00:00,2017-09-07T21:00:00-00:00,2017-09-07,14,0,BAYSHOR2_1_N001,BAYSHOR2_1_N001,BAYSHOR2_1_N001,DAM,MCE,LMP_ENE_PRC,BAYSHOR2_1_N001,ALL,1,38.69444,123
2017-09-07T14:00:00-00:00,2017-09-07T15:00:00-00:00,2017-09-07,8,0,BAYSHOR2_1_N001,BAYSHOR2_1_N001,BAYSHOR2_1_N001,DAM,MCE,LMP_ENE_PRC,BAYSHOR2_1_N001,ALL,1,42.11042,123
2017-09-07T23:00:00-00:00,2017-09-08T00:00:00-00:00,2017-09-07,17,0,BAYSHOR2_1_N001,BAYSHOR2_1_N001,BAYSHOR2_1_N001,DAM,MCL,LMP_LOSS_PRC,BAYSHOR2_1_N001,ALL,1,0.84651,124
2017-09-07T19:00:00-00:00,2017-09-07T20:00:00-00:00,2017-09-07,13,0,BAYSHOR2_1_N001,BAYSHOR2_1_N001,BAYSHOR2_1_N001,DAM,MCL,LMP_LOSS_PRC,BAYSHOR2_1_N001,ALL,1,0.99144,124
2017-09-07T11:00:00-00:00,2017-09-07T12:00:00-00:00,2017-09-07,5,0,BAYSHOR2_1_N001,BAYSHOR2_1_N001,BAYSHOR2_1_N001,DAM,MCL,LMP_LOSS_PRC,BAYSHOR2_1_N001,ALL,1,0.88672,124
2017-09-07T14:00:00-00:00,2017-09-07T15:00:00-00:00,2017-09-07,8,0,BAYSHOR2_1_N001,BAYSHOR2_1_N001,BAYSHOR2_1_N001,DAM,MCL,LMP_LOSS_PRC,BAYSHOR2_1_N001,ALL,1,1.97498,124
2017-09-07T15:00:00-00:00,2017-09-07T16:00:00-00:00,2017-09-07,9,0,BAYSHOR2_1_N001,BAYSHOR2_1_N001,BAYSHOR2_1_N001,DAM,MCL,LMP_LOSS_PRC,BAYSHOR2_1_N001,ALL,1,1.5853,124
2017-09-07T18:00:00-00:00,2017-09-07T19:00:00-00:00,2017-09-07,12,0,BAYSHOR2_1_N001,BAYSHOR2_1_N001,BAYSHOR2_1_N001,DAM,MCL,LMP_LOSS_PRC,BAYSHOR2_1_N001,ALL,1,1.32465,124
2017-09-07T07:00:00-00:00,2017-09-07T08:00:00-00:00,2017-09-07,1,0,BAYSHOR2_1_N001,BAYSHOR2_1_N001,BAYSHOR2_1_N001,DAM,MCL,LMP_LOSS_PRC,BAYSHOR2_1_N001,ALL,1,1.24736,124
2017-09-07T08:00:00-00:00,2017-09-07T09:00:00-00:00,2017-09-07,2,0,BAYSHOR2_1_N001,BAYSHOR2_1_N001,BAYSHOR2_1_N001,DAM,MCL,LMP_LOSS_PRC,BAYSHOR2_1_N001,ALL,1,0.98698,124
2017-09-07T21:00:00-00:00,2017-09-07T22:00:00-00:00,2017-09-07,15,0,BAYSHOR2_1_N001,BAYSHOR2_1_N001,BAYSHOR2_1_N001,DAM,MCL,LMP_LOSS_PRC,BAYSHOR2_1_N001,ALL,1,0.96779,124
2017-09-07T22:00:00-00:00,2017-09-07T23:00:00-00:00,2017-09-07,16,0,BAYSHOR2_1_N001,BAYSHOR2_1_N001,BAYSHOR2_1_N001,DAM,MCL,LMP_LOSS_PRC,BAYSHOR2_1_N001,ALL,1,0.80975,124
2017-09-07T12:00:00-00:00,2017-09-07T13:00:00-00:00,2017-09-07,6,0,BAYSHOR2_1_N001,BAYSHOR2_1_N001,BAYSHOR2_1_N001,DAM,MCL,LMP_LOSS_PRC,BAYSHOR2_1_N001,ALL,1,1.21813,124
2017-09-08T02:00:00-00:00,2017-09-08T03:00:00-00:00,2017-09-07,20,0,BAYSHOR2_1_N001,BAYSHOR2_1_N001,BAYSHOR2_1_N001,DAM,MCL,LMP_LOSS_PRC,BAYSHOR2_1_N001,ALL,1,-0.12359,124
2017-09-08T03:00:00-00:00,2017-09-08T04:00:00-00:00,2017-09-07,21,0,BAYSHOR2_1_N001,BAYSHOR2_1_N001,BAYSHOR2_1_N001,DAM,MCL,LMP_LOSS_PRC,BAYSHOR2_1_N001,ALL,1,0.32723,124
2017-09-08T05:00:00-00:00,2017-09-08T06:00:00-00:00,2017-09-07,23,0,BAYSHOR2_1_N001,BAYSHOR2_1_N001,BAYSHOR2_1_N001,DAM,MCL,LMP_LOSS_PRC,BAYSHOR2_1_N001,ALL,1,1.29293,124
2017-09-07T16:00:00-00:00,2017-09-07T17:00:00-00:00,2017-09-07,10,0,BAYSHOR2_1_N001,BAYSHOR2_1_N001,BAYSHOR2_1_N001,DAM,MCL,LMP_LOSS_PRC,BAYSHOR2_1_N001,ALL,1,1.47698,124
2017-09-07T20:00:00-00:00,2017-09-07T21:00:00-00:00,2017-09-07,14,0,BAYSHOR2_1_N001,BAYSHOR2_1_N001,BAYSHOR2_1_N001,DAM,MCL,LMP_LOSS_PRC,BAYSHOR2_1_N001,ALL,1,0.95962,124
2017-09-07T10:00:00-00:00,2017-09-07T11:00:00-00:00,2017-09-07,4,0,BAYSHOR2_1_N001,BAYSHOR2_1_N001,BAYSHOR2_1_N001,DAM,MCL,LMP_LOSS_PRC,BAYSHOR2_1_N001,ALL,1,1.03746,124
2017-09-08T06:00:00-00:00,2017-09-08T07:00:00-00:00,2017-09-07,24,0,BAYSHOR2_1_N001,BAYSHOR2_1_N001,BAYSHOR2_1_N001,DAM,MCL,LMP_LOSS_PRC,BAYSHOR2_1_N001,ALL,1,1.56722,124
2017-09-07T17:00:00-00:00,2017-09-07T18:00:00-00:00,2017-09-07,11,0,BAYSHOR2_1_N001,BAYSHOR2_1_N001,BAYSHOR2_1_N001,DAM,MCL,LMP_LOSS_PRC,BAYSHOR2_1_N001,ALL,1,1.54179,124
2017-09-08T04:00:00-00:00,2017-09-08T05:00:00-00:00,2017-09-07,22,0,BAYSHOR2_1_N001,BAYSHOR2_1_N001,BAYSHOR2_1_N001,DAM,MCL,LMP_LOSS_PRC,BAYSHOR2_1_N001,ALL,1,0.12916,124
2017-09-07T13:00:00-00:00,2017-09-07T14:00:00-00:00,2017-09-07,7,0,BAYSHOR2_1_N001,BAYSHOR2_1_N001,BAYSHOR2_1_N001,DAM,MCL,LMP_LOSS_PRC,BAYSHOR2_1_N001,ALL,1,1.31578,124
2017-09-08T00:00:00-00:00,2017-09-08T01:00:00-00:00,2017-09-07,18,0,BAYSHOR2_1_N001,BAYSHOR2_1_N001,BAYSHOR2_1_N001,DAM,MCL,LMP_LOSS_PRC,BAYSHOR2_1_N001,ALL,1,0.66932,124
2017-09-08T01:00:00-00:00,2017-09-08T02:00:00-00:00,2017-09-07,19,0,BAYSHOR2_1_N001,BAYSHOR2_1_N001,BAYSHOR2_1_N001,DAM,MCL,LMP_LOSS_PRC,BAYSHOR2_1_N001,ALL,1,-0.04624,124
2017-09-07T09:00:00-00:00,2017-09-07T10:00:00-00:00,2017-09-07,3,0,BAYSHOR2_1_N001,BAYSHOR2_1_N001,BAYSHOR2_1_N001,DAM,MCL,LMP_LOSS_PRC,BAYSHOR2_1_N001,ALL,1,0.87939,124
2017-09-07T13:00:00-00:00,2017-09-07T14:00:00-00:00,2017-09-07,7,0,TH_NP15_GEN-APND,TH_NP15_GEN-APND,TH_NP15_GEN-APND,DAM,LMP,LMP_PRC,TH_NP15_GEN-APND,ALL_APNODES,0,39.70155,125
2017-09-07T10:00:00-00:00,2017-09-07T11:00:00-00:00,2017-09-07,4,0,TH_NP15_GEN-APND,TH_NP15_GEN-APND,TH_NP15_GEN-APND,DAM,LMP,LMP_PRC,TH_NP15_GEN-APND,ALL_APNODES,0,27.72878,125
2017-09-07T19:00:00-00:00,2017-09-07T20:00:00-00:00,2017-09-07,13,0,TH_NP15_GEN-APND,TH_NP15_GEN-APND,TH_NP15_GEN-APND,DAM,LMP,LMP_PRC,TH_NP15_GEN-APND,ALL_APNODES,0,36.74073,125
2017-09-07T23:00:00-00:00,2017-09-08T00:00:00-00:00,2017-09-07,17,0,TH_NP15_GEN-APND,TH_NP15_GEN-APND,TH_NP15_GEN-APND,DAM,LMP,LMP_PRC,TH_NP15_GEN-APND,ALL_APNODES,0,46.73873,125
2017-09-08T00:00:00-00:00,2017-09-08T01:00:00-00:00,2017-09-07,18,0,TH_NP15_GEN-APND,TH_NP15_GEN-APND,TH_NP15_GEN-APND,DAM,LMP,LMP_PRC,TH_NP15_GEN-APND,ALL_APNODES,0,50.88933,125
2017-09-07T07:00:00-00:00,2017-09-07T08:00:00-00:00,2017-09-07,1,0,TH_NP15_GEN-APND,TH_NP15_GEN-APND,TH_NP15_GEN-APND,DAM,LMP,LMP_PRC,TH_NP15_GEN-APND,ALL_APNODES,0,33.69908,125
2017-09-07T08:00:00-00:00,2017-09-07T09:00:00-00:00,2017-09-07,2,0,TH_NP15_GEN-APND,TH_NP15_GEN-APND,TH_NP15_GEN-APND,DAM,LMP,LMP_PRC,TH_NP15_GEN-APND,ALL_APNODES,0,30.80431,125
2017-09-08T02:00:00-00:00,2017-09-08T03:00:00-00:00,2017-09-07,20,0,TH_NP15_GEN-APND,TH_NP15_GEN-APND,TH_NP15_GEN-APND,DAM,LMP,LMP_PRC,TH_NP15_GEN-APND,ALL_APNODES,0,53.86084,125
2017-09-08T05:00:00-00:00,2017-09-08T06:00:00-00:00,2017-09-07,23,0,TH_NP15_GEN-APND,TH_NP15_GEN-APND,TH_NP15_GEN-APND,DAM,LMP,LMP_PRC,TH_NP15_GEN-APND,ALL_APNODES,0,38.89351,125
2017-09-07T18:00:00-00:00,2017-09-07T19:00:00-00:00,2017-09-07,12,0,TH_NP15_GEN-APND,TH_NP15_GEN-APND,TH_NP15_GEN-APND,DAM,LMP,LMP_PRC,TH_NP15_GEN-APND,ALL_APNODES,0,37.37065,125
2017-09-08T01:00:00-00:00,2017-09-08T02:00:00-00:00,2017-09-07,19,0,TH_NP15_GEN-APND,TH_NP15_GEN-APND,TH_NP15_GEN-APND,DAM,LMP,LMP_PRC,TH_NP15_GEN-APND,ALL_APNODES,0,63.10009,125
2017-09-07T09:00:00-00:00,2017-09-07T10:00:00-00:00,2017-09-07,3,0,TH_NP15_GEN-APND,TH_NP15_GEN-APND,TH_NP15_GEN-APND,DAM,LMP,LMP_PRC,TH_NP15_GEN-APND,ALL_APNODES,0,28.77601,125
2017-09-07T20:00:00-00:00,2017-09-07T21:00:00-00:00,2017-09-07,14,0,TH_NP15_GEN-APND,TH_NP15_GEN-APND,TH_NP15_GEN-APND,DAM,LMP,LMP_PRC,TH_NP15_GEN-APND,ALL_APNODES,0,38.42,125
2017-09-07T16:00:00-00:00,2017-09-07T17:00:00-00:00,2017-09-07,10,0,TH_NP15_GEN-APND,TH_NP15_GEN-APND,TH_NP15_GEN-APND,DAM,LMP,LMP_PRC,TH_NP15_GEN-APND,ALL_APNODES,0,34.5588,125
2017-09-08T03:00:00-00:00,2017-09-08T04:00:00-00:00,2017-09-07,21,0,TH_NP15_GEN-APND,TH_NP15_GEN-APND,TH_NP15_GEN-APND,DAM,LMP,LMP_PRC,TH_NP15_GEN-APND,ALL_APNODES,0,49.75317,125
2017-09-07T12:00:00-00:00,2017-09-07T13:00:00-00:00,2017-09-07,6,0,TH_NP15_GEN-APND,TH_NP15_GEN-APND,TH_NP15_GEN-APND,DAM,LMP,LMP_PRC,TH_NP15_GEN-APND,ALL_APNODES,0,34.41298,125
2017-09-07T14:00:00-00:00,2017-09-07T15:00:00-00:00,2017-09-07,8,0,TH_NP15_GEN-APND,TH_NP15_GEN-APND,TH_NP15_GEN-APND,DAM,LMP,LMP_PRC,TH_NP15_GEN-APND,ALL_APNODES,0,41.97566,125
2017-09-07T17:00:00-00:00,2017-09-07T18:00:00-00:00,2017-09-07,11,0,TH_NP15_GEN-APND,TH_NP15_GEN-APND,TH_NP15_GEN-APND,DAM,LMP,LMP_PRC,TH_NP15_GEN-APND,ALL_APNODES,0,36.60344,125
2017-09-07T21:00:00-00:00,2017-09-07T22:00:00-00:00,2017-09-07,15,0,TH_NP15_GEN-APND,TH_NP15_GEN-APND,TH_NP15_GEN-APND,DAM,LMP,LMP_PRC,TH_NP15_GEN-APND,ALL_APNODES,0,39.93162,125
2017-09-07T11:00:00-00:00,2017-09-07T12:00:00-00:00,2017-09-07,5,0,TH_NP15_GEN-APND,TH_NP15_GEN-APND,TH_NP15_GEN-APND,DAM,LMP,LMP_PRC,TH_NP15_GEN-APND,ALL_APNODES,0,29.41358,125
2017-09-08T06:00:00-00:00,2017-09-08T07:00:00-00:00,2017-09-07,24,0,TH_NP15_GEN-APND,TH_NP15_GEN-APND,TH_NP15_GEN-APND,DAM,LMP,LMP_PRC,TH_NP15_GEN-APND,ALL_APNODES,0,35.04985,125
2017-09-07T15:00:00-00:00,2017-09-07T16:00:00-00:00,2017-09-07,9,0,TH_NP15_GEN-APND,TH_NP15_GEN-APND,TH_NP15_GEN-APND,DAM,LMP,LMP_PRC,TH_NP15_GEN-APND,ALL_APNODES,0,36.53429,125
2017-09-07T22:00:00-00:00,2017-09-07T23:00:00-00:00,2017-09-07,16,0,TH_NP15_GEN-APND,TH_NP15_GEN-APND,TH_NP15_GEN-APND,DAM,LMP,LMP_PRC,TH_NP15_GEN-APND,ALL_APNODES,0,43.98539,125
2017-09-08T04:00:00-00:00,2017-09-08T05:00:00-00:00,2017-09-07,22,0,TH_NP15_GEN-APND,TH_NP15_GEN-APND,TH_NP15_GEN-APND,DAM,LMP,LMP_PRC,TH_NP15_GEN-APND,ALL_APNODES,0,42.62574,125
2017-09-07T12:00:00-00:00,2017-09-07T13:00:00-00:00,2017-09-07,6,0,TH_NP15_GEN-APND,TH_NP15_GEN-APND,TH_NP15_GEN-APND,DAM,MCC,LMP_CONG_PRC,TH_NP15_GEN-APND,ALL_APNODES,0,0,126
2017-09-07T21:00:00-00:00,2017-09-07T22:00:00-00:00,2017-09-07,15,0,TH_NP15_GEN-APND,TH_NP15_GEN-APND,TH_NP15_GEN-APND,DAM,MCC,LMP_CONG_PRC,TH_NP15_GEN-APND,ALL_APNODES,0,0.4578,126
2017-09-07T23:00:00-00:00,2017-09-08T00:00:00-00:00,2017-09-07,17,0,TH_NP15_GEN-APND,TH_NP15_GEN-APND,TH_NP15_GEN-APND,DAM,MCC,LMP_CONG_PRC,TH_NP15_GEN-APND,ALL_APNODES,0,0.42781,126
2017-09-08T00:00:00-00:00,2017-09-08T01:00:00-00:00,2017-09-07,18,0,TH_NP15_GEN-APND,TH_NP15_GEN-APND,TH_NP15_GEN-APND,DAM,MCC,LMP_CONG_PRC,TH_NP15_GEN-APND,ALL_APNODES,0,0,126
2017-09-08T01:00:00-00:00,2017-09-08T02:00:00-00:00,2017-09-07,19,0,TH_NP15_GEN-APND,TH_NP15_GEN-APND,TH_NP15_GEN-APND,DAM,MCC,LMP_CONG_PRC,TH_NP15_GEN-APND,ALL_APNODES,0,-0.38485,126
2017-09-07T07:00:00-00:00,2017-09-07T08:00:00-00:00,2017-09-07,1,0,TH_NP15_GEN-APND,TH_NP15_GEN-APND,TH_NP15_GEN-APND,DAM,MCC,LMP_CONG_PRC,TH_NP15_GEN-APND,ALL_APNODES,0,-0.09882,126
2017-09-07T08:00:00-00:00,2017-09-07T09:00:00-00:00,2017-09-07,2,0,TH_NP15_GEN-APND,TH_NP15_GEN-APND,TH_NP15_GEN-APND,DAM,MCC,LMP_CONG_PRC,TH_NP15_GEN-APND,ALL_APNODES,0,-0.07942,126
2017-09-07T09:00:00-00:00,2017-09-07T10:00:00-00:00,2017-09-07,3,0,TH_NP15_GEN-APND,TH_NP15_GEN-APND,TH_NP15_GEN-APND,DAM,MCC,LMP_CONG_PRC,TH_NP15_GEN-APND,ALL_APNODES,0,0,126
2017-09-07T19:00:00-00:00,2017-09-07T20:00:00-00:00,2017-09-07,13,0,TH_NP15_GEN-APND,TH_NP15_GEN-APND,TH_NP15_GEN-APND,DAM,MCC,LMP_CONG_PRC,TH_NP15_GEN-APND,ALL_APNODES,0,0.69641,126
2017-09-07T10:00:00-00:00,2017-09-07T11:00:00-00:00,2017-09-07,4,0,TH_NP15_GEN-APND,TH_NP15_GEN-APND,TH_NP15_GEN-APND,DAM,MCC,LMP_CONG_PRC,TH_NP15_GEN-APND,ALL_APNODES,0,-0.04422,126
2017-09-08T04:00:00-00:00,2017-09-08T05:00:00-00:00,2017-09-07,22,0,TH_NP15_GEN-APND,TH_NP15_GEN-APND,TH_NP15_GEN-APND,DAM,MCC,LMP_CONG_PRC,TH_NP15_GEN-APND,ALL_APNODES,0,-0.33191,126
2017-09-08T05:00:00-00:00,2017-09-08T06:00:00-00:00,2017-09-07,23,0,TH_NP15_GEN-APND,TH_NP15_GEN-APND,TH_NP15_GEN-APND,DAM,MCC,LMP_CONG_PRC,TH_NP15_GEN-APND,ALL_APNODES,0,-0.38124,126
2017-09-08T06:00:00-00:00,2017-09-08T07:00:00-00:00,2017-09-07,24,0,TH_NP15_GEN-APND,TH_NP15_GEN-APND,TH_NP15_GEN-APND,DAM,MCC,LMP_CONG_PRC,TH_NP15_GEN-APND,ALL_APNODES,0,-0.08912,126
2017-09-07T18:00:00-00:00,2017-09-07T19:00:00-00:00,2017-09-07,12,0,TH_NP15_GEN-APND,TH_NP15_GEN-APND,TH_NP15_GEN-APND,DAM,MCC,LMP_CONG_PRC,TH_NP15_GEN-APND,ALL_APNODES,0,1.40868,126
2017-09-07T13:00:00-00:00,2017-09-07T14:00:00-00:00,2017-09-07,7,0,TH_NP15_GEN-APND,TH_NP15_GEN-APND,TH_NP15_GEN-APND,DAM,MCC,LMP_CONG_PRC,TH_NP15_GEN-APND,ALL_APNODES,0,-0.25351,126
2017-09-08T02:00:00-00:00,2017-09-08T03:00:00-00:00,2017-09-07,20,0,TH_NP15_GEN-APND,TH_NP15_GEN-APND,TH_NP15_GEN-APND,DAM,MCC,LMP_CONG_PRC,TH_NP15_GEN-APND,ALL_APNODES,0,-0.26764,126
2017-09-07T22:00:00-00:00,2017-09-07T23:00:00-00:00,2017-09-07,16,0,TH_NP15_GEN-APND,TH_NP15_GEN-APND,TH_NP15_GEN-APND,DAM,MCC,LMP_CONG_PRC,TH_NP15_GEN-APND,ALL_APNODES,0,-0.03051,126
2017-09-07T17:00:00-00:00,2017-09-07T18:00:00-00:00,2017-09-07,11,0,TH_NP15_GEN-APND,TH_NP15_GEN-APND,TH_NP15_GEN-APND,DAM,MCC,LMP_CONG_PRC,TH_NP15_GEN-APND,ALL_APNODES,0,1.42161,126
2017-09-08T03:00:00-00:00,2017-09-08T04:00:00-00:00,2017-09-07,21,0,TH_NP15_GEN-APND,TH_NP15_GEN-APND,TH_NP15_GEN-APND,DAM,MCC,LMP_CONG_PRC,TH_NP15_GEN-APND,ALL_APNODES,0,-0.40101,126
2017-09-07T14:00:00-00:00,2017-09-07T15:00:00-00:00,2017-09-07,8,0,TH_NP15_GEN-APND,TH_NP15_GEN-APND,TH_NP15_GEN-APND,DAM,MCC,LMP_CONG_PRC,TH_NP15_GEN-APND,ALL_APNODES,0,0,126
2017-09-07T16:00:00-00:00,2017-09-07T17:00:00-00:00,2017-09-07,10,0,TH_NP15_GEN-APND,TH_NP15_GEN-APND,TH_NP15_GEN-APND,DAM,MCC,LMP_CONG_PRC,TH_NP15_GEN-APND,ALL_APNODES,0,1.56196,126
2017-09-07T15:00:00-00:00,2017-09-07T16:00:00-00:00,2017-09-07,9,0,TH_NP15_GEN-APND,TH_NP15_GEN-APND,TH_NP15_GEN-APND,DAM,MCC,LMP_CONG_PRC,TH_NP15_GEN-APND,ALL_APNODES,0,1.15876,126
2017-09-07T20:00:00-00:00,2017-09-07T21:00:00-00:00,2017-09-07,14,0,TH_NP15_GEN-APND,TH_NP15_GEN-APND,TH_NP15_GEN-APND,DAM,MCC,LMP_CONG_PRC,TH_NP15_GEN-APND,ALL_APNODES,0,0.43367,126
2017-09-07T11:00:00-00:00,2017-09-07T12:00:00-00:00,2017-09-07,5,0,TH_NP15_GEN-APND,TH_NP15_GEN-APND,TH_NP15_GEN-APND,DAM,MCC,LMP_CONG_PRC,TH_NP15_GEN-APND,ALL_APNODES,0,0,126
2017-09-07T11:00:00-00:00,2017-09-07T12:00:00-00:00,2017-09-07,5,0,TH_NP15_GEN-APND,TH_NP15_GEN-APND,TH_NP15_GEN-APND,DAM,MCE,LMP_ENE_PRC,TH_NP15_GEN-APND,ALL_APNODES,0,29.75577,127
2017-09-07T14:00:00-00:00,2017-09-07T15:00:00-00:00,2017-09-07,8,0,TH_NP15_GEN-APND,TH_NP15_GEN-APND,TH_NP15_GEN-APND,DAM,MCE,LMP_ENE_PRC,TH_NP15_GEN-APND,ALL_APNODES,0,42.11042,127
2017-09-08T04:00:00-00:00,2017-09-08T05:00:00-00:00,2017-09-07,22,0,TH_NP15_GEN-APND,TH_NP15_GEN-APND,TH_NP15_GEN-APND,DAM,MCE,LMP_ENE_PRC,TH_NP15_GEN-APND,ALL_APNODES,0,44.53877,127
2017-09-07T13:00:00-00:00,2017-09-07T14:00:00-00:00,2017-09-07,7,0,TH_NP15_GEN-APND,TH_NP15_GEN-APND,TH_NP15_GEN-APND,DAM,MCE,LMP_ENE_PRC,TH_NP15_GEN-APND,ALL_APNODES,0,40.48542,127
2017-09-07T20:00:00-00:00,2017-09-07T21:00:00-00:00,2017-09-07,14,0,TH_NP15_GEN-APND,TH_NP15_GEN-APND,TH_NP15_GEN-APND,DAM,MCE,LMP_ENE_PRC,TH_NP15_GEN-APND,ALL_APNODES,0,38.69444,127
2017-09-07T09:00:00-00:00,2017-09-07T10:00:00-00:00,2017-09-07,3,0,TH_NP15_GEN-APND,TH_NP15_GEN-APND,TH_NP15_GEN-APND,DAM,MCE,LMP_ENE_PRC,TH_NP15_GEN-APND,ALL_APNODES,0,29.0227,127
2017-09-07T21:00:00-00:00,2017-09-07T22:00:00-00:00,2017-09-07,15,0,TH_NP15_GEN-APND,TH_NP15_GEN-APND,TH_NP15_GEN-APND,DAM,MCE,LMP_ENE_PRC,TH_NP15_GEN-APND,ALL_APNODES,0,40.32467,127
2017-09-07T18:00:00-00:00,2017-09-07T19:00:00-00:00,2017-09-07,12,0,TH_NP15_GEN-APND,TH_NP15_GEN-APND,TH_NP15_GEN-APND,DAM,MCE,LMP_ENE_PRC,TH_NP15_GEN-APND,ALL_APNODES,0,36.39139,127
2017-09-07T16:00:00-00:00,2017-09-07T17:00:00-00:00,2017-09-07,10,0,TH_NP15_GEN-APND,TH_NP15_GEN-APND,TH_NP15_GEN-APND,DAM,MCE,LMP_ENE_PRC,TH_NP15_GEN-APND,ALL_APNODES,0,33.11606,127
2017-09-07T19:00:00-00:00,2017-09-07T20:00:00-00:00,2017-09-07,13,0,TH_NP15_GEN-APND,TH_NP15_GEN-APND,TH_NP15_GEN-APND,DAM,MCE,LMP_ENE_PRC,TH_NP15_GEN-APND,ALL_APNODES,0,36.71997,127
2017-09-08T05:00:00-00:00,2017-09-08T06:00:00-00:00,2017-09-07,23,0,TH_NP15_GEN-APND,TH_NP15_GEN-APND,TH_NP15_GEN-APND,DAM,MCE,LMP_ENE_PRC,TH_NP15_GEN-APND,ALL_APNODES,0,39.90525,127
2017-09-07T12:00:00-00:00,2017-09-07T13:00:00-00:00,2017-09-07,6,0,TH_NP15_GEN-APND,TH_NP15_GEN-APND,TH_NP15_GEN-APND,DAM,MCE,LMP_ENE_PRC,TH_NP15_GEN-APND,ALL_APNODES,0,34.7045,127
2017-09-07T10:00:00-00:00,2017-09-07T11:00:00-00:00,2017-09-07,4,0,TH_NP15_GEN-APND,TH_NP15_GEN-APND,TH_NP15_GEN-APND,DAM,MCE,LMP_ENE_PRC,TH_NP15_GEN-APND,ALL_APNODES,0,28.03937,127
2017-09-07T23:00:00-00:00,2017-09-08T00:00:00-00:00,2017-09-07,17,0,TH_NP15_GEN-APND,TH_NP15_GEN-APND,TH_NP15_GEN-APND,DAM,MCE,LMP_ENE_PRC,TH_NP15_GEN-APND,ALL_APNODES,0,47.55691,127
2017-09-07T17:00:00-00:00,2017-09-07T18:00:00-00:00,2017-09-07,11,0,TH_NP15_GEN-APND,TH_NP15_GEN-APND,TH_NP15_GEN-APND,DAM,MCE,LMP_ENE_PRC,TH_NP15_GEN-APND,ALL_APNODES,0,35.36217,127
2017-09-08T03:00:00-00:00,2017-09-08T04:00:00-00:00,2017-09-07,21,0,TH_NP15_GEN-APND,TH_NP15_GEN-APND,TH_NP15_GEN-APND,DAM,MCE,LMP_ENE_PRC,TH_NP15_GEN-APND,ALL_APNODES,0,51.94096,127
2017-09-07T07:00:00-00:00,2017-09-07T08:00:00-00:00,2017-09-07,1,0,TH_NP15_GEN-APND,TH_NP15_GEN-APND,TH_NP15_GEN-APND,DAM,MCE,LMP_ENE_PRC,TH_NP15_GEN-APND,ALL_APNODES,0,34.08076,127
2017-09-08T01:00:00-00:00,2017-09-08T02:00:00-00:00,2017-09-07,19,0,TH_NP15_GEN-APND,TH_NP15_GEN-APND,TH_NP15_GEN-APND,DAM,MCE,LMP_ENE_PRC,TH_NP15_GEN-APND,ALL_APNODES,0,66.05446,127
2017-09-08T02:00:00-00:00,2017-09-08T03:00:00-00:00,2017-09-07,20,0,TH_NP15_GEN-APND,TH_NP15_GEN-APND,TH_NP15_GEN-APND,DAM,MCE,LMP_ENE_PRC,TH_NP15_GEN-APND,ALL_APNODES,0,56.17902,127
2017-09-07T08:00:00-00:00,2017-09-07T09:00:00-00:00,2017-09-07,2,0,TH_NP15_GEN-APND,TH_NP15_GEN-APND,TH_NP15_GEN-APND,DAM,MCE,LMP_ENE_PRC,TH_NP15_GEN-APND,ALL_APNODES,0,31.23355,127
2017-09-08T00:00:00-00:00,2017-09-08T01:00:00-00:00,2017-09-07,18,0,TH_NP15_GEN-APND,TH_NP15_GEN-APND,TH_NP15_GEN-APND,DAM,MCE,LMP_ENE_PRC,TH_NP15_GEN-APND,ALL_APNODES,0,52.70228,127
2017-09-07T22:00:00-00:00,2017-09-07T23:00:00-00:00,2017-09-07,16,0,TH_NP15_GEN-APND,TH_NP15_GEN-APND,TH_NP15_GEN-APND,DAM,MCE,LMP_ENE_PRC,TH_NP15_GEN-APND,ALL_APNODES,0,45.23732,127
2017-09-07T15:00:00-00:00,2017-09-07T16:00:00-00:00,2017-09-07,9,0,TH_NP15_GEN-APND,TH_NP15_GEN-APND,TH_NP15_GEN-APND,DAM,MCE,LMP_ENE_PRC,TH_NP15_GEN-APND,ALL_APNODES,0,35.38615,127
2017-09-08T06:00:00-00:00,2017-09-08T07:00:00-00:00,2017-09-07,24,0,TH_NP15_GEN-APND,TH_NP15_GEN-APND,TH_NP15_GEN-APND,DAM,MCE,LMP_ENE_PRC,TH_NP15_GEN-APND,ALL_APNODES,0,35.29781,127
2017-09-07T14:00:00-00:00,2017-09-07T15:00:00-00:00,2017-09-07,8,0,TH_NP15_GEN-APND,TH_NP15_GEN-APND,TH_NP15_GEN-APND,DAM,MCL,LMP_LOSS_PRC,TH_NP15_GEN-APND,ALL_APNODES,0,-0.13475,128
2017-09-08T01:00:00-00:00,2017-09-08T02:00:00-00:00,2017-09-07,19,0,TH_NP15_GEN-APND,TH_NP15_GEN-APND,TH_NP15_GEN-APND,DAM,MCL,LMP_LOSS_PRC,TH_NP15_GEN-APND,ALL_APNODES,0,-2.56952,128
2017-09-07T23:00:00-00:00,2017-09-08T00:00:00-00:00,2017-09-07,17,0,TH_NP15_GEN-APND,TH_NP15_GEN-APND,TH_NP15_GEN-APND,DAM,MCL,LMP_LOSS_PRC,TH_NP15_GEN-APND,ALL_APNODES,0,-1.24599,128
2017-09-07T22:00:00-00:00,2017-09-07T23:00:00-00:00,2017-09-07,16,0,TH_NP15_GEN-APND,TH_NP15_GEN-APND,TH_NP15_GEN-APND,DAM,MCL,LMP_LOSS_PRC,TH_NP15_GEN-APND,ALL_APNODES,0,-1.22141,128
2017-09-07T19:00:00-00:00,2017-09-07T20:00:00-00:00,2017-09-07,13,0,TH_NP15_GEN-APND,TH_NP15_GEN-APND,TH_NP15_GEN-APND,DAM,MCL,LMP_LOSS_PRC,TH_NP15_GEN-APND,ALL_APNODES,0,-0.67565,128
2017-09-07T13:00:00-00:00,2017-09-07T14:00:00-00:00,2017-09-07,7,0,TH_NP15_GEN-APND,TH_NP15_GEN-APND,TH_NP15_GEN-APND,DAM,MCL,LMP_LOSS_PRC,TH_NP15_GEN-APND,ALL_APNODES,0,-0.53036,128
2017-09-07T16:00:00-00:00,2017-09-07T17:00:00-00:00,2017-09-07,10,0,TH_NP15_GEN-APND,TH_NP15_GEN-APND,TH_NP15_GEN-APND,DAM,MCL,LMP_LOSS_PRC,TH_NP15_GEN-APND,ALL_APNODES,0,-0.11922,128
2017-09-07T10:00:00-00:00,2017-09-07T11:00:00-00:00,2017-09-07,4,0,TH_NP15_GEN-APND,TH_NP15_GEN-APND,TH_NP15_GEN-APND,DAM,MCL,LMP_LOSS_PRC,TH_NP15_GEN-APND,ALL_APNODES,0,-0.26637,128
2017-09-07T11:00:00-00:00,2017-09-07T12:00:00-00:00,2017-09-07,5,0,TH_NP15_GEN-APND,TH_NP15_GEN-APND,TH_NP15_GEN-APND,DAM,MCL,LMP_LOSS_PRC,TH_NP15_GEN-APND,ALL_APNODES,0,-0.34219,128
2017-09-07T17:00:00-00:00,2017-09-07T18:00:00-00:00,2017-09-07,11,0,TH_NP15_GEN-APND,TH_NP15_GEN-APND,TH_NP15_GEN-APND,DAM,MCL,LMP_LOSS_PRC,TH_NP15_GEN-APND,ALL_APNODES,0,-0.18035,128
2017-09-08T02:00:00-00:00,2017-09-08T03:00:00-00:00,2017-09-07,20,0,TH_NP15_GEN-APND,TH_NP15_GEN-APND,TH_NP15_GEN-APND,DAM,MCL,LMP_LOSS_PRC,TH_NP15_GEN-APND,ALL_APNODES,0,-2.05053,128
2017-09-07T21:00:00-00:00,2017-09-07T22:00:00-00:00,2017-09-07,15,0,TH_NP15_GEN-APND,TH_NP15_GEN-APND,TH_NP15_GEN-APND,DAM,MCL,LMP_LOSS_PRC,TH_NP15_GEN-APND,ALL_APNODES,0,-0.85085,128
2017-09-07T18:00:00-00:00,2017-09-07T19:00:00-00:00,2017-09-07,12,0,TH_NP15_GEN-APND,TH_NP15_GEN-APND,TH_NP15_GEN-APND,DAM,MCL,LMP_LOSS_PRC,TH_NP15_GEN-APND,ALL_APNODES,0,-0.42942,128
2017-09-08T06:00:00-00:00,2017-09-08T07:00:00-00:00,2017-09-07,24,0,TH_NP15_GEN-APND,TH_NP15_GEN-APND,TH_NP15_GEN-APND,DAM,MCL,LMP_LOSS_PRC,TH_NP15_GEN-APND,ALL_APNODES,0,-0.15884,128
2017-09-07T09:00:00-00:00,2017-09-07T10:00:00-00:00,2017-09-07,3,0,TH_NP15_GEN-APND,TH_NP15_GEN-APND,TH_NP15_GEN-APND,DAM,MCL,LMP_LOSS_PRC,TH_NP15_GEN-APND,ALL_APNODES,0,-0.24669,128
2017-09-07T12:00:00-00:00,2017-09-07T13:00:00-00:00,2017-09-07,6,0,TH_NP15_GEN-APND,TH_NP15_GEN-APND,TH_NP15_GEN-APND,DAM,MCL,LMP_LOSS_PRC,TH_NP15_GEN-APND,ALL_APNODES,0,-0.29152,128
2017-09-07T08:00:00-00:00,2017-09-07T09:00:00-00:00,2017-09-07,2,0,TH_NP15_GEN-APND,TH_NP15_GEN-APND,TH_NP15_GEN-APND,DAM,MCL,LMP_LOSS_PRC,TH_NP15_GEN-APND,ALL_APNODES,0,-0.34982,128
2017-09-07T07:00:00-00:00,2017-09-07T08:00:00-00:00,2017-09-07,1,0,TH_NP15_GEN-APND,TH_NP15_GEN-APND,TH_NP15_GEN-APND,DAM,MCL,LMP_LOSS_PRC,TH_NP15_GEN-APND,ALL_APNODES,0,-0.28287,128
2017-09-08T00:00:00-00:00,2017-09-08T01:00:00-00:00,2017-09-07,18,0,TH_NP15_GEN-APND,TH_NP15_GEN-APND,TH_NP15_GEN-APND,DAM,MCL,LMP_LOSS_PRC,TH_NP15_GEN-APND,ALL_APNODES,0,-1.81296,128
2017-09-07T20:00:00-00:00,2017-09-07T21:00:00-00:00,2017-09-07,14,0,TH_NP15_GEN-APND,TH_NP15_GEN-APND,TH_NP15_GEN-APND,DAM,MCL,LMP_LOSS_PRC,TH_NP15_GEN-APND,ALL_APNODES,0,-0.70811,128
2017-09-07T15:00:00-00:00,2017-09-07T16:00:00-00:00,2017-09-07,9,0,TH_NP15_GEN-APND,TH_NP15_GEN-APND,TH_NP15_GEN-APND,DAM,MCL,LMP_LOSS_PRC,TH_NP15_GEN-APND,ALL_APNODES,0,-0.01062,128
2017-09-08T05:00:00-00:00,2017-09-08T06:00:00-00:00,2017-09-07,23,0,TH_NP15_GEN-APND,TH_NP15_GEN-APND,TH_NP15_GEN-APND,DAM,MCL,LMP_LOSS_PRC,TH_NP15_GEN-APND,ALL_APNODES,0,-0.6305,128
2017-09-08T03:00:00-00:00,2017-09-08T04:00:00-00:00,2017-09-07,21,0,TH_NP15_GEN-APND,TH_NP15_GEN-APND,TH_NP15_GEN-APND,DAM,MCL,LMP_LOSS_PRC,TH_NP15_GEN-APND,ALL_APNODES,0,-1.78677,128
2017-09-08T04:00:00-00:00,2017-09-08T05:00:00-00:00,2017-09-07,22,0,TH_NP15_GEN-APND,TH_NP15_GEN-APND,TH_NP15_GEN-APND,DAM,MCL,LMP_LOSS_PRC,TH_NP15_GEN-APND,ALL_APNODES,0,-1.58113,128
2017-09-07T13:00:00-00:00,2017-09-07T14:00:00-00:00,2017-09-07,7,0,TH_SP15_GEN-APND,TH_SP15_GEN-APND,TH_SP15_GEN-APND,DAM,LMP,LMP_PRC,TH_SP15_GEN-APND,ALL_APNODES,0,38.64333,129
2017-09-07T11:00:00-00:00,2017-09-07T12:00:00-00:00,2017-09-07,5,0,TH_SP15_GEN-APND,TH_SP15_GEN-APND,TH_SP15_GEN-APND,DAM,LMP,LMP_PRC,TH_SP15_GEN-APND,ALL_APNODES,0,28.81521,129
2017-09-07T17:00:00-00:00,2017-09-07T18:00:00-00:00,2017-09-07,11,0,TH_SP15_GEN-APND,TH_SP15_GEN-APND,TH_SP15_GEN-APND,DAM,LMP,LMP_PRC,TH_SP15_GEN-APND,ALL_APNODES,0,31.80303,129
2017-09-07T22:00:00-00:00,2017-09-07T23:00:00-00:00,2017-09-07,16,0,TH_SP15_GEN-APND,TH_SP15_GEN-APND,TH_SP15_GEN-APND,DAM,LMP,LMP_PRC,TH_SP15_GEN-APND,ALL_APNODES,0,42.88382,129
2017-09-08T02:00:00-00:00,2017-09-08T03:00:00-00:00,2017-09-07,20,0,TH_SP15_GEN-APND,TH_SP15_GEN-APND,TH_SP15_GEN-APND,DAM,LMP,LMP_PRC,TH_SP15_GEN-APND,ALL_APNODES,0,54.75769,129
2017-09-08T03:00:00-00:00,2017-09-08T04:00:00-00:00,2017-09-07,21,0,TH_SP15_GEN-APND,TH_SP15_GEN-APND,TH_SP15_GEN-APND,DAM,LMP,LMP_PRC,TH_SP15_GEN-APND,ALL_APNODES,0,50.53336,129
2017-09-08T05:00:00-00:00,2017-09-08T06:00:00-00:00,2017-09-07,23,0,TH_SP15_GEN-APND,TH_SP15_GEN-APND,TH_SP15_GEN-APND,DAM,LMP,LMP_PRC,TH_SP15_GEN-APND,ALL_APNODES,0,38.3926,129
2017-09-08T04:00:00-00:00,2017-09-08T05:00:00-00:00,2017-09-07,22,0,TH_SP15_GEN-APND,TH_SP15_GEN-APND,TH_SP15_GEN-APND,DAM,LMP,LMP_PRC,TH_SP15_GEN-APND,ALL_APNODES,0,43.40303,129
2017-09-07T16:00:00-00:00,2017-09-07T17:00:00-00:00,2017-09-07,10,0,TH_SP15_GEN-APND,TH_SP15_GEN-APND,TH_SP15_GEN-APND,DAM,LMP,LMP_PRC,TH_SP15_GEN-APND,ALL_APNODES,0,30.2424,129
2017-09-07T07:00:00-00:00,2017-09-07T08:00:00-00:00,2017-09-07,1,0,TH_SP15_GEN-APND,TH_SP15_GEN-APND,TH_SP15_GEN-APND,DAM,LMP,LMP_PRC,TH_SP15_GEN-APND,ALL_APNODES,0,32.77547,129
2017-09-07T12:00:00-00:00,2017-09-07T13:00:00-00:00,2017-09-07,6,0,TH_SP15_GEN-APND,TH_SP15_GEN-APND,TH_SP15_GEN-APND,DAM,LMP,LMP_PRC,TH_SP15_GEN-APND,ALL_APNODES,0,32.97468,129
2017-09-07T14:00:00-00:00,2017-09-07T15:00:00-00:00,2017-09-07,8,0,TH_SP15_GEN-APND,TH_SP15_GEN-APND,TH_SP15_GEN-APND,DAM,LMP,LMP_PRC,TH_SP15_GEN-APND,ALL_APNODES,0,39.54924,129
2017-09-08T00:00:00-00:00,2017-09-08T01:00:00-00:00,2017-09-07,18,0,TH_SP15_GEN-APND,TH_SP15_GEN-APND,TH_SP15_GEN-APND,DAM,LMP,LMP_PRC,TH_SP15_GEN-APND,ALL_APNODES,0,50.58226,129
2017-09-07T23:00:00-00:00,2017-09-08T00:00:00-00:00,2017-09-07,17,0,TH_SP15_GEN-APND,TH_SP15_GEN-APND,TH_SP15_GEN-APND,DAM,LMP,LMP_PRC,TH_SP15_GEN-APND,ALL_APNODES,0,44.64657,129
2017-09-08T01:00:00-00:00,2017-09-08T02:00:00-00:00,2017-09-07,19,0,TH_SP15_GEN-APND,TH_SP15_GEN-APND,TH_SP15_GEN-APND,DAM,LMP,LMP_PRC,TH_SP15_GEN-APND,ALL_APNODES,0,64.41631,129
2017-09-07T18:00:00-00:00,2017-09-07T19:00:00-00:00,2017-09-07,12,0,TH_SP15_GEN-APND,TH_SP15_GEN-APND,TH_SP15_GEN-APND,DAM,LMP,LMP_PRC,TH_SP15_GEN-APND,ALL_APNODES,0,32.70072,129
2017-09-07T08:00:00-00:00,2017-09-07T09:00:00-00:00,2017-09-07,2,0,TH_SP15_GEN-APND,TH_SP15_GEN-APND,TH_SP15_GEN-APND,DAM,LMP,LMP_PRC,TH_SP15_GEN-APND,ALL_APNODES,0,30.24657,129
2017-09-07T09:00:00-00:00,2017-09-07T10:00:00-00:00,2017-09-07,3,0,TH_SP15_GEN-APND,TH_SP15_GEN-APND,TH_SP15_GEN-APND,DAM,LMP,LMP_PRC,TH_SP15_GEN-APND,ALL_APNODES,0,28.23329,129
2017-09-07T15:00:00-00:00,2017-09-07T16:00:00-00:00,2017-09-07,9,0,TH_SP15_GEN-APND,TH_SP15_GEN-APND,TH_SP15_GEN-APND,DAM,LMP,LMP_PRC,TH_SP15_GEN-APND,ALL_APNODES,0,32.09444,129
2017-09-07T19:00:00-00:00,2017-09-07T20:00:00-00:00,2017-09-07,13,0,TH_SP15_GEN-APND,TH_SP15_GEN-APND,TH_SP15_GEN-APND,DAM,LMP,LMP_PRC,TH_SP15_GEN-APND,ALL_APNODES,0,33.77745,129
2017-09-07T20:00:00-00:00,2017-09-07T21:00:00-00:00,2017-09-07,14,0,TH_SP15_GEN-APND,TH_SP15_GEN-APND,TH_SP15_GEN-APND,DAM,LMP,LMP_PRC,TH_SP15_GEN-APND,ALL_APNODES,0,36.26278,129
2017-09-07T21:00:00-00:00,2017-09-07T22:00:00-00:00,2017-09-07,15,0,TH_SP15_GEN-APND,TH_SP15_GEN-APND,TH_SP15_GEN-APND,DAM,LMP,LMP_PRC,TH_SP15_GEN-APND,ALL_APNODES,0,37.7312,129
2017-09-07T10:00:00-00:00,2017-09-07T11:00:00-00:00,2017-09-07,4,0,TH_SP15_GEN-APND,TH_SP15_GEN-APND,TH_SP15_GEN-APND,DAM,LMP,LMP_PRC,TH_SP15_GEN-APND,ALL_APNODES,0,27.18698,129
2017-09-08T06:00:00-00:00,2017-09-08T07:00:00-00:00,2017-09-07,24,0,TH_SP15_GEN-APND,TH_SP15_GEN-APND,TH_SP15_GEN-APND,DAM,LMP,LMP_PRC,TH_SP15_GEN-APND,ALL_APNODES,0,33.79765,129
2017-09-07T11:00:00-00:00,2017-09-07T12:00:00-00:00,2017-09-07,5,0,TH_SP15_GEN-APND,TH_SP15_GEN-APND,TH_SP15_GEN-APND,DAM,MCC,LMP_CONG_PRC,TH_SP15_GEN-APND,ALL_APNODES,0,-0.13418,130
2017-09-07T14:00:00-00:00,2017-09-07T15:00:00-00:00,2017-09-07,8,0,TH_SP15_GEN-APND,TH_SP15_GEN-APND,TH_SP15_GEN-APND,DAM,MCC,LMP_CONG_PRC,TH_SP15_GEN-APND,ALL_APNODES,0,-0.72516,130
2017-09-07T21:00:00-00:00,2017-09-07T22:00:00-00:00,2017-09-07,15,0,TH_SP15_GEN-APND,TH_SP15_GEN-APND,TH_SP15_GEN-APND,DAM,MCC,LMP_CONG_PRC,TH_SP15_GEN-APND,ALL_APNODES,0,-0.90386,130
2017-09-07T07:00:00-00:00,2017-09-07T08:00:00-00:00,2017-09-07,1,0,TH_SP15_GEN-APND,TH_SP15_GEN-APND,TH_SP15_GEN-APND,DAM,MCC,LMP_CONG_PRC,TH_SP15_GEN-APND,ALL_APNODES,0,0,130
2017-09-07T19:00:00-00:00,2017-09-07T20:00:00-00:00,2017-09-07,13,0,TH_SP15_GEN-APND,TH_SP15_GEN-APND,TH_SP15_GEN-APND,DAM,MCC,LMP_CONG_PRC,TH_SP15_GEN-APND,ALL_APNODES,0,-1.60959,130
2017-09-07T17:00:00-00:00,2017-09-07T18:00:00-00:00,2017-09-07,11,0,TH_SP15_GEN-APND,TH_SP15_GEN-APND,TH_SP15_GEN-APND,DAM,MCC,LMP_CONG_PRC,TH_SP15_GEN-APND,ALL_APNODES,0,-2.05272,130
2017-09-07T13:00:00-00:00,2017-09-07T14:00:00-00:00,2017-09-07,7,0,TH_SP15_GEN-APND,TH_SP15_GEN-APND,TH_SP15_GEN-APND,DAM,MCC,LMP_CONG_PRC,TH_SP15_GEN-APND,ALL_APNODES,0,-0.40486,130
2017-09-08T03:00:00-00:00,2017-09-08T04:00:00-00:00,2017-09-07,21,0,TH_SP15_GEN-APND,TH_SP15_GEN-APND,TH_SP15_GEN-APND,DAM,MCC,LMP_CONG_PRC,TH_SP15_GEN-APND,ALL_APNODES,0,0,130
2017-09-07T16:00:00-00:00,2017-09-07T17:00:00-00:00,2017-09-07,10,0,TH_SP15_GEN-APND,TH_SP15_GEN-APND,TH_SP15_GEN-APND,DAM,MCC,LMP_CONG_PRC,TH_SP15_GEN-APND,ALL_APNODES,0,-1.44636,130
2017-09-07T22:00:00-00:00,2017-09-07T23:00:00-00:00,2017-09-07,16,0,TH_SP15_GEN-APND,TH_SP15_GEN-APND,TH_SP15_GEN-APND,DAM,MCC,LMP_CONG_PRC,TH_SP15_GEN-APND,ALL_APNODES,0,-0.57567,130
2017-09-07T09:00:00-00:00,2017-09-07T10:00:00-00:00,2017-09-07,3,0,TH_SP15_GEN-APND,TH_SP15_GEN-APND,TH_SP15_GEN-APND,DAM,MCC,LMP_CONG_PRC,TH_SP15_GEN-APND,ALL_APNODES,0,0,130
2017-09-08T02:00:00-00:00,2017-09-08T03:00:00-00:00,2017-09-07,20,0,TH_SP15_GEN-APND,TH_SP15_GEN-APND,TH_SP15_GEN-APND,DAM,MCC,LMP_CONG_PRC,TH_SP15_GEN-APND,ALL_APNODES,0,0,130
2017-09-08T05:00:00-00:00,2017-09-08T06:00:00-00:00,2017-09-07,23,0,TH_SP15_GEN-APND,TH_SP15_GEN-APND,TH_SP15_GEN-APND,DAM,MCC,LMP_CONG_PRC,TH_SP15_GEN-APND,ALL_APNODES,0,-0.00024,130
2017-09-08T04:00:00-00:00,2017-09-08T05:00:00-00:00,2017-09-07,22,0,TH_SP15_GEN-APND,TH_SP15_GEN-APND,TH_SP15_GEN-APND,DAM,MCC,LMP_CONG_PRC,TH_SP15_GEN-APND,ALL_APNODES,0,0,130
2017-09-08T01:00:00-00:00,2017-09-08T02:00:00-00:00,2017-09-07,19,0,TH_SP15_GEN-APND,TH_SP15_GEN-APND,TH_SP15_GEN-APND,DAM,MCC,LMP_CONG_PRC,TH_SP15_GEN-APND,ALL_APNODES,0,0,130
2017-09-07T20:00:00-00:00,2017-09-07T21:00:00-00:00,2017-09-07,14,0,TH_SP15_GEN-APND,TH_SP15_GEN-APND,TH_SP15_GEN-APND,DAM,MCC,LMP_CONG_PRC,TH_SP15_GEN-APND,ALL_APNODES,0,-0.96902,130
2017-09-07T23:00:00-00:00,2017-09-08T00:00:00-00:00,2017-09-07,17,0,TH_SP15_GEN-APND,TH_SP15_GEN-APND,TH_SP15_GEN-APND,DAM,MCC,LMP_CONG_PRC,TH_SP15_GEN-APND,ALL_APNODES,0,-0.93197,130
2017-09-08T06:00:00-00:00,2017-09-08T07:00:00-00:00,2017-09-07,24,0,TH_SP15_GEN-APND,TH_SP15_GEN-APND,TH_SP15_GEN-APND,DAM,MCC,LMP_CONG_PRC,TH_SP15_GEN-APND,ALL_APNODES,0,0,130
2017-09-07T18:00:00-00:00,2017-09-07T19:00:00-00:00,2017-09-07,12,0,TH_SP15_GEN-APND,TH_SP15_GEN-APND,TH_SP15_GEN-APND,DAM,MCC,LMP_CONG_PRC,TH_SP15_GEN-APND,ALL_APNODES,0,-2.2241,130
2017-09-08T00:00:00-00:00,2017-09-08T01:00:00-00:00,2017-09-07,18,0,TH_SP15_GEN-APND,TH_SP15_GEN-APND,TH_SP15_GEN-APND,DAM,MCC,LMP_CONG_PRC,TH_SP15_GEN-APND,ALL_APNODES,0,-0.33342,130
2017-09-07T08:00:00-00:00,2017-09-07T09:00:00-00:00,2017-09-07,2,0,TH_SP15_GEN-APND,TH_SP15_GEN-APND,TH_SP15_GEN-APND,DAM,MCC,LMP_CONG_PRC,TH_SP15_GEN-APND,ALL_APNODES,0,0,130
2017-09-07T12:00:00-00:00,2017-09-07T13:00:00-00:00,2017-09-07,6,0,TH_SP15_GEN-APND,TH_SP15_GEN-APND,TH_SP15_GEN-APND,DAM,MCC,LMP_CONG_PRC,TH_SP15_GEN-APND,ALL_APNODES,0,-0.57763,130
2017-09-07T10:00:00-00:00,2017-09-07T11:00:00-00:00,2017-09-07,4,0,TH_SP15_GEN-APND,TH_SP15_GEN-APND,TH_SP15_GEN-APND,DAM,MCC,LMP_CONG_PRC,TH_SP15_GEN-APND,ALL_APNODES,0,0,130
2017-09-07T15:00:00-00:00,2017-09-07T16:00:00-00:00,2017-09-07,9,0,TH_SP15_GEN-APND,TH_SP15_GEN-APND,TH_SP15_GEN-APND,DAM,MCC,LMP_CONG_PRC,TH_SP15_GEN-APND,ALL_APNODES,0,-1.69934,130
2017-09-07T07:00:00-00:00,2017-09-07T08:00:00-00:00,2017-09-07,1,0,TH_SP15_GEN-APND,TH_SP15_GEN-APND,TH_SP15_GEN-APND,DAM,MCE,LMP_ENE_PRC,TH_SP15_GEN-APND,ALL_APNODES,0,34.08076,131
2017-09-07T16:00:00-00:00,2017-09-07T17:00:00-00:00,2017-09-07,10,0,TH_SP15_GEN-APND,TH_SP15_GEN-APND,TH_SP15_GEN-APND,DAM,MCE,LMP_ENE_PRC,TH_SP15_GEN-APND,ALL_APNODES,0,33.11606,131
2017-09-07T12:00:00-00:00,2017-09-07T13:00:00-00:00,2017-09-07,6,0,TH_SP15_GEN-APND,TH_SP15_GEN-APND,TH_SP15_GEN-APND,DAM,MCE,LMP_ENE_PRC,TH_SP15_GEN-APND,ALL_APNODES,0,34.7045,131
2017-09-08T02:00:00-00:00,2017-09-08T03:00:00-00:00,2017-09-07,20,0,TH_SP15_GEN-APND,TH_SP15_GEN-APND,TH_SP15_GEN-APND,DAM,MCE,LMP_ENE_PRC,TH_SP15_GEN-APND,ALL_APNODES,0,56.17902,131
2017-09-08T03:00:00-00:00,2017-09-08T04:00:00-00:00,2017-09-07,21,0,TH_SP15_GEN-APND,TH_SP15_GEN-APND,TH_SP15_GEN-APND,DAM,MCE,LMP_ENE_PRC,TH_SP15_GEN-APND,ALL_APNODES,0,51.94096,131
2017-09-07T22:00:00-00:00,2017-09-07T23:00:00-00:00,2017-09-07,16,0,TH_SP15_GEN-APND,TH_SP15_GEN-APND,TH_SP15_GEN-APND,DAM,MCE,LMP_ENE_PRC,TH_SP15_GEN-APND,ALL_APNODES,0,45.23732,131
2017-09-08T00:00:00-00:00,2017-09-08T01:00:00-00:00,2017-09-07,18,0,TH_SP15_GEN-APND,TH_SP15_GEN-APND,TH_SP15_GEN-APND,DAM,MCE,LMP_ENE_PRC,TH_SP15_GEN-APND,ALL_APNODES,0,52.70228,131
2017-09-07T10:00:00-00:00,2017-09-07T11:00:00-00:00,2017-09-07,4,0,TH_SP15_GEN-APND,TH_SP15_GEN-APND,TH_SP15_GEN-APND,DAM,MCE,LMP_ENE_PRC,TH_SP15_GEN-APND,ALL_APNODES,0,28.03937,131
2017-09-07T11:00:00-00:00,2017-09-07T12:00:00-00:00,2017-09-07,5,0,TH_SP15_GEN-APND,TH_SP15_GEN-APND,TH_SP15_GEN-APND,DAM,MCE,LMP_ENE_PRC,TH_SP15_GEN-APND,ALL_APNODES,0,29.75577,131
2017-09-07T15:00:00-00:00,2017-09-07T16:00:00-00:00,2017-09-07,9,0,TH_SP15_GEN-APND,TH_SP15_GEN-APND,TH_SP15_GEN-APND,DAM,MCE,LMP_ENE_PRC,TH_SP15_GEN-APND,ALL_APNODES,0,35.38615,131
2017-09-08T06:00:00-00:00,2017-09-08T07:00:00-00:00,2017-09-07,24,0,TH_SP15_GEN-APND,TH_SP15_GEN-APND,TH_SP15_GEN-APND,DAM,MCE,LMP_ENE_PRC,TH_SP15_GEN-APND,ALL_APNODES,0,35.29781,131
2017-09-08T04:00:00-00:00,2017-09-08T05:00:00-00:00,2017-09-07,22,0,TH_SP15_GEN-APND,TH_SP15_GEN-APND,TH_SP15_GEN-APND,DAM,MCE,LMP_ENE_PRC,TH_SP15_GEN-APND,ALL_APNODES,0,44.53877,131
2017-09-07T18:00:00-00:00,2017-09-07T19:00:00-00:00,2017-09-07,12,0,TH_SP15_GEN-APND,TH_SP15_GEN-APND,TH_SP15_GEN-APND,DAM,MCE,LMP_ENE_PRC,TH_SP15_GEN-APND,ALL_APNODES,0,36.39139,131
2017-09-07T21:00:00-00:00,2017-09-07T22:00:00-00:00,2017-09-07,15,0,TH_SP15_GEN-APND,TH_SP15_GEN-APND,TH_SP15_GEN-APND,DAM,MCE,LMP_ENE_PRC,TH_SP15_GEN-APND,ALL_APNODES,0,40.32467,131
2017-09-07T17:00:00-00:00,2017-09-07T18:00:00-00:00,2017-09-07,11,0,TH_SP15_GEN-APND,TH_SP15_GEN-APND,TH_SP15_GEN-APND,DAM,MCE,LMP_ENE_PRC,TH_SP15_GEN-APND,ALL_APNODES,0,35.36217,131
2017-09-07T19:00:00-00:00,2017-09-07T20:00:00-00:00,2017-09-07,13,0,TH_SP15_GEN-APND,TH_SP15_GEN-APND,TH_SP15_GEN-APND,DAM,MCE,LMP_ENE_PRC,TH_SP15_GEN-APND,ALL_APNODES,0,36.71997,131
2017-09-07T23:00:00-00:00,2017-09-08T00:00:00-00:00,2017-09-07,17,0,TH_SP15_GEN-APND,TH_SP15_GEN-APND,TH_SP15_GEN-APND,DAM,MCE,LMP_ENE_PRC,TH_SP15_GEN-APND,ALL_APNODES,0,47.55691,131
2017-09-08T01:00:00-00:00,2017-09-08T02:00:00-00:00,2017-09-07,19,0,TH_SP15_GEN-APND,TH_SP15_GEN-APND,TH_SP15_GEN-APND,DAM,MCE,LMP_ENE_PRC,TH_SP15_GEN-APND,ALL_APNODES,0,66.05446,131
2017-09-07T13:00:00-00:00,2017-09-07T14:00:00-00:00,2017-09-07,7,0,TH_SP15_GEN-APND,TH_SP15_GEN-APND,TH_SP15_GEN-APND,DAM,MCE,LMP_ENE_PRC,TH_SP15_GEN-APND,ALL_APNODES,0,40.48542,131
2017-09-07T14:00:00-00:00,2017-09-07T15:00:00-00:00,2017-09-07,8,0,TH_SP15_GEN-APND,TH_SP15_GEN-APND,TH_SP15_GEN-APND,DAM,MCE,LMP_ENE_PRC,TH_SP15_GEN-APND,ALL_APNODES,0,42.11042,131
2017-09-08T05:00:00-00:00,2017-09-08T06:00:00-00:00,2017-09-07,23,0,TH_SP15_GEN-APND,TH_SP15_GEN-APND,TH_SP15_GEN-APND,DAM,MCE,LMP_ENE_PRC,TH_SP15_GEN-APND,ALL_APNODES,0,39.90525,131
2017-09-07T20:00:00-00:00,2017-09-07T21:00:00-00:00,2017-09-07,14,0,TH_SP15_GEN-APND,TH_SP15_GEN-APND,TH_SP15_GEN-APND,DAM,MCE,LMP_ENE_PRC,TH_SP15_GEN-APND,ALL_APNODES,0,38.69444,131
2017-09-07T09:00:00-00:00,2017-09-07T10:00:00-00:00,2017-09-07,3,0,TH_SP15_GEN-APND,TH_SP15_GEN-APND,TH_SP15_GEN-APND,DAM,MCE,LMP_ENE_PRC,TH_SP15_GEN-APND,ALL_APNODES,0,29.0227,131
2017-09-07T08:00:00-00:00,2017-09-07T09:00:00-00:00,2017-09-07,2,0,TH_SP15_GEN-APND,TH_SP15_GEN-APND,TH_SP15_GEN-APND,DAM,MCE,LMP_ENE_PRC,TH_SP15_GEN-APND,ALL_APNODES,0,31.23355,131
2017-09-08T03:00:00-00:00,2017-09-08T04:00:00-00:00,2017-09-07,21,0,TH_SP15_GEN-APND,TH_SP15_GEN-APND,TH_SP15_GEN-APND,DAM,MCL,LMP_LOSS_PRC,TH_SP15_GEN-APND,ALL_APNODES,0,-1.4076,132
2017-09-07T22:00:00-00:00,2017-09-07T23:00:00-00:00,2017-09-07,16,0,TH_SP15_GEN-APND,TH_SP15_GEN-APND,TH_SP15_GEN-APND,DAM,MCL,LMP_LOSS_PRC,TH_SP15_GEN-APND,ALL_APNODES,0,-1.77783,132
2017-09-08T05:00:00-00:00,2017-09-08T06:00:00-00:00,2017-09-07,23,0,TH_SP15_GEN-APND,TH_SP15_GEN-APND,TH_SP15_GEN-APND,DAM,MCL,LMP_LOSS_PRC,TH_SP15_GEN-APND,ALL_APNODES,0,-1.51241,132
2017-09-07T21:00:00-00:00,2017-09-07T22:00:00-00:00,2017-09-07,15,0,TH_SP15_GEN-APND,TH_SP15_GEN-APND,TH_SP15_GEN-APND,DAM,MCL,LMP_LOSS_PRC,TH_SP15_GEN-APND,ALL_APNODES,0,-1.6896,132
2017-09-07T23:00:00-00:00,2017-09-08T00:00:00-00:00,2017-09-07,17,0,TH_SP15_GEN-APND,TH_SP15_GEN-APND,TH_SP15_GEN-APND,DAM,MCL,LMP_LOSS_PRC,TH_SP15_GEN-APND,ALL_APNODES,0,-1.97837,132
2017-09-08T02:00:00-00:00,2017-09-08T03:00:00-00:00,2017-09-07,20,0,TH_SP15_GEN-APND,TH_SP15_GEN-APND,TH_SP15_GEN-APND,DAM,MCL,LMP_LOSS_PRC,TH_SP15_GEN-APND,ALL_APNODES,0,-1.42133,132
2017-09-08T00:00:00-00:00,2017-09-08T01:00:00-00:00,2017-09-07,18,0,TH_SP15_GEN-APND,TH_SP15_GEN-APND,TH_SP15_GEN-APND,DAM,MCL,LMP_LOSS_PRC,TH_SP15_GEN-APND,ALL_APNODES,0,-1.78661,132
2017-09-07T08:00:00-00:00,2017-09-07T09:00:00-00:00,2017-09-07,2,0,TH_SP15_GEN-APND,TH_SP15_GEN-APND,TH_SP15_GEN-APND,DAM,MCL,LMP_LOSS_PRC,TH_SP15_GEN-APND,ALL_APNODES,0,-0.98698,132
2017-09-07T09:00:00-00:00,2017-09-07T10:00:00-00:00,2017-09-07,3,0,TH_SP15_GEN-APND,TH_SP15_GEN-APND,TH_SP15_GEN-APND,DAM,MCL,LMP_LOSS_PRC,TH_SP15_GEN-APND,ALL_APNODES,0,-0.78942,132
2017-09-07T11:00:00-00:00,2017-09-07T12:00:00-00:00,2017-09-07,5,0,TH_SP15_GEN-APND,TH_SP15_GEN-APND,TH_SP15_GEN-APND,DAM,MCL,LMP_LOSS_PRC,TH_SP15_GEN-APND,ALL_APNODES,0,-0.80638,132
2017-09-07T14:00:00-00:00,2017-09-07T15:00:00-00:00,2017-09-07,8,0,TH_SP15_GEN-APND,TH_SP15_GEN-APND,TH_SP15_GEN-APND,DAM,MCL,LMP_LOSS_PRC,TH_SP15_GEN-APND,ALL_APNODES,0,-1.83601,132
2017-09-07T12:00:00-00:00,2017-09-07T13:00:00-00:00,2017-09-07,6,0,TH_SP15_GEN-APND,TH_SP15_GEN-APND,TH_SP15_GEN-APND,DAM,MCL,LMP_LOSS_PRC,TH_SP15_GEN-APND,ALL_APNODES,0,-1.15219,132
2017-09-08T01:00:00-00:00,2017-09-08T02:00:00-00:00,2017-09-07,19,0,TH_SP15_GEN-APND,TH_SP15_GEN-APND,TH_SP15_GEN-APND,DAM,MCL,LMP_LOSS_PRC,TH_SP15_GEN-APND,ALL_APNODES,0,-1.63815,132
2017-09-07T07:00:00-00:00,2017-09-07T08:00:00-00:00,2017-09-07,1,0,TH_SP15_GEN-APND,TH_SP15_GEN-APND,TH_SP15_GEN-APND,DAM,MCL,LMP_LOSS_PRC,TH_SP15_GEN-APND,ALL_APNODES,0,-1.30529,132
2017-09-08T04:00:00-00:00,2017-09-08T05:00:00-00:00,2017-09-07,22,0,TH_SP15_GEN-APND,TH_SP15_GEN-APND,TH_SP15_GEN-APND,DAM,MCL,LMP_LOSS_PRC,TH_SP15_GEN-APND,ALL_APNODES,0,-1.13574,132
2017-09-07T18:00:00-00:00,2017-09-07T19:00:00-00:00,2017-09-07,12,0,TH_SP15_GEN-APND,TH_SP15_GEN-APND,TH_SP15_GEN-APND,DAM,MCL,LMP_LOSS_PRC,TH_SP15_GEN-APND,ALL_APNODES,0,-1.46657,132
2017-09-07T20:00:00-00:00,2017-09-07T21:00:00-00:00,2017-09-07,14,0,TH_SP15_GEN-APND,TH_SP15_GEN-APND,TH_SP15_GEN-APND,DAM,MCL,LMP_LOSS_PRC,TH_SP15_GEN-APND,ALL_APNODES,0,-1.46265,132
2017-09-07T10:00:00-00:00,2017-09-07T11:00:00-00:00,2017-09-07,4,0,TH_SP15_GEN-APND,TH_SP15_GEN-APND,TH_SP15_GEN-APND,DAM,MCL,LMP_LOSS_PRC,TH_SP15_GEN-APND,ALL_APNODES,0,-0.8524,132
2017-09-07T13:00:00-00:00,2017-09-07T14:00:00-00:00,2017-09-07,7,0,TH_SP15_GEN-APND,TH_SP15_GEN-APND,TH_SP15_GEN-APND,DAM,MCL,LMP_LOSS_PRC,TH_SP15_GEN-APND,ALL_APNODES,0,-1.43723,132
2017-09-07T16:00:00-00:00,2017-09-07T17:00:00-00:00,2017-09-07,10,0,TH_SP15_GEN-APND,TH_SP15_GEN-APND,TH_SP15_GEN-APND,DAM,MCL,LMP_LOSS_PRC,TH_SP15_GEN-APND,ALL_APNODES,0,-1.4273,132
2017-09-07T17:00:00-00:00,2017-09-07T18:00:00-00:00,2017-09-07,11,0,TH_SP15_GEN-APND,TH_SP15_GEN-APND,TH_SP15_GEN-APND,DAM,MCL,LMP_LOSS_PRC,TH_SP15_GEN-APND,ALL_APNODES,0,-1.50643,132
2017-09-07T19:00:00-00:00,2017-09-07T20:00:00-00:00,2017-09-07,13,0,TH_SP15_GEN-APND,TH_SP15_GEN-APND,TH_SP15_GEN-APND,DAM,MCL,LMP_LOSS_PRC,TH_SP15_GEN-APND,ALL_APNODES,0,-1.33293,132
2017-09-07T15:00:00-00:00,2017-09-07T16:00:00-00:00,2017-09-07,9,0,TH_SP15_GEN-APND,TH_SP15_GEN-APND,TH_SP15_GEN-APND,DAM,MCL,LMP_LOSS_PRC,TH_SP15_GEN-APND,ALL_APNODES,0,-1.59238,132
2017-09-08T06:00:00-00:00,2017-09-08T07:00:00-00:00,2017-09-07,24,0,TH_SP15_GEN-APND,TH_SP15_GEN-APND,TH_SP15_GEN-APND,DAM,MCL,LMP_LOSS_PRC,TH_SP15_GEN-APND,ALL_APNODES,0,-1.50016,132
2017-09-07T08:00:00-00:00,2017-09-07T09:00:00-00:00,2017-09-07,2,0,TH_ZP26_GEN-APND,TH_ZP26_GEN-APND,TH_ZP26_GEN-APND,DAM,LMP,LMP_PRC,TH_ZP26_GEN-APND,ALL_APNODES,0,30.05604,133
2017-09-07T20:00:00-00:00,2017-09-07T21:00:00-00:00,2017-09-07,14,0,TH_ZP26_GEN-APND,TH_ZP26_GEN-APND,TH_ZP26_GEN-APND,DAM,LMP,LMP_PRC,TH_ZP26_GEN-APND,ALL_APNODES,0,35.34413,133
2017-09-08T02:00:00-00:00,2017-09-08T03:00:00-00:00,2017-09-07,20,0,TH_ZP26_GEN-APND,TH_ZP26_GEN-APND,TH_ZP26_GEN-APND,DAM,LMP,LMP_PRC,TH_ZP26_GEN-APND,ALL_APNODES,0,53.84759,133
2017-09-08T06:00:00-00:00,2017-09-08T07:00:00-00:00,2017-09-07,24,0,TH_ZP26_GEN-APND,TH_ZP26_GEN-APND,TH_ZP26_GEN-APND,DAM,LMP,LMP_PRC,TH_ZP26_GEN-APND,ALL_APNODES,0,33.91061,133
2017-09-07T14:00:00-00:00,2017-09-07T15:00:00-00:00,2017-09-07,8,0,TH_ZP26_GEN-APND,TH_ZP26_GEN-APND,TH_ZP26_GEN-APND,DAM,LMP,LMP_PRC,TH_ZP26_GEN-APND,ALL_APNODES,0,40.78749,133
2017-09-08T04:00:00-00:00,2017-09-08T05:00:00-00:00,2017-09-07,22,0,TH_ZP26_GEN-APND,TH_ZP26_GEN-APND,TH_ZP26_GEN-APND,DAM,LMP,LMP_PRC,TH_ZP26_GEN-APND,ALL_APNODES,0,42.75722,133
2017-09-08T05:00:00-00:00,2017-09-08T06:00:00-00:00,2017-09-07,23,0,TH_ZP26_GEN-APND,TH_ZP26_GEN-APND,TH_ZP26_GEN-APND,DAM,LMP,LMP_PRC,TH_ZP26_GEN-APND,ALL_APNODES,0,38.28111,133
2017-09-07T19:00:00-00:00,2017-09-07T20:00:00-00:00,2017-09-07,13,0,TH_ZP26_GEN-APND,TH_ZP26_GEN-APND,TH_ZP26_GEN-APND,DAM,LMP,LMP_PRC,TH_ZP26_GEN-APND,ALL_APNODES,0,33.13174,133
2017-09-07T09:00:00-00:00,2017-09-07T10:00:00-00:00,2017-09-07,3,0,TH_ZP26_GEN-APND,TH_ZP26_GEN-APND,TH_ZP26_GEN-APND,DAM,LMP,LMP_PRC,TH_ZP26_GEN-APND,ALL_APNODES,0,27.96337,133
2017-09-07T17:00:00-00:00,2017-09-07T18:00:00-00:00,2017-09-07,11,0,TH_ZP26_GEN-APND,TH_ZP26_GEN-APND,TH_ZP26_GEN-APND,DAM,LMP,LMP_PRC,TH_ZP26_GEN-APND,ALL_APNODES,0,31.33143,133
2017-09-07T23:00:00-00:00,2017-09-08T00:00:00-00:00,2017-09-07,17,0,TH_ZP26_GEN-APND,TH_ZP26_GEN-APND,TH_ZP26_GEN-APND,DAM,LMP,LMP_PRC,TH_ZP26_GEN-APND,ALL_APNODES,0,44.69707,133
2017-09-08T00:00:00-00:00,2017-09-08T01:00:00-00:00,2017-09-07,18,0,TH_ZP26_GEN-APND,TH_ZP26_GEN-APND,TH_ZP26_GEN-APND,DAM,LMP,LMP_PRC,TH_ZP26_GEN-APND,ALL_APNODES,0,50.00199,133
2017-09-07T12:00:00-00:00,2017-09-07T13:00:00-00:00,2017-09-07,6,0,TH_ZP26_GEN-APND,TH_ZP26_GEN-APND,TH_ZP26_GEN-APND,DAM,LMP,LMP_PRC,TH_ZP26_GEN-APND,ALL_APNODES,0,33.72823,133
2017-09-07T22:00:00-00:00,2017-09-07T23:00:00-00:00,2017-09-07,16,0,TH_ZP26_GEN-APND,TH_ZP26_GEN-APND,TH_ZP26_GEN-APND,DAM,LMP,LMP_PRC,TH_ZP26_GEN-APND,ALL_APNODES,0,42.64087,133
2017-09-07T07:00:00-00:00,2017-09-07T08:00:00-00:00,2017-09-07,1,0,TH_ZP26_GEN-APND,TH_ZP26_GEN-APND,TH_ZP26_GEN-APND,DAM,LMP,LMP_PRC,TH_ZP26_GEN-APND,ALL_APNODES,0,32.77206,133
2017-09-07T21:00:00-00:00,2017-09-07T22:00:00-00:00,2017-09-07,15,0,TH_ZP26_GEN-APND,TH_ZP26_GEN-APND,TH_ZP26_GEN-APND,DAM,LMP,LMP_PRC,TH_ZP26_GEN-APND,ALL_APNODES,0,37.22064,133
2017-09-08T01:00:00-00:00,2017-09-08T02:00:00-00:00,2017-09-07,19,0,TH_ZP26_GEN-APND,TH_ZP26_GEN-APND,TH_ZP26_GEN-APND,DAM,LMP,LMP_PRC,TH_ZP26_GEN-APND,ALL_APNODES,0,63.16127,133
2017-09-07T11:00:00-00:00,2017-09-07T12:00:00-00:00,2017-09-07,5,0,TH_ZP26_GEN-APND,TH_ZP26_GEN-APND,TH_ZP26_GEN-APND,DAM,LMP,LMP_PRC,TH_ZP26_GEN-APND,ALL_APNODES,0,28.70386,133
2017-09-08T03:00:00-00:00,2017-09-08T04:00:00-00:00,2017-09-07,21,0,TH_ZP26_GEN-APND,TH_ZP26_GEN-APND,TH_ZP26_GEN-APND,DAM,LMP,LMP_PRC,TH_ZP26_GEN-APND,ALL_APNODES,0,49.82696,133
2017-09-07T16:00:00-00:00,2017-09-07T17:00:00-00:00,2017-09-07,10,0,TH_ZP26_GEN-APND,TH_ZP26_GEN-APND,TH_ZP26_GEN-APND,DAM,LMP,LMP_PRC,TH_ZP26_GEN-APND,ALL_APNODES,0,30.13234,133
2017-09-07T15:00:00-00:00,2017-09-07T16:00:00-00:00,2017-09-07,9,0,TH_ZP26_GEN-APND,TH_ZP26_GEN-APND,TH_ZP26_GEN-APND,DAM,LMP,LMP_PRC,TH_ZP26_GEN-APND,ALL_APNODES,0,32.99216,133
2017-09-07T18:00:00-00:00,2017-09-07T19:00:00-00:00,2017-09-07,12,0,TH_ZP26_GEN-APND,TH_ZP26_GEN-APND,TH_ZP26_GEN-APND,DAM,LMP,LMP_PRC,TH_ZP26_GEN-APND,ALL_APNODES,0,32.14082,133
2017-09-07T10:00:00-00:00,2017-09-07T11:00:00-00:00,2017-09-07,4,0,TH_ZP26_GEN-APND,TH_ZP26_GEN-APND,TH_ZP26_GEN-APND,DAM,LMP,LMP_PRC,TH_ZP26_GEN-APND,ALL_APNODES,0,26.9879,133
2017-09-07T13:00:00-00:00,2017-09-07T14:00:00-00:00,2017-09-07,7,0,TH_ZP26_GEN-APND,TH_ZP26_GEN-APND,TH_ZP26_GEN-APND,DAM,LMP,LMP_PRC,TH_ZP26_GEN-APND,ALL_APNODES,0,39.30382,133
2017-09-07T07:00:00-00:00,2017-09-07T08:00:00-00:00,2017-09-07,1,0,TH_ZP26_GEN-APND,TH_ZP26_GEN-APND,TH_ZP26_GEN-APND,DAM,MCC,LMP_CONG_PRC,TH_ZP26_GEN-APND,ALL_APNODES,0,0,134
2017-09-07T08:00:00-00:00,2017-09-07T09:00:00-00:00,2017-09-07,2,0,TH_ZP26_GEN-APND,TH_ZP26_GEN-APND,TH_ZP26_GEN-APND,DAM,MCC,LMP_CONG_PRC,TH_ZP26_GEN-APND,ALL_APNODES,0,0,134
2017-09-07T10:00:00-00:00,2017-09-07T11:00:00-00:00,2017-09-07,4,0,TH_ZP26_GEN-APND,TH_ZP26_GEN-APND,TH_ZP26_GEN-APND,DAM,MCC,LMP_CONG_PRC,TH_ZP26_GEN-APND,ALL_APNODES,0,0,134
2017-09-08T04:00:00-00:00,2017-09-08T05:00:00-00:00,2017-09-07,22,0,TH_ZP26_GEN-APND,TH_ZP26_GEN-APND,TH_ZP26_GEN-APND,DAM,MCC,LMP_CONG_PRC,TH_ZP26_GEN-APND,ALL_APNODES,0,0,134
2017-09-07T23:00:00-00:00,2017-09-08T00:00:00-00:00,2017-09-07,17,0,TH_ZP26_GEN-APND,TH_ZP26_GEN-APND,TH_ZP26_GEN-APND,DAM,MCC,LMP_CONG_PRC,TH_ZP26_GEN-APND,ALL_APNODES,0,0.06491,134
2017-09-08T01:00:00-00:00,2017-09-08T02:00:00-00:00,2017-09-07,19,0,TH_ZP26_GEN-APND,TH_ZP26_GEN-APND,TH_ZP26_GEN-APND,DAM,MCC,LMP_CONG_PRC,TH_ZP26_GEN-APND,ALL_APNODES,0,0,134
2017-09-07T13:00:00-00:00,2017-09-07T14:00:00-00:00,2017-09-07,7,0,TH_ZP26_GEN-APND,TH_ZP26_GEN-APND,TH_ZP26_GEN-APND,DAM,MCC,LMP_CONG_PRC,TH_ZP26_GEN-APND,ALL_APNODES,0,0.23539,134
2017-09-07T17:00:00-00:00,2017-09-07T18:00:00-00:00,2017-09-07,11,0,TH_ZP26_GEN-APND,TH_ZP26_GEN-APND,TH_ZP26_GEN-APND,DAM,MCC,LMP_CONG_PRC,TH_ZP26_GEN-APND,ALL_APNODES,0,-1.91962,134
2017-09-07T09:00:00-00:00,2017-09-07T10:00:00-00:00,2017-09-07,3,0,TH_ZP26_GEN-APND,TH_ZP26_GEN-APND,TH_ZP26_GEN-APND,DAM,MCC,LMP_CONG_PRC,TH_ZP26_GEN-APND,ALL_APNODES,0,0,134
2017-09-08T03:00:00-00:00,2017-09-08T04:00:00-00:00,2017-09-07,21,0,TH_ZP26_GEN-APND,TH_ZP26_GEN-APND,TH_ZP26_GEN-APND,DAM,MCC,LMP_CONG_PRC,TH_ZP26_GEN-APND,ALL_APNODES,0,0,134
2017-09-07T14:00:00-00:00,2017-09-07T15:00:00-00:00,2017-09-07,8,0,TH_ZP26_GEN-APND,TH_ZP26_GEN-APND,TH_ZP26_GEN-APND,DAM,MCC,LMP_CONG_PRC,TH_ZP26_GEN-APND,ALL_APNODES,0,0.41202,134
2017-09-07T15:00:00-00:00,2017-09-07T16:00:00-00:00,2017-09-07,9,0,TH_ZP26_GEN-APND,TH_ZP26_GEN-APND,TH_ZP26_GEN-APND,DAM,MCC,LMP_CONG_PRC,TH_ZP26_GEN-APND,ALL_APNODES,0,-0.61407,134
2017-09-07T12:00:00-00:00,2017-09-07T13:00:00-00:00,2017-09-07,6,0,TH_ZP26_GEN-APND,TH_ZP26_GEN-APND,TH_ZP26_GEN-APND,DAM,MCC,LMP_CONG_PRC,TH_ZP26_GEN-APND,ALL_APNODES,0,0.30085,134
2017-09-08T02:00:00-00:00,2017-09-08T03:00:00-00:00,2017-09-07,20,0,TH_ZP26_GEN-APND,TH_ZP26_GEN-APND,TH_ZP26_GEN-APND,DAM,MCC,LMP_CONG_PRC,TH_ZP26_GEN-APND,ALL_APNODES,0,0,134
2017-09-08T05:00:00-00:00,2017-09-08T06:00:00-00:00,2017-09-07,23,0,TH_ZP26_GEN-APND,TH_ZP26_GEN-APND,TH_ZP26_GEN-APND,DAM,MCC,LMP_CONG_PRC,TH_ZP26_GEN-APND,ALL_APNODES,0,0,134
2017-09-07T18:00:00-00:00,2017-09-07T19:00:00-00:00,2017-09-07,12,0,TH_ZP26_GEN-APND,TH_ZP26_GEN-APND,TH_ZP26_GEN-APND,DAM,MCC,LMP_CONG_PRC,TH_ZP26_GEN-APND,ALL_APNODES,0,-2.07437,134
2017-09-07T19:00:00-00:00,2017-09-07T20:00:00-00:00,2017-09-07,13,0,TH_ZP26_GEN-APND,TH_ZP26_GEN-APND,TH_ZP26_GEN-APND,DAM,MCC,LMP_CONG_PRC,TH_ZP26_GEN-APND,ALL_APNODES,0,-1.34097,134
2017-09-07T16:00:00-00:00,2017-09-07T17:00:00-00:00,2017-09-07,10,0,TH_ZP26_GEN-APND,TH_ZP26_GEN-APND,TH_ZP26_GEN-APND,DAM,MCC,LMP_CONG_PRC,TH_ZP26_GEN-APND,ALL_APNODES,0,-1.18883,134
2017-09-07T20:00:00-00:00,2017-09-07T21:00:00-00:00,2017-09-07,14,0,TH_ZP26_GEN-APND,TH_ZP26_GEN-APND,TH_ZP26_GEN-APND,DAM,MCC,LMP_CONG_PRC,TH_ZP26_GEN-APND,ALL_APNODES,0,-0.94738,134
2017-09-07T21:00:00-00:00,2017-09-07T22:00:00-00:00,2017-09-07,15,0,TH_ZP26_GEN-APND,TH_ZP26_GEN-APND,TH_ZP26_GEN-APND,DAM,MCC,LMP_CONG_PRC,TH_ZP26_GEN-APND,ALL_APNODES,0,-0.62003,134
2017-09-08T06:00:00-00:00,2017-09-08T07:00:00-00:00,2017-09-07,24,0,TH_ZP26_GEN-APND,TH_ZP26_GEN-APND,TH_ZP26_GEN-APND,DAM,MCC,LMP_CONG_PRC,TH_ZP26_GEN-APND,ALL_APNODES,0,0,134
2017-09-07T22:00:00-00:00,2017-09-07T23:00:00-00:00,2017-09-07,16,0,TH_ZP26_GEN-APND,TH_ZP26_GEN-APND,TH_ZP26_GEN-APND,DAM,MCC,LMP_CONG_PRC,TH_ZP26_GEN-APND,ALL_APNODES,0,0.23541,134
2017-09-08T00:00:00-00:00,2017-09-08T01:00:00-00:00,2017-09-07,18,0,TH_ZP26_GEN-APND,TH_ZP26_GEN-APND,TH_ZP26_GEN-APND,DAM,MCC,LMP_CONG_PRC,TH_ZP26_GEN-APND,ALL_APNODES,0,0.16671,134
2017-09-07T11:00:00-00:00,2017-09-07T12:00:00-00:00,2017-09-07,5,0,TH_ZP26_GEN-APND,TH_ZP26_GEN-APND,TH_ZP26_GEN-APND,DAM,MCC,LMP_CONG_PRC,TH_ZP26_GEN-APND,ALL_APNODES,0,0.06988,134
2017-09-07T18:00:00-00:00,2017-09-07T19:00:00-00:00,2017-09-07,12,0,TH_ZP26_GEN-APND,TH_ZP26_GEN-APND,TH_ZP26_GEN-APND,DAM,MCE,LMP_ENE_PRC,TH_ZP26_GEN-APND,ALL_APNODES,0,36.39139,135
2017-09-07T07:00:00-00:00,2017-09-07T08:00:00-00:00,2017-09-07,1,0,TH_ZP26_GEN-APND,TH_ZP26_GEN-APND,TH_ZP26_GEN-APND,DAM,MCE,LMP_ENE_PRC,TH_ZP26_GEN-APND,ALL_APNODES,0,34.08076,135
2017-09-07T12:00:00-00:00,2017-09-07T13:00:00-00:00,2017-09-07,6,0,TH_ZP26_GEN-APND,TH_ZP26_GEN-APND,TH_ZP26_GEN-APND,DAM,MCE,LMP_ENE_PRC,TH_ZP26_GEN-APND,ALL_APNODES,0,34.7045,135
2017-09-07T13:00:00-00:00,2017-09-07T14:00:00-00:00,2017-09-07,7,0,TH_ZP26_GEN-APND,TH_ZP26_GEN-APND,TH_ZP26_GEN-APND,DAM,MCE,LMP_ENE_PRC,TH_ZP26_GEN-APND,ALL_APNODES,0,40.48542,135
2017-09-08T04:00:00-00:00,2017-09-08T05:00:00-00:00,2017-09-07,22,0,TH_ZP26_GEN-APND,TH_ZP26_GEN-APND,TH_ZP26_GEN-APND,DAM,MCE,LMP_ENE_PRC,TH_ZP26_GEN-APND,ALL_APNODES,0,44.53877,135
2017-09-08T06:00:00-00:00,2017-09-08T07:00:00-00:00,2017-09-07,24,0,TH_ZP26_GEN-APND,TH_ZP26_GEN-APND,TH_ZP26_GEN-APND,DAM,MCE,LMP_ENE_PRC,TH_ZP26_GEN-APND,ALL_APNODES,0,35.29781,135
2017-09-07T10:00:00-00:00,2017-09-07T11:00:00-00:00,2017-09-07,4,0,TH_ZP26_GEN-APND,TH_ZP26_GEN-APND,TH_ZP26_GEN-APND,DAM,MCE,LMP_ENE_PRC,TH_ZP26_GEN-APND,ALL_APNODES,0,28.03937,135
2017-09-07T08:00:00-00:00,2017-09-07T09:00:00-00:00,2017-09-07,2,0,TH_ZP26_GEN-APND,TH_ZP26_GEN-APND,TH_ZP26_GEN-APND,DAM,MCE,LMP_ENE_PRC,TH_ZP26_GEN-APND,ALL_APNODES,0,31.23355,135
2017-09-08T01:00:00-00:00,2017-09-08T02:00:00-00:00,2017-09-07,19,0,TH_ZP26_GEN-APND,TH_ZP26_GEN-APND,TH_ZP26_GEN-APND,DAM,MCE,LMP_ENE_PRC,TH_ZP26_GEN-APND,ALL_APNODES,0,66.05446,135
2017-09-07T20:00:00-00:00,2017-09-07T21:00:00-00:00,2017-09-07,14,0,TH_ZP26_GEN-APND,TH_ZP26_GEN-APND,TH_ZP26_GEN-APND,DAM,MCE,LMP_ENE_PRC,TH_ZP26_GEN-APND,ALL_APNODES,0,38.69444,135
2017-09-08T03:00:00-00:00,2017-09-08T04:00:00-00:00,2017-09-07,21,0,TH_ZP26_GEN-APND,TH_ZP26_GEN-APND,TH_ZP26_GEN-APND,DAM,MCE,LMP_ENE_PRC,TH_ZP26_GEN-APND,ALL_APNODES,0,51.94096,135
2017-09-07T23:00:00-00:00,2017-09-08T00:00:00-00:00,2017-09-07,17,0,TH_ZP26_GEN-APND,TH_ZP26_GEN-APND,TH_ZP26_GEN-APND,DAM,MCE,LMP_ENE_PRC,TH_ZP26_GEN-APND,ALL_APNODES,0,47.55691,135
2017-09-07T22:00:00-00:00,2017-09-07T23:00:00-00:00,2017-09-07,16,0,TH_ZP26_GEN-APND,TH_ZP26_GEN-APND,TH_ZP26_GEN-APND,DAM,MCE,LMP_ENE_PRC,TH_ZP26_GEN-APND,ALL_APNODES,0,45.23732,135
2017-09-08T00:00:00-00:00,2017-09-08T01:00:00-00:00,2017-09-07,18,0,TH_ZP26_GEN-APND,TH_ZP26_GEN-APND,TH_ZP26_GEN-APND,DAM,MCE,LMP_ENE_PRC,TH_ZP26_GEN-APND,ALL_APNODES,0,52.70228,135
2017-09-08T05:00:00-00:00,2017-09-08T06:00:00-00:00,2017-09-07,23,0,TH_ZP26_GEN-APND,TH_ZP26_GEN-APND,TH_ZP26_GEN-APND,DAM,MCE,LMP_ENE_PRC,TH_ZP26_GEN-APND,ALL_APNODES,0,39.90525,135
2017-09-07T21:00:00-00:00,2017-09-07T22:00:00-00:00,2017-09-07,15,0,TH_ZP26_GEN-APND,TH_ZP26_GEN-APND,TH_ZP26_GEN-APND,DAM,MCE,LMP_ENE_PRC,TH_ZP26_GEN-APND,ALL_APNODES,0,40.32467,135
2017-09-07T09:00:00-00:00,2017-09-07T10:00:00-00:00,2017-09-07,3,0,TH_ZP26_GEN-APND,TH_ZP26_GEN-APND,TH_ZP26_GEN-APND,DAM,MCE,LMP_ENE_PRC,TH_ZP26_GEN-APND,ALL_APNODES,0,29.0227,135
2017-09-07T17:00:00-00:00,2017-09-07T18:00:00-00:00,2017-09-07,11,0,TH_ZP26_GEN-APND,TH_ZP26_GEN-APND,TH_ZP26_GEN-APND,DAM,MCE,LMP_ENE_PRC,TH_ZP26_GEN-APND,ALL_APNODES,0,35.36217,135
2017-09-08T02:00:00-00:00,2017-09-08T03:00:00-00:00,2017-09-07,20,0,TH_ZP26_GEN-APND,TH_ZP26_GEN-APND,TH_ZP26_GEN-APND,DAM,MCE,LMP_ENE_PRC,TH_ZP26_GEN-APND,ALL_APNODES,0,56.17902,135
2017-09-07T19:00:00-00:00,2017-09-07T20:00:00-00:00,2017-09-07,13,0,TH_ZP26_GEN-APND,TH_ZP26_GEN-APND,TH_ZP26_GEN-APND,DAM,MCE,LMP_ENE_PRC,TH_ZP26_GEN-APND,ALL_APNODES,0,36.71997,135
2017-09-07T15:00:00-00:00,2017-09-07T16:00:00-00:00,2017-09-07,9,0,TH_ZP26_GEN-APND,TH_ZP26_GEN-APND,TH_ZP26_GEN-APND,DAM,MCE,LMP_ENE_PRC,TH_ZP26_GEN-APND,ALL_APNODES,0,35.38615,135
2017-09-07T14:00:00-00:00,2017-09-07T15:00:00-00:00,2017-09-07,8,0,TH_ZP26_GEN-APND,TH_ZP26_GEN-APND,TH_ZP26_GEN-APND,DAM,MCE,LMP_ENE_PRC,TH_ZP26_GEN-APND,ALL_APNODES,0,42.11042,135
2017-09-07T11:00:00-00:00,2017-09-07T12:00:00-00:00,2017-09-07,5,0,TH_ZP26_GEN-APND,TH_ZP26_GEN-APND,TH_ZP26_GEN-APND,DAM,MCE,LMP_ENE_PRC,TH_ZP26_GEN-APND,ALL_APNODES,0,29.75577,135
2017-09-07T16:00:00-00:00,2017-09-07T17:00:00-00:00,2017-09-07,10,0,TH_ZP26_GEN-APND,TH_ZP26_GEN-APND,TH_ZP26_GEN-APND,DAM,MCE,LMP_ENE_PRC,TH_ZP26_GEN-APND,ALL_APNODES,0,33.11606,135
2017-09-08T04:00:00-00:00,2017-09-08T05:00:00-00:00,2017-09-07,22,0,TH_ZP26_GEN-APND,TH_ZP26_GEN-APND,TH_ZP26_GEN-APND,DAM,MCL,LMP_LOSS_PRC,TH_ZP26_GEN-APND,ALL_APNODES,0,-1.78155,136
2017-09-08T03:00:00-00:00,2017-09-08T04:00:00-00:00,2017-09-07,21,0,TH_ZP26_GEN-APND,TH_ZP26_GEN-APND,TH_ZP26_GEN-APND,DAM,MCL,LMP_LOSS_PRC,TH_ZP26_GEN-APND,ALL_APNODES,0,-2.114,136
2017-09-07T14:00:00-00:00,2017-09-07T15:00:00-00:00,2017-09-07,8,0,TH_ZP26_GEN-APND,TH_ZP26_GEN-APND,TH_ZP26_GEN-APND,DAM,MCL,LMP_LOSS_PRC,TH_ZP26_GEN-APND,ALL_APNODES,0,-1.73495,136
2017-09-07T10:00:00-00:00,2017-09-07T11:00:00-00:00,2017-09-07,4,0,TH_ZP26_GEN-APND,TH_ZP26_GEN-APND,TH_ZP26_GEN-APND,DAM,MCL,LMP_LOSS_PRC,TH_ZP26_GEN-APND,ALL_APNODES,0,-1.05148,136
2017-09-08T05:00:00-00:00,2017-09-08T06:00:00-00:00,2017-09-07,23,0,TH_ZP26_GEN-APND,TH_ZP26_GEN-APND,TH_ZP26_GEN-APND,DAM,MCL,LMP_LOSS_PRC,TH_ZP26_GEN-APND,ALL_APNODES,0,-1.62414,136
2017-09-08T00:00:00-00:00,2017-09-08T01:00:00-00:00,2017-09-07,18,0,TH_ZP26_GEN-APND,TH_ZP26_GEN-APND,TH_ZP26_GEN-APND,DAM,MCL,LMP_LOSS_PRC,TH_ZP26_GEN-APND,ALL_APNODES,0,-2.867,136
2017-09-07T21:00:00-00:00,2017-09-07T22:00:00-00:00,2017-09-07,15,0,TH_ZP26_GEN-APND,TH_ZP26_GEN-APND,TH_ZP26_GEN-APND,DAM,MCL,LMP_LOSS_PRC,TH_ZP26_GEN-APND,ALL_APNODES,0,-2.484,136
2017-09-07T09:00:00-00:00,2017-09-07T10:00:00-00:00,2017-09-07,3,0,TH_ZP26_GEN-APND,TH_ZP26_GEN-APND,TH_ZP26_GEN-APND,DAM,MCL,LMP_LOSS_PRC,TH_ZP26_GEN-APND,ALL_APNODES,0,-1.05933,136
2017-09-07T08:00:00-00:00,2017-09-07T09:00:00-00:00,2017-09-07,2,0,TH_ZP26_GEN-APND,TH_ZP26_GEN-APND,TH_ZP26_GEN-APND,DAM,MCL,LMP_LOSS_PRC,TH_ZP26_GEN-APND,ALL_APNODES,0,-1.1775,136
2017-09-07T13:00:00-00:00,2017-09-07T14:00:00-00:00,2017-09-07,7,0,TH_ZP26_GEN-APND,TH_ZP26_GEN-APND,TH_ZP26_GEN-APND,DAM,MCL,LMP_LOSS_PRC,TH_ZP26_GEN-APND,ALL_APNODES,0,-1.41699,136
2017-09-08T01:00:00-00:00,2017-09-08T02:00:00-00:00,2017-09-07,19,0,TH_ZP26_GEN-APND,TH_ZP26_GEN-APND,TH_ZP26_GEN-APND,DAM,MCL,LMP_LOSS_PRC,TH_ZP26_GEN-APND,ALL_APNODES,0,-2.89319,136
2017-09-07T22:00:00-00:00,2017-09-07T23:00:00-00:00,2017-09-07,16,0,TH_ZP26_GEN-APND,TH_ZP26_GEN-APND,TH_ZP26_GEN-APND,DAM,MCL,LMP_LOSS_PRC,TH_ZP26_GEN-APND,ALL_APNODES,0,-2.83186,136
2017-09-07T18:00:00-00:00,2017-09-07T19:00:00-00:00,2017-09-07,12,0,TH_ZP26_GEN-APND,TH_ZP26_GEN-APND,TH_ZP26_GEN-APND,DAM,MCL,LMP_LOSS_PRC,TH_ZP26_GEN-APND,ALL_APNODES,0,-2.17621,136
2017-09-08T06:00:00-00:00,2017-09-08T07:00:00-00:00,2017-09-07,24,0,TH_ZP26_GEN-APND,TH_ZP26_GEN-APND,TH_ZP26_GEN-APND,DAM,MCL,LMP_LOSS_PRC,TH_ZP26_GEN-APND,ALL_APNODES,0,-1.3872,136
2017-09-08T02:00:00-00:00,2017-09-08T03:00:00-00:00,2017-09-07,20,0,TH_ZP26_GEN-APND,TH_ZP26_GEN-APND,TH_ZP26_GEN-APND,DAM,MCL,LMP_LOSS_PRC,TH_ZP26_GEN-APND,ALL_APNODES,0,-2.33143,136
2017-09-07T07:00:00-00:00,2017-09-07T08:00:00-00:00,2017-09-07,1,0,TH_ZP26_GEN-APND,TH_ZP26_GEN-APND,TH_ZP26_GEN-APND,DAM,MCL,LMP_LOSS_PRC,TH_ZP26_GEN-APND,ALL_APNODES,0,-1.3087,136
2017-09-07T17:00:00-00:00,2017-09-07T18:00:00-00:00,2017-09-07,11,0,TH_ZP26_GEN-APND,TH_ZP26_GEN-APND,TH_ZP26_GEN-APND,DAM,MCL,LMP_LOSS_PRC,TH_ZP26_GEN-APND,ALL_APNODES,0,-2.11112,136
2017-09-07T16:00:00-00:00,2017-09-07T17:00:00-00:00,2017-09-07,10,0,TH_ZP26_GEN-APND,TH_ZP26_GEN-APND,TH_ZP26_GEN-APND,DAM,MCL,LMP_LOSS_PRC,TH_ZP26_GEN-APND,ALL_APNODES,0,-1.79489,136
2017-09-07T11:00:00-00:00,2017-09-07T12:00:00-00:00,2017-09-07,5,0,TH_ZP26_GEN-APND,TH_ZP26_GEN-APND,TH_ZP26_GEN-APND,DAM,MCL,LMP_LOSS_PRC,TH_ZP26_GEN-APND,ALL_APNODES,0,-1.12179,136
2017-09-07T20:00:00-00:00,2017-09-07T21:00:00-00:00,2017-09-07,14,0,TH_ZP26_GEN-APND,TH_ZP26_GEN-APND,TH_ZP26_GEN-APND,DAM,MCL,LMP_LOSS_PRC,TH_ZP26_GEN-APND,ALL_APNODES,0,-2.40292,136
2017-09-07T19:00:00-00:00,2017-09-07T20:00:00-00:00,2017-09-07,13,0,TH_ZP26_GEN-APND,TH_ZP26_GEN-APND,TH_ZP26_GEN-APND,DAM,MCL,LMP_LOSS_PRC,TH_ZP26_GEN-APND,ALL_APNODES,0,-2.24726,136
2017-09-07T15:00:00-00:00,2017-09-07T16:00:00-00:00,2017-09-07,9,0,TH_ZP26_GEN-APND,TH_ZP26_GEN-APND,TH_ZP26_GEN-APND,DAM,MCL,LMP_LOSS_PRC,TH_ZP26_GEN-APND,ALL_APNODES,0,-1.77992,136
2017-09-07T23:00:00-00:00,2017-09-08T00:00:00-00:00,2017-09-07,17,0,TH_ZP26_GEN-APND,TH_ZP26_GEN-APND,TH_ZP26_GEN-APND,DAM,MCL,LMP_LOSS_PRC,TH_ZP26_GEN-APND,ALL_APNODES,0,-2.92475,136
2017-09-07T12:00:00-00:00,2017-09-07T13:00:00-00:00,2017-09-07,6,0,TH_ZP26_GEN-APND,TH_ZP26_GEN-APND,TH_ZP26_GEN-APND,DAM,MCL,LMP_LOSS_PRC,TH_ZP26_GEN-APND,ALL_APNODES,0,-1.27713,136
2017-09-07T21:00:00-00:00,2017-09-07T22:00:00-00:00,2017-09-07,15,0,URBAN_6_N005,URBAN_6_N005,URBAN_6_N005,DAM,LMP,LMP_PRC,URBAN_6_N005,ALL,1,27.73708,137
2017-09-08T05:00:00-00:00,2017-09-08T06:00:00-00:00,2017-09-07,23,0,URBAN_6_N005,URBAN_6_N005,URBAN_6_N005,DAM,LMP,LMP_PRC,URBAN_6_N005,ALL,1,39.51418,137
2017-09-08T01:00:00-00:00,2017-09-08T02:00:00-00:00,2017-09-07,19,0,URBAN_6_N005,URBAN_6_N005,URBAN_6_N005,DAM,LMP,LMP_PRC,URBAN_6_N005,ALL,1,63.36398,137
2017-09-07T15:00:00-00:00,2017-09-07T16:00:00-00:00,2017-09-07,9,0,URBAN_6_N005,URBAN_6_N005,URBAN_6_N005,DAM,LMP,LMP_PRC,URBAN_6_N005,ALL,1,32.13626,137
2017-09-07T19:00:00-00:00,2017-09-07T20:00:00-00:00,2017-09-07,13,0,URBAN_6_N005,URBAN_6_N005,URBAN_6_N005,DAM,LMP,LMP_PRC,URBAN_6_N005,ALL,1,26.09838,137
2017-09-07T22:00:00-00:00,2017-09-07T23:00:00-00:00,2017-09-07,16,0,URBAN_6_N005,URBAN_6_N005,URBAN_6_N005,DAM,LMP,LMP_PRC,URBAN_6_N005,ALL,1,35.18726,137
2017-09-07T07:00:00-00:00,2017-09-07T08:00:00-00:00,2017-09-07,1,0,URBAN_6_N005,URBAN_6_N005,URBAN_6_N005,DAM,LMP,LMP_PRC,URBAN_6_N005,ALL,1,33.52866,137
2017-09-07T12:00:00-00:00,2017-09-07T13:00:00-00:00,2017-09-07,6,0,URBAN_6_N005,URBAN_6_N005,URBAN_6_N005,DAM,LMP,LMP_PRC,URBAN_6_N005,ALL,1,33.11011,137
2017-09-07T14:00:00-00:00,2017-09-07T15:00:00-00:00,2017-09-07,8,0,URBAN_6_N005,URBAN_6_N005,URBAN_6_N005,DAM,LMP,LMP_PRC,URBAN_6_N005,ALL,1,39.83343,137
2017-09-08T00:00:00-00:00,2017-09-08T01:00:00-00:00,2017-09-07,18,0,URBAN_6_N005,URBAN_6_N005,URBAN_6_N005,DAM,LMP,LMP_PRC,URBAN_6_N005,ALL,1,52.63163,137
2017-09-07T08:00:00-00:00,2017-09-07T09:00:00-00:00,2017-09-07,2,0,URBAN_6_N005,URBAN_6_N005,URBAN_6_N005,DAM,LMP,LMP_PRC,URBAN_6_N005,ALL,1,30.72757,137
2017-09-07T13:00:00-00:00,2017-09-07T14:00:00-00:00,2017-09-07,7,0,URBAN_6_N005,URBAN_6_N005,URBAN_6_N005,DAM,LMP,LMP_PRC,URBAN_6_N005,ALL,1,39.56234,137
2017-09-08T04:00:00-00:00,2017-09-08T05:00:00-00:00,2017-09-07,22,0,URBAN_6_N005,URBAN_6_N005,URBAN_6_N005,DAM,LMP,LMP_PRC,URBAN_6_N005,ALL,1,45.09105,137
2017-09-07T09:00:00-00:00,2017-09-07T10:00:00-00:00,2017-09-07,3,0,URBAN_6_N005,URBAN_6_N005,URBAN_6_N005,DAM,LMP,LMP_PRC,URBAN_6_N005,ALL,1,28.73538,137
2017-09-07T16:00:00-00:00,2017-09-07T17:00:00-00:00,2017-09-07,10,0,URBAN_6_N005,URBAN_6_N005,URBAN_6_N005,DAM,LMP,LMP_PRC,URBAN_6_N005,ALL,1,27.75626,137
2017-09-07T17:00:00-00:00,2017-09-07T18:00:00-00:00,2017-09-07,11,0,URBAN_6_N005,URBAN_6_N005,URBAN_6_N005,DAM,LMP,LMP_PRC,URBAN_6_N005,ALL,1,26.03897,137
2017-09-07T10:00:00-00:00,2017-09-07T11:00:00-00:00,2017-09-07,4,0,URBAN_6_N005,URBAN_6_N005,URBAN_6_N005,DAM,LMP,LMP_PRC,URBAN_6_N005,ALL,1,27.62159,137
2017-09-08T06:00:00-00:00,2017-09-08T07:00:00-00:00,2017-09-07,24,0,URBAN_6_N005,URBAN_6_N005,URBAN_6_N005,DAM,LMP,LMP_PRC,URBAN_6_N005,ALL,1,34.6801,137
2017-09-08T02:00:00-00:00,2017-09-08T03:00:00-00:00,2017-09-07,20,0,URBAN_6_N005,URBAN_6_N005,URBAN_6_N005,DAM,LMP,LMP_PRC,URBAN_6_N005,ALL,1,55.16871,137
2017-09-08T03:00:00-00:00,2017-09-08T04:00:00-00:00,2017-09-07,21,0,URBAN_6_N005,URBAN_6_N005,URBAN_6_N005,DAM,LMP,LMP_PRC,URBAN_6_N005,ALL,1,52.53308,137
2017-09-07T18:00:00-00:00,2017-09-07T19:00:00-00:00,2017-09-07,12,0,URBAN_6_N005,URBAN_6_N005,URBAN_6_N005,DAM,LMP,LMP_PRC,URBAN_6_N005,ALL,1,23.44653,137
2017-09-07T20:00:00-00:00,2017-09-07T21:00:00-00:00,2017-09-07,14,0,URBAN_6_N005,URBAN_6_N005,URBAN_6_N005,DAM,LMP,LMP_PRC,URBAN_6_N005,ALL,1,37.5616,137
2017-09-07T11:00:00-00:00,2017-09-07T12:00:00-00:00,2017-09-07,5,0,URBAN_6_N005,URBAN_6_N005,URBAN_6_N005,DAM,LMP,LMP_PRC,URBAN_6_N005,ALL,1,28.86068,137
2017-09-07T23:00:00-00:00,2017-09-08T00:00:00-00:00,2017-09-07,17,0,URBAN_6_N005,URBAN_6_N005,URBAN_6_N005,DAM,LMP,LMP_PRC,URBAN_6_N005,ALL,1,41.07015,137
2017-09-07T23:00:00-00:00,2017-09-08T00:00:00-00:00,2017-09-07,17,0,URBAN_6_N005,URBAN_6_N005,URBAN_6_N005,DAM,MCC,LMP_CONG_PRC,URBAN_6_N005,ALL,1,-6.53907,138
2017-09-08T01:00:00-00:00,2017-09-08T02:00:00-00:00,2017-09-07,19,0,URBAN_6_N005,URBAN_6_N005,URBAN_6_N005,DAM,MCC,LMP_CONG_PRC,URBAN_6_N005,ALL,1,-3.01414,138
2017-09-08T02:00:00-00:00,2017-09-08T03:00:00-00:00,2017-09-07,20,0,URBAN_6_N005,URBAN_6_N005,URBAN_6_N005,DAM,MCC,LMP_CONG_PRC,URBAN_6_N005,ALL,1,-1.45974,138
2017-09-07T18:00:00-00:00,2017-09-07T19:00:00-00:00,2017-09-07,12,0,URBAN_6_N005,URBAN_6_N005,URBAN_6_N005,DAM,MCC,LMP_CONG_PRC,URBAN_6_N005,ALL,1,-12.61734,138
2017-09-08T06:00:00-00:00,2017-09-08T07:00:00-00:00,2017-09-07,24,0,URBAN_6_N005,URBAN_6_N005,URBAN_6_N005,DAM,MCC,LMP_CONG_PRC,URBAN_6_N005,ALL,1,0,138
2017-09-07T11:00:00-00:00,2017-09-07T12:00:00-00:00,2017-09-07,5,0,URBAN_6_N005,URBAN_6_N005,URBAN_6_N005,DAM,MCC,LMP_CONG_PRC,URBAN_6_N005,ALL,1,-0.64514,138
2017-09-07T09:00:00-00:00,2017-09-07T10:00:00-00:00,2017-09-07,3,0,URBAN_6_N005,URBAN_6_N005,URBAN_6_N005,DAM,MCC,LMP_CONG_PRC,URBAN_6_N005,ALL,1,0,138
2017-09-07T12:00:00-00:00,2017-09-07T13:00:00-00:00,2017-09-07,6,0,URBAN_6_N005,URBAN_6_N005,URBAN_6_N005,DAM,MCC,LMP_CONG_PRC,URBAN_6_N005,ALL,1,-1.14323,138
2017-09-07T20:00:00-00:00,2017-09-07T21:00:00-00:00,2017-09-07,14,0,URBAN_6_N005,URBAN_6_N005,URBAN_6_N005,DAM,MCC,LMP_CONG_PRC,URBAN_6_N005,ALL,1,-0.90067,138
2017-09-07T08:00:00-00:00,2017-09-07T09:00:00-00:00,2017-09-07,2,0,URBAN_6_N005,URBAN_6_N005,URBAN_6_N005,DAM,MCC,LMP_CONG_PRC,URBAN_6_N005,ALL,1,0,138
2017-09-07T15:00:00-00:00,2017-09-07T16:00:00-00:00,2017-09-07,9,0,URBAN_6_N005,URBAN_6_N005,URBAN_6_N005,DAM,MCC,LMP_CONG_PRC,URBAN_6_N005,ALL,1,-2.46432,138
2017-09-08T00:00:00-00:00,2017-09-08T01:00:00-00:00,2017-09-07,18,0,URBAN_6_N005,URBAN_6_N005,URBAN_6_N005,DAM,MCC,LMP_CONG_PRC,URBAN_6_N005,ALL,1,-0.70308,138
2017-09-08T03:00:00-00:00,2017-09-08T04:00:00-00:00,2017-09-07,21,0,URBAN_6_N005,URBAN_6_N005,URBAN_6_N005,DAM,MCC,LMP_CONG_PRC,URBAN_6_N005,ALL,1,0,138
2017-09-08T04:00:00-00:00,2017-09-08T05:00:00-00:00,2017-09-07,22,0,URBAN_6_N005,URBAN_6_N005,URBAN_6_N005,DAM,MCC,LMP_CONG_PRC,URBAN_6_N005,ALL,1,0,138
2017-09-07T16:00:00-00:00,2017-09-07T17:00:00-00:00,2017-09-07,10,0,URBAN_6_N005,URBAN_6_N005,URBAN_6_N005,DAM,MCC,LMP_CONG_PRC,URBAN_6_N005,ALL,1,-4.73391,138
2017-09-07T13:00:00-00:00,2017-09-07T14:00:00-00:00,2017-09-07,7,0,URBAN_6_N005,URBAN_6_N005,URBAN_6_N005,DAM,MCC,LMP_CONG_PRC,URBAN_6_N005,ALL,1,-0.80973,138
2017-09-08T05:00:00-00:00,2017-09-08T06:00:00-00:00,2017-09-07,23,0,URBAN_6_N005,URBAN_6_N005,URBAN_6_N005,DAM,MCC,LMP_CONG_PRC,URBAN_6_N005,ALL,1,0,138
2017-09-07T19:00:00-00:00,2017-09-07T20:00:00-00:00,2017-09-07,13,0,URBAN_6_N005,URBAN_6_N005,URBAN_6_N005,DAM,MCC,LMP_CONG_PRC,URBAN_6_N005,ALL,1,-10.39025,138
2017-09-07T21:00:00-00:00,2017-09-07T22:00:00-00:00,2017-09-07,15,0,URBAN_6_N005,URBAN_6_N005,URBAN_6_N005,DAM,MCC,LMP_CONG_PRC,URBAN_6_N005,ALL,1,-12.32145,138
2017-09-07T10:00:00-00:00,2017-09-07T11:00:00-00:00,2017-09-07,4,0,URBAN_6_N005,URBAN_6_N005,URBAN_6_N005,DAM,MCC,LMP_CONG_PRC,URBAN_6_N005,ALL,1,0,138
2017-09-07T07:00:00-00:00,2017-09-07T08:00:00-00:00,2017-09-07,1,0,URBAN_6_N005,URBAN_6_N005,URBAN_6_N005,DAM,MCC,LMP_CONG_PRC,URBAN_6_N005,ALL,1,0,138
2017-09-07T14:00:00-00:00,2017-09-07T15:00:00-00:00,2017-09-07,8,0,URBAN_6_N005,URBAN_6_N005,URBAN_6_N005,DAM,MCC,LMP_CONG_PRC,URBAN_6_N005,ALL,1,-1.58217,138
2017-09-07T17:00:00-00:00,2017-09-07T18:00:00-00:00,2017-09-07,11,0,URBAN_6_N005,URBAN_6_N005,URBAN_6_N005,DAM,MCC,LMP_CONG_PRC,URBAN_6_N005,ALL,1,-8.7857,138
2017-09-07T22:00:00-00:00,2017-09-07T23:00:00-00:00,2017-09-07,16,0,URBAN_6_N005,URBAN_6_N005,URBAN_6_N005,DAM,MCC,LMP_CONG_PRC,URBAN_6_N005,ALL,1,-9.93244,138
2017-09-08T01:00:00-00:00,2017-09-08T02:00:00-00:00,2017-09-07,19,0,URBAN_6_N005,URBAN_6_N005,URBAN_6_N005,DAM,MCE,LMP_ENE_PRC,URBAN_6_N005,ALL,1,66.05446,139
2017-09-07T11:00:00-00:00,2017-09-07T12:00:00-00:00,2017-09-07,5,0,URBAN_6_N005,URBAN_6_N005,URBAN_6_N005,DAM,MCE,LMP_ENE_PRC,URBAN_6_N005,ALL,1,29.75577,139
2017-09-08T02:00:00-00:00,2017-09-08T03:00:00-00:00,2017-09-07,20,0,URBAN_6_N005,URBAN_6_N005,URBAN_6_N005,DAM,MCE,LMP_ENE_PRC,URBAN_6_N005,ALL,1,56.17902,139
2017-09-07T12:00:00-00:00,2017-09-07T13:00:00-00:00,2017-09-07,6,0,URBAN_6_N005,URBAN_6_N005,URBAN_6_N005,DAM,MCE,LMP_ENE_PRC,URBAN_6_N005,ALL,1,34.7045,139
2017-09-07T21:00:00-00:00,2017-09-07T22:00:00-00:00,2017-09-07,15,0,URBAN_6_N005,URBAN_6_N005,URBAN_6_N005,DAM,MCE,LMP_ENE_PRC,URBAN_6_N005,ALL,1,40.32467,139
2017-09-07T10:00:00-00:00,2017-09-07T11:00:00-00:00,2017-09-07,4,0,URBAN_6_N005,URBAN_6_N005,URBAN_6_N005,DAM,MCE,LMP_ENE_PRC,URBAN_6_N005,ALL,1,28.03937,139
2017-09-07T07:00:00-00:00,2017-09-07T08:00:00-00:00,2017-09-07,1,0,URBAN_6_N005,URBAN_6_N005,URBAN_6_N005,DAM,MCE,LMP_ENE_PRC,URBAN_6_N005,ALL,1,34.08076,139
2017-09-07T19:00:00-00:00,2017-09-07T20:00:00-00:00,2017-09-07,13,0,URBAN_6_N005,URBAN_6_N005,URBAN_6_N005,DAM,MCE,LMP_ENE_PRC,URBAN_6_N005,ALL,1,36.71997,139
2017-09-07T16:00:00-00:00,2017-09-07T17:00:00-00:00,2017-09-07,10,0,URBAN_6_N005,URBAN_6_N005,URBAN_6_N005,DAM,MCE,LMP_ENE_PRC,URBAN_6_N005,ALL,1,33.11606,139
2017-09-07T13:00:00-00:00,2017-09-07T14:00:00-00:00,2017-09-07,7,0,URBAN_6_N005,URBAN_6_N005,URBAN_6_N005,DAM,MCE,LMP_ENE_PRC,URBAN_6_N005,ALL,1,40.48542,139
2017-09-08T05:00:00-00:00,2017-09-08T06:00:00-00:00,2017-09-07,23,0,URBAN_6_N005,URBAN_6_N005,URBAN_6_N005,DAM,MCE,LMP_ENE_PRC,URBAN_6_N005,ALL,1,39.90525,139
2017-09-07T17:00:00-00:00,2017-09-07T18:00:00-00:00,2017-09-07,11,0,URBAN_6_N005,URBAN_6_N005,URBAN_6_N005,DAM,MCE,LMP_ENE_PRC,URBAN_6_N005,ALL,1,35.36217,139
2017-09-08T03:00:00-00:00,2017-09-08T04:00:00-00:00,2017-09-07,21,0,URBAN_6_N005,URBAN_6_N005,URBAN_6_N005,DAM,MCE,LMP_ENE_PRC,URBAN_6_N005,ALL,1,51.94096,139
2017-09-08T00:00:00-00:00,2017-09-08T01:00:00-00:00,2017-09-07,18,0,URBAN_6_N005,URBAN_6_N005,URBAN_6_N005,DAM,MCE,LMP_ENE_PRC,URBAN_6_N005,ALL,1,52.70228,139
2017-09-07T15:00:00-00:00,2017-09-07T16:00:00-00:00,2017-09-07,9,0,URBAN_6_N005,URBAN_6_N005,URBAN_6_N005,DAM,MCE,LMP_ENE_PRC,URBAN_6_N005,ALL,1,35.38615,139
2017-09-07T14:00:00-00:00,2017-09-07T15:00:00-00:00,2017-09-07,8,0,URBAN_6_N005,URBAN_6_N005,URBAN_6_N005,DAM,MCE,LMP_ENE_PRC,URBAN_6_N005,ALL,1,42.11042,139
2017-09-08T06:00:00-00:00,2017-09-08T07:00:00-00:00,2017-09-07,24,0,URBAN_6_N005,URBAN_6_N005,URBAN_6_N005,DAM,MCE,LMP_ENE_PRC,URBAN_6_N005,ALL,1,35.29781,139
2017-09-08T04:00:00-00:00,2017-09-08T05:00:00-00:00,2017-09-07,22,0,URBAN_6_N005,URBAN_6_N005,URBAN_6_N005,DAM,MCE,LMP_ENE_PRC,URBAN_6_N005,ALL,1,44.53877,139
2017-09-07T09:00:00-00:00,2017-09-07T10:00:00-00:00,2017-09-07,3,0,URBAN_6_N005,URBAN_6_N005,URBAN_6_N005,DAM,MCE,LMP_ENE_PRC,URBAN_6_N005,ALL,1,29.0227,139
2017-09-07T22:00:00-00:00,2017-09-07T23:00:00-00:00,2017-09-07,16,0,URBAN_6_N005,URBAN_6_N005,URBAN_6_N005,DAM,MCE,LMP_ENE_PRC,URBAN_6_N005,ALL,1,45.23732,139
2017-09-07T08:00:00-00:00,2017-09-07T09:00:00-00:00,2017-09-07,2,0,URBAN_6_N005,URBAN_6_N005,URBAN_6_N005,DAM,MCE,LMP_ENE_PRC,URBAN_6_N005,ALL,1,31.23355,139
2017-09-07T23:00:00-00:00,2017-09-08T00:00:00-00:00,2017-09-07,17,0,URBAN_6_N005,URBAN_6_N005,URBAN_6_N005,DAM,MCE,LMP_ENE_PRC,URBAN_6_N005,ALL,1,47.55691,139
2017-09-07T20:00:00-00:00,2017-09-07T21:00:00-00:00,2017-09-07,14,0,URBAN_6_N005,URBAN_6_N005,URBAN_6_N005,DAM,MCE,LMP_ENE_PRC,URBAN_6_N005,ALL,1,38.69444,139
2017-09-07T18:00:00-00:00,2017-09-07T19:00:00-00:00,2017-09-07,12,0,URBAN_6_N005,URBAN_6_N005,URBAN_6_N005,DAM,MCE,LMP_ENE_PRC,URBAN_6_N005,ALL,1,36.39139,139
2017-09-07T16:00:00-00:00,2017-09-07T17:00:00-00:00,2017-09-07,10,0,URBAN_6_N005,URBAN_6_N005,URBAN_6_N005,DAM,MCL,LMP_LOSS_PRC,URBAN_6_N005,ALL,1,-0.62589,140
2017-09-08T00:00:00-00:00,2017-09-08T01:00:00-00:00,2017-09-07,18,0,URBAN_6_N005,URBAN_6_N005,URBAN_6_N005,DAM,MCL,LMP_LOSS_PRC,URBAN_6_N005,ALL,1,0.63243,140
2017-09-08T02:00:00-00:00,2017-09-08T03:00:00-00:00,2017-09-07,20,0,URBAN_6_N005,URBAN_6_N005,URBAN_6_N005,DAM,MCL,LMP_LOSS_PRC,URBAN_6_N005,ALL,1,0.44943,140
2017-09-07T12:00:00-00:00,2017-09-07T13:00:00-00:00,2017-09-07,6,0,URBAN_6_N005,URBAN_6_N005,URBAN_6_N005,DAM,MCL,LMP_LOSS_PRC,URBAN_6_N005,ALL,1,-0.45116,140
2017-09-08T01:00:00-00:00,2017-09-08T02:00:00-00:00,2017-09-07,19,0,URBAN_6_N005,URBAN_6_N005,URBAN_6_N005,DAM,MCL,LMP_LOSS_PRC,URBAN_6_N005,ALL,1,0.32367,140
2017-09-07T22:00:00-00:00,2017-09-07T23:00:00-00:00,2017-09-07,16,0,URBAN_6_N005,URBAN_6_N005,URBAN_6_N005,DAM,MCL,LMP_LOSS_PRC,URBAN_6_N005,ALL,1,-0.11762,140
2017-09-08T06:00:00-00:00,2017-09-08T07:00:00-00:00,2017-09-07,24,0,URBAN_6_N005,URBAN_6_N005,URBAN_6_N005,DAM,MCL,LMP_LOSS_PRC,URBAN_6_N005,ALL,1,-0.61771,140
2017-09-08T05:00:00-00:00,2017-09-08T06:00:00-00:00,2017-09-07,23,0,URBAN_6_N005,URBAN_6_N005,URBAN_6_N005,DAM,MCL,LMP_LOSS_PRC,URBAN_6_N005,ALL,1,-0.39107,140
2017-09-07T10:00:00-00:00,2017-09-07T11:00:00-00:00,2017-09-07,4,0,URBAN_6_N005,URBAN_6_N005,URBAN_6_N005,DAM,MCL,LMP_LOSS_PRC,URBAN_6_N005,ALL,1,-0.41779,140
2017-09-07T09:00:00-00:00,2017-09-07T10:00:00-00:00,2017-09-07,3,0,URBAN_6_N005,URBAN_6_N005,URBAN_6_N005,DAM,MCL,LMP_LOSS_PRC,URBAN_6_N005,ALL,1,-0.28732,140
2017-09-07T08:00:00-00:00,2017-09-07T09:00:00-00:00,2017-09-07,2,0,URBAN_6_N005,URBAN_6_N005,URBAN_6_N005,DAM,MCL,LMP_LOSS_PRC,URBAN_6_N005,ALL,1,-0.50598,140
2017-09-07T19:00:00-00:00,2017-09-07T20:00:00-00:00,2017-09-07,13,0,URBAN_6_N005,URBAN_6_N005,URBAN_6_N005,DAM,MCL,LMP_LOSS_PRC,URBAN_6_N005,ALL,1,-0.23134,140
2017-09-08T03:00:00-00:00,2017-09-08T04:00:00-00:00,2017-09-07,21,0,URBAN_6_N005,URBAN_6_N005,URBAN_6_N005,DAM,MCL,LMP_LOSS_PRC,URBAN_6_N005,ALL,1,0.59213,140
2017-09-07T15:00:00-00:00,2017-09-07T16:00:00-00:00,2017-09-07,9,0,URBAN_6_N005,URBAN_6_N005,URBAN_6_N005,DAM,MCL,LMP_LOSS_PRC,URBAN_6_N005,ALL,1,-0.78557,140
2017-09-07T21:00:00-00:00,2017-09-07T22:00:00-00:00,2017-09-07,15,0,URBAN_6_N005,URBAN_6_N005,URBAN_6_N005,DAM,MCL,LMP_LOSS_PRC,URBAN_6_N005,ALL,1,-0.26614,140
2017-09-07T18:00:00-00:00,2017-09-07T19:00:00-00:00,2017-09-07,12,0,URBAN_6_N005,URBAN_6_N005,URBAN_6_N005,DAM,MCL,LMP_LOSS_PRC,URBAN_6_N005,ALL,1,-0.32752,140
2017-09-07T13:00:00-00:00,2017-09-07T14:00:00-00:00,2017-09-07,7,0,URBAN_6_N005,URBAN_6_N005,URBAN_6_N005,DAM,MCL,LMP_LOSS_PRC,URBAN_6_N005,ALL,1,-0.11336,140
2017-09-07T11:00:00-00:00,2017-09-07T12:00:00-00:00,2017-09-07,5,0,URBAN_6_N005,URBAN_6_N005,URBAN_6_N005,DAM,MCL,LMP_LOSS_PRC,URBAN_6_N005,ALL,1,-0.24995,140
2017-09-07T07:00:00-00:00,2017-09-07T08:00:00-00:00,2017-09-07,1,0,URBAN_6_N005,URBAN_6_N005,URBAN_6_N005,DAM,MCL,LMP_LOSS_PRC,URBAN_6_N005,ALL,1,-0.55211,140
2017-09-07T14:00:00-00:00,2017-09-07T15:00:00-00:00,2017-09-07,8,0,URBAN_6_N005,URBAN_6_N005,URBAN_6_N005,DAM,MCL,LMP_LOSS_PRC,URBAN_6_N005,ALL,1,-0.69482,140
2017-09-08T04:00:00-00:00,2017-09-08T05:00:00-00:00,2017-09-07,22,0,URBAN_6_N005,URBAN_6_N005,URBAN_6_N005,DAM,MCL,LMP_LOSS_PRC,URBAN_6_N005,ALL,1,0.55228,140
2017-09-07T17:00:00-00:00,2017-09-07T18:00:00-00:00,2017-09-07,11,0,URBAN_6_N005,URBAN_6_N005,URBAN_6_N005,DAM,MCL,LMP_LOSS_PRC,URBAN_6_N005,ALL,1,-0.53751,140
2017-09-07T20:00:00-00:00,2017-09-07T21:00:00-00:00,2017-09-07,14,0,URBAN_6_N005,URBAN_6_N005,URBAN_6_N005,DAM,MCL,LMP_LOSS_PRC,URBAN_6_N005,ALL,1,-0.23217,140
2017-09-07T23:00:00-00:00,2017-09-08T00:00:00-00:00,2017-09-07,17,0,URBAN_6_N005,URBAN_6_N005,URBAN_6_N005,DAM,MCL,LMP_LOSS_PRC,URBAN_6_N005,ALL,1,0.05231,140
2017-09-08T13:00:00-00:00,2017-09-08T14:00:00-00:00,2017-09-08,7,0,BAYSHOR2_1_N001,BAYSHOR2_1_N001,BAYSHOR2_1_N001,DAM,LMP,LMP_PRC,BAYSHOR2_1_N001,ALL,1,40.02926,141
2017-09-08T14:00:00-00:00,2017-09-08T15:00:00-00:00,2017-09-08,8,0,BAYSHOR2_1_N001,BAYSHOR2_1_N001,BAYSHOR2_1_N001,DAM,LMP,LMP_PRC,BAYSHOR2_1_N001,ALL,1,42.01513,141
2017-09-08T11:00:00-00:00,2017-09-08T12:00:00-00:00,2017-09-08,5,0,BAYSHOR2_1_N001,BAYSHOR2_1_N001,BAYSHOR2_1_N001,DAM,LMP,LMP_PRC,BAYSHOR2_1_N001,ALL,1,29.67852,141
2017-09-08T08:00:00-00:00,2017-09-08T09:00:00-00:00,2017-09-08,2,0,BAYSHOR2_1_N001,BAYSHOR2_1_N001,BAYSHOR2_1_N001,DAM,LMP,LMP_PRC,BAYSHOR2_1_N001,ALL,1,30.11722,141
2017-09-08T20:00:00-00:00,2017-09-08T21:00:00-00:00,2017-09-08,14,0,BAYSHOR2_1_N001,BAYSHOR2_1_N001,BAYSHOR2_1_N001,DAM,LMP,LMP_PRC,BAYSHOR2_1_N001,ALL,1,40.39495,141
2017-09-08T19:00:00-00:00,2017-09-08T20:00:00-00:00,2017-09-08,13,0,BAYSHOR2_1_N001,BAYSHOR2_1_N001,BAYSHOR2_1_N001,DAM,LMP,LMP_PRC,BAYSHOR2_1_N001,ALL,1,37.31175,141
2017-09-08T17:00:00-00:00,2017-09-08T18:00:00-00:00,2017-09-08,11,0,BAYSHOR2_1_N001,BAYSHOR2_1_N001,BAYSHOR2_1_N001,DAM,LMP,LMP_PRC,BAYSHOR2_1_N001,ALL,1,35.33961,141
2017-09-08T18:00:00-00:00,2017-09-08T19:00:00-00:00,2017-09-08,12,0,BAYSHOR2_1_N001,BAYSHOR2_1_N001,BAYSHOR2_1_N001,DAM,LMP,LMP_PRC,BAYSHOR2_1_N001,ALL,1,37.27248,141
2017-09-08T21:00:00-00:00,2017-09-08T22:00:00-00:00,2017-09-08,15,0,BAYSHOR2_1_N001,BAYSHOR2_1_N001,BAYSHOR2_1_N001,DAM,LMP,LMP_PRC,BAYSHOR2_1_N001,ALL,1,41.35315,141
2017-09-08T16:00:00-00:00,2017-09-08T17:00:00-00:00,2017-09-08,10,0,BAYSHOR2_1_N001,BAYSHOR2_1_N001,BAYSHOR2_1_N001,DAM,LMP,LMP_PRC,BAYSHOR2_1_N001,ALL,1,33.03556,141
2017-09-09T05:00:00-00:00,2017-09-09T06:00:00-00:00,2017-09-08,23,0,BAYSHOR2_1_N001,BAYSHOR2_1_N001,BAYSHOR2_1_N001,DAM,LMP,LMP_PRC,BAYSHOR2_1_N001,ALL,1,38.15858,141
2017-09-09T03:00:00-00:00,2017-09-09T04:00:00-00:00,2017-09-08,21,0,BAYSHOR2_1_N001,BAYSHOR2_1_N001,BAYSHOR2_1_N001,DAM,LMP,LMP_PRC,BAYSHOR2_1_N001,ALL,1,50.63213,141
2017-09-09T01:00:00-00:00,2017-09-09T02:00:00-00:00,2017-09-08,19,0,BAYSHOR2_1_N001,BAYSHOR2_1_N001,BAYSHOR2_1_N001,DAM,LMP,LMP_PRC,BAYSHOR2_1_N001,ALL,1,61.19216,141
2017-09-08T15:00:00-00:00,2017-09-08T16:00:00-00:00,2017-09-08,9,0,BAYSHOR2_1_N001,BAYSHOR2_1_N001,BAYSHOR2_1_N001,DAM,LMP,LMP_PRC,BAYSHOR2_1_N001,ALL,1,33.07626,141
2017-09-09T00:00:00-00:00,2017-09-09T01:00:00-00:00,2017-09-08,18,0,BAYSHOR2_1_N001,BAYSHOR2_1_N001,BAYSHOR2_1_N001,DAM,LMP,LMP_PRC,BAYSHOR2_1_N001,ALL,1,52.06112,141
2017-09-08T09:00:00-00:00,2017-09-08T10:00:00-00:00,2017-09-08,3,0,BAYSHOR2_1_N001,BAYSHOR2_1_N001,BAYSHOR2_1_N001,DAM,LMP,LMP_PRC,BAYSHOR2_1_N001,ALL,1,29.04132,141
2017-09-08T12:00:00-00:00,2017-09-08T13:00:00-00:00,2017-09-08,6,0,BAYSHOR2_1_N001,BAYSHOR2_1_N001,BAYSHOR2_1_N001,DAM,LMP,LMP_PRC,BAYSHOR2_1_N001,ALL,1,33.82173,141
2017-09-08T10:00:00-00:00,2017-09-08T11:00:00-00:00,2017-09-08,4,0,BAYSHOR2_1_N001,BAYSHOR2_1_N001,BAYSHOR2_1_N001,DAM,LMP,LMP_PRC,BAYSHOR2_1_N001,ALL,1,28.60187,141
2017-09-08T07:00:00-00:00,2017-09-08T08:00:00-00:00,2017-09-08,1,0,BAYSHOR2_1_N001,BAYSHOR2_1_N001,BAYSHOR2_1_N001,DAM,LMP,LMP_PRC,BAYSHOR2_1_N001,ALL,1,33.36787,141
2017-09-09T06:00:00-00:00,2017-09-09T07:00:00-00:00,2017-09-08,24,0,BAYSHOR2_1_N001,BAYSHOR2_1_N001,BAYSHOR2_1_N001,DAM,LMP,LMP_PRC,BAYSHOR2_1_N001,ALL,1,33.61586,141
2017-09-09T04:00:00-00:00,2017-09-09T05:00:00-00:00,2017-09-08,22,0,BAYSHOR2_1_N001,BAYSHOR2_1_N001,BAYSHOR2_1_N001,DAM,LMP,LMP_PRC,BAYSHOR2_1_N001,ALL,1,44.44049,141
2017-09-09T02:00:00-00:00,2017-09-09T03:00:00-00:00,2017-09-08,20,0,BAYSHOR2_1_N001,BAYSHOR2_1_N001,BAYSHOR2_1_N001,DAM,LMP,LMP_PRC,BAYSHOR2_1_N001,ALL,1,54.31048,141
2017-09-08T22:00:00-00:00,2017-09-08T23:00:00-00:00,2017-09-08,16,0,BAYSHOR2_1_N001,BAYSHOR2_1_N001,BAYSHOR2_1_N001,DAM,LMP,LMP_PRC,BAYSHOR2_1_N001,ALL,1,42.48112,141
2017-09-08T23:00:00-00:00,2017-09-09T00:00:00-00:00,2017-09-08,17,0,BAYSHOR2_1_N001,BAYSHOR2_1_N001,BAYSHOR2_1_N001,DAM,LMP,LMP_PRC,BAYSHOR2_1_N001,ALL,1,48.69421,141
2017-09-09T06:00:00-00:00,2017-09-09T07:00:00-00:00,2017-09-08,24,0,BAYSHOR2_1_N001,BAYSHOR2_1_N001,BAYSHOR2_1_N001,DAM,MCC,LMP_CONG_PRC,BAYSHOR2_1_N001,ALL,1,-0.31783,142
2017-09-08T23:00:00-00:00,2017-09-09T00:00:00-00:00,2017-09-08,17,0,BAYSHOR2_1_N001,BAYSHOR2_1_N001,BAYSHOR2_1_N001,DAM,MCC,LMP_CONG_PRC,BAYSHOR2_1_N001,ALL,1,3.00325,142
2017-09-08T22:00:00-00:00,2017-09-08T23:00:00-00:00,2017-09-08,16,0,BAYSHOR2_1_N001,BAYSHOR2_1_N001,BAYSHOR2_1_N001,DAM,MCC,LMP_CONG_PRC,BAYSHOR2_1_N001,ALL,1,3.18326,142
2017-09-08T21:00:00-00:00,2017-09-08T22:00:00-00:00,2017-09-08,15,0,BAYSHOR2_1_N001,BAYSHOR2_1_N001,BAYSHOR2_1_N001,DAM,MCC,LMP_CONG_PRC,BAYSHOR2_1_N001,ALL,1,3.80746,142
2017-09-08T17:00:00-00:00,2017-09-08T18:00:00-00:00,2017-09-08,11,0,BAYSHOR2_1_N001,BAYSHOR2_1_N001,BAYSHOR2_1_N001,DAM,MCC,LMP_CONG_PRC,BAYSHOR2_1_N001,ALL,1,3.07328,142
2017-09-08T16:00:00-00:00,2017-09-08T17:00:00-00:00,2017-09-08,10,0,BAYSHOR2_1_N001,BAYSHOR2_1_N001,BAYSHOR2_1_N001,DAM,MCC,LMP_CONG_PRC,BAYSHOR2_1_N001,ALL,1,2.6436,142
2017-09-08T11:00:00-00:00,2017-09-08T12:00:00-00:00,2017-09-08,5,0,BAYSHOR2_1_N001,BAYSHOR2_1_N001,BAYSHOR2_1_N001,DAM,MCC,LMP_CONG_PRC,BAYSHOR2_1_N001,ALL,1,0,142
2017-09-08T10:00:00-00:00,2017-09-08T11:00:00-00:00,2017-09-08,4,0,BAYSHOR2_1_N001,BAYSHOR2_1_N001,BAYSHOR2_1_N001,DAM,MCC,LMP_CONG_PRC,BAYSHOR2_1_N001,ALL,1,-0.0811,142
2017-09-09T00:00:00-00:00,2017-09-09T01:00:00-00:00,2017-09-08,18,0,BAYSHOR2_1_N001,BAYSHOR2_1_N001,BAYSHOR2_1_N001,DAM,MCC,LMP_CONG_PRC,BAYSHOR2_1_N001,ALL,1,0,142
2017-09-08T13:00:00-00:00,2017-09-08T14:00:00-00:00,2017-09-08,7,0,BAYSHOR2_1_N001,BAYSHOR2_1_N001,BAYSHOR2_1_N001,DAM,MCC,LMP_CONG_PRC,BAYSHOR2_1_N001,ALL,1,0,142
2017-09-08T14:00:00-00:00,2017-09-08T15:00:00-00:00,2017-09-08,8,0,BAYSHOR2_1_N001,BAYSHOR2_1_N001,BAYSHOR2_1_N001,DAM,MCC,LMP_CONG_PRC,BAYSHOR2_1_N001,ALL,1,0.16097,142
2017-09-08T09:00:00-00:00,2017-09-08T10:00:00-00:00,2017-09-08,3,0,BAYSHOR2_1_N001,BAYSHOR2_1_N001,BAYSHOR2_1_N001,DAM,MCC,LMP_CONG_PRC,BAYSHOR2_1_N001,ALL,1,0,142
2017-09-08T18:00:00-00:00,2017-09-08T19:00:00-00:00,2017-09-08,12,0,BAYSHOR2_1_N001,BAYSHOR2_1_N001,BAYSHOR2_1_N001,DAM,MCC,LMP_CONG_PRC,BAYSHOR2_1_N001,ALL,1,4.21454,142
2017-09-09T05:00:00-00:00,2017-09-09T06:00:00-00:00,2017-09-08,23,0,BAYSHOR2_1_N001,BAYSHOR2_1_N001,BAYSHOR2_1_N001,DAM,MCC,LMP_CONG_PRC,BAYSHOR2_1_N001,ALL,1,-0.30895,142
2017-09-09T01:00:00-00:00,2017-09-09T02:00:00-00:00,2017-09-08,19,0,BAYSHOR2_1_N001,BAYSHOR2_1_N001,BAYSHOR2_1_N001,DAM,MCC,LMP_CONG_PRC,BAYSHOR2_1_N001,ALL,1,0,142
2017-09-08T12:00:00-00:00,2017-09-08T13:00:00-00:00,2017-09-08,6,0,BAYSHOR2_1_N001,BAYSHOR2_1_N001,BAYSHOR2_1_N001,DAM,MCC,LMP_CONG_PRC,BAYSHOR2_1_N001,ALL,1,0,142
2017-09-08T19:00:00-00:00,2017-09-08T20:00:00-00:00,2017-09-08,13,0,BAYSHOR2_1_N001,BAYSHOR2_1_N001,BAYSHOR2_1_N001,DAM,MCC,LMP_CONG_PRC,BAYSHOR2_1_N001,ALL,1,2.48151,142
2017-09-09T03:00:00-00:00,2017-09-09T04:00:00-00:00,2017-09-08,21,0,BAYSHOR2_1_N001,BAYSHOR2_1_N001,BAYSHOR2_1_N001,DAM,MCC,LMP_CONG_PRC,BAYSHOR2_1_N001,ALL,1,0,142
2017-09-09T02:00:00-00:00,2017-09-09T03:00:00-00:00,2017-09-08,20,0,BAYSHOR2_1_N001,BAYSHOR2_1_N001,BAYSHOR2_1_N001,DAM,MCC,LMP_CONG_PRC,BAYSHOR2_1_N001,ALL,1,0,142
2017-09-08T08:00:00-00:00,2017-09-08T09:00:00-00:00,2017-09-08,2,0,BAYSHOR2_1_N001,BAYSHOR2_1_N001,BAYSHOR2_1_N001,DAM,MCC,LMP_CONG_PRC,BAYSHOR2_1_N001,ALL,1,-0.1497,142
2017-09-08T07:00:00-00:00,2017-09-08T08:00:00-00:00,2017-09-08,1,0,BAYSHOR2_1_N001,BAYSHOR2_1_N001,BAYSHOR2_1_N001,DAM,MCC,LMP_CONG_PRC,BAYSHOR2_1_N001,ALL,1,0,142
2017-09-08T20:00:00-00:00,2017-09-08T21:00:00-00:00,2017-09-08,14,0,BAYSHOR2_1_N001,BAYSHOR2_1_N001,BAYSHOR2_1_N001,DAM,MCC,LMP_CONG_PRC,BAYSHOR2_1_N001,ALL,1,3.29027,142
2017-09-08T15:00:00-00:00,2017-09-08T16:00:00-00:00,2017-09-08,9,0,BAYSHOR2_1_N001,BAYSHOR2_1_N001,BAYSHOR2_1_N001,DAM,MCC,LMP_CONG_PRC,BAYSHOR2_1_N001,ALL,1,0,142
2017-09-09T04:00:00-00:00,2017-09-09T05:00:00-00:00,2017-09-08,22,0,BAYSHOR2_1_N001,BAYSHOR2_1_N001,BAYSHOR2_1_N001,DAM,MCC,LMP_CONG_PRC,BAYSHOR2_1_N001,ALL,1,0,142
2017-09-08T21:00:00-00:00,2017-09-08T22:00:00-00:00,2017-09-08,15,0,BAYSHOR2_1_N001,BAYSHOR2_1_N001,BAYSHOR2_1_N001,DAM,MCE,LMP_ENE_PRC,BAYSHOR2_1_N001,ALL,1,37.08949,143
2017-09-08T11:00:00-00:00,2017-09-08T12:00:00-00:00,2017-09-08,5,0,BAYSHOR2_1_N001,BAYSHOR2_1_N001,BAYSHOR2_1_N001,DAM,MCE,LMP_ENE_PRC,BAYSHOR2_1_N001,ALL,1,28.74433,143
2017-09-09T00:00:00-00:00,2017-09-09T01:00:00-00:00,2017-09-08,18,0,BAYSHOR2_1_N001,BAYSHOR2_1_N001,BAYSHOR2_1_N001,DAM,MCE,LMP_ENE_PRC,BAYSHOR2_1_N001,ALL,1,51.17578,143
2017-09-09T02:00:00-00:00,2017-09-09T03:00:00-00:00,2017-09-08,20,0,BAYSHOR2_1_N001,BAYSHOR2_1_N001,BAYSHOR2_1_N001,DAM,MCE,LMP_ENE_PRC,BAYSHOR2_1_N001,ALL,1,53.86876,143
2017-09-09T04:00:00-00:00,2017-09-09T05:00:00-00:00,2017-09-08,22,0,BAYSHOR2_1_N001,BAYSHOR2_1_N001,BAYSHOR2_1_N001,DAM,MCE,LMP_ENE_PRC,BAYSHOR2_1_N001,ALL,1,44.26343,143
2017-09-08T16:00:00-00:00,2017-09-08T17:00:00-00:00,2017-09-08,10,0,BAYSHOR2_1_N001,BAYSHOR2_1_N001,BAYSHOR2_1_N001,DAM,MCE,LMP_ENE_PRC,BAYSHOR2_1_N001,ALL,1,29.14457,143
2017-09-09T01:00:00-00:00,2017-09-09T02:00:00-00:00,2017-09-08,19,0,BAYSHOR2_1_N001,BAYSHOR2_1_N001,BAYSHOR2_1_N001,DAM,MCE,LMP_ENE_PRC,BAYSHOR2_1_N001,ALL,1,60.75472,143
2017-09-09T06:00:00-00:00,2017-09-09T07:00:00-00:00,2017-09-08,24,0,BAYSHOR2_1_N001,BAYSHOR2_1_N001,BAYSHOR2_1_N001,DAM,MCE,LMP_ENE_PRC,BAYSHOR2_1_N001,ALL,1,32.81789,143
2017-09-08T15:00:00-00:00,2017-09-08T16:00:00-00:00,2017-09-08,9,0,BAYSHOR2_1_N001,BAYSHOR2_1_N001,BAYSHOR2_1_N001,DAM,MCE,LMP_ENE_PRC,BAYSHOR2_1_N001,ALL,1,31.68831,143
2017-09-08T14:00:00-00:00,2017-09-08T15:00:00-00:00,2017-09-08,8,0,BAYSHOR2_1_N001,BAYSHOR2_1_N001,BAYSHOR2_1_N001,DAM,MCE,LMP_ENE_PRC,BAYSHOR2_1_N001,ALL,1,40.16328,143
2017-09-08T19:00:00-00:00,2017-09-08T20:00:00-00:00,2017-09-08,13,0,BAYSHOR2_1_N001,BAYSHOR2_1_N001,BAYSHOR2_1_N001,DAM,MCE,LMP_ENE_PRC,BAYSHOR2_1_N001,ALL,1,33.96747,143
2017-09-08T22:00:00-00:00,2017-09-08T23:00:00-00:00,2017-09-08,16,0,BAYSHOR2_1_N001,BAYSHOR2_1_N001,BAYSHOR2_1_N001,DAM,MCE,LMP_ENE_PRC,BAYSHOR2_1_N001,ALL,1,38.92804,143
2017-09-09T05:00:00-00:00,2017-09-09T06:00:00-00:00,2017-09-08,23,0,BAYSHOR2_1_N001,BAYSHOR2_1_N001,BAYSHOR2_1_N001,DAM,MCE,LMP_ENE_PRC,BAYSHOR2_1_N001,ALL,1,37.58429,143
2017-09-08T20:00:00-00:00,2017-09-08T21:00:00-00:00,2017-09-08,14,0,BAYSHOR2_1_N001,BAYSHOR2_1_N001,BAYSHOR2_1_N001,DAM,MCE,LMP_ENE_PRC,BAYSHOR2_1_N001,ALL,1,36.44503,143
2017-09-08T07:00:00-00:00,2017-09-08T08:00:00-00:00,2017-09-08,1,0,BAYSHOR2_1_N001,BAYSHOR2_1_N001,BAYSHOR2_1_N001,DAM,MCE,LMP_ENE_PRC,BAYSHOR2_1_N001,ALL,1,32.06907,143
2017-09-08T08:00:00-00:00,2017-09-08T09:00:00-00:00,2017-09-08,2,0,BAYSHOR2_1_N001,BAYSHOR2_1_N001,BAYSHOR2_1_N001,DAM,MCE,LMP_ENE_PRC,BAYSHOR2_1_N001,ALL,1,29.36826,143
2017-09-08T09:00:00-00:00,2017-09-08T10:00:00-00:00,2017-09-08,3,0,BAYSHOR2_1_N001,BAYSHOR2_1_N001,BAYSHOR2_1_N001,DAM,MCE,LMP_ENE_PRC,BAYSHOR2_1_N001,ALL,1,28.0891,143
2017-09-08T13:00:00-00:00,2017-09-08T14:00:00-00:00,2017-09-08,7,0,BAYSHOR2_1_N001,BAYSHOR2_1_N001,BAYSHOR2_1_N001,DAM,MCE,LMP_ENE_PRC,BAYSHOR2_1_N001,ALL,1,38.86713,143
2017-09-08T17:00:00-00:00,2017-09-08T18:00:00-00:00,2017-09-08,11,0,BAYSHOR2_1_N001,BAYSHOR2_1_N001,BAYSHOR2_1_N001,DAM,MCE,LMP_ENE_PRC,BAYSHOR2_1_N001,ALL,1,30.98659,143
2017-09-08T18:00:00-00:00,2017-09-08T19:00:00-00:00,2017-09-08,12,0,BAYSHOR2_1_N001,BAYSHOR2_1_N001,BAYSHOR2_1_N001,DAM,MCE,LMP_ENE_PRC,BAYSHOR2_1_N001,ALL,1,31.90305,143
2017-09-08T23:00:00-00:00,2017-09-09T00:00:00-00:00,2017-09-08,17,0,BAYSHOR2_1_N001,BAYSHOR2_1_N001,BAYSHOR2_1_N001,DAM,MCE,LMP_ENE_PRC,BAYSHOR2_1_N001,ALL,1,45.2565,143
2017-09-08T10:00:00-00:00,2017-09-08T11:00:00-00:00,2017-09-08,4,0,BAYSHOR2_1_N001,BAYSHOR2_1_N001,BAYSHOR2_1_N001,DAM,MCE,LMP_ENE_PRC,BAYSHOR2_1_N001,ALL,1,27.8963,143
2017-09-08T12:00:00-00:00,2017-09-08T13:00:00-00:00,2017-09-08,6,0,BAYSHOR2_1_N001,BAYSHOR2_1_N001,BAYSHOR2_1_N001,DAM,MCE,LMP_ENE_PRC,BAYSHOR2_1_N001,ALL,1,32.80478,143
2017-09-09T03:00:00-00:00,2017-09-09T04:00:00-00:00,2017-09-08,21,0,BAYSHOR2_1_N001,BAYSHOR2_1_N001,BAYSHOR2_1_N001,DAM,MCE,LMP_ENE_PRC,BAYSHOR2_1_N001,ALL,1,50.42539,143
2017-09-08T22:00:00-00:00,2017-09-08T23:00:00-00:00,2017-09-08,16,0,BAYSHOR2_1_N001,BAYSHOR2_1_N001,BAYSHOR2_1_N001,DAM,MCL,LMP_LOSS_PRC,BAYSHOR2_1_N001,ALL,1,0.36982,144
2017-09-08T21:00:00-00:00,2017-09-08T22:00:00-00:00,2017-09-08,15,0,BAYSHOR2_1_N001,BAYSHOR2_1_N001,BAYSHOR2_1_N001,DAM,MCL,LMP_LOSS_PRC,BAYSHOR2_1_N001,ALL,1,0.4562,144
2017-09-09T02:00:00-00:00,2017-09-09T03:00:00-00:00,2017-09-08,20,0,BAYSHOR2_1_N001,BAYSHOR2_1_N001,BAYSHOR2_1_N001,DAM,MCL,LMP_LOSS_PRC,BAYSHOR2_1_N001,ALL,1,0.44172,144
2017-09-09T04:00:00-00:00,2017-09-09T05:00:00-00:00,2017-09-08,22,0,BAYSHOR2_1_N001,BAYSHOR2_1_N001,BAYSHOR2_1_N001,DAM,MCL,LMP_LOSS_PRC,BAYSHOR2_1_N001,ALL,1,0.17705,144
2017-09-08T08:00:00-00:00,2017-09-08T09:00:00-00:00,2017-09-08,2,0,BAYSHOR2_1_N001,BAYSHOR2_1_N001,BAYSHOR2_1_N001,DAM,MCL,LMP_LOSS_PRC,BAYSHOR2_1_N001,ALL,1,0.89867,144
2017-09-08T11:00:00-00:00,2017-09-08T12:00:00-00:00,2017-09-08,5,0,BAYSHOR2_1_N001,BAYSHOR2_1_N001,BAYSHOR2_1_N001,DAM,MCL,LMP_LOSS_PRC,BAYSHOR2_1_N001,ALL,1,0.93419,144
2017-09-09T06:00:00-00:00,2017-09-09T07:00:00-00:00,2017-09-08,24,0,BAYSHOR2_1_N001,BAYSHOR2_1_N001,BAYSHOR2_1_N001,DAM,MCL,LMP_LOSS_PRC,BAYSHOR2_1_N001,ALL,1,1.11581,144
2017-09-08T17:00:00-00:00,2017-09-08T18:00:00-00:00,2017-09-08,11,0,BAYSHOR2_1_N001,BAYSHOR2_1_N001,BAYSHOR2_1_N001,DAM,MCL,LMP_LOSS_PRC,BAYSHOR2_1_N001,ALL,1,1.27975,144
2017-09-08T23:00:00-00:00,2017-09-09T00:00:00-00:00,2017-09-08,17,0,BAYSHOR2_1_N001,BAYSHOR2_1_N001,BAYSHOR2_1_N001,DAM,MCL,LMP_LOSS_PRC,BAYSHOR2_1_N001,ALL,1,0.43446,144
2017-09-08T15:00:00-00:00,2017-09-08T16:00:00-00:00,2017-09-08,9,0,BAYSHOR2_1_N001,BAYSHOR2_1_N001,BAYSHOR2_1_N001,DAM,MCL,LMP_LOSS_PRC,BAYSHOR2_1_N001,ALL,1,1.38795,144
2017-09-08T09:00:00-00:00,2017-09-08T10:00:00-00:00,2017-09-08,3,0,BAYSHOR2_1_N001,BAYSHOR2_1_N001,BAYSHOR2_1_N001,DAM,MCL,LMP_LOSS_PRC,BAYSHOR2_1_N001,ALL,1,0.95222,144
2017-09-09T00:00:00-00:00,2017-09-09T01:00:00-00:00,2017-09-08,18,0,BAYSHOR2_1_N001,BAYSHOR2_1_N001,BAYSHOR2_1_N001,DAM,MCL,LMP_LOSS_PRC,BAYSHOR2_1_N001,ALL,1,0.88534,144
2017-09-08T19:00:00-00:00,2017-09-08T20:00:00-00:00,2017-09-08,13,0,BAYSHOR2_1_N001,BAYSHOR2_1_N001,BAYSHOR2_1_N001,DAM,MCL,LMP_LOSS_PRC,BAYSHOR2_1_N001,ALL,1,0.86277,144
2017-09-08T12:00:00-00:00,2017-09-08T13:00:00-00:00,2017-09-08,6,0,BAYSHOR2_1_N001,BAYSHOR2_1_N001,BAYSHOR2_1_N001,DAM,MCL,LMP_LOSS_PRC,BAYSHOR2_1_N001,ALL,1,1.01695,144
2017-09-08T13:00:00-00:00,2017-09-08T14:00:00-00:00,2017-09-08,7,0,BAYSHOR2_1_N001,BAYSHOR2_1_N001,BAYSHOR2_1_N001,DAM,MCL,LMP_LOSS_PRC,BAYSHOR2_1_N001,ALL,1,1.16213,144
2017-09-08T18:00:00-00:00,2017-09-08T19:00:00-00:00,2017-09-08,12,0,BAYSHOR2_1_N001,BAYSHOR2_1_N001,BAYSHOR2_1_N001,DAM,MCL,LMP_LOSS_PRC,BAYSHOR2_1_N001,ALL,1,1.15489,144
2017-09-08T07:00:00-00:00,2017-09-08T08:00:00-00:00,2017-09-08,1,0,BAYSHOR2_1_N001,BAYSHOR2_1_N001,BAYSHOR2_1_N001,DAM,MCL,LMP_LOSS_PRC,BAYSHOR2_1_N001,ALL,1,1.2988,144
2017-09-08T10:00:00-00:00,2017-09-08T11:00:00-00:00,2017-09-08,4,0,BAYSHOR2_1_N001,BAYSHOR2_1_N001,BAYSHOR2_1_N001,DAM,MCL,LMP_LOSS_PRC,BAYSHOR2_1_N001,ALL,1,0.78668,144
2017-09-08T16:00:00-00:00,2017-09-08T17:00:00-00:00,2017-09-08,10,0,BAYSHOR2_1_N001,BAYSHOR2_1_N001,BAYSHOR2_1_N001,DAM,MCL,LMP_LOSS_PRC,BAYSHOR2_1_N001,ALL,1,1.24739,144
2017-09-08T20:00:00-00:00,2017-09-08T21:00:00-00:00,2017-09-08,14,0,BAYSHOR2_1_N001,BAYSHOR2_1_N001,BAYSHOR2_1_N001,DAM,MCL,LMP_LOSS_PRC,BAYSHOR2_1_N001,ALL,1,0.65965,144
2017-09-09T01:00:00-00:00,2017-09-09T02:00:00-00:00,2017-09-08,19,0,BAYSHOR2_1_N001,BAYSHOR2_1_N001,BAYSHOR2_1_N001,DAM,MCL,LMP_LOSS_PRC,BAYSHOR2_1_N001,ALL,1,0.43743,144
2017-09-09T03:00:00-00:00,2017-09-09T04:00:00-00:00,2017-09-08,21,0,BAYSHOR2_1_N001,BAYSHOR2_1_N001,BAYSHOR2_1_N001,DAM,MCL,LMP_LOSS_PRC,BAYSHOR2_1_N001,ALL,1,0.20674,144
2017-09-09T05:00:00-00:00,2017-09-09T06:00:00-00:00,2017-09-08,23,0,BAYSHOR2_1_N001,BAYSHOR2_1_N001,BAYSHOR2_1_N001,DAM,MCL,LMP_LOSS_PRC,BAYSHOR2_1_N001,ALL,1,0.88323,144
2017-09-08T14:00:00-00:00,2017-09-08T15:00:00-00:00,2017-09-08,8,0,BAYSHOR2_1_N001,BAYSHOR2_1_N001,BAYSHOR2_1_N001,DAM,MCL,LMP_LOSS_PRC,BAYSHOR2_1_N001,ALL,1,1.69087,144
2017-09-08T13:00:00-00:00,2017-09-08T14:00:00-00:00,2017-09-08,7,0,TH_NP15_GEN-APND,TH_NP15_GEN-APND,TH_NP15_GEN-APND,DAM,LMP,LMP_PRC,TH_NP15_GEN-APND,ALL_APNODES,0,38.33076,145
2017-09-08T10:00:00-00:00,2017-09-08T11:00:00-00:00,2017-09-08,4,0,TH_NP15_GEN-APND,TH_NP15_GEN-APND,TH_NP15_GEN-APND,DAM,LMP,LMP_PRC,TH_NP15_GEN-APND,ALL_APNODES,0,27.55039,145
2017-09-08T20:00:00-00:00,2017-09-08T21:00:00-00:00,2017-09-08,14,0,TH_NP15_GEN-APND,TH_NP15_GEN-APND,TH_NP15_GEN-APND,DAM,LMP,LMP_PRC,TH_NP15_GEN-APND,ALL_APNODES,0,36.19659,145
2017-09-08T18:00:00-00:00,2017-09-08T19:00:00-00:00,2017-09-08,12,0,TH_NP15_GEN-APND,TH_NP15_GEN-APND,TH_NP15_GEN-APND,DAM,LMP,LMP_PRC,TH_NP15_GEN-APND,ALL_APNODES,0,32.47085,145
2017-09-08T19:00:00-00:00,2017-09-08T20:00:00-00:00,2017-09-08,13,0,TH_NP15_GEN-APND,TH_NP15_GEN-APND,TH_NP15_GEN-APND,DAM,LMP,LMP_PRC,TH_NP15_GEN-APND,ALL_APNODES,0,33.59924,145
2017-09-08T22:00:00-00:00,2017-09-08T23:00:00-00:00,2017-09-08,16,0,TH_NP15_GEN-APND,TH_NP15_GEN-APND,TH_NP15_GEN-APND,DAM,LMP,LMP_PRC,TH_NP15_GEN-APND,ALL_APNODES,0,38.45331,145
2017-09-09T02:00:00-00:00,2017-09-09T03:00:00-00:00,2017-09-08,20,0,TH_NP15_GEN-APND,TH_NP15_GEN-APND,TH_NP15_GEN-APND,DAM,LMP,LMP_PRC,TH_NP15_GEN-APND,ALL_APNODES,0,51.36608,145
2017-09-08T14:00:00-00:00,2017-09-08T15:00:00-00:00,2017-09-08,8,0,TH_NP15_GEN-APND,TH_NP15_GEN-APND,TH_NP15_GEN-APND,DAM,LMP,LMP_PRC,TH_NP15_GEN-APND,ALL_APNODES,0,39.91295,145
2017-09-09T01:00:00-00:00,2017-09-09T02:00:00-00:00,2017-09-08,19,0,TH_NP15_GEN-APND,TH_NP15_GEN-APND,TH_NP15_GEN-APND,DAM,LMP,LMP_PRC,TH_NP15_GEN-APND,ALL_APNODES,0,58.02,145
2017-09-08T08:00:00-00:00,2017-09-08T09:00:00-00:00,2017-09-08,2,0,TH_NP15_GEN-APND,TH_NP15_GEN-APND,TH_NP15_GEN-APND,DAM,LMP,LMP_PRC,TH_NP15_GEN-APND,ALL_APNODES,0,29.04227,145
2017-09-09T05:00:00-00:00,2017-09-09T06:00:00-00:00,2017-09-08,23,0,TH_NP15_GEN-APND,TH_NP15_GEN-APND,TH_NP15_GEN-APND,DAM,LMP,LMP_PRC,TH_NP15_GEN-APND,ALL_APNODES,0,36.90402,145
2017-09-08T07:00:00-00:00,2017-09-08T08:00:00-00:00,2017-09-08,1,0,TH_NP15_GEN-APND,TH_NP15_GEN-APND,TH_NP15_GEN-APND,DAM,LMP,LMP_PRC,TH_NP15_GEN-APND,ALL_APNODES,0,31.78725,145
2017-09-09T06:00:00-00:00,2017-09-09T07:00:00-00:00,2017-09-08,24,0,TH_NP15_GEN-APND,TH_NP15_GEN-APND,TH_NP15_GEN-APND,DAM,LMP,LMP_PRC,TH_NP15_GEN-APND,ALL_APNODES,0,32.7621,145
2017-09-08T21:00:00-00:00,2017-09-08T22:00:00-00:00,2017-09-08,15,0,TH_NP15_GEN-APND,TH_NP15_GEN-APND,TH_NP15_GEN-APND,DAM,LMP,LMP_PRC,TH_NP15_GEN-APND,ALL_APNODES,0,36.85246,145
2017-09-08T09:00:00-00:00,2017-09-08T10:00:00-00:00,2017-09-08,3,0,TH_NP15_GEN-APND,TH_NP15_GEN-APND,TH_NP15_GEN-APND,DAM,LMP,LMP_PRC,TH_NP15_GEN-APND,ALL_APNODES,0,27.73025,145
2017-09-08T11:00:00-00:00,2017-09-08T12:00:00-00:00,2017-09-08,5,0,TH_NP15_GEN-APND,TH_NP15_GEN-APND,TH_NP15_GEN-APND,DAM,LMP,LMP_PRC,TH_NP15_GEN-APND,ALL_APNODES,0,28.33236,145
2017-09-08T16:00:00-00:00,2017-09-08T17:00:00-00:00,2017-09-08,10,0,TH_NP15_GEN-APND,TH_NP15_GEN-APND,TH_NP15_GEN-APND,DAM,LMP,LMP_PRC,TH_NP15_GEN-APND,ALL_APNODES,0,29.90196,145
2017-09-08T23:00:00-00:00,2017-09-09T00:00:00-00:00,2017-09-08,17,0,TH_NP15_GEN-APND,TH_NP15_GEN-APND,TH_NP15_GEN-APND,DAM,LMP,LMP_PRC,TH_NP15_GEN-APND,ALL_APNODES,0,44.58886,145
2017-09-08T12:00:00-00:00,2017-09-08T13:00:00-00:00,2017-09-08,6,0,TH_NP15_GEN-APND,TH_NP15_GEN-APND,TH_NP15_GEN-APND,DAM,LMP,LMP_PRC,TH_NP15_GEN-APND,ALL_APNODES,0,32.44393,145
2017-09-09T04:00:00-00:00,2017-09-09T05:00:00-00:00,2017-09-08,22,0,TH_NP15_GEN-APND,TH_NP15_GEN-APND,TH_NP15_GEN-APND,DAM,LMP,LMP_PRC,TH_NP15_GEN-APND,ALL_APNODES,0,42.46715,145
2017-09-08T15:00:00-00:00,2017-09-08T16:00:00-00:00,2017-09-08,9,0,TH_NP15_GEN-APND,TH_NP15_GEN-APND,TH_NP15_GEN-APND,DAM,LMP,LMP_PRC,TH_NP15_GEN-APND,ALL_APNODES,0,31.5774,145
2017-09-08T17:00:00-00:00,2017-09-08T18:00:00-00:00,2017-09-08,11,0,TH_NP15_GEN-APND,TH_NP15_GEN-APND,TH_NP15_GEN-APND,DAM,LMP,LMP_PRC,TH_NP15_GEN-APND,ALL_APNODES,0,31.50348,145
2017-09-09T00:00:00-00:00,2017-09-09T01:00:00-00:00,2017-09-08,18,0,TH_NP15_GEN-APND,TH_NP15_GEN-APND,TH_NP15_GEN-APND,DAM,LMP,LMP_PRC,TH_NP15_GEN-APND,ALL_APNODES,0,49.11237,145
2017-09-09T03:00:00-00:00,2017-09-09T04:00:00-00:00,2017-09-08,21,0,TH_NP15_GEN-APND,TH_NP15_GEN-APND,TH_NP15_GEN-APND,DAM,LMP,LMP_PRC,TH_NP15_GEN-APND,ALL_APNODES,0,48.08349,145
2017-09-08T11:00:00-00:00,2017-09-08T12:00:00-00:00,2017-09-08,5,0,TH_NP15_GEN-APND,TH_NP15_GEN-APND,TH_NP15_GEN-APND,DAM,MCC,LMP_CONG_PRC,TH_NP15_GEN-APND,ALL_APNODES,0,-0.0498,146
2017-09-08T08:00:00-00:00,2017-09-08T09:00:00-00:00,2017-09-08,2,0,TH_NP15_GEN-APND,TH_NP15_GEN-APND,TH_NP15_GEN-APND,DAM,MCC,LMP_CONG_PRC,TH_NP15_GEN-APND,ALL_APNODES,0,0,146
2017-09-08T15:00:00-00:00,2017-09-08T16:00:00-00:00,2017-09-08,9,0,TH_NP15_GEN-APND,TH_NP15_GEN-APND,TH_NP15_GEN-APND,DAM,MCC,LMP_CONG_PRC,TH_NP15_GEN-APND,ALL_APNODES,0,0,146
2017-09-08T22:00:00-00:00,2017-09-08T23:00:00-00:00,2017-09-08,16,0,TH_NP15_GEN-APND,TH_NP15_GEN-APND,TH_NP15_GEN-APND,DAM,MCC,LMP_CONG_PRC,TH_NP15_GEN-APND,ALL_APNODES,0,0.78653,146
2017-09-09T04:00:00-00:00,2017-09-09T05:00:00-00:00,2017-09-08,22,0,TH_NP15_GEN-APND,TH_NP15_GEN-APND,TH_NP15_GEN-APND,DAM,MCC,LMP_CONG_PRC,TH_NP15_GEN-APND,ALL_APNODES,0,-0.33559,146
2017-09-09T05:00:00-00:00,2017-09-09T06:00:00-00:00,2017-09-08,23,0,TH_NP15_GEN-APND,TH_NP15_GEN-APND,TH_NP15_GEN-APND,DAM,MCC,LMP_CONG_PRC,TH_NP15_GEN-APND,ALL_APNODES,0,0,146
2017-09-08T14:00:00-00:00,2017-09-08T15:00:00-00:00,2017-09-08,8,0,TH_NP15_GEN-APND,TH_NP15_GEN-APND,TH_NP15_GEN-APND,DAM,MCC,LMP_CONG_PRC,TH_NP15_GEN-APND,ALL_APNODES,0,0.05089,146
2017-09-08T17:00:00-00:00,2017-09-08T18:00:00-00:00,2017-09-08,11,0,TH_NP15_GEN-APND,TH_NP15_GEN-APND,TH_NP15_GEN-APND,DAM,MCC,LMP_CONG_PRC,TH_NP15_GEN-APND,ALL_APNODES,0,0.7121,146
2017-09-08T23:00:00-00:00,2017-09-09T00:00:00-00:00,2017-09-08,17,0,TH_NP15_GEN-APND,TH_NP15_GEN-APND,TH_NP15_GEN-APND,DAM,MCC,LMP_CONG_PRC,TH_NP15_GEN-APND,ALL_APNODES,0,0.76247,146
2017-09-08T20:00:00-00:00,2017-09-08T21:00:00-00:00,2017-09-08,14,0,TH_NP15_GEN-APND,TH_NP15_GEN-APND,TH_NP15_GEN-APND,DAM,MCC,LMP_CONG_PRC,TH_NP15_GEN-APND,ALL_APNODES,0,0.58616,146
2017-09-08T09:00:00-00:00,2017-09-08T10:00:00-00:00,2017-09-08,3,0,TH_NP15_GEN-APND,TH_NP15_GEN-APND,TH_NP15_GEN-APND,DAM,MCC,LMP_CONG_PRC,TH_NP15_GEN-APND,ALL_APNODES,0,-0.06392,146
2017-09-09T02:00:00-00:00,2017-09-09T03:00:00-00:00,2017-09-08,20,0,TH_NP15_GEN-APND,TH_NP15_GEN-APND,TH_NP15_GEN-APND,DAM,MCC,LMP_CONG_PRC,TH_NP15_GEN-APND,ALL_APNODES,0,-0.6442,146
2017-09-09T00:00:00-00:00,2017-09-09T01:00:00-00:00,2017-09-08,18,0,TH_NP15_GEN-APND,TH_NP15_GEN-APND,TH_NP15_GEN-APND,DAM,MCC,LMP_CONG_PRC,TH_NP15_GEN-APND,ALL_APNODES,0,-0.4616,146
2017-09-08T07:00:00-00:00,2017-09-08T08:00:00-00:00,2017-09-08,1,0,TH_NP15_GEN-APND,TH_NP15_GEN-APND,TH_NP15_GEN-APND,DAM,MCC,LMP_CONG_PRC,TH_NP15_GEN-APND,ALL_APNODES,0,-0.0894,146
2017-09-08T10:00:00-00:00,2017-09-08T11:00:00-00:00,2017-09-08,4,0,TH_NP15_GEN-APND,TH_NP15_GEN-APND,TH_NP15_GEN-APND,DAM,MCC,LMP_CONG_PRC,TH_NP15_GEN-APND,ALL_APNODES,0,0,146
2017-09-08T12:00:00-00:00,2017-09-08T13:00:00-00:00,2017-09-08,6,0,TH_NP15_GEN-APND,TH_NP15_GEN-APND,TH_NP15_GEN-APND,DAM,MCC,LMP_CONG_PRC,TH_NP15_GEN-APND,ALL_APNODES,0,0,146
2017-09-08T19:00:00-00:00,2017-09-08T20:00:00-00:00,2017-09-08,13,0,TH_NP15_GEN-APND,TH_NP15_GEN-APND,TH_NP15_GEN-APND,DAM,MCC,LMP_CONG_PRC,TH_NP15_GEN-APND,ALL_APNODES,0,0.24659,146
2017-09-09T03:00:00-00:00,2017-09-09T04:00:00-00:00,2017-09-08,21,0,TH_NP15_GEN-APND,TH_NP15_GEN-APND,TH_NP15_GEN-APND,DAM,MCC,LMP_CONG_PRC,TH_NP15_GEN-APND,ALL_APNODES,0,-0.53667,146
2017-09-09T06:00:00-00:00,2017-09-09T07:00:00-00:00,2017-09-08,24,0,TH_NP15_GEN-APND,TH_NP15_GEN-APND,TH_NP15_GEN-APND,DAM,MCC,LMP_CONG_PRC,TH_NP15_GEN-APND,ALL_APNODES,0,0,146
2017-09-08T16:00:00-00:00,2017-09-08T17:00:00-00:00,2017-09-08,10,0,TH_NP15_GEN-APND,TH_NP15_GEN-APND,TH_NP15_GEN-APND,DAM,MCC,LMP_CONG_PRC,TH_NP15_GEN-APND,ALL_APNODES,0,0.84191,146
2017-09-08T18:00:00-00:00,2017-09-08T19:00:00-00:00,2017-09-08,12,0,TH_NP15_GEN-APND,TH_NP15_GEN-APND,TH_NP15_GEN-APND,DAM,MCC,LMP_CONG_PRC,TH_NP15_GEN-APND,ALL_APNODES,0,0.91236,146
2017-09-08T21:00:00-00:00,2017-09-08T22:00:00-00:00,2017-09-08,15,0,TH_NP15_GEN-APND,TH_NP15_GEN-APND,TH_NP15_GEN-APND,DAM,MCC,LMP_CONG_PRC,TH_NP15_GEN-APND,ALL_APNODES,0,0.80889,146
2017-09-09T01:00:00-00:00,2017-09-09T02:00:00-00:00,2017-09-08,19,0,TH_NP15_GEN-APND,TH_NP15_GEN-APND,TH_NP15_GEN-APND,DAM,MCC,LMP_CONG_PRC,TH_NP15_GEN-APND,ALL_APNODES,0,-0.72982,146
2017-09-08T13:00:00-00:00,2017-09-08T14:00:00-00:00,2017-09-08,7,0,TH_NP15_GEN-APND,TH_NP15_GEN-APND,TH_NP15_GEN-APND,DAM,MCC,LMP_CONG_PRC,TH_NP15_GEN-APND,ALL_APNODES,0,0,146
2017-09-09T02:00:00-00:00,2017-09-09T03:00:00-00:00,2017-09-08,20,0,TH_NP15_GEN-APND,TH_NP15_GEN-APND,TH_NP15_GEN-APND,DAM,MCE,LMP_ENE_PRC,TH_NP15_GEN-APND,ALL_APNODES,0,53.86876,147
2017-09-09T03:00:00-00:00,2017-09-09T04:00:00-00:00,2017-09-08,21,0,TH_NP15_GEN-APND,TH_NP15_GEN-APND,TH_NP15_GEN-APND,DAM,MCE,LMP_ENE_PRC,TH_NP15_GEN-APND,ALL_APNODES,0,50.42539,147
2017-09-08T08:00:00-00:00,2017-09-08T09:00:00-00:00,2017-09-08,2,0,TH_NP15_GEN-APND,TH_NP15_GEN-APND,TH_NP15_GEN-APND,DAM,MCE,LMP_ENE_PRC,TH_NP15_GEN-APND,ALL_APNODES,0,29.36826,147
2017-09-08T18:00:00-00:00,2017-09-08T19:00:00-00:00,2017-09-08,12,0,TH_NP15_GEN-APND,TH_NP15_GEN-APND,TH_NP15_GEN-APND,DAM,MCE,LMP_ENE_PRC,TH_NP15_GEN-APND,ALL_APNODES,0,31.90305,147
2017-09-08T11:00:00-00:00,2017-09-08T12:00:00-00:00,2017-09-08,5,0,TH_NP15_GEN-APND,TH_NP15_GEN-APND,TH_NP15_GEN-APND,DAM,MCE,LMP_ENE_PRC,TH_NP15_GEN-APND,ALL_APNODES,0,28.74433,147
2017-09-08T13:00:00-00:00,2017-09-08T14:00:00-00:00,2017-09-08,7,0,TH_NP15_GEN-APND,TH_NP15_GEN-APND,TH_NP15_GEN-APND,DAM,MCE,LMP_ENE_PRC,TH_NP15_GEN-APND,ALL_APNODES,0,38.86713,147
2017-09-09T06:00:00-00:00,2017-09-09T07:00:00-00:00,2017-09-08,24,0,TH_NP15_GEN-APND,TH_NP15_GEN-APND,TH_NP15_GEN-APND,DAM,MCE,LMP_ENE_PRC,TH_NP15_GEN-APND,ALL_APNODES,0,32.81789,147
2017-09-08T23:00:00-00:00,2017-09-09T00:00:00-00:00,2017-09-08,17,0,TH_NP15_GEN-APND,TH_NP15_GEN-APND,TH_NP15_GEN-APND,DAM,MCE,LMP_ENE_PRC,TH_NP15_GEN-APND,ALL_APNODES,0,45.2565,147
2017-09-08T19:00:00-00:00,2017-09-08T20:00:00-00:00,2017-09-08,13,0,TH_NP15_GEN-APND,TH_NP15_GEN-APND,TH_NP15_GEN-APND,DAM,MCE,LMP_ENE_PRC,TH_NP15_GEN-APND,ALL_APNODES,0,33.96747,147
2017-09-08T17:00:00-00:00,2017-09-08T18:00:00-00:00,2017-09-08,11,0,TH_NP15_GEN-APND,TH_NP15_GEN-APND,TH_NP15_GEN-APND,DAM,MCE,LMP_ENE_PRC,TH_NP15_GEN-APND,ALL_APNODES,0,30.98659,147
2017-09-09T04:00:00-00:00,2017-09-09T05:00:00-00:00,2017-09-08,22,0,TH_NP15_GEN-APND,TH_NP15_GEN-APND,TH_NP15_GEN-APND,DAM,MCE,LMP_ENE_PRC,TH_NP15_GEN-APND,ALL_APNODES,0,44.26343,147
2017-09-08T15:00:00-00:00,2017-09-08T16:00:00-00:00,2017-09-08,9,0,TH_NP15_GEN-APND,TH_NP15_GEN-APND,TH_NP15_GEN-APND,DAM,MCE,LMP_ENE_PRC,TH_NP15_GEN-APND,ALL_APNODES,0,31.68831,147
2017-09-08T22:00:00-00:00,2017-09-08T23:00:00-00:00,2017-09-08,16,0,TH_NP15_GEN-APND,TH_NP15_GEN-APND,TH_NP15_GEN-APND,DAM,MCE,LMP_ENE_PRC,TH_NP15_GEN-APND,ALL_APNODES,0,38.92804,147
2017-09-08T21:00:00-00:00,2017-09-08T22:00:00-00:00,2017-09-08,15,0,TH_NP15_GEN-APND,TH_NP15_GEN-APND,TH_NP15_GEN-APND,DAM,MCE,LMP_ENE_PRC,TH_NP15_GEN-APND,ALL_APNODES,0,37.08949,147
2017-09-08T16:00:00-00:00,2017-09-08T17:00:00-00:00,2017-09-08,10,0,TH_NP15_GEN-APND,TH_NP15_GEN-APND,TH_NP15_GEN-APND,DAM,MCE,LMP_ENE_PRC,TH_NP15_GEN-APND,ALL_APNODES,0,29.14457,147
2017-09-08T14:00:00-00:00,2017-09-08T15:00:00-00:00,2017-09-08,8,0,TH_NP15_GEN-APND,TH_NP15_GEN-APND,TH_NP15_GEN-APND,DAM,MCE,LMP_ENE_PRC,TH_NP15_GEN-APND,ALL_APNODES,0,40.16328,147
2017-09-09T05:00:00-00:00,2017-09-09T06:00:00-00:00,2017-09-08,23,0,TH_NP15_GEN-APND,TH_NP15_GEN-APND,TH_NP15_GEN-APND,DAM,MCE,LMP_ENE_PRC,TH_NP15_GEN-APND,ALL_APNODES,0,37.58429,147
2017-09-08T10:00:00-00:00,2017-09-08T11:00:00-00:00,2017-09-08,4,0,TH_NP15_GEN-APND,TH_NP15_GEN-APND,TH_NP15_GEN-APND,DAM,MCE,LMP_ENE_PRC,TH_NP15_GEN-APND,ALL_APNODES,0,27.8963,147
2017-09-08T09:00:00-00:00,2017-09-08T10:00:00-00:00,2017-09-08,3,0,TH_NP15_GEN-APND,TH_NP15_GEN-APND,TH_NP15_GEN-APND,DAM,MCE,LMP_ENE_PRC,TH_NP15_GEN-APND,ALL_APNODES,0,28.0891,147
2017-09-09T00:00:00-00:00,2017-09-09T01:00:00-00:00,2017-09-08,18,0,TH_NP15_GEN-APND,TH_NP15_GEN-APND,TH_NP15_GEN-APND,DAM,MCE,LMP_ENE_PRC,TH_NP15_GEN-APND,ALL_APNODES,0,51.17578,147
2017-09-08T20:00:00-00:00,2017-09-08T21:00:00-00:00,2017-09-08,14,0,TH_NP15_GEN-APND,TH_NP15_GEN-APND,TH_NP15_GEN-APND,DAM,MCE,LMP_ENE_PRC,TH_NP15_GEN-APND,ALL_APNODES,0,36.44503,147
2017-09-08T12:00:00-00:00,2017-09-08T13:00:00-00:00,2017-09-08,6,0,TH_NP15_GEN-APND,TH_NP15_GEN-APND,TH_NP15_GEN-APND,DAM,MCE,LMP_ENE_PRC,TH_NP15_GEN-APND,ALL_APNODES,0,32.80478,147
2017-09-08T07:00:00-00:00,2017-09-08T08:00:00-00:00,2017-09-08,1,0,TH_NP15_GEN-APND,TH_NP15_GEN-APND,TH_NP15_GEN-APND,DAM,MCE,LMP_ENE_PRC,TH_NP15_GEN-APND,ALL_APNODES,0,32.06907,147
2017-09-09T01:00:00-00:00,2017-09-09T02:00:00-00:00,2017-09-08,19,0,TH_NP15_GEN-APND,TH_NP15_GEN-APND,TH_NP15_GEN-APND,DAM,MCE,LMP_ENE_PRC,TH_NP15_GEN-APND,ALL_APNODES,0,60.75472,147
2017-09-08T23:00:00-00:00,2017-09-09T00:00:00-00:00,2017-09-08,17,0,TH_NP15_GEN-APND,TH_NP15_GEN-APND,TH_NP15_GEN-APND,DAM,MCL,LMP_LOSS_PRC,TH_NP15_GEN-APND,ALL_APNODES,0,-1.43011,148
2017-09-09T05:00:00-00:00,2017-09-09T06:00:00-00:00,2017-09-08,23,0,TH_NP15_GEN-APND,TH_NP15_GEN-APND,TH_NP15_GEN-APND,DAM,MCL,LMP_LOSS_PRC,TH_NP15_GEN-APND,ALL_APNODES,0,-0.68028,148
2017-09-08T21:00:00-00:00,2017-09-08T22:00:00-00:00,2017-09-08,15,0,TH_NP15_GEN-APND,TH_NP15_GEN-APND,TH_NP15_GEN-APND,DAM,MCL,LMP_LOSS_PRC,TH_NP15_GEN-APND,ALL_APNODES,0,-1.04592,148
2017-09-08T07:00:00-00:00,2017-09-08T08:00:00-00:00,2017-09-08,1,0,TH_NP15_GEN-APND,TH_NP15_GEN-APND,TH_NP15_GEN-APND,DAM,MCL,LMP_LOSS_PRC,TH_NP15_GEN-APND,ALL_APNODES,0,-0.19241,148
2017-09-08T18:00:00-00:00,2017-09-08T19:00:00-00:00,2017-09-08,12,0,TH_NP15_GEN-APND,TH_NP15_GEN-APND,TH_NP15_GEN-APND,DAM,MCL,LMP_LOSS_PRC,TH_NP15_GEN-APND,ALL_APNODES,0,-0.34455,148
2017-09-08T17:00:00-00:00,2017-09-08T18:00:00-00:00,2017-09-08,11,0,TH_NP15_GEN-APND,TH_NP15_GEN-APND,TH_NP15_GEN-APND,DAM,MCL,LMP_LOSS_PRC,TH_NP15_GEN-APND,ALL_APNODES,0,-0.19522,148
2017-09-08T15:00:00-00:00,2017-09-08T16:00:00-00:00,2017-09-08,9,0,TH_NP15_GEN-APND,TH_NP15_GEN-APND,TH_NP15_GEN-APND,DAM,MCL,LMP_LOSS_PRC,TH_NP15_GEN-APND,ALL_APNODES,0,-0.11091,148
2017-09-09T03:00:00-00:00,2017-09-09T04:00:00-00:00,2017-09-08,21,0,TH_NP15_GEN-APND,TH_NP15_GEN-APND,TH_NP15_GEN-APND,DAM,MCL,LMP_LOSS_PRC,TH_NP15_GEN-APND,ALL_APNODES,0,-1.80523,148
2017-09-09T02:00:00-00:00,2017-09-09T03:00:00-00:00,2017-09-08,20,0,TH_NP15_GEN-APND,TH_NP15_GEN-APND,TH_NP15_GEN-APND,DAM,MCL,LMP_LOSS_PRC,TH_NP15_GEN-APND,ALL_APNODES,0,-1.85847,148
2017-09-08T13:00:00-00:00,2017-09-08T14:00:00-00:00,2017-09-08,7,0,TH_NP15_GEN-APND,TH_NP15_GEN-APND,TH_NP15_GEN-APND,DAM,MCL,LMP_LOSS_PRC,TH_NP15_GEN-APND,ALL_APNODES,0,-0.53637,148
2017-09-08T12:00:00-00:00,2017-09-08T13:00:00-00:00,2017-09-08,6,0,TH_NP15_GEN-APND,TH_NP15_GEN-APND,TH_NP15_GEN-APND,DAM,MCL,LMP_LOSS_PRC,TH_NP15_GEN-APND,ALL_APNODES,0,-0.36085,148
2017-09-09T01:00:00-00:00,2017-09-09T02:00:00-00:00,2017-09-08,19,0,TH_NP15_GEN-APND,TH_NP15_GEN-APND,TH_NP15_GEN-APND,DAM,MCL,LMP_LOSS_PRC,TH_NP15_GEN-APND,ALL_APNODES,0,-2.00491,148
2017-09-08T09:00:00-00:00,2017-09-08T10:00:00-00:00,2017-09-08,3,0,TH_NP15_GEN-APND,TH_NP15_GEN-APND,TH_NP15_GEN-APND,DAM,MCL,LMP_LOSS_PRC,TH_NP15_GEN-APND,ALL_APNODES,0,-0.29494,148
2017-09-09T04:00:00-00:00,2017-09-09T05:00:00-00:00,2017-09-08,22,0,TH_NP15_GEN-APND,TH_NP15_GEN-APND,TH_NP15_GEN-APND,DAM,MCL,LMP_LOSS_PRC,TH_NP15_GEN-APND,ALL_APNODES,0,-1.46069,148
2017-09-08T19:00:00-00:00,2017-09-08T20:00:00-00:00,2017-09-08,13,0,TH_NP15_GEN-APND,TH_NP15_GEN-APND,TH_NP15_GEN-APND,DAM,MCL,LMP_LOSS_PRC,TH_NP15_GEN-APND,ALL_APNODES,0,-0.61481,148
2017-09-08T11:00:00-00:00,2017-09-08T12:00:00-00:00,2017-09-08,5,0,TH_NP15_GEN-APND,TH_NP15_GEN-APND,TH_NP15_GEN-APND,DAM,MCL,LMP_LOSS_PRC,TH_NP15_GEN-APND,ALL_APNODES,0,-0.36218,148
2017-09-08T10:00:00-00:00,2017-09-08T11:00:00-00:00,2017-09-08,4,0,TH_NP15_GEN-APND,TH_NP15_GEN-APND,TH_NP15_GEN-APND,DAM,MCL,LMP_LOSS_PRC,TH_NP15_GEN-APND,ALL_APNODES,0,-0.34591,148
2017-09-08T08:00:00-00:00,2017-09-08T09:00:00-00:00,2017-09-08,2,0,TH_NP15_GEN-APND,TH_NP15_GEN-APND,TH_NP15_GEN-APND,DAM,MCL,LMP_LOSS_PRC,TH_NP15_GEN-APND,ALL_APNODES,0,-0.32599,148
2017-09-08T16:00:00-00:00,2017-09-08T17:00:00-00:00,2017-09-08,10,0,TH_NP15_GEN-APND,TH_NP15_GEN-APND,TH_NP15_GEN-APND,DAM,MCL,LMP_LOSS_PRC,TH_NP15_GEN-APND,ALL_APNODES,0,-0.08452,148
2017-09-09T06:00:00-00:00,2017-09-09T07:00:00-00:00,2017-09-08,24,0,TH_NP15_GEN-APND,TH_NP15_GEN-APND,TH_NP15_GEN-APND,DAM,MCL,LMP_LOSS_PRC,TH_NP15_GEN-APND,ALL_APNODES,0,-0.05579,148
2017-09-09T00:00:00-00:00,2017-09-09T01:00:00-00:00,2017-09-08,18,0,TH_NP15_GEN-APND,TH_NP15_GEN-APND,TH_NP15_GEN-APND,DAM,MCL,LMP_LOSS_PRC,TH_NP15_GEN-APND,ALL_APNODES,0,-1.6018,148
2017-09-08T20:00:00-00:00,2017-09-08T21:00:00-00:00,2017-09-08,14,0,TH_NP15_GEN-APND,TH_NP15_GEN-APND,TH_NP15_GEN-APND,DAM,MCL,LMP_LOSS_PRC,TH_NP15_GEN-APND,ALL_APNODES,0,-0.83459,148
2017-09-08T14:00:00-00:00,2017-09-08T15:00:00-00:00,2017-09-08,8,0,TH_NP15_GEN-APND,TH_NP15_GEN-APND,TH_NP15_GEN-APND,DAM,MCL,LMP_LOSS_PRC,TH_NP15_GEN-APND,ALL_APNODES,0,-0.30122,148
2017-09-08T22:00:00-00:00,2017-09-08T23:00:00-00:00,2017-09-08,16,0,TH_NP15_GEN-APND,TH_NP15_GEN-APND,TH_NP15_GEN-APND,DAM,MCL,LMP_LOSS_PRC,TH_NP15_GEN-APND,ALL_APNODES,0,-1.26127,148
2017-09-09T05:00:00-00:00,2017-09-09T06:00:00-00:00,2017-09-08,23,0,TH_SP15_GEN-APND,TH_SP15_GEN-APND,TH_SP15_GEN-APND,DAM,LMP,LMP_PRC,TH_SP15_GEN-APND,ALL_APNODES,0,36.38535,149
2017-09-08T16:00:00-00:00,2017-09-08T17:00:00-00:00,2017-09-08,10,0,TH_SP15_GEN-APND,TH_SP15_GEN-APND,TH_SP15_GEN-APND,DAM,LMP,LMP_PRC,TH_SP15_GEN-APND,ALL_APNODES,0,27.24827,149
2017-09-08T07:00:00-00:00,2017-09-08T08:00:00-00:00,2017-09-08,1,0,TH_SP15_GEN-APND,TH_SP15_GEN-APND,TH_SP15_GEN-APND,DAM,LMP,LMP_PRC,TH_SP15_GEN-APND,ALL_APNODES,0,30.94665,149
2017-09-08T10:00:00-00:00,2017-09-08T11:00:00-00:00,2017-09-08,4,0,TH_SP15_GEN-APND,TH_SP15_GEN-APND,TH_SP15_GEN-APND,DAM,LMP,LMP_PRC,TH_SP15_GEN-APND,ALL_APNODES,0,27.17379,149
2017-09-08T21:00:00-00:00,2017-09-08T22:00:00-00:00,2017-09-08,15,0,TH_SP15_GEN-APND,TH_SP15_GEN-APND,TH_SP15_GEN-APND,DAM,LMP,LMP_PRC,TH_SP15_GEN-APND,ALL_APNODES,0,34.4269,149
2017-09-08T09:00:00-00:00,2017-09-08T10:00:00-00:00,2017-09-08,3,0,TH_SP15_GEN-APND,TH_SP15_GEN-APND,TH_SP15_GEN-APND,DAM,LMP,LMP_PRC,TH_SP15_GEN-APND,ALL_APNODES,0,27.29418,149
2017-09-08T22:00:00-00:00,2017-09-08T23:00:00-00:00,2017-09-08,16,0,TH_SP15_GEN-APND,TH_SP15_GEN-APND,TH_SP15_GEN-APND,DAM,LMP,LMP_PRC,TH_SP15_GEN-APND,ALL_APNODES,0,36.49049,149
2017-09-08T17:00:00-00:00,2017-09-08T18:00:00-00:00,2017-09-08,11,0,TH_SP15_GEN-APND,TH_SP15_GEN-APND,TH_SP15_GEN-APND,DAM,LMP,LMP_PRC,TH_SP15_GEN-APND,ALL_APNODES,0,28.46,149
2017-09-09T03:00:00-00:00,2017-09-09T04:00:00-00:00,2017-09-08,21,0,TH_SP15_GEN-APND,TH_SP15_GEN-APND,TH_SP15_GEN-APND,DAM,LMP,LMP_PRC,TH_SP15_GEN-APND,ALL_APNODES,0,48.16563,149
2017-09-08T23:00:00-00:00,2017-09-09T00:00:00-00:00,2017-09-08,17,0,TH_SP15_GEN-APND,TH_SP15_GEN-APND,TH_SP15_GEN-APND,DAM,LMP,LMP_PRC,TH_SP15_GEN-APND,ALL_APNODES,0,42.37078,149
2017-09-08T20:00:00-00:00,2017-09-08T21:00:00-00:00,2017-09-08,14,0,TH_SP15_GEN-APND,TH_SP15_GEN-APND,TH_SP15_GEN-APND,DAM,LMP,LMP_PRC,TH_SP15_GEN-APND,ALL_APNODES,0,33.76752,149
2017-09-09T06:00:00-00:00,2017-09-09T07:00:00-00:00,2017-09-08,24,0,TH_SP15_GEN-APND,TH_SP15_GEN-APND,TH_SP15_GEN-APND,DAM,LMP,LMP_PRC,TH_SP15_GEN-APND,ALL_APNODES,0,31.56424,149
2017-09-08T19:00:00-00:00,2017-09-08T20:00:00-00:00,2017-09-08,13,0,TH_SP15_GEN-APND,TH_SP15_GEN-APND,TH_SP15_GEN-APND,DAM,LMP,LMP_PRC,TH_SP15_GEN-APND,ALL_APNODES,0,31.53679,149
2017-09-09T02:00:00-00:00,2017-09-09T03:00:00-00:00,2017-09-08,20,0,TH_SP15_GEN-APND,TH_SP15_GEN-APND,TH_SP15_GEN-APND,DAM,LMP,LMP_PRC,TH_SP15_GEN-APND,ALL_APNODES,0,51.64496,149
2017-09-08T14:00:00-00:00,2017-09-08T15:00:00-00:00,2017-09-08,8,0,TH_SP15_GEN-APND,TH_SP15_GEN-APND,TH_SP15_GEN-APND,DAM,LMP,LMP_PRC,TH_SP15_GEN-APND,ALL_APNODES,0,38.07031,149
2017-09-09T00:00:00-00:00,2017-09-09T01:00:00-00:00,2017-09-08,18,0,TH_SP15_GEN-APND,TH_SP15_GEN-APND,TH_SP15_GEN-APND,DAM,LMP,LMP_PRC,TH_SP15_GEN-APND,ALL_APNODES,0,48.6,149
2017-09-08T15:00:00-00:00,2017-09-08T16:00:00-00:00,2017-09-08,9,0,TH_SP15_GEN-APND,TH_SP15_GEN-APND,TH_SP15_GEN-APND,DAM,LMP,LMP_PRC,TH_SP15_GEN-APND,ALL_APNODES,0,29.97614,149
2017-09-09T04:00:00-00:00,2017-09-09T05:00:00-00:00,2017-09-08,22,0,TH_SP15_GEN-APND,TH_SP15_GEN-APND,TH_SP15_GEN-APND,DAM,LMP,LMP_PRC,TH_SP15_GEN-APND,ALL_APNODES,0,42.13,149
2017-09-09T01:00:00-00:00,2017-09-09T02:00:00-00:00,2017-09-08,19,0,TH_SP15_GEN-APND,TH_SP15_GEN-APND,TH_SP15_GEN-APND,DAM,LMP,LMP_PRC,TH_SP15_GEN-APND,ALL_APNODES,0,57.86799,149
2017-09-08T18:00:00-00:00,2017-09-08T19:00:00-00:00,2017-09-08,12,0,TH_SP15_GEN-APND,TH_SP15_GEN-APND,TH_SP15_GEN-APND,DAM,LMP,LMP_PRC,TH_SP15_GEN-APND,ALL_APNODES,0,29.04599,149
2017-09-08T13:00:00-00:00,2017-09-08T14:00:00-00:00,2017-09-08,7,0,TH_SP15_GEN-APND,TH_SP15_GEN-APND,TH_SP15_GEN-APND,DAM,LMP,LMP_PRC,TH_SP15_GEN-APND,ALL_APNODES,0,37.27517,149
2017-09-08T11:00:00-00:00,2017-09-08T12:00:00-00:00,2017-09-08,5,0,TH_SP15_GEN-APND,TH_SP15_GEN-APND,TH_SP15_GEN-APND,DAM,LMP,LMP_PRC,TH_SP15_GEN-APND,ALL_APNODES,0,27.92512,149
2017-09-08T12:00:00-00:00,2017-09-08T13:00:00-00:00,2017-09-08,6,0,TH_SP15_GEN-APND,TH_SP15_GEN-APND,TH_SP15_GEN-APND,DAM,LMP,LMP_PRC,TH_SP15_GEN-APND,ALL_APNODES,0,31.55356,149
2017-09-08T08:00:00-00:00,2017-09-08T09:00:00-00:00,2017-09-08,2,0,TH_SP15_GEN-APND,TH_SP15_GEN-APND,TH_SP15_GEN-APND,DAM,LMP,LMP_PRC,TH_SP15_GEN-APND,ALL_APNODES,0,28.51364,149
2017-09-08T22:00:00-00:00,2017-09-08T23:00:00-00:00,2017-09-08,16,0,TH_SP15_GEN-APND,TH_SP15_GEN-APND,TH_SP15_GEN-APND,DAM,MCC,LMP_CONG_PRC,TH_SP15_GEN-APND,ALL_APNODES,0,-1.15682,150
2017-09-08T10:00:00-00:00,2017-09-08T11:00:00-00:00,2017-09-08,4,0,TH_SP15_GEN-APND,TH_SP15_GEN-APND,TH_SP15_GEN-APND,DAM,MCC,LMP_CONG_PRC,TH_SP15_GEN-APND,ALL_APNODES,0,0,150
2017-09-09T02:00:00-00:00,2017-09-09T03:00:00-00:00,2017-09-08,20,0,TH_SP15_GEN-APND,TH_SP15_GEN-APND,TH_SP15_GEN-APND,DAM,MCC,LMP_CONG_PRC,TH_SP15_GEN-APND,ALL_APNODES,0,-0.79627,150
2017-09-08T19:00:00-00:00,2017-09-08T20:00:00-00:00,2017-09-08,13,0,TH_SP15_GEN-APND,TH_SP15_GEN-APND,TH_SP15_GEN-APND,DAM,MCC,LMP_CONG_PRC,TH_SP15_GEN-APND,ALL_APNODES,0,-1.28597,150
2017-09-08T14:00:00-00:00,2017-09-08T15:00:00-00:00,2017-09-08,8,0,TH_SP15_GEN-APND,TH_SP15_GEN-APND,TH_SP15_GEN-APND,DAM,MCC,LMP_CONG_PRC,TH_SP15_GEN-APND,ALL_APNODES,0,-0.55472,150
2017-09-09T06:00:00-00:00,2017-09-09T07:00:00-00:00,2017-09-08,24,0,TH_SP15_GEN-APND,TH_SP15_GEN-APND,TH_SP15_GEN-APND,DAM,MCC,LMP_CONG_PRC,TH_SP15_GEN-APND,ALL_APNODES,0,0,150
2017-09-08T13:00:00-00:00,2017-09-08T14:00:00-00:00,2017-09-08,7,0,TH_SP15_GEN-APND,TH_SP15_GEN-APND,TH_SP15_GEN-APND,DAM,MCC,LMP_CONG_PRC,TH_SP15_GEN-APND,ALL_APNODES,0,-0.37542,150
2017-09-08T09:00:00-00:00,2017-09-08T10:00:00-00:00,2017-09-08,3,0,TH_SP15_GEN-APND,TH_SP15_GEN-APND,TH_SP15_GEN-APND,DAM,MCC,LMP_CONG_PRC,TH_SP15_GEN-APND,ALL_APNODES,0,0,150
2017-09-09T00:00:00-00:00,2017-09-09T01:00:00-00:00,2017-09-08,18,0,TH_SP15_GEN-APND,TH_SP15_GEN-APND,TH_SP15_GEN-APND,DAM,MCC,LMP_CONG_PRC,TH_SP15_GEN-APND,ALL_APNODES,0,-0.75904,150
2017-09-09T05:00:00-00:00,2017-09-09T06:00:00-00:00,2017-09-08,23,0,TH_SP15_GEN-APND,TH_SP15_GEN-APND,TH_SP15_GEN-APND,DAM,MCC,LMP_CONG_PRC,TH_SP15_GEN-APND,ALL_APNODES,0,0,150
2017-09-08T21:00:00-00:00,2017-09-08T22:00:00-00:00,2017-09-08,15,0,TH_SP15_GEN-APND,TH_SP15_GEN-APND,TH_SP15_GEN-APND,DAM,MCC,LMP_CONG_PRC,TH_SP15_GEN-APND,ALL_APNODES,0,-1.43864,150
2017-09-08T07:00:00-00:00,2017-09-08T08:00:00-00:00,2017-09-08,1,0,TH_SP15_GEN-APND,TH_SP15_GEN-APND,TH_SP15_GEN-APND,DAM,MCC,LMP_CONG_PRC,TH_SP15_GEN-APND,ALL_APNODES,0,0,150
2017-09-09T03:00:00-00:00,2017-09-09T04:00:00-00:00,2017-09-08,21,0,TH_SP15_GEN-APND,TH_SP15_GEN-APND,TH_SP15_GEN-APND,DAM,MCC,LMP_CONG_PRC,TH_SP15_GEN-APND,ALL_APNODES,0,-0.88818,150
2017-09-08T23:00:00-00:00,2017-09-09T00:00:00-00:00,2017-09-08,17,0,TH_SP15_GEN-APND,TH_SP15_GEN-APND,TH_SP15_GEN-APND,DAM,MCC,LMP_CONG_PRC,TH_SP15_GEN-APND,ALL_APNODES,0,-1.31531,150
2017-09-08T18:00:00-00:00,2017-09-08T19:00:00-00:00,2017-09-08,12,0,TH_SP15_GEN-APND,TH_SP15_GEN-APND,TH_SP15_GEN-APND,DAM,MCC,LMP_CONG_PRC,TH_SP15_GEN-APND,ALL_APNODES,0,-1.67027,150
2017-09-09T04:00:00-00:00,2017-09-09T05:00:00-00:00,2017-09-08,22,0,TH_SP15_GEN-APND,TH_SP15_GEN-APND,TH_SP15_GEN-APND,DAM,MCC,LMP_CONG_PRC,TH_SP15_GEN-APND,ALL_APNODES,0,-0.8852,150
2017-09-08T17:00:00-00:00,2017-09-08T18:00:00-00:00,2017-09-08,11,0,TH_SP15_GEN-APND,TH_SP15_GEN-APND,TH_SP15_GEN-APND,DAM,MCC,LMP_CONG_PRC,TH_SP15_GEN-APND,ALL_APNODES,0,-1.30262,150
2017-09-08T16:00:00-00:00,2017-09-08T17:00:00-00:00,2017-09-08,10,0,TH_SP15_GEN-APND,TH_SP15_GEN-APND,TH_SP15_GEN-APND,DAM,MCC,LMP_CONG_PRC,TH_SP15_GEN-APND,ALL_APNODES,0,-0.7072,150
2017-09-08T08:00:00-00:00,2017-09-08T09:00:00-00:00,2017-09-08,2,0,TH_SP15_GEN-APND,TH_SP15_GEN-APND,TH_SP15_GEN-APND,DAM,MCC,LMP_CONG_PRC,TH_SP15_GEN-APND,ALL_APNODES,0,0,150
2017-09-08T15:00:00-00:00,2017-09-08T16:00:00-00:00,2017-09-08,9,0,TH_SP15_GEN-APND,TH_SP15_GEN-APND,TH_SP15_GEN-APND,DAM,MCC,LMP_CONG_PRC,TH_SP15_GEN-APND,ALL_APNODES,0,-0.43513,150
2017-09-08T12:00:00-00:00,2017-09-08T13:00:00-00:00,2017-09-08,6,0,TH_SP15_GEN-APND,TH_SP15_GEN-APND,TH_SP15_GEN-APND,DAM,MCC,LMP_CONG_PRC,TH_SP15_GEN-APND,ALL_APNODES,0,-0.22772,150
2017-09-09T01:00:00-00:00,2017-09-09T02:00:00-00:00,2017-09-08,19,0,TH_SP15_GEN-APND,TH_SP15_GEN-APND,TH_SP15_GEN-APND,DAM,MCC,LMP_CONG_PRC,TH_SP15_GEN-APND,ALL_APNODES,0,-1.1856,150
2017-09-08T20:00:00-00:00,2017-09-08T21:00:00-00:00,2017-09-08,14,0,TH_SP15_GEN-APND,TH_SP15_GEN-APND,TH_SP15_GEN-APND,DAM,MCC,LMP_CONG_PRC,TH_SP15_GEN-APND,ALL_APNODES,0,-1.38735,150
2017-09-08T11:00:00-00:00,2017-09-08T12:00:00-00:00,2017-09-08,5,0,TH_SP15_GEN-APND,TH_SP15_GEN-APND,TH_SP15_GEN-APND,DAM,MCC,LMP_CONG_PRC,TH_SP15_GEN-APND,ALL_APNODES,0,0,150
2017-09-09T04:00:00-00:00,2017-09-09T05:00:00-00:00,2017-09-08,22,0,TH_SP15_GEN-APND,TH_SP15_GEN-APND,TH_SP15_GEN-APND,DAM,MCE,LMP_ENE_PRC,TH_SP15_GEN-APND,ALL_APNODES,0,44.26343,151
2017-09-08T15:00:00-00:00,2017-09-08T16:00:00-00:00,2017-09-08,9,0,TH_SP15_GEN-APND,TH_SP15_GEN-APND,TH_SP15_GEN-APND,DAM,MCE,LMP_ENE_PRC,TH_SP15_GEN-APND,ALL_APNODES,0,31.68831,151
2017-09-08T08:00:00-00:00,2017-09-08T09:00:00-00:00,2017-09-08,2,0,TH_SP15_GEN-APND,TH_SP15_GEN-APND,TH_SP15_GEN-APND,DAM,MCE,LMP_ENE_PRC,TH_SP15_GEN-APND,ALL_APNODES,0,29.36826,151
2017-09-08T14:00:00-00:00,2017-09-08T15:00:00-00:00,2017-09-08,8,0,TH_SP15_GEN-APND,TH_SP15_GEN-APND,TH_SP15_GEN-APND,DAM,MCE,LMP_ENE_PRC,TH_SP15_GEN-APND,ALL_APNODES,0,40.16328,151
2017-09-09T02:00:00-00:00,2017-09-09T03:00:00-00:00,2017-09-08,20,0,TH_SP15_GEN-APND,TH_SP15_GEN-APND,TH_SP15_GEN-APND,DAM,MCE,LMP_ENE_PRC,TH_SP15_GEN-APND,ALL_APNODES,0,53.86876,151
2017-09-08T20:00:00-00:00,2017-09-08T21:00:00-00:00,2017-09-08,14,0,TH_SP15_GEN-APND,TH_SP15_GEN-APND,TH_SP15_GEN-APND,DAM,MCE,LMP_ENE_PRC,TH_SP15_GEN-APND,ALL_APNODES,0,36.44503,151
2017-09-08T12:00:00-00:00,2017-09-08T13:00:00-00:00,2017-09-08,6,0,TH_SP15_GEN-APND,TH_SP15_GEN-APND,TH_SP15_GEN-APND,DAM,MCE,LMP_ENE_PRC,TH_SP15_GEN-APND,ALL_APNODES,0,32.80478,151
2017-09-08T13:00:00-00:00,2017-09-08T14:00:00-00:00,2017-09-08,7,0,TH_SP15_GEN-APND,TH_SP15_GEN-APND,TH_SP15_GEN-APND,DAM,MCE,LMP_ENE_PRC,TH_SP15_GEN-APND,ALL_APNODES,0,38.86713,151
2017-09-09T05:00:00-00:00,2017-09-09T06:00:00-00:00,2017-09-08,23,0,TH_SP15_GEN-APND,TH_SP15_GEN-APND,TH_SP15_GEN-APND,DAM,MCE,LMP_ENE_PRC,TH_SP15_GEN-APND,ALL_APNODES,0,37.58429,151
2017-09-09T06:00:00-00:00,2017-09-09T07:00:00-00:00,2017-09-08,24,0,TH_SP15_GEN-APND,TH_SP15_GEN-APND,TH_SP15_GEN-APND,DAM,MCE,LMP_ENE_PRC,TH_SP15_GEN-APND,ALL_APNODES,0,32.81789,151
2017-09-08T21:00:00-00:00,2017-09-08T22:00:00-00:00,2017-09-08,15,0,TH_SP15_GEN-APND,TH_SP15_GEN-APND,TH_SP15_GEN-APND,DAM,MCE,LMP_ENE_PRC,TH_SP15_GEN-APND,ALL_APNODES,0,37.08949,151
2017-09-09T01:00:00-00:00,2017-09-09T02:00:00-00:00,2017-09-08,19,0,TH_SP15_GEN-APND,TH_SP15_GEN-APND,TH_SP15_GEN-APND,DAM,MCE,LMP_ENE_PRC,TH_SP15_GEN-APND,ALL_APNODES,0,60.75472,151
2017-09-09T03:00:00-00:00,2017-09-09T04:00:00-00:00,2017-09-08,21,0,TH_SP15_GEN-APND,TH_SP15_GEN-APND,TH_SP15_GEN-APND,DAM,MCE,LMP_ENE_PRC,TH_SP15_GEN-APND,ALL_APNODES,0,50.42539,151
2017-09-08T19:00:00-00:00,2017-09-08T20:00:00-00:00,2017-09-08,13,0,TH_SP15_GEN-APND,TH_SP15_GEN-APND,TH_SP15_GEN-APND,DAM,MCE,LMP_ENE_PRC,TH_SP15_GEN-APND,ALL_APNODES,0,33.96747,151
2017-09-08T09:00:00-00:00,2017-09-08T10:00:00-00:00,2017-09-08,3,0,TH_SP15_GEN-APND,TH_SP15_GEN-APND,TH_SP15_GEN-APND,DAM,MCE,LMP_ENE_PRC,TH_SP15_GEN-APND,ALL_APNODES,0,28.0891,151
2017-09-08T10:00:00-00:00,2017-09-08T11:00:00-00:00,2017-09-08,4,0,TH_SP15_GEN-APND,TH_SP15_GEN-APND,TH_SP15_GEN-APND,DAM,MCE,LMP_ENE_PRC,TH_SP15_GEN-APND,ALL_APNODES,0,27.8963,151
2017-09-08T22:00:00-00:00,2017-09-08T23:00:00-00:00,2017-09-08,16,0,TH_SP15_GEN-APND,TH_SP15_GEN-APND,TH_SP15_GEN-APND,DAM,MCE,LMP_ENE_PRC,TH_SP15_GEN-APND,ALL_APNODES,0,38.92804,151
2017-09-08T17:00:00-00:00,2017-09-08T18:00:00-00:00,2017-09-08,11,0,TH_SP15_GEN-APND,TH_SP15_GEN-APND,TH_SP15_GEN-APND,DAM,MCE,LMP_ENE_PRC,TH_SP15_GEN-APND,ALL_APNODES,0,30.98659,151
2017-09-09T00:00:00-00:00,2017-09-09T01:00:00-00:00,2017-09-08,18,0,TH_SP15_GEN-APND,TH_SP15_GEN-APND,TH_SP15_GEN-APND,DAM,MCE,LMP_ENE_PRC,TH_SP15_GEN-APND,ALL_APNODES,0,51.17578,151
2017-09-08T16:00:00-00:00,2017-09-08T17:00:00-00:00,2017-09-08,10,0,TH_SP15_GEN-APND,TH_SP15_GEN-APND,TH_SP15_GEN-APND,DAM,MCE,LMP_ENE_PRC,TH_SP15_GEN-APND,ALL_APNODES,0,29.14457,151
2017-09-08T18:00:00-00:00,2017-09-08T19:00:00-00:00,2017-09-08,12,0,TH_SP15_GEN-APND,TH_SP15_GEN-APND,TH_SP15_GEN-APND,DAM,MCE,LMP_ENE_PRC,TH_SP15_GEN-APND,ALL_APNODES,0,31.90305,151
2017-09-08T23:00:00-00:00,2017-09-09T00:00:00-00:00,2017-09-08,17,0,TH_SP15_GEN-APND,TH_SP15_GEN-APND,TH_SP15_GEN-APND,DAM,MCE,LMP_ENE_PRC,TH_SP15_GEN-APND,ALL_APNODES,0,45.2565,151
2017-09-08T07:00:00-00:00,2017-09-08T08:00:00-00:00,2017-09-08,1,0,TH_SP15_GEN-APND,TH_SP15_GEN-APND,TH_SP15_GEN-APND,DAM,MCE,LMP_ENE_PRC,TH_SP15_GEN-APND,ALL_APNODES,0,32.06907,151
2017-09-08T11:00:00-00:00,2017-09-08T12:00:00-00:00,2017-09-08,5,0,TH_SP15_GEN-APND,TH_SP15_GEN-APND,TH_SP15_GEN-APND,DAM,MCE,LMP_ENE_PRC,TH_SP15_GEN-APND,ALL_APNODES,0,28.74433,151
2017-09-09T02:00:00-00:00,2017-09-09T03:00:00-00:00,2017-09-08,20,0,TH_SP15_GEN-APND,TH_SP15_GEN-APND,TH_SP15_GEN-APND,DAM,MCL,LMP_LOSS_PRC,TH_SP15_GEN-APND,ALL_APNODES,0,-1.42752,152
2017-09-08T14:00:00-00:00,2017-09-08T15:00:00-00:00,2017-09-08,8,0,TH_SP15_GEN-APND,TH_SP15_GEN-APND,TH_SP15_GEN-APND,DAM,MCL,LMP_LOSS_PRC,TH_SP15_GEN-APND,ALL_APNODES,0,-1.53825,152
2017-09-08T20:00:00-00:00,2017-09-08T21:00:00-00:00,2017-09-08,14,0,TH_SP15_GEN-APND,TH_SP15_GEN-APND,TH_SP15_GEN-APND,DAM,MCL,LMP_LOSS_PRC,TH_SP15_GEN-APND,ALL_APNODES,0,-1.29015,152
2017-09-08T07:00:00-00:00,2017-09-08T08:00:00-00:00,2017-09-08,1,0,TH_SP15_GEN-APND,TH_SP15_GEN-APND,TH_SP15_GEN-APND,DAM,MCL,LMP_LOSS_PRC,TH_SP15_GEN-APND,ALL_APNODES,0,-1.12242,152
2017-09-09T06:00:00-00:00,2017-09-09T07:00:00-00:00,2017-09-08,24,0,TH_SP15_GEN-APND,TH_SP15_GEN-APND,TH_SP15_GEN-APND,DAM,MCL,LMP_LOSS_PRC,TH_SP15_GEN-APND,ALL_APNODES,0,-1.25364,152
2017-09-08T18:00:00-00:00,2017-09-08T19:00:00-00:00,2017-09-08,12,0,TH_SP15_GEN-APND,TH_SP15_GEN-APND,TH_SP15_GEN-APND,DAM,MCL,LMP_LOSS_PRC,TH_SP15_GEN-APND,ALL_APNODES,0,-1.18679,152
2017-09-08T13:00:00-00:00,2017-09-08T14:00:00-00:00,2017-09-08,7,0,TH_SP15_GEN-APND,TH_SP15_GEN-APND,TH_SP15_GEN-APND,DAM,MCL,LMP_LOSS_PRC,TH_SP15_GEN-APND,ALL_APNODES,0,-1.21654,152
2017-09-09T04:00:00-00:00,2017-09-09T05:00:00-00:00,2017-09-08,22,0,TH_SP15_GEN-APND,TH_SP15_GEN-APND,TH_SP15_GEN-APND,DAM,MCL,LMP_LOSS_PRC,TH_SP15_GEN-APND,ALL_APNODES,0,-1.24823,152
2017-09-08T23:00:00-00:00,2017-09-09T00:00:00-00:00,2017-09-08,17,0,TH_SP15_GEN-APND,TH_SP15_GEN-APND,TH_SP15_GEN-APND,DAM,MCL,LMP_LOSS_PRC,TH_SP15_GEN-APND,ALL_APNODES,0,-1.5704,152
2017-09-08T08:00:00-00:00,2017-09-08T09:00:00-00:00,2017-09-08,2,0,TH_SP15_GEN-APND,TH_SP15_GEN-APND,TH_SP15_GEN-APND,DAM,MCL,LMP_LOSS_PRC,TH_SP15_GEN-APND,ALL_APNODES,0,-0.85462,152
2017-09-08T12:00:00-00:00,2017-09-08T13:00:00-00:00,2017-09-08,6,0,TH_SP15_GEN-APND,TH_SP15_GEN-APND,TH_SP15_GEN-APND,DAM,MCL,LMP_LOSS_PRC,TH_SP15_GEN-APND,ALL_APNODES,0,-1.02351,152
2017-09-08T16:00:00-00:00,2017-09-08T17:00:00-00:00,2017-09-08,10,0,TH_SP15_GEN-APND,TH_SP15_GEN-APND,TH_SP15_GEN-APND,DAM,MCL,LMP_LOSS_PRC,TH_SP15_GEN-APND,ALL_APNODES,0,-1.1891,152
2017-09-08T21:00:00-00:00,2017-09-08T22:00:00-00:00,2017-09-08,15,0,TH_SP15_GEN-APND,TH_SP15_GEN-APND,TH_SP15_GEN-APND,DAM,MCL,LMP_LOSS_PRC,TH_SP15_GEN-APND,ALL_APNODES,0,-1.22395,152
2017-09-08T22:00:00-00:00,2017-09-08T23:00:00-00:00,2017-09-08,16,0,TH_SP15_GEN-APND,TH_SP15_GEN-APND,TH_SP15_GEN-APND,DAM,MCL,LMP_LOSS_PRC,TH_SP15_GEN-APND,ALL_APNODES,0,-1.28073,152
2017-09-09T01:00:00-00:00,2017-09-09T02:00:00-00:00,2017-09-08,19,0,TH_SP15_GEN-APND,TH_SP15_GEN-APND,TH_SP15_GEN-APND,DAM,MCL,LMP_LOSS_PRC,TH_SP15_GEN-APND,ALL_APNODES,0,-1.70113,152
2017-09-08T11:00:00-00:00,2017-09-08T12:00:00-00:00,2017-09-08,5,0,TH_SP15_GEN-APND,TH_SP15_GEN-APND,TH_SP15_GEN-APND,DAM,MCL,LMP_LOSS_PRC,TH_SP15_GEN-APND,ALL_APNODES,0,-0.81921,152
2017-09-09T03:00:00-00:00,2017-09-09T04:00:00-00:00,2017-09-08,21,0,TH_SP15_GEN-APND,TH_SP15_GEN-APND,TH_SP15_GEN-APND,DAM,MCL,LMP_LOSS_PRC,TH_SP15_GEN-APND,ALL_APNODES,0,-1.37157,152
2017-09-09T05:00:00-00:00,2017-09-09T06:00:00-00:00,2017-09-08,23,0,TH_SP15_GEN-APND,TH_SP15_GEN-APND,TH_SP15_GEN-APND,DAM,MCL,LMP_LOSS_PRC,TH_SP15_GEN-APND,ALL_APNODES,0,-1.19894,152
2017-09-08T15:00:00-00:00,2017-09-08T16:00:00-00:00,2017-09-08,9,0,TH_SP15_GEN-APND,TH_SP15_GEN-APND,TH_SP15_GEN-APND,DAM,MCL,LMP_LOSS_PRC,TH_SP15_GEN-APND,ALL_APNODES,0,-1.27704,152
2017-09-08T17:00:00-00:00,2017-09-08T18:00:00-00:00,2017-09-08,11,0,TH_SP15_GEN-APND,TH_SP15_GEN-APND,TH_SP15_GEN-APND,DAM,MCL,LMP_LOSS_PRC,TH_SP15_GEN-APND,ALL_APNODES,0,-1.22397,152
2017-09-09T00:00:00-00:00,2017-09-09T01:00:00-00:00,2017-09-08,18,0,TH_SP15_GEN-APND,TH_SP15_GEN-APND,TH_SP15_GEN-APND,DAM,MCL,LMP_LOSS_PRC,TH_SP15_GEN-APND,ALL_APNODES,0,-1.81674,152
2017-09-08T09:00:00-00:00,2017-09-08T10:00:00-00:00,2017-09-08,3,0,TH_SP15_GEN-APND,TH_SP15_GEN-APND,TH_SP15_GEN-APND,DAM,MCL,LMP_LOSS_PRC,TH_SP15_GEN-APND,ALL_APNODES,0,-0.79492,152
2017-09-08T10:00:00-00:00,2017-09-08T11:00:00-00:00,2017-09-08,4,0,TH_SP15_GEN-APND,TH_SP15_GEN-APND,TH_SP15_GEN-APND,DAM,MCL,LMP_LOSS_PRC,TH_SP15_GEN-APND,ALL_APNODES,0,-0.72251,152
2017-09-08T19:00:00-00:00,2017-09-08T20:00:00-00:00,2017-09-08,13,0,TH_SP15_GEN-APND,TH_SP15_GEN-APND,TH_SP15_GEN-APND,DAM,MCL,LMP_LOSS_PRC,TH_SP15_GEN-APND,ALL_APNODES,0,-1.1447,152
2017-09-08T09:00:00-00:00,2017-09-08T10:00:00-00:00,2017-09-08,3,0,TH_ZP26_GEN-APND,TH_ZP26_GEN-APND,TH_ZP26_GEN-APND,DAM,LMP,LMP_PRC,TH_ZP26_GEN-APND,ALL_APNODES,0,27.05823,153
2017-09-08T07:00:00-00:00,2017-09-08T08:00:00-00:00,2017-09-08,1,0,TH_ZP26_GEN-APND,TH_ZP26_GEN-APND,TH_ZP26_GEN-APND,DAM,LMP,LMP_PRC,TH_ZP26_GEN-APND,ALL_APNODES,0,30.86969,153
2017-09-08T18:00:00-00:00,2017-09-08T19:00:00-00:00,2017-09-08,12,0,TH_ZP26_GEN-APND,TH_ZP26_GEN-APND,TH_ZP26_GEN-APND,DAM,LMP,LMP_PRC,TH_ZP26_GEN-APND,ALL_APNODES,0,28.17057,153
2017-09-09T05:00:00-00:00,2017-09-09T06:00:00-00:00,2017-09-08,23,0,TH_ZP26_GEN-APND,TH_ZP26_GEN-APND,TH_ZP26_GEN-APND,DAM,LMP,LMP_PRC,TH_ZP26_GEN-APND,ALL_APNODES,0,36.14481,153
2017-09-08T12:00:00-00:00,2017-09-08T13:00:00-00:00,2017-09-08,6,0,TH_ZP26_GEN-APND,TH_ZP26_GEN-APND,TH_ZP26_GEN-APND,DAM,LMP,LMP_PRC,TH_ZP26_GEN-APND,ALL_APNODES,0,31.7759,153
2017-09-09T02:00:00-00:00,2017-09-09T03:00:00-00:00,2017-09-08,20,0,TH_ZP26_GEN-APND,TH_ZP26_GEN-APND,TH_ZP26_GEN-APND,DAM,LMP,LMP_PRC,TH_ZP26_GEN-APND,ALL_APNODES,0,52.1645,153
2017-09-08T20:00:00-00:00,2017-09-08T21:00:00-00:00,2017-09-08,14,0,TH_ZP26_GEN-APND,TH_ZP26_GEN-APND,TH_ZP26_GEN-APND,DAM,LMP,LMP_PRC,TH_ZP26_GEN-APND,ALL_APNODES,0,32.66442,153
2017-09-09T04:00:00-00:00,2017-09-09T05:00:00-00:00,2017-09-08,22,0,TH_ZP26_GEN-APND,TH_ZP26_GEN-APND,TH_ZP26_GEN-APND,DAM,LMP,LMP_PRC,TH_ZP26_GEN-APND,ALL_APNODES,0,43.07312,153
2017-09-09T03:00:00-00:00,2017-09-09T04:00:00-00:00,2017-09-08,21,0,TH_ZP26_GEN-APND,TH_ZP26_GEN-APND,TH_ZP26_GEN-APND,DAM,LMP,LMP_PRC,TH_ZP26_GEN-APND,ALL_APNODES,0,48.96343,153
2017-09-09T01:00:00-00:00,2017-09-09T02:00:00-00:00,2017-09-08,19,0,TH_ZP26_GEN-APND,TH_ZP26_GEN-APND,TH_ZP26_GEN-APND,DAM,LMP,LMP_PRC,TH_ZP26_GEN-APND,ALL_APNODES,0,58.86186,153
2017-09-08T21:00:00-00:00,2017-09-08T22:00:00-00:00,2017-09-08,15,0,TH_ZP26_GEN-APND,TH_ZP26_GEN-APND,TH_ZP26_GEN-APND,DAM,LMP,LMP_PRC,TH_ZP26_GEN-APND,ALL_APNODES,0,33.19553,153
2017-09-08T14:00:00-00:00,2017-09-08T15:00:00-00:00,2017-09-08,8,0,TH_ZP26_GEN-APND,TH_ZP26_GEN-APND,TH_ZP26_GEN-APND,DAM,LMP,LMP_PRC,TH_ZP26_GEN-APND,ALL_APNODES,0,38.89471,153
2017-09-08T08:00:00-00:00,2017-09-08T09:00:00-00:00,2017-09-08,2,0,TH_ZP26_GEN-APND,TH_ZP26_GEN-APND,TH_ZP26_GEN-APND,DAM,LMP,LMP_PRC,TH_ZP26_GEN-APND,ALL_APNODES,0,28.31687,153
2017-09-08T13:00:00-00:00,2017-09-08T14:00:00-00:00,2017-09-08,7,0,TH_ZP26_GEN-APND,TH_ZP26_GEN-APND,TH_ZP26_GEN-APND,DAM,LMP,LMP_PRC,TH_ZP26_GEN-APND,ALL_APNODES,0,37.77664,153
2017-09-08T10:00:00-00:00,2017-09-08T11:00:00-00:00,2017-09-08,4,0,TH_ZP26_GEN-APND,TH_ZP26_GEN-APND,TH_ZP26_GEN-APND,DAM,LMP,LMP_PRC,TH_ZP26_GEN-APND,ALL_APNODES,0,26.89482,153
2017-09-08T16:00:00-00:00,2017-09-08T17:00:00-00:00,2017-09-08,10,0,TH_ZP26_GEN-APND,TH_ZP26_GEN-APND,TH_ZP26_GEN-APND,DAM,LMP,LMP_PRC,TH_ZP26_GEN-APND,ALL_APNODES,0,26.86065,153
2017-09-08T15:00:00-00:00,2017-09-08T16:00:00-00:00,2017-09-08,9,0,TH_ZP26_GEN-APND,TH_ZP26_GEN-APND,TH_ZP26_GEN-APND,DAM,LMP,LMP_PRC,TH_ZP26_GEN-APND,ALL_APNODES,0,30.40956,153
2017-09-08T19:00:00-00:00,2017-09-08T20:00:00-00:00,2017-09-08,13,0,TH_ZP26_GEN-APND,TH_ZP26_GEN-APND,TH_ZP26_GEN-APND,DAM,LMP,LMP_PRC,TH_ZP26_GEN-APND,ALL_APNODES,0,30.38026,153
2017-09-08T11:00:00-00:00,2017-09-08T12:00:00-00:00,2017-09-08,5,0,TH_ZP26_GEN-APND,TH_ZP26_GEN-APND,TH_ZP26_GEN-APND,DAM,LMP,LMP_PRC,TH_ZP26_GEN-APND,ALL_APNODES,0,27.68079,153
2017-09-09T00:00:00-00:00,2017-09-09T01:00:00-00:00,2017-09-08,18,0,TH_ZP26_GEN-APND,TH_ZP26_GEN-APND,TH_ZP26_GEN-APND,DAM,LMP,LMP_PRC,TH_ZP26_GEN-APND,ALL_APNODES,0,48.97472,153
2017-09-08T23:00:00-00:00,2017-09-09T00:00:00-00:00,2017-09-08,17,0,TH_ZP26_GEN-APND,TH_ZP26_GEN-APND,TH_ZP26_GEN-APND,DAM,LMP,LMP_PRC,TH_ZP26_GEN-APND,ALL_APNODES,0,42.15314,153
2017-09-08T17:00:00-00:00,2017-09-08T18:00:00-00:00,2017-09-08,11,0,TH_ZP26_GEN-APND,TH_ZP26_GEN-APND,TH_ZP26_GEN-APND,DAM,LMP,LMP_PRC,TH_ZP26_GEN-APND,ALL_APNODES,0,27.99781,153
2017-09-09T06:00:00-00:00,2017-09-09T07:00:00-00:00,2017-09-08,24,0,TH_ZP26_GEN-APND,TH_ZP26_GEN-APND,TH_ZP26_GEN-APND,DAM,LMP,LMP_PRC,TH_ZP26_GEN-APND,ALL_APNODES,0,31.62332,153
2017-09-08T22:00:00-00:00,2017-09-08T23:00:00-00:00,2017-09-08,16,0,TH_ZP26_GEN-APND,TH_ZP26_GEN-APND,TH_ZP26_GEN-APND,DAM,LMP,LMP_PRC,TH_ZP26_GEN-APND,ALL_APNODES,0,35.40826,153
2017-09-08T22:00:00-00:00,2017-09-08T23:00:00-00:00,2017-09-08,16,0,TH_ZP26_GEN-APND,TH_ZP26_GEN-APND,TH_ZP26_GEN-APND,DAM,MCC,LMP_CONG_PRC,TH_ZP26_GEN-APND,ALL_APNODES,0,-1.25417,154
2017-09-08T23:00:00-00:00,2017-09-09T00:00:00-00:00,2017-09-08,17,0,TH_ZP26_GEN-APND,TH_ZP26_GEN-APND,TH_ZP26_GEN-APND,DAM,MCC,LMP_CONG_PRC,TH_ZP26_GEN-APND,ALL_APNODES,0,-0.46943,154
2017-09-08T08:00:00-00:00,2017-09-08T09:00:00-00:00,2017-09-08,2,0,TH_ZP26_GEN-APND,TH_ZP26_GEN-APND,TH_ZP26_GEN-APND,DAM,MCC,LMP_CONG_PRC,TH_ZP26_GEN-APND,ALL_APNODES,0,0,154
2017-09-08T21:00:00-00:00,2017-09-08T22:00:00-00:00,2017-09-08,15,0,TH_ZP26_GEN-APND,TH_ZP26_GEN-APND,TH_ZP26_GEN-APND,DAM,MCC,LMP_CONG_PRC,TH_ZP26_GEN-APND,ALL_APNODES,0,-1.72422,154
2017-09-09T06:00:00-00:00,2017-09-09T07:00:00-00:00,2017-09-08,24,0,TH_ZP26_GEN-APND,TH_ZP26_GEN-APND,TH_ZP26_GEN-APND,DAM,MCC,LMP_CONG_PRC,TH_ZP26_GEN-APND,ALL_APNODES,0,0,154
2017-09-09T02:00:00-00:00,2017-09-09T03:00:00-00:00,2017-09-08,20,0,TH_ZP26_GEN-APND,TH_ZP26_GEN-APND,TH_ZP26_GEN-APND,DAM,MCC,LMP_CONG_PRC,TH_ZP26_GEN-APND,ALL_APNODES,0,0.43433,154
2017-09-08T12:00:00-00:00,2017-09-08T13:00:00-00:00,2017-09-08,6,0,TH_ZP26_GEN-APND,TH_ZP26_GEN-APND,TH_ZP26_GEN-APND,DAM,MCC,LMP_CONG_PRC,TH_ZP26_GEN-APND,ALL_APNODES,0,0.11928,154
2017-09-08T10:00:00-00:00,2017-09-08T11:00:00-00:00,2017-09-08,4,0,TH_ZP26_GEN-APND,TH_ZP26_GEN-APND,TH_ZP26_GEN-APND,DAM,MCC,LMP_CONG_PRC,TH_ZP26_GEN-APND,ALL_APNODES,0,0,154
2017-09-08T09:00:00-00:00,2017-09-08T10:00:00-00:00,2017-09-08,3,0,TH_ZP26_GEN-APND,TH_ZP26_GEN-APND,TH_ZP26_GEN-APND,DAM,MCC,LMP_CONG_PRC,TH_ZP26_GEN-APND,ALL_APNODES,0,0,154
2017-09-09T05:00:00-00:00,2017-09-09T06:00:00-00:00,2017-09-08,23,0,TH_ZP26_GEN-APND,TH_ZP26_GEN-APND,TH_ZP26_GEN-APND,DAM,MCC,LMP_CONG_PRC,TH_ZP26_GEN-APND,ALL_APNODES,0,0,154
2017-09-09T01:00:00-00:00,2017-09-09T02:00:00-00:00,2017-09-08,19,0,TH_ZP26_GEN-APND,TH_ZP26_GEN-APND,TH_ZP26_GEN-APND,DAM,MCC,LMP_CONG_PRC,TH_ZP26_GEN-APND,ALL_APNODES,0,0.64669,154
2017-09-08T20:00:00-00:00,2017-09-08T21:00:00-00:00,2017-09-08,14,0,TH_ZP26_GEN-APND,TH_ZP26_GEN-APND,TH_ZP26_GEN-APND,DAM,MCC,LMP_CONG_PRC,TH_ZP26_GEN-APND,ALL_APNODES,0,-1.68866,154
2017-09-08T18:00:00-00:00,2017-09-08T19:00:00-00:00,2017-09-08,12,0,TH_ZP26_GEN-APND,TH_ZP26_GEN-APND,TH_ZP26_GEN-APND,DAM,MCC,LMP_CONG_PRC,TH_ZP26_GEN-APND,ALL_APNODES,0,-1.92677,154
2017-09-08T17:00:00-00:00,2017-09-08T18:00:00-00:00,2017-09-08,11,0,TH_ZP26_GEN-APND,TH_ZP26_GEN-APND,TH_ZP26_GEN-APND,DAM,MCC,LMP_CONG_PRC,TH_ZP26_GEN-APND,ALL_APNODES,0,-1.26902,154
2017-09-08T16:00:00-00:00,2017-09-08T17:00:00-00:00,2017-09-08,10,0,TH_ZP26_GEN-APND,TH_ZP26_GEN-APND,TH_ZP26_GEN-APND,DAM,MCC,LMP_CONG_PRC,TH_ZP26_GEN-APND,ALL_APNODES,0,-0.7072,154
2017-09-08T15:00:00-00:00,2017-09-08T16:00:00-00:00,2017-09-08,9,0,TH_ZP26_GEN-APND,TH_ZP26_GEN-APND,TH_ZP26_GEN-APND,DAM,MCC,LMP_CONG_PRC,TH_ZP26_GEN-APND,ALL_APNODES,0,0.24546,154
2017-09-08T14:00:00-00:00,2017-09-08T15:00:00-00:00,2017-09-08,8,0,TH_ZP26_GEN-APND,TH_ZP26_GEN-APND,TH_ZP26_GEN-APND,DAM,MCC,LMP_CONG_PRC,TH_ZP26_GEN-APND,ALL_APNODES,0,0.2496,154
2017-09-09T00:00:00-00:00,2017-09-09T01:00:00-00:00,2017-09-08,18,0,TH_ZP26_GEN-APND,TH_ZP26_GEN-APND,TH_ZP26_GEN-APND,DAM,MCC,LMP_CONG_PRC,TH_ZP26_GEN-APND,ALL_APNODES,0,0.41402,154
2017-09-08T19:00:00-00:00,2017-09-08T20:00:00-00:00,2017-09-08,13,0,TH_ZP26_GEN-APND,TH_ZP26_GEN-APND,TH_ZP26_GEN-APND,DAM,MCC,LMP_CONG_PRC,TH_ZP26_GEN-APND,ALL_APNODES,0,-1.63407,154
2017-09-09T04:00:00-00:00,2017-09-09T05:00:00-00:00,2017-09-08,22,0,TH_ZP26_GEN-APND,TH_ZP26_GEN-APND,TH_ZP26_GEN-APND,DAM,MCC,LMP_CONG_PRC,TH_ZP26_GEN-APND,ALL_APNODES,0,0.48284,154
2017-09-09T03:00:00-00:00,2017-09-09T04:00:00-00:00,2017-09-08,21,0,TH_ZP26_GEN-APND,TH_ZP26_GEN-APND,TH_ZP26_GEN-APND,DAM,MCC,LMP_CONG_PRC,TH_ZP26_GEN-APND,ALL_APNODES,0,0.48446,154
2017-09-08T07:00:00-00:00,2017-09-08T08:00:00-00:00,2017-09-08,1,0,TH_ZP26_GEN-APND,TH_ZP26_GEN-APND,TH_ZP26_GEN-APND,DAM,MCC,LMP_CONG_PRC,TH_ZP26_GEN-APND,ALL_APNODES,0,0,154
2017-09-08T13:00:00-00:00,2017-09-08T14:00:00-00:00,2017-09-08,7,0,TH_ZP26_GEN-APND,TH_ZP26_GEN-APND,TH_ZP26_GEN-APND,DAM,MCC,LMP_CONG_PRC,TH_ZP26_GEN-APND,ALL_APNODES,0,0.22322,154
2017-09-08T11:00:00-00:00,2017-09-08T12:00:00-00:00,2017-09-08,5,0,TH_ZP26_GEN-APND,TH_ZP26_GEN-APND,TH_ZP26_GEN-APND,DAM,MCC,LMP_CONG_PRC,TH_ZP26_GEN-APND,ALL_APNODES,0,0,154
2017-09-08T08:00:00-00:00,2017-09-08T09:00:00-00:00,2017-09-08,2,0,TH_ZP26_GEN-APND,TH_ZP26_GEN-APND,TH_ZP26_GEN-APND,DAM,MCE,LMP_ENE_PRC,TH_ZP26_GEN-APND,ALL_APNODES,0,29.36826,155
2017-09-08T23:00:00-00:00,2017-09-09T00:00:00-00:00,2017-09-08,17,0,TH_ZP26_GEN-APND,TH_ZP26_GEN-APND,TH_ZP26_GEN-APND,DAM,MCE,LMP_ENE_PRC,TH_ZP26_GEN-APND,ALL_APNODES,0,45.2565,155
2017-09-09T00:00:00-00:00,2017-09-09T01:00:00-00:00,2017-09-08,18,0,TH_ZP26_GEN-APND,TH_ZP26_GEN-APND,TH_ZP26_GEN-APND,DAM,MCE,LMP_ENE_PRC,TH_ZP26_GEN-APND,ALL_APNODES,0,51.17578,155
2017-09-08T15:00:00-00:00,2017-09-08T16:00:00-00:00,2017-09-08,9,0,TH_ZP26_GEN-APND,TH_ZP26_GEN-APND,TH_ZP26_GEN-APND,DAM,MCE,LMP_ENE_PRC,TH_ZP26_GEN-APND,ALL_APNODES,0,31.68831,155
2017-09-08T09:00:00-00:00,2017-09-08T10:00:00-00:00,2017-09-08,3,0,TH_ZP26_GEN-APND,TH_ZP26_GEN-APND,TH_ZP26_GEN-APND,DAM,MCE,LMP_ENE_PRC,TH_ZP26_GEN-APND,ALL_APNODES,0,28.0891,155
2017-09-08T11:00:00-00:00,2017-09-08T12:00:00-00:00,2017-09-08,5,0,TH_ZP26_GEN-APND,TH_ZP26_GEN-APND,TH_ZP26_GEN-APND,DAM,MCE,LMP_ENE_PRC,TH_ZP26_GEN-APND,ALL_APNODES,0,28.74433,155
2017-09-08T12:00:00-00:00,2017-09-08T13:00:00-00:00,2017-09-08,6,0,TH_ZP26_GEN-APND,TH_ZP26_GEN-APND,TH_ZP26_GEN-APND,DAM,MCE,LMP_ENE_PRC,TH_ZP26_GEN-APND,ALL_APNODES,0,32.80478,155
2017-09-09T02:00:00-00:00,2017-09-09T03:00:00-00:00,2017-09-08,20,0,TH_ZP26_GEN-APND,TH_ZP26_GEN-APND,TH_ZP26_GEN-APND,DAM,MCE,LMP_ENE_PRC,TH_ZP26_GEN-APND,ALL_APNODES,0,53.86876,155
2017-09-09T04:00:00-00:00,2017-09-09T05:00:00-00:00,2017-09-08,22,0,TH_ZP26_GEN-APND,TH_ZP26_GEN-APND,TH_ZP26_GEN-APND,DAM,MCE,LMP_ENE_PRC,TH_ZP26_GEN-APND,ALL_APNODES,0,44.26343,155
2017-09-08T17:00:00-00:00,2017-09-08T18:00:00-00:00,2017-09-08,11,0,TH_ZP26_GEN-APND,TH_ZP26_GEN-APND,TH_ZP26_GEN-APND,DAM,MCE,LMP_ENE_PRC,TH_ZP26_GEN-APND,ALL_APNODES,0,30.98659,155
2017-09-08T10:00:00-00:00,2017-09-08T11:00:00-00:00,2017-09-08,4,0,TH_ZP26_GEN-APND,TH_ZP26_GEN-APND,TH_ZP26_GEN-APND,DAM,MCE,LMP_ENE_PRC,TH_ZP26_GEN-APND,ALL_APNODES,0,27.8963,155
2017-09-08T14:00:00-00:00,2017-09-08T15:00:00-00:00,2017-09-08,8,0,TH_ZP26_GEN-APND,TH_ZP26_GEN-APND,TH_ZP26_GEN-APND,DAM,MCE,LMP_ENE_PRC,TH_ZP26_GEN-APND,ALL_APNODES,0,40.16328,155
2017-09-09T06:00:00-00:00,2017-09-09T07:00:00-00:00,2017-09-08,24,0,TH_ZP26_GEN-APND,TH_ZP26_GEN-APND,TH_ZP26_GEN-APND,DAM,MCE,LMP_ENE_PRC,TH_ZP26_GEN-APND,ALL_APNODES,0,32.81789,155
2017-09-08T13:00:00-00:00,2017-09-08T14:00:00-00:00,2017-09-08,7,0,TH_ZP26_GEN-APND,TH_ZP26_GEN-APND,TH_ZP26_GEN-APND,DAM,MCE,LMP_ENE_PRC,TH_ZP26_GEN-APND,ALL_APNODES,0,38.86713,155
2017-09-08T19:00:00-00:00,2017-09-08T20:00:00-00:00,2017-09-08,13,0,TH_ZP26_GEN-APND,TH_ZP26_GEN-APND,TH_ZP26_GEN-APND,DAM,MCE,LMP_ENE_PRC,TH_ZP26_GEN-APND,ALL_APNODES,0,33.96747,155
2017-09-08T21:00:00-00:00,2017-09-08T22:00:00-00:00,2017-09-08,15,0,TH_ZP26_GEN-APND,TH_ZP26_GEN-APND,TH_ZP26_GEN-APND,DAM,MCE,LMP_ENE_PRC,TH_ZP26_GEN-APND,ALL_APNODES,0,37.08949,155
2017-09-08T07:00:00-00:00,2017-09-08T08:00:00-00:00,2017-09-08,1,0,TH_ZP26_GEN-APND,TH_ZP26_GEN-APND,TH_ZP26_GEN-APND,DAM,MCE,LMP_ENE_PRC,TH_ZP26_GEN-APND,ALL_APNODES,0,32.06907,155
2017-09-09T03:00:00-00:00,2017-09-09T04:00:00-00:00,2017-09-08,21,0,TH_ZP26_GEN-APND,TH_ZP26_GEN-APND,TH_ZP26_GEN-APND,DAM,MCE,LMP_ENE_PRC,TH_ZP26_GEN-APND,ALL_APNODES,0,50.42539,155
2017-09-08T16:00:00-00:00,2017-09-08T17:00:00-00:00,2017-09-08,10,0,TH_ZP26_GEN-APND,TH_ZP26_GEN-APND,TH_ZP26_GEN-APND,DAM,MCE,LMP_ENE_PRC,TH_ZP26_GEN-APND,ALL_APNODES,0,29.14457,155
2017-09-08T18:00:00-00:00,2017-09-08T19:00:00-00:00,2017-09-08,12,0,TH_ZP26_GEN-APND,TH_ZP26_GEN-APND,TH_ZP26_GEN-APND,DAM,MCE,LMP_ENE_PRC,TH_ZP26_GEN-APND,ALL_APNODES,0,31.90305,155
2017-09-08T22:00:00-00:00,2017-09-08T23:00:00-00:00,2017-09-08,16,0,TH_ZP26_GEN-APND,TH_ZP26_GEN-APND,TH_ZP26_GEN-APND,DAM,MCE,LMP_ENE_PRC,TH_ZP26_GEN-APND,ALL_APNODES,0,38.92804,155
2017-09-09T05:00:00-00:00,2017-09-09T06:00:00-00:00,2017-09-08,23,0,TH_ZP26_GEN-APND,TH_ZP26_GEN-APND,TH_ZP26_GEN-APND,DAM,MCE,LMP_ENE_PRC,TH_ZP26_GEN-APND,ALL_APNODES,0,37.58429,155
2017-09-08T20:00:00-00:00,2017-09-08T21:00:00-00:00,2017-09-08,14,0,TH_ZP26_GEN-APND,TH_ZP26_GEN-APND,TH_ZP26_GEN-APND,DAM,MCE,LMP_ENE_PRC,TH_ZP26_GEN-APND,ALL_APNODES,0,36.44503,155
2017-09-09T01:00:00-00:00,2017-09-09T02:00:00-00:00,2017-09-08,19,0,TH_ZP26_GEN-APND,TH_ZP26_GEN-APND,TH_ZP26_GEN-APND,DAM,MCE,LMP_ENE_PRC,TH_ZP26_GEN-APND,ALL_APNODES,0,60.75472,155
2017-09-08T11:00:00-00:00,2017-09-08T12:00:00-00:00,2017-09-08,5,0,TH_ZP26_GEN-APND,TH_ZP26_GEN-APND,TH_ZP26_GEN-APND,DAM,MCL,LMP_LOSS_PRC,TH_ZP26_GEN-APND,ALL_APNODES,0,-1.06354,156
2017-09-08T08:00:00-00:00,2017-09-08T09:00:00-00:00,2017-09-08,2,0,TH_ZP26_GEN-APND,TH_ZP26_GEN-APND,TH_ZP26_GEN-APND,DAM,MCL,LMP_LOSS_PRC,TH_ZP26_GEN-APND,ALL_APNODES,0,-1.05138,156
2017-09-09T04:00:00-00:00,2017-09-09T05:00:00-00:00,2017-09-08,22,0,TH_ZP26_GEN-APND,TH_ZP26_GEN-APND,TH_ZP26_GEN-APND,DAM,MCL,LMP_LOSS_PRC,TH_ZP26_GEN-APND,ALL_APNODES,0,-1.67316,156
2017-09-08T16:00:00-00:00,2017-09-08T17:00:00-00:00,2017-09-08,10,0,TH_ZP26_GEN-APND,TH_ZP26_GEN-APND,TH_ZP26_GEN-APND,DAM,MCL,LMP_LOSS_PRC,TH_ZP26_GEN-APND,ALL_APNODES,0,-1.57672,156
2017-09-08T20:00:00-00:00,2017-09-08T21:00:00-00:00,2017-09-08,14,0,TH_ZP26_GEN-APND,TH_ZP26_GEN-APND,TH_ZP26_GEN-APND,DAM,MCL,LMP_LOSS_PRC,TH_ZP26_GEN-APND,ALL_APNODES,0,-2.09194,156
2017-09-08T10:00:00-00:00,2017-09-08T11:00:00-00:00,2017-09-08,4,0,TH_ZP26_GEN-APND,TH_ZP26_GEN-APND,TH_ZP26_GEN-APND,DAM,MCL,LMP_LOSS_PRC,TH_ZP26_GEN-APND,ALL_APNODES,0,-1.00148,156
2017-09-09T06:00:00-00:00,2017-09-09T07:00:00-00:00,2017-09-08,24,0,TH_ZP26_GEN-APND,TH_ZP26_GEN-APND,TH_ZP26_GEN-APND,DAM,MCL,LMP_LOSS_PRC,TH_ZP26_GEN-APND,ALL_APNODES,0,-1.19457,156
2017-09-08T07:00:00-00:00,2017-09-08T08:00:00-00:00,2017-09-08,1,0,TH_ZP26_GEN-APND,TH_ZP26_GEN-APND,TH_ZP26_GEN-APND,DAM,MCL,LMP_LOSS_PRC,TH_ZP26_GEN-APND,ALL_APNODES,0,-1.19938,156
2017-09-08T09:00:00-00:00,2017-09-08T10:00:00-00:00,2017-09-08,3,0,TH_ZP26_GEN-APND,TH_ZP26_GEN-APND,TH_ZP26_GEN-APND,DAM,MCL,LMP_LOSS_PRC,TH_ZP26_GEN-APND,ALL_APNODES,0,-1.03087,156
2017-09-08T12:00:00-00:00,2017-09-08T13:00:00-00:00,2017-09-08,6,0,TH_ZP26_GEN-APND,TH_ZP26_GEN-APND,TH_ZP26_GEN-APND,DAM,MCL,LMP_LOSS_PRC,TH_ZP26_GEN-APND,ALL_APNODES,0,-1.14817,156
2017-09-09T01:00:00-00:00,2017-09-09T02:00:00-00:00,2017-09-08,19,0,TH_ZP26_GEN-APND,TH_ZP26_GEN-APND,TH_ZP26_GEN-APND,DAM,MCL,LMP_LOSS_PRC,TH_ZP26_GEN-APND,ALL_APNODES,0,-2.53955,156
2017-09-08T23:00:00-00:00,2017-09-09T00:00:00-00:00,2017-09-08,17,0,TH_ZP26_GEN-APND,TH_ZP26_GEN-APND,TH_ZP26_GEN-APND,DAM,MCL,LMP_LOSS_PRC,TH_ZP26_GEN-APND,ALL_APNODES,0,-2.63393,156
2017-09-09T02:00:00-00:00,2017-09-09T03:00:00-00:00,2017-09-08,20,0,TH_ZP26_GEN-APND,TH_ZP26_GEN-APND,TH_ZP26_GEN-APND,DAM,MCL,LMP_LOSS_PRC,TH_ZP26_GEN-APND,ALL_APNODES,0,-2.13859,156
2017-09-08T15:00:00-00:00,2017-09-08T16:00:00-00:00,2017-09-08,9,0,TH_ZP26_GEN-APND,TH_ZP26_GEN-APND,TH_ZP26_GEN-APND,DAM,MCL,LMP_LOSS_PRC,TH_ZP26_GEN-APND,ALL_APNODES,0,-1.52421,156
2017-09-08T17:00:00-00:00,2017-09-08T18:00:00-00:00,2017-09-08,11,0,TH_ZP26_GEN-APND,TH_ZP26_GEN-APND,TH_ZP26_GEN-APND,DAM,MCL,LMP_LOSS_PRC,TH_ZP26_GEN-APND,ALL_APNODES,0,-1.71976,156
2017-09-08T18:00:00-00:00,2017-09-08T19:00:00-00:00,2017-09-08,12,0,TH_ZP26_GEN-APND,TH_ZP26_GEN-APND,TH_ZP26_GEN-APND,DAM,MCL,LMP_LOSS_PRC,TH_ZP26_GEN-APND,ALL_APNODES,0,-1.80571,156
2017-09-08T19:00:00-00:00,2017-09-08T20:00:00-00:00,2017-09-08,13,0,TH_ZP26_GEN-APND,TH_ZP26_GEN-APND,TH_ZP26_GEN-APND,DAM,MCL,LMP_LOSS_PRC,TH_ZP26_GEN-APND,ALL_APNODES,0,-1.95313,156
2017-09-08T14:00:00-00:00,2017-09-08T15:00:00-00:00,2017-09-08,8,0,TH_ZP26_GEN-APND,TH_ZP26_GEN-APND,TH_ZP26_GEN-APND,DAM,MCL,LMP_LOSS_PRC,TH_ZP26_GEN-APND,ALL_APNODES,0,-1.51817,156
2017-09-09T05:00:00-00:00,2017-09-09T06:00:00-00:00,2017-09-08,23,0,TH_ZP26_GEN-APND,TH_ZP26_GEN-APND,TH_ZP26_GEN-APND,DAM,MCL,LMP_LOSS_PRC,TH_ZP26_GEN-APND,ALL_APNODES,0,-1.43948,156
2017-09-08T22:00:00-00:00,2017-09-08T23:00:00-00:00,2017-09-08,16,0,TH_ZP26_GEN-APND,TH_ZP26_GEN-APND,TH_ZP26_GEN-APND,DAM,MCL,LMP_LOSS_PRC,TH_ZP26_GEN-APND,ALL_APNODES,0,-2.26561,156
2017-09-09T00:00:00-00:00,2017-09-09T01:00:00-00:00,2017-09-08,18,0,TH_ZP26_GEN-APND,TH_ZP26_GEN-APND,TH_ZP26_GEN-APND,DAM,MCL,LMP_LOSS_PRC,TH_ZP26_GEN-APND,ALL_APNODES,0,-2.61508,156
2017-09-08T13:00:00-00:00,2017-09-08T14:00:00-00:00,2017-09-08,7,0,TH_ZP26_GEN-APND,TH_ZP26_GEN-APND,TH_ZP26_GEN-APND,DAM,MCL,LMP_LOSS_PRC,TH_ZP26_GEN-APND,ALL_APNODES,0,-1.31371,156
2017-09-08T21:00:00-00:00,2017-09-08T22:00:00-00:00,2017-09-08,15,0,TH_ZP26_GEN-APND,TH_ZP26_GEN-APND,TH_ZP26_GEN-APND,DAM,MCL,LMP_LOSS_PRC,TH_ZP26_GEN-APND,ALL_APNODES,0,-2.16973,156
2017-09-09T03:00:00-00:00,2017-09-09T04:00:00-00:00,2017-09-08,21,0,TH_ZP26_GEN-APND,TH_ZP26_GEN-APND,TH_ZP26_GEN-APND,DAM,MCL,LMP_LOSS_PRC,TH_ZP26_GEN-APND,ALL_APNODES,0,-1.94642,156
2017-09-08T10:00:00-00:00,2017-09-08T11:00:00-00:00,2017-09-08,4,0,URBAN_6_N005,URBAN_6_N005,URBAN_6_N005,DAM,LMP,LMP_PRC,URBAN_6_N005,ALL,1,27.84888,157
2017-09-08T20:00:00-00:00,2017-09-08T21:00:00-00:00,2017-09-08,14,0,URBAN_6_N005,URBAN_6_N005,URBAN_6_N005,DAM,LMP,LMP_PRC,URBAN_6_N005,ALL,1,25.39693,157
2017-09-08T23:00:00-00:00,2017-09-09T00:00:00-00:00,2017-09-08,17,0,URBAN_6_N005,URBAN_6_N005,URBAN_6_N005,DAM,LMP,LMP_PRC,URBAN_6_N005,ALL,1,24.15289,157
2017-09-08T15:00:00-00:00,2017-09-08T16:00:00-00:00,2017-09-08,9,0,URBAN_6_N005,URBAN_6_N005,URBAN_6_N005,DAM,LMP,LMP_PRC,URBAN_6_N005,ALL,1,26.65326,157
2017-09-09T06:00:00-00:00,2017-09-09T07:00:00-00:00,2017-09-08,24,0,URBAN_6_N005,URBAN_6_N005,URBAN_6_N005,DAM,LMP,LMP_PRC,URBAN_6_N005,ALL,1,32.30593,157
2017-09-09T03:00:00-00:00,2017-09-09T04:00:00-00:00,2017-09-08,21,0,URBAN_6_N005,URBAN_6_N005,URBAN_6_N005,DAM,LMP,LMP_PRC,URBAN_6_N005,ALL,1,49.11297,157
2017-09-08T21:00:00-00:00,2017-09-08T22:00:00-00:00,2017-09-08,15,0,URBAN_6_N005,URBAN_6_N005,URBAN_6_N005,DAM,LMP,LMP_PRC,URBAN_6_N005,ALL,1,31.45168,157
2017-09-09T01:00:00-00:00,2017-09-09T02:00:00-00:00,2017-09-08,19,0,URBAN_6_N005,URBAN_6_N005,URBAN_6_N005,DAM,LMP,LMP_PRC,URBAN_6_N005,ALL,1,58.41627,157
2017-09-09T02:00:00-00:00,2017-09-09T03:00:00-00:00,2017-09-08,20,0,URBAN_6_N005,URBAN_6_N005,URBAN_6_N005,DAM,LMP,LMP_PRC,URBAN_6_N005,ALL,1,52.35078,157
2017-09-09T05:00:00-00:00,2017-09-09T06:00:00-00:00,2017-09-08,23,0,URBAN_6_N005,URBAN_6_N005,URBAN_6_N005,DAM,LMP,LMP_PRC,URBAN_6_N005,ALL,1,37.38885,157
2017-09-08T13:00:00-00:00,2017-09-08T14:00:00-00:00,2017-09-08,7,0,URBAN_6_N005,URBAN_6_N005,URBAN_6_N005,DAM,LMP,LMP_PRC,URBAN_6_N005,ALL,1,38.30285,157
2017-09-09T04:00:00-00:00,2017-09-09T05:00:00-00:00,2017-09-08,22,0,URBAN_6_N005,URBAN_6_N005,URBAN_6_N005,DAM,LMP,LMP_PRC,URBAN_6_N005,ALL,1,42.78114,157
2017-09-08T17:00:00-00:00,2017-09-08T18:00:00-00:00,2017-09-08,11,0,URBAN_6_N005,URBAN_6_N005,URBAN_6_N005,DAM,LMP,LMP_PRC,URBAN_6_N005,ALL,1,21.91595,157
2017-09-08T08:00:00-00:00,2017-09-08T09:00:00-00:00,2017-09-08,2,0,URBAN_6_N005,URBAN_6_N005,URBAN_6_N005,DAM,LMP,LMP_PRC,URBAN_6_N005,ALL,1,28.93361,157
2017-09-08T16:00:00-00:00,2017-09-08T17:00:00-00:00,2017-09-08,10,0,URBAN_6_N005,URBAN_6_N005,URBAN_6_N005,DAM,LMP,LMP_PRC,URBAN_6_N005,ALL,1,21.91969,157
2017-09-08T18:00:00-00:00,2017-09-08T19:00:00-00:00,2017-09-08,12,0,URBAN_6_N005,URBAN_6_N005,URBAN_6_N005,DAM,LMP,LMP_PRC,URBAN_6_N005,ALL,1,19.88557,157
2017-09-08T19:00:00-00:00,2017-09-08T20:00:00-00:00,2017-09-08,13,0,URBAN_6_N005,URBAN_6_N005,URBAN_6_N005,DAM,LMP,LMP_PRC,URBAN_6_N005,ALL,1,21.02769,157
2017-09-08T22:00:00-00:00,2017-09-08T23:00:00-00:00,2017-09-08,16,0,URBAN_6_N005,URBAN_6_N005,URBAN_6_N005,DAM,LMP,LMP_PRC,URBAN_6_N005,ALL,1,37.00678,157
2017-09-09T00:00:00-00:00,2017-09-09T01:00:00-00:00,2017-09-08,18,0,URBAN_6_N005,URBAN_6_N005,URBAN_6_N005,DAM,LMP,LMP_PRC,URBAN_6_N005,ALL,1,39.72188,157
2017-09-08T07:00:00-00:00,2017-09-08T08:00:00-00:00,2017-09-08,1,0,URBAN_6_N005,URBAN_6_N005,URBAN_6_N005,DAM,LMP,LMP_PRC,URBAN_6_N005,ALL,1,31.44372,157
2017-09-08T09:00:00-00:00,2017-09-08T10:00:00-00:00,2017-09-08,3,0,URBAN_6_N005,URBAN_6_N005,URBAN_6_N005,DAM,LMP,LMP_PRC,URBAN_6_N005,ALL,1,27.97675,157
2017-09-08T12:00:00-00:00,2017-09-08T13:00:00-00:00,2017-09-08,6,0,URBAN_6_N005,URBAN_6_N005,URBAN_6_N005,DAM,LMP,LMP_PRC,URBAN_6_N005,ALL,1,31.9488,157
2017-09-08T14:00:00-00:00,2017-09-08T15:00:00-00:00,2017-09-08,8,0,URBAN_6_N005,URBAN_6_N005,URBAN_6_N005,DAM,LMP,LMP_PRC,URBAN_6_N005,ALL,1,30.68468,157
2017-09-08T11:00:00-00:00,2017-09-08T12:00:00-00:00,2017-09-08,5,0,URBAN_6_N005,URBAN_6_N005,URBAN_6_N005,DAM,LMP,LMP_PRC,URBAN_6_N005,ALL,1,27.9921,157
2017-09-08T20:00:00-00:00,2017-09-08T21:00:00-00:00,2017-09-08,14,0,URBAN_6_N005,URBAN_6_N005,URBAN_6_N005,DAM,MCC,LMP_CONG_PRC,URBAN_6_N005,ALL,1,-11.25948,158
2017-09-09T00:00:00-00:00,2017-09-09T01:00:00-00:00,2017-09-08,18,0,URBAN_6_N005,URBAN_6_N005,URBAN_6_N005,DAM,MCC,LMP_CONG_PRC,URBAN_6_N005,ALL,1,-11.62278,158
2017-09-08T08:00:00-00:00,2017-09-08T09:00:00-00:00,2017-09-08,2,0,URBAN_6_N005,URBAN_6_N005,URBAN_6_N005,DAM,MCC,LMP_CONG_PRC,URBAN_6_N005,ALL,1,0,158
2017-09-08T09:00:00-00:00,2017-09-08T10:00:00-00:00,2017-09-08,3,0,URBAN_6_N005,URBAN_6_N005,URBAN_6_N005,DAM,MCC,LMP_CONG_PRC,URBAN_6_N005,ALL,1,0,158
2017-09-09T03:00:00-00:00,2017-09-09T04:00:00-00:00,2017-09-08,21,0,URBAN_6_N005,URBAN_6_N005,URBAN_6_N005,DAM,MCC,LMP_CONG_PRC,URBAN_6_N005,ALL,1,-1.736,158
2017-09-08T07:00:00-00:00,2017-09-08T08:00:00-00:00,2017-09-08,1,0,URBAN_6_N005,URBAN_6_N005,URBAN_6_N005,DAM,MCC,LMP_CONG_PRC,URBAN_6_N005,ALL,1,0,158
2017-09-09T02:00:00-00:00,2017-09-09T03:00:00-00:00,2017-09-08,20,0,URBAN_6_N005,URBAN_6_N005,URBAN_6_N005,DAM,MCC,LMP_CONG_PRC,URBAN_6_N005,ALL,1,-1.70113,158
2017-09-08T19:00:00-00:00,2017-09-08T20:00:00-00:00,2017-09-08,13,0,URBAN_6_N005,URBAN_6_N005,URBAN_6_N005,DAM,MCC,LMP_CONG_PRC,URBAN_6_N005,ALL,1,-12.99412,158
2017-09-08T23:00:00-00:00,2017-09-09T00:00:00-00:00,2017-09-08,17,0,URBAN_6_N005,URBAN_6_N005,URBAN_6_N005,DAM,MCC,LMP_CONG_PRC,URBAN_6_N005,ALL,1,-21.39325,158
2017-09-09T06:00:00-00:00,2017-09-09T07:00:00-00:00,2017-09-08,24,0,URBAN_6_N005,URBAN_6_N005,URBAN_6_N005,DAM,MCC,LMP_CONG_PRC,URBAN_6_N005,ALL,1,0,158
2017-09-08T16:00:00-00:00,2017-09-08T17:00:00-00:00,2017-09-08,10,0,URBAN_6_N005,URBAN_6_N005,URBAN_6_N005,DAM,MCC,LMP_CONG_PRC,URBAN_6_N005,ALL,1,-6.98881,158
2017-09-08T18:00:00-00:00,2017-09-08T19:00:00-00:00,2017-09-08,12,0,URBAN_6_N005,URBAN_6_N005,URBAN_6_N005,DAM,MCC,LMP_CONG_PRC,URBAN_6_N005,ALL,1,-11.98239,158
2017-09-08T11:00:00-00:00,2017-09-08T12:00:00-00:00,2017-09-08,5,0,URBAN_6_N005,URBAN_6_N005,URBAN_6_N005,DAM,MCC,LMP_CONG_PRC,URBAN_6_N005,ALL,1,-0.70049,158
2017-09-09T01:00:00-00:00,2017-09-09T02:00:00-00:00,2017-09-08,19,0,URBAN_6_N005,URBAN_6_N005,URBAN_6_N005,DAM,MCC,LMP_CONG_PRC,URBAN_6_N005,ALL,1,-2.53286,158
2017-09-09T04:00:00-00:00,2017-09-09T05:00:00-00:00,2017-09-08,22,0,URBAN_6_N005,URBAN_6_N005,URBAN_6_N005,DAM,MCC,LMP_CONG_PRC,URBAN_6_N005,ALL,1,-1.73017,158
2017-09-09T05:00:00-00:00,2017-09-09T06:00:00-00:00,2017-09-08,23,0,URBAN_6_N005,URBAN_6_N005,URBAN_6_N005,DAM,MCC,LMP_CONG_PRC,URBAN_6_N005,ALL,1,0,158
2017-09-08T22:00:00-00:00,2017-09-08T23:00:00-00:00,2017-09-08,16,0,URBAN_6_N005,URBAN_6_N005,URBAN_6_N005,DAM,MCC,LMP_CONG_PRC,URBAN_6_N005,ALL,1,-2.45068,158
2017-09-08T12:00:00-00:00,2017-09-08T13:00:00-00:00,2017-09-08,6,0,URBAN_6_N005,URBAN_6_N005,URBAN_6_N005,DAM,MCC,LMP_CONG_PRC,URBAN_6_N005,ALL,1,-0.76741,158
2017-09-08T13:00:00-00:00,2017-09-08T14:00:00-00:00,2017-09-08,7,0,URBAN_6_N005,URBAN_6_N005,URBAN_6_N005,DAM,MCC,LMP_CONG_PRC,URBAN_6_N005,ALL,1,-0.75084,158
2017-09-08T14:00:00-00:00,2017-09-08T15:00:00-00:00,2017-09-08,8,0,URBAN_6_N005,URBAN_6_N005,URBAN_6_N005,DAM,MCC,LMP_CONG_PRC,URBAN_6_N005,ALL,1,-9.30992,158
2017-09-08T15:00:00-00:00,2017-09-08T16:00:00-00:00,2017-09-08,9,0,URBAN_6_N005,URBAN_6_N005,URBAN_6_N005,DAM,MCC,LMP_CONG_PRC,URBAN_6_N005,ALL,1,-4.69281,158
2017-09-08T17:00:00-00:00,2017-09-08T18:00:00-00:00,2017-09-08,11,0,URBAN_6_N005,URBAN_6_N005,URBAN_6_N005,DAM,MCC,LMP_CONG_PRC,URBAN_6_N005,ALL,1,-8.9281,158
2017-09-08T21:00:00-00:00,2017-09-08T22:00:00-00:00,2017-09-08,15,0,URBAN_6_N005,URBAN_6_N005,URBAN_6_N005,DAM,MCC,LMP_CONG_PRC,URBAN_6_N005,ALL,1,-5.99015,158
2017-09-08T10:00:00-00:00,2017-09-08T11:00:00-00:00,2017-09-08,4,0,URBAN_6_N005,URBAN_6_N005,URBAN_6_N005,DAM,MCC,LMP_CONG_PRC,URBAN_6_N005,ALL,1,0,158
2017-09-08T08:00:00-00:00,2017-09-08T09:00:00-00:00,2017-09-08,2,0,URBAN_6_N005,URBAN_6_N005,URBAN_6_N005,DAM,MCE,LMP_ENE_PRC,URBAN_6_N005,ALL,1,29.36826,159
2017-09-08T12:00:00-00:00,2017-09-08T13:00:00-00:00,2017-09-08,6,0,URBAN_6_N005,URBAN_6_N005,URBAN_6_N005,DAM,MCE,LMP_ENE_PRC,URBAN_6_N005,ALL,1,32.80478,159
2017-09-08T17:00:00-00:00,2017-09-08T18:00:00-00:00,2017-09-08,11,0,URBAN_6_N005,URBAN_6_N005,URBAN_6_N005,DAM,MCE,LMP_ENE_PRC,URBAN_6_N005,ALL,1,30.98659,159
2017-09-08T16:00:00-00:00,2017-09-08T17:00:00-00:00,2017-09-08,10,0,URBAN_6_N005,URBAN_6_N005,URBAN_6_N005,DAM,MCE,LMP_ENE_PRC,URBAN_6_N005,ALL,1,29.14457,159
2017-09-09T02:00:00-00:00,2017-09-09T03:00:00-00:00,2017-09-08,20,0,URBAN_6_N005,URBAN_6_N005,URBAN_6_N005,DAM,MCE,LMP_ENE_PRC,URBAN_6_N005,ALL,1,53.86876,159
2017-09-08T09:00:00-00:00,2017-09-08T10:00:00-00:00,2017-09-08,3,0,URBAN_6_N005,URBAN_6_N005,URBAN_6_N005,DAM,MCE,LMP_ENE_PRC,URBAN_6_N005,ALL,1,28.0891,159
2017-09-08T07:00:00-00:00,2017-09-08T08:00:00-00:00,2017-09-08,1,0,URBAN_6_N005,URBAN_6_N005,URBAN_6_N005,DAM,MCE,LMP_ENE_PRC,URBAN_6_N005,ALL,1,32.06907,159
2017-09-08T19:00:00-00:00,2017-09-08T20:00:00-00:00,2017-09-08,13,0,URBAN_6_N005,URBAN_6_N005,URBAN_6_N005,DAM,MCE,LMP_ENE_PRC,URBAN_6_N005,ALL,1,33.96747,159
2017-09-09T06:00:00-00:00,2017-09-09T07:00:00-00:00,2017-09-08,24,0,URBAN_6_N005,URBAN_6_N005,URBAN_6_N005,DAM,MCE,LMP_ENE_PRC,URBAN_6_N005,ALL,1,32.81789,159
2017-09-08T15:00:00-00:00,2017-09-08T16:00:00-00:00,2017-09-08,9,0,URBAN_6_N005,URBAN_6_N005,URBAN_6_N005,DAM,MCE,LMP_ENE_PRC,URBAN_6_N005,ALL,1,31.68831,159
2017-09-09T01:00:00-00:00,2017-09-09T02:00:00-00:00,2017-09-08,19,0,URBAN_6_N005,URBAN_6_N005,URBAN_6_N005,DAM,MCE,LMP_ENE_PRC,URBAN_6_N005,ALL,1,60.75472,159
2017-09-08T22:00:00-00:00,2017-09-08T23:00:00-00:00,2017-09-08,16,0,URBAN_6_N005,URBAN_6_N005,URBAN_6_N005,DAM,MCE,LMP_ENE_PRC,URBAN_6_N005,ALL,1,38.92804,159
2017-09-08T21:00:00-00:00,2017-09-08T22:00:00-00:00,2017-09-08,15,0,URBAN_6_N005,URBAN_6_N005,URBAN_6_N005,DAM,MCE,LMP_ENE_PRC,URBAN_6_N005,ALL,1,37.08949,159
2017-09-08T10:00:00-00:00,2017-09-08T11:00:00-00:00,2017-09-08,4,0,URBAN_6_N005,URBAN_6_N005,URBAN_6_N005,DAM,MCE,LMP_ENE_PRC,URBAN_6_N005,ALL,1,27.8963,159
2017-09-09T00:00:00-00:00,2017-09-09T01:00:00-00:00,2017-09-08,18,0,URBAN_6_N005,URBAN_6_N005,URBAN_6_N005,DAM,MCE,LMP_ENE_PRC,URBAN_6_N005,ALL,1,51.17578,159
2017-09-08T18:00:00-00:00,2017-09-08T19:00:00-00:00,2017-09-08,12,0,URBAN_6_N005,URBAN_6_N005,URBAN_6_N005,DAM,MCE,LMP_ENE_PRC,URBAN_6_N005,ALL,1,31.90305,159
2017-09-08T13:00:00-00:00,2017-09-08T14:00:00-00:00,2017-09-08,7,0,URBAN_6_N005,URBAN_6_N005,URBAN_6_N005,DAM,MCE,LMP_ENE_PRC,URBAN_6_N005,ALL,1,38.86713,159
2017-09-09T03:00:00-00:00,2017-09-09T04:00:00-00:00,2017-09-08,21,0,URBAN_6_N005,URBAN_6_N005,URBAN_6_N005,DAM,MCE,LMP_ENE_PRC,URBAN_6_N005,ALL,1,50.42539,159
2017-09-08T20:00:00-00:00,2017-09-08T21:00:00-00:00,2017-09-08,14,0,URBAN_6_N005,URBAN_6_N005,URBAN_6_N005,DAM,MCE,LMP_ENE_PRC,URBAN_6_N005,ALL,1,36.44503,159
2017-09-09T05:00:00-00:00,2017-09-09T06:00:00-00:00,2017-09-08,23,0,URBAN_6_N005,URBAN_6_N005,URBAN_6_N005,DAM,MCE,LMP_ENE_PRC,URBAN_6_N005,ALL,1,37.58429,159
2017-09-08T14:00:00-00:00,2017-09-08T15:00:00-00:00,2017-09-08,8,0,URBAN_6_N005,URBAN_6_N005,URBAN_6_N005,DAM,MCE,LMP_ENE_PRC,URBAN_6_N005,ALL,1,40.16328,159
2017-09-08T11:00:00-00:00,2017-09-08T12:00:00-00:00,2017-09-08,5,0,URBAN_6_N005,URBAN_6_N005,URBAN_6_N005,DAM,MCE,LMP_ENE_PRC,URBAN_6_N005,ALL,1,28.74433,159
2017-09-08T23:00:00-00:00,2017-09-09T00:00:00-00:00,2017-09-08,17,0,URBAN_6_N005,URBAN_6_N005,URBAN_6_N005,DAM,MCE,LMP_ENE_PRC,URBAN_6_N005,ALL,1,45.2565,159
2017-09-09T04:00:00-00:00,2017-09-09T05:00:00-00:00,2017-09-08,22,0,URBAN_6_N005,URBAN_6_N005,URBAN_6_N005,DAM,MCE,LMP_ENE_PRC,URBAN_6_N005,ALL,1,44.26343,159
2017-09-08T08:00:00-00:00,2017-09-08T09:00:00-00:00,2017-09-08,2,0,URBAN_6_N005,URBAN_6_N005,URBAN_6_N005,DAM,MCL,LMP_LOSS_PRC,URBAN_6_N005,ALL,1,-0.43465,160
2017-09-08T13:00:00-00:00,2017-09-08T14:00:00-00:00,2017-09-08,7,0,URBAN_6_N005,URBAN_6_N005,URBAN_6_N005,DAM,MCL,LMP_LOSS_PRC,URBAN_6_N005,ALL,1,0.18656,160
2017-09-08T21:00:00-00:00,2017-09-08T22:00:00-00:00,2017-09-08,15,0,URBAN_6_N005,URBAN_6_N005,URBAN_6_N005,DAM,MCL,LMP_LOSS_PRC,URBAN_6_N005,ALL,1,0.35235,160
2017-09-09T05:00:00-00:00,2017-09-09T06:00:00-00:00,2017-09-08,23,0,URBAN_6_N005,URBAN_6_N005,URBAN_6_N005,DAM,MCL,LMP_LOSS_PRC,URBAN_6_N005,ALL,1,-0.19544,160
2017-09-08T14:00:00-00:00,2017-09-08T15:00:00-00:00,2017-09-08,8,0,URBAN_6_N005,URBAN_6_N005,URBAN_6_N005,DAM,MCL,LMP_LOSS_PRC,URBAN_6_N005,ALL,1,-0.16869,160
2017-09-08T15:00:00-00:00,2017-09-08T16:00:00-00:00,2017-09-08,9,0,URBAN_6_N005,URBAN_6_N005,URBAN_6_N005,DAM,MCL,LMP_LOSS_PRC,URBAN_6_N005,ALL,1,-0.34223,160
2017-09-08T12:00:00-00:00,2017-09-08T13:00:00-00:00,2017-09-08,6,0,URBAN_6_N005,URBAN_6_N005,URBAN_6_N005,DAM,MCL,LMP_LOSS_PRC,URBAN_6_N005,ALL,1,-0.08857,160
2017-09-08T22:00:00-00:00,2017-09-08T23:00:00-00:00,2017-09-08,16,0,URBAN_6_N005,URBAN_6_N005,URBAN_6_N005,DAM,MCL,LMP_LOSS_PRC,URBAN_6_N005,ALL,1,0.52942,160
2017-09-08T20:00:00-00:00,2017-09-08T21:00:00-00:00,2017-09-08,14,0,URBAN_6_N005,URBAN_6_N005,URBAN_6_N005,DAM,MCL,LMP_LOSS_PRC,URBAN_6_N005,ALL,1,0.21138,160
2017-09-08T10:00:00-00:00,2017-09-08T11:00:00-00:00,2017-09-08,4,0,URBAN_6_N005,URBAN_6_N005,URBAN_6_N005,DAM,MCL,LMP_LOSS_PRC,URBAN_6_N005,ALL,1,-0.04742,160
2017-09-09T00:00:00-00:00,2017-09-09T01:00:00-00:00,2017-09-08,18,0,URBAN_6_N005,URBAN_6_N005,URBAN_6_N005,DAM,MCL,LMP_LOSS_PRC,URBAN_6_N005,ALL,1,0.16888,160
2017-09-08T07:00:00-00:00,2017-09-08T08:00:00-00:00,2017-09-08,1,0,URBAN_6_N005,URBAN_6_N005,URBAN_6_N005,DAM,MCL,LMP_LOSS_PRC,URBAN_6_N005,ALL,1,-0.62535,160
2017-09-08T18:00:00-00:00,2017-09-08T19:00:00-00:00,2017-09-08,12,0,URBAN_6_N005,URBAN_6_N005,URBAN_6_N005,DAM,MCL,LMP_LOSS_PRC,URBAN_6_N005,ALL,1,-0.03509,160
2017-09-08T17:00:00-00:00,2017-09-08T18:00:00-00:00,2017-09-08,11,0,URBAN_6_N005,URBAN_6_N005,URBAN_6_N005,DAM,MCL,LMP_LOSS_PRC,URBAN_6_N005,ALL,1,-0.14254,160
2017-09-09T06:00:00-00:00,2017-09-09T07:00:00-00:00,2017-09-08,24,0,URBAN_6_N005,URBAN_6_N005,URBAN_6_N005,DAM,MCL,LMP_LOSS_PRC,URBAN_6_N005,ALL,1,-0.51196,160
2017-09-09T01:00:00-00:00,2017-09-09T02:00:00-00:00,2017-09-08,19,0,URBAN_6_N005,URBAN_6_N005,URBAN_6_N005,DAM,MCL,LMP_LOSS_PRC,URBAN_6_N005,ALL,1,0.19442,160
2017-09-09T02:00:00-00:00,2017-09-09T03:00:00-00:00,2017-09-08,20,0,URBAN_6_N005,URBAN_6_N005,URBAN_6_N005,DAM,MCL,LMP_LOSS_PRC,URBAN_6_N005,ALL,1,0.18315,160
2017-09-08T19:00:00-00:00,2017-09-08T20:00:00-00:00,2017-09-08,13,0,URBAN_6_N005,URBAN_6_N005,URBAN_6_N005,DAM,MCL,LMP_LOSS_PRC,URBAN_6_N005,ALL,1,0.05435,160
2017-09-08T11:00:00-00:00,2017-09-08T12:00:00-00:00,2017-09-08,5,0,URBAN_6_N005,URBAN_6_N005,URBAN_6_N005,DAM,MCL,LMP_LOSS_PRC,URBAN_6_N005,ALL,1,-0.05174,160
2017-09-08T09:00:00-00:00,2017-09-08T10:00:00-00:00,2017-09-08,3,0,URBAN_6_N005,URBAN_6_N005,URBAN_6_N005,DAM,MCL,LMP_LOSS_PRC,URBAN_6_N005,ALL,1,-0.11236,160
2017-09-08T16:00:00-00:00,2017-09-08T17:00:00-00:00,2017-09-08,10,0,URBAN_6_N005,URBAN_6_N005,URBAN_6_N005,DAM,MCL,LMP_LOSS_PRC,URBAN_6_N005,ALL,1,-0.23607,160
2017-09-08T23:00:00-00:00,2017-09-09T00:00:00-00:00,2017-09-08,17,0,URBAN_6_N005,URBAN_6_N005,URBAN_6_N005,DAM,MCL,LMP_LOSS_PRC,URBAN_6_N005,ALL,1,0.28964,160
2017-09-09T04:00:00-00:00,2017-09-09T05:00:00-00:00,2017-09-08,22,0,URBAN_6_N005,URBAN_6_N005,URBAN_6_N005,DAM,MCL,LMP_LOSS_PRC,URBAN_6_N005,ALL,1,0.24788,160
2017-09-09T03:00:00-00:00,2017-09-09T04:00:00-00:00,2017-09-08,21,0,URBAN_6_N005,URBAN_6_N005,URBAN_6_N005,DAM,MCL,LMP_LOSS_PRC,URBAN_6_N005,ALL,1,0.42357,160
2017-09-09T12:00:00-00:00,2017-09-09T13:00:00-00:00,2017-09-09,6,0,BAYSHOR2_1_N001,BAYSHOR2_1_N001,BAYSHOR2_1_N001,DAM,LMP,LMP_PRC,BAYSHOR2_1_N001,ALL,1,33.99683,161
2017-09-10T06:00:00-00:00,2017-09-10T07:00:00-00:00,2017-09-09,24,0,BAYSHOR2_1_N001,BAYSHOR2_1_N001,BAYSHOR2_1_N001,DAM,LMP,LMP_PRC,BAYSHOR2_1_N001,ALL,1,33.88743,161
2017-09-10T00:00:00-00:00,2017-09-10T01:00:00-00:00,2017-09-09,18,0,BAYSHOR2_1_N001,BAYSHOR2_1_N001,BAYSHOR2_1_N001,DAM,LMP,LMP_PRC,BAYSHOR2_1_N001,ALL,1,44.09641,161
2017-09-09T11:00:00-00:00,2017-09-09T12:00:00-00:00,2017-09-09,5,0,BAYSHOR2_1_N001,BAYSHOR2_1_N001,BAYSHOR2_1_N001,DAM,LMP,LMP_PRC,BAYSHOR2_1_N001,ALL,1,31.85433,161
2017-09-09T13:00:00-00:00,2017-09-09T14:00:00-00:00,2017-09-09,7,0,BAYSHOR2_1_N001,BAYSHOR2_1_N001,BAYSHOR2_1_N001,DAM,LMP,LMP_PRC,BAYSHOR2_1_N001,ALL,1,32.92731,161
2017-09-09T08:00:00-00:00,2017-09-09T09:00:00-00:00,2017-09-09,2,0,BAYSHOR2_1_N001,BAYSHOR2_1_N001,BAYSHOR2_1_N001,DAM,LMP,LMP_PRC,BAYSHOR2_1_N001,ALL,1,31.2871,161
2017-09-09T16:00:00-00:00,2017-09-09T17:00:00-00:00,2017-09-09,10,0,BAYSHOR2_1_N001,BAYSHOR2_1_N001,BAYSHOR2_1_N001,DAM,LMP,LMP_PRC,BAYSHOR2_1_N001,ALL,1,23.57008,161
2017-09-09T22:00:00-00:00,2017-09-09T23:00:00-00:00,2017-09-09,16,0,BAYSHOR2_1_N001,BAYSHOR2_1_N001,BAYSHOR2_1_N001,DAM,LMP,LMP_PRC,BAYSHOR2_1_N001,ALL,1,36.51096,161
2017-09-09T14:00:00-00:00,2017-09-09T15:00:00-00:00,2017-09-09,8,0,BAYSHOR2_1_N001,BAYSHOR2_1_N001,BAYSHOR2_1_N001,DAM,LMP,LMP_PRC,BAYSHOR2_1_N001,ALL,1,31.70977,161
2017-09-09T19:00:00-00:00,2017-09-09T20:00:00-00:00,2017-09-09,13,0,BAYSHOR2_1_N001,BAYSHOR2_1_N001,BAYSHOR2_1_N001,DAM,LMP,LMP_PRC,BAYSHOR2_1_N001,ALL,1,28.80419,161
2017-09-09T07:00:00-00:00,2017-09-09T08:00:00-00:00,2017-09-09,1,0,BAYSHOR2_1_N001,BAYSHOR2_1_N001,BAYSHOR2_1_N001,DAM,LMP,LMP_PRC,BAYSHOR2_1_N001,ALL,1,32.50131,161
2017-09-10T01:00:00-00:00,2017-09-10T02:00:00-00:00,2017-09-09,19,0,BAYSHOR2_1_N001,BAYSHOR2_1_N001,BAYSHOR2_1_N001,DAM,LMP,LMP_PRC,BAYSHOR2_1_N001,ALL,1,55.00736,161
2017-09-09T21:00:00-00:00,2017-09-09T22:00:00-00:00,2017-09-09,15,0,BAYSHOR2_1_N001,BAYSHOR2_1_N001,BAYSHOR2_1_N001,DAM,LMP,LMP_PRC,BAYSHOR2_1_N001,ALL,1,34.16886,161
2017-09-09T23:00:00-00:00,2017-09-10T00:00:00-00:00,2017-09-09,17,0,BAYSHOR2_1_N001,BAYSHOR2_1_N001,BAYSHOR2_1_N001,DAM,LMP,LMP_PRC,BAYSHOR2_1_N001,ALL,1,39.44429,161
2017-09-09T09:00:00-00:00,2017-09-09T10:00:00-00:00,2017-09-09,3,0,BAYSHOR2_1_N001,BAYSHOR2_1_N001,BAYSHOR2_1_N001,DAM,LMP,LMP_PRC,BAYSHOR2_1_N001,ALL,1,31.21386,161
2017-09-09T10:00:00-00:00,2017-09-09T11:00:00-00:00,2017-09-09,4,0,BAYSHOR2_1_N001,BAYSHOR2_1_N001,BAYSHOR2_1_N001,DAM,LMP,LMP_PRC,BAYSHOR2_1_N001,ALL,1,30.15255,161
2017-09-10T03:00:00-00:00,2017-09-10T04:00:00-00:00,2017-09-09,21,0,BAYSHOR2_1_N001,BAYSHOR2_1_N001,BAYSHOR2_1_N001,DAM,LMP,LMP_PRC,BAYSHOR2_1_N001,ALL,1,48.47436,161
2017-09-10T05:00:00-00:00,2017-09-10T06:00:00-00:00,2017-09-09,23,0,BAYSHOR2_1_N001,BAYSHOR2_1_N001,BAYSHOR2_1_N001,DAM,LMP,LMP_PRC,BAYSHOR2_1_N001,ALL,1,37.33143,161
2017-09-09T15:00:00-00:00,2017-09-09T16:00:00-00:00,2017-09-09,9,0,BAYSHOR2_1_N001,BAYSHOR2_1_N001,BAYSHOR2_1_N001,DAM,LMP,LMP_PRC,BAYSHOR2_1_N001,ALL,1,26.67062,161
2017-09-09T18:00:00-00:00,2017-09-09T19:00:00-00:00,2017-09-09,12,0,BAYSHOR2_1_N001,BAYSHOR2_1_N001,BAYSHOR2_1_N001,DAM,LMP,LMP_PRC,BAYSHOR2_1_N001,ALL,1,26.32092,161
2017-09-09T20:00:00-00:00,2017-09-09T21:00:00-00:00,2017-09-09,14,0,BAYSHOR2_1_N001,BAYSHOR2_1_N001,BAYSHOR2_1_N001,DAM,LMP,LMP_PRC,BAYSHOR2_1_N001,ALL,1,31.54881,161
2017-09-09T17:00:00-00:00,2017-09-09T18:00:00-00:00,2017-09-09,11,0,BAYSHOR2_1_N001,BAYSHOR2_1_N001,BAYSHOR2_1_N001,DAM,LMP,LMP_PRC,BAYSHOR2_1_N001,ALL,1,24.21011,161
2017-09-10T02:00:00-00:00,2017-09-10T03:00:00-00:00,2017-09-09,20,0,BAYSHOR2_1_N001,BAYSHOR2_1_N001,BAYSHOR2_1_N001,DAM,LMP,LMP_PRC,BAYSHOR2_1_N001,ALL,1,63.19024,161
2017-09-10T04:00:00-00:00,2017-09-10T05:00:00-00:00,2017-09-09,22,0,BAYSHOR2_1_N001,BAYSHOR2_1_N001,BAYSHOR2_1_N001,DAM,LMP,LMP_PRC,BAYSHOR2_1_N001,ALL,1,42.2653,161
2017-09-09T16:00:00-00:00,2017-09-09T17:00:00-00:00,2017-09-09,10,0,BAYSHOR2_1_N001,BAYSHOR2_1_N001,BAYSHOR2_1_N001,DAM,MCC,LMP_CONG_PRC,BAYSHOR2_1_N001,ALL,1,-0.0094,162
2017-09-09T15:00:00-00:00,2017-09-09T16:00:00-00:00,2017-09-09,9,0,BAYSHOR2_1_N001,BAYSHOR2_1_N001,BAYSHOR2_1_N001,DAM,MCC,LMP_CONG_PRC,BAYSHOR2_1_N001,ALL,1,0,162
2017-09-10T03:00:00-00:00,2017-09-10T04:00:00-00:00,2017-09-09,21,0,BAYSHOR2_1_N001,BAYSHOR2_1_N001,BAYSHOR2_1_N001,DAM,MCC,LMP_CONG_PRC,BAYSHOR2_1_N001,ALL,1,0,162
2017-09-10T02:00:00-00:00,2017-09-10T03:00:00-00:00,2017-09-09,20,0,BAYSHOR2_1_N001,BAYSHOR2_1_N001,BAYSHOR2_1_N001,DAM,MCC,LMP_CONG_PRC,BAYSHOR2_1_N001,ALL,1,0,162
2017-09-10T05:00:00-00:00,2017-09-10T06:00:00-00:00,2017-09-09,23,0,BAYSHOR2_1_N001,BAYSHOR2_1_N001,BAYSHOR2_1_N001,DAM,MCC,LMP_CONG_PRC,BAYSHOR2_1_N001,ALL,1,-0.03247,162
2017-09-09T10:00:00-00:00,2017-09-09T11:00:00-00:00,2017-09-09,4,0,BAYSHOR2_1_N001,BAYSHOR2_1_N001,BAYSHOR2_1_N001,DAM,MCC,LMP_CONG_PRC,BAYSHOR2_1_N001,ALL,1,0,162
2017-09-10T00:00:00-00:00,2017-09-10T01:00:00-00:00,2017-09-09,18,0,BAYSHOR2_1_N001,BAYSHOR2_1_N001,BAYSHOR2_1_N001,DAM,MCC,LMP_CONG_PRC,BAYSHOR2_1_N001,ALL,1,0,162
2017-09-09T18:00:00-00:00,2017-09-09T19:00:00-00:00,2017-09-09,12,0,BAYSHOR2_1_N001,BAYSHOR2_1_N001,BAYSHOR2_1_N001,DAM,MCC,LMP_CONG_PRC,BAYSHOR2_1_N001,ALL,1,0,162
2017-09-10T06:00:00-00:00,2017-09-10T07:00:00-00:00,2017-09-09,24,0,BAYSHOR2_1_N001,BAYSHOR2_1_N001,BAYSHOR2_1_N001,DAM,MCC,LMP_CONG_PRC,BAYSHOR2_1_N001,ALL,1,0,162
2017-09-10T04:00:00-00:00,2017-09-10T05:00:00-00:00,2017-09-09,22,0,BAYSHOR2_1_N001,BAYSHOR2_1_N001,BAYSHOR2_1_N001,DAM,MCC,LMP_CONG_PRC,BAYSHOR2_1_N001,ALL,1,0,162
2017-09-09T07:00:00-00:00,2017-09-09T08:00:00-00:00,2017-09-09,1,0,BAYSHOR2_1_N001,BAYSHOR2_1_N001,BAYSHOR2_1_N001,DAM,MCC,LMP_CONG_PRC,BAYSHOR2_1_N001,ALL,1,0,162
2017-09-09T13:00:00-00:00,2017-09-09T14:00:00-00:00,2017-09-09,7,0,BAYSHOR2_1_N001,BAYSHOR2_1_N001,BAYSHOR2_1_N001,DAM,MCC,LMP_CONG_PRC,BAYSHOR2_1_N001,ALL,1,0,162
2017-09-09T22:00:00-00:00,2017-09-09T23:00:00-00:00,2017-09-09,16,0,BAYSHOR2_1_N001,BAYSHOR2_1_N001,BAYSHOR2_1_N001,DAM,MCC,LMP_CONG_PRC,BAYSHOR2_1_N001,ALL,1,0,162
2017-09-09T21:00:00-00:00,2017-09-09T22:00:00-00:00,2017-09-09,15,0,BAYSHOR2_1_N001,BAYSHOR2_1_N001,BAYSHOR2_1_N001,DAM,MCC,LMP_CONG_PRC,BAYSHOR2_1_N001,ALL,1,0,162
2017-09-10T01:00:00-00:00,2017-09-10T02:00:00-00:00,2017-09-09,19,0,BAYSHOR2_1_N001,BAYSHOR2_1_N001,BAYSHOR2_1_N001,DAM,MCC,LMP_CONG_PRC,BAYSHOR2_1_N001,ALL,1,0,162
2017-09-09T20:00:00-00:00,2017-09-09T21:00:00-00:00,2017-09-09,14,0,BAYSHOR2_1_N001,BAYSHOR2_1_N001,BAYSHOR2_1_N001,DAM,MCC,LMP_CONG_PRC,BAYSHOR2_1_N001,ALL,1,0,162
2017-09-09T23:00:00-00:00,2017-09-10T00:00:00-00:00,2017-09-09,17,0,BAYSHOR2_1_N001,BAYSHOR2_1_N001,BAYSHOR2_1_N001,DAM,MCC,LMP_CONG_PRC,BAYSHOR2_1_N001,ALL,1,0,162
2017-09-09T11:00:00-00:00,2017-09-09T12:00:00-00:00,2017-09-09,5,0,BAYSHOR2_1_N001,BAYSHOR2_1_N001,BAYSHOR2_1_N001,DAM,MCC,LMP_CONG_PRC,BAYSHOR2_1_N001,ALL,1,0,162
2017-09-09T19:00:00-00:00,2017-09-09T20:00:00-00:00,2017-09-09,13,0,BAYSHOR2_1_N001,BAYSHOR2_1_N001,BAYSHOR2_1_N001,DAM,MCC,LMP_CONG_PRC,BAYSHOR2_1_N001,ALL,1,0,162
2017-09-09T08:00:00-00:00,2017-09-09T09:00:00-00:00,2017-09-09,2,0,BAYSHOR2_1_N001,BAYSHOR2_1_N001,BAYSHOR2_1_N001,DAM,MCC,LMP_CONG_PRC,BAYSHOR2_1_N001,ALL,1,0,162
2017-09-09T14:00:00-00:00,2017-09-09T15:00:00-00:00,2017-09-09,8,0,BAYSHOR2_1_N001,BAYSHOR2_1_N001,BAYSHOR2_1_N001,DAM,MCC,LMP_CONG_PRC,BAYSHOR2_1_N001,ALL,1,0,162
2017-09-09T12:00:00-00:00,2017-09-09T13:00:00-00:00,2017-09-09,6,0,BAYSHOR2_1_N001,BAYSHOR2_1_N001,BAYSHOR2_1_N001,DAM,MCC,LMP_CONG_PRC,BAYSHOR2_1_N001,ALL,1,0,162
2017-09-09T09:00:00-00:00,2017-09-09T10:00:00-00:00,2017-09-09,3,0,BAYSHOR2_1_N001,BAYSHOR2_1_N001,BAYSHOR2_1_N001,DAM,MCC,LMP_CONG_PRC,BAYSHOR2_1_N001,ALL,1,0,162
2017-09-09T17:00:00-00:00,2017-09-09T18:00:00-00:00,2017-09-09,11,0,BAYSHOR2_1_N001,BAYSHOR2_1_N001,BAYSHOR2_1_N001,DAM,MCC,LMP_CONG_PRC,BAYSHOR2_1_N001,ALL,1,0,162
2017-09-10T04:00:00-00:00,2017-09-10T05:00:00-00:00,2017-09-09,22,0,BAYSHOR2_1_N001,BAYSHOR2_1_N001,BAYSHOR2_1_N001,DAM,MCE,LMP_ENE_PRC,BAYSHOR2_1_N001,ALL,1,40.95475,163
2017-09-10T03:00:00-00:00,2017-09-10T04:00:00-00:00,2017-09-09,21,0,BAYSHOR2_1_N001,BAYSHOR2_1_N001,BAYSHOR2_1_N001,DAM,MCE,LMP_ENE_PRC,BAYSHOR2_1_N001,ALL,1,47.03508,163
2017-09-10T02:00:00-00:00,2017-09-10T03:00:00-00:00,2017-09-09,20,0,BAYSHOR2_1_N001,BAYSHOR2_1_N001,BAYSHOR2_1_N001,DAM,MCE,LMP_ENE_PRC,BAYSHOR2_1_N001,ALL,1,61.46312,163
2017-09-09T07:00:00-00:00,2017-09-09T08:00:00-00:00,2017-09-09,1,0,BAYSHOR2_1_N001,BAYSHOR2_1_N001,BAYSHOR2_1_N001,DAM,MCE,LMP_ENE_PRC,BAYSHOR2_1_N001,ALL,1,31.42348,163
2017-09-09T23:00:00-00:00,2017-09-10T00:00:00-00:00,2017-09-09,17,0,BAYSHOR2_1_N001,BAYSHOR2_1_N001,BAYSHOR2_1_N001,DAM,MCE,LMP_ENE_PRC,BAYSHOR2_1_N001,ALL,1,37.9418,163
2017-09-09T18:00:00-00:00,2017-09-09T19:00:00-00:00,2017-09-09,12,0,BAYSHOR2_1_N001,BAYSHOR2_1_N001,BAYSHOR2_1_N001,DAM,MCE,LMP_ENE_PRC,BAYSHOR2_1_N001,ALL,1,24.97715,163
2017-09-09T13:00:00-00:00,2017-09-09T14:00:00-00:00,2017-09-09,7,0,BAYSHOR2_1_N001,BAYSHOR2_1_N001,BAYSHOR2_1_N001,DAM,MCE,LMP_ENE_PRC,BAYSHOR2_1_N001,ALL,1,31.86616,163
2017-09-09T16:00:00-00:00,2017-09-09T17:00:00-00:00,2017-09-09,10,0,BAYSHOR2_1_N001,BAYSHOR2_1_N001,BAYSHOR2_1_N001,DAM,MCE,LMP_ENE_PRC,BAYSHOR2_1_N001,ALL,1,22.3481,163
2017-09-10T00:00:00-00:00,2017-09-10T01:00:00-00:00,2017-09-09,18,0,BAYSHOR2_1_N001,BAYSHOR2_1_N001,BAYSHOR2_1_N001,DAM,MCE,LMP_ENE_PRC,BAYSHOR2_1_N001,ALL,1,42.67945,163
2017-09-09T21:00:00-00:00,2017-09-09T22:00:00-00:00,2017-09-09,15,0,BAYSHOR2_1_N001,BAYSHOR2_1_N001,BAYSHOR2_1_N001,DAM,MCE,LMP_ENE_PRC,BAYSHOR2_1_N001,ALL,1,32.72879,163
2017-09-09T14:00:00-00:00,2017-09-09T15:00:00-00:00,2017-09-09,8,0,BAYSHOR2_1_N001,BAYSHOR2_1_N001,BAYSHOR2_1_N001,DAM,MCE,LMP_ENE_PRC,BAYSHOR2_1_N001,ALL,1,30.56953,163
2017-09-10T06:00:00-00:00,2017-09-10T07:00:00-00:00,2017-09-09,24,0,BAYSHOR2_1_N001,BAYSHOR2_1_N001,BAYSHOR2_1_N001,DAM,MCE,LMP_ENE_PRC,BAYSHOR2_1_N001,ALL,1,32.55276,163
2017-09-09T11:00:00-00:00,2017-09-09T12:00:00-00:00,2017-09-09,5,0,BAYSHOR2_1_N001,BAYSHOR2_1_N001,BAYSHOR2_1_N001,DAM,MCE,LMP_ENE_PRC,BAYSHOR2_1_N001,ALL,1,30.77713,163
2017-09-09T22:00:00-00:00,2017-09-09T23:00:00-00:00,2017-09-09,16,0,BAYSHOR2_1_N001,BAYSHOR2_1_N001,BAYSHOR2_1_N001,DAM,MCE,LMP_ENE_PRC,BAYSHOR2_1_N001,ALL,1,35.16756,163
2017-09-09T19:00:00-00:00,2017-09-09T20:00:00-00:00,2017-09-09,13,0,BAYSHOR2_1_N001,BAYSHOR2_1_N001,BAYSHOR2_1_N001,DAM,MCE,LMP_ENE_PRC,BAYSHOR2_1_N001,ALL,1,27.50328,163
2017-09-09T12:00:00-00:00,2017-09-09T13:00:00-00:00,2017-09-09,6,0,BAYSHOR2_1_N001,BAYSHOR2_1_N001,BAYSHOR2_1_N001,DAM,MCE,LMP_ENE_PRC,BAYSHOR2_1_N001,ALL,1,32.8567,163
2017-09-09T10:00:00-00:00,2017-09-09T11:00:00-00:00,2017-09-09,4,0,BAYSHOR2_1_N001,BAYSHOR2_1_N001,BAYSHOR2_1_N001,DAM,MCE,LMP_ENE_PRC,BAYSHOR2_1_N001,ALL,1,29.15261,163
2017-09-10T01:00:00-00:00,2017-09-10T02:00:00-00:00,2017-09-09,19,0,BAYSHOR2_1_N001,BAYSHOR2_1_N001,BAYSHOR2_1_N001,DAM,MCE,LMP_ENE_PRC,BAYSHOR2_1_N001,ALL,1,53.27073,163
2017-09-09T08:00:00-00:00,2017-09-09T09:00:00-00:00,2017-09-09,2,0,BAYSHOR2_1_N001,BAYSHOR2_1_N001,BAYSHOR2_1_N001,DAM,MCE,LMP_ENE_PRC,BAYSHOR2_1_N001,ALL,1,30.18534,163
2017-09-09T15:00:00-00:00,2017-09-09T16:00:00-00:00,2017-09-09,9,0,BAYSHOR2_1_N001,BAYSHOR2_1_N001,BAYSHOR2_1_N001,DAM,MCE,LMP_ENE_PRC,BAYSHOR2_1_N001,ALL,1,25.4831,163
2017-09-10T05:00:00-00:00,2017-09-10T06:00:00-00:00,2017-09-09,23,0,BAYSHOR2_1_N001,BAYSHOR2_1_N001,BAYSHOR2_1_N001,DAM,MCE,LMP_ENE_PRC,BAYSHOR2_1_N001,ALL,1,35.95102,163
2017-09-09T09:00:00-00:00,2017-09-09T10:00:00-00:00,2017-09-09,3,0,BAYSHOR2_1_N001,BAYSHOR2_1_N001,BAYSHOR2_1_N001,DAM,MCE,LMP_ENE_PRC,BAYSHOR2_1_N001,ALL,1,30.23134,163
2017-09-09T17:00:00-00:00,2017-09-09T18:00:00-00:00,2017-09-09,11,0,BAYSHOR2_1_N001,BAYSHOR2_1_N001,BAYSHOR2_1_N001,DAM,MCE,LMP_ENE_PRC,BAYSHOR2_1_N001,ALL,1,22.9741,163
2017-09-09T20:00:00-00:00,2017-09-09T21:00:00-00:00,2017-09-09,14,0,BAYSHOR2_1_N001,BAYSHOR2_1_N001,BAYSHOR2_1_N001,DAM,MCE,LMP_ENE_PRC,BAYSHOR2_1_N001,ALL,1,30.21917,163
2017-09-09T17:00:00-00:00,2017-09-09T18:00:00-00:00,2017-09-09,11,0,BAYSHOR2_1_N001,BAYSHOR2_1_N001,BAYSHOR2_1_N001,DAM,MCL,LMP_LOSS_PRC,BAYSHOR2_1_N001,ALL,1,1.23601,164
2017-09-09T23:00:00-00:00,2017-09-10T00:00:00-00:00,2017-09-09,17,0,BAYSHOR2_1_N001,BAYSHOR2_1_N001,BAYSHOR2_1_N001,DAM,MCL,LMP_LOSS_PRC,BAYSHOR2_1_N001,ALL,1,1.5025,164
2017-09-09T14:00:00-00:00,2017-09-09T15:00:00-00:00,2017-09-09,8,0,BAYSHOR2_1_N001,BAYSHOR2_1_N001,BAYSHOR2_1_N001,DAM,MCL,LMP_LOSS_PRC,BAYSHOR2_1_N001,ALL,1,1.14024,164
2017-09-09T20:00:00-00:00,2017-09-09T21:00:00-00:00,2017-09-09,14,0,BAYSHOR2_1_N001,BAYSHOR2_1_N001,BAYSHOR2_1_N001,DAM,MCL,LMP_LOSS_PRC,BAYSHOR2_1_N001,ALL,1,1.32964,164
2017-09-09T22:00:00-00:00,2017-09-09T23:00:00-00:00,2017-09-09,16,0,BAYSHOR2_1_N001,BAYSHOR2_1_N001,BAYSHOR2_1_N001,DAM,MCL,LMP_LOSS_PRC,BAYSHOR2_1_N001,ALL,1,1.3434,164
2017-09-10T00:00:00-00:00,2017-09-10T01:00:00-00:00,2017-09-09,18,0,BAYSHOR2_1_N001,BAYSHOR2_1_N001,BAYSHOR2_1_N001,DAM,MCL,LMP_LOSS_PRC,BAYSHOR2_1_N001,ALL,1,1.41696,164
2017-09-09T11:00:00-00:00,2017-09-09T12:00:00-00:00,2017-09-09,5,0,BAYSHOR2_1_N001,BAYSHOR2_1_N001,BAYSHOR2_1_N001,DAM,MCL,LMP_LOSS_PRC,BAYSHOR2_1_N001,ALL,1,1.0772,164
2017-09-09T13:00:00-00:00,2017-09-09T14:00:00-00:00,2017-09-09,7,0,BAYSHOR2_1_N001,BAYSHOR2_1_N001,BAYSHOR2_1_N001,DAM,MCL,LMP_LOSS_PRC,BAYSHOR2_1_N001,ALL,1,1.06114,164
2017-09-10T05:00:00-00:00,2017-09-10T06:00:00-00:00,2017-09-09,23,0,BAYSHOR2_1_N001,BAYSHOR2_1_N001,BAYSHOR2_1_N001,DAM,MCL,LMP_LOSS_PRC,BAYSHOR2_1_N001,ALL,1,1.41288,164
2017-09-10T06:00:00-00:00,2017-09-10T07:00:00-00:00,2017-09-09,24,0,BAYSHOR2_1_N001,BAYSHOR2_1_N001,BAYSHOR2_1_N001,DAM,MCL,LMP_LOSS_PRC,BAYSHOR2_1_N001,ALL,1,1.33466,164
2017-09-09T16:00:00-00:00,2017-09-09T17:00:00-00:00,2017-09-09,10,0,BAYSHOR2_1_N001,BAYSHOR2_1_N001,BAYSHOR2_1_N001,DAM,MCL,LMP_LOSS_PRC,BAYSHOR2_1_N001,ALL,1,1.23138,164
2017-09-09T18:00:00-00:00,2017-09-09T19:00:00-00:00,2017-09-09,12,0,BAYSHOR2_1_N001,BAYSHOR2_1_N001,BAYSHOR2_1_N001,DAM,MCL,LMP_LOSS_PRC,BAYSHOR2_1_N001,ALL,1,1.34377,164
2017-09-09T10:00:00-00:00,2017-09-09T11:00:00-00:00,2017-09-09,4,0,BAYSHOR2_1_N001,BAYSHOR2_1_N001,BAYSHOR2_1_N001,DAM,MCL,LMP_LOSS_PRC,BAYSHOR2_1_N001,ALL,1,0.99993,164
2017-09-09T12:00:00-00:00,2017-09-09T13:00:00-00:00,2017-09-09,6,0,BAYSHOR2_1_N001,BAYSHOR2_1_N001,BAYSHOR2_1_N001,DAM,MCL,LMP_LOSS_PRC,BAYSHOR2_1_N001,ALL,1,1.14013,164
2017-09-10T02:00:00-00:00,2017-09-10T03:00:00-00:00,2017-09-09,20,0,BAYSHOR2_1_N001,BAYSHOR2_1_N001,BAYSHOR2_1_N001,DAM,MCL,LMP_LOSS_PRC,BAYSHOR2_1_N001,ALL,1,1.72711,164
2017-09-09T15:00:00-00:00,2017-09-09T16:00:00-00:00,2017-09-09,9,0,BAYSHOR2_1_N001,BAYSHOR2_1_N001,BAYSHOR2_1_N001,DAM,MCL,LMP_LOSS_PRC,BAYSHOR2_1_N001,ALL,1,1.18751,164
2017-09-09T09:00:00-00:00,2017-09-09T10:00:00-00:00,2017-09-09,3,0,BAYSHOR2_1_N001,BAYSHOR2_1_N001,BAYSHOR2_1_N001,DAM,MCL,LMP_LOSS_PRC,BAYSHOR2_1_N001,ALL,1,0.98252,164
2017-09-10T04:00:00-00:00,2017-09-10T05:00:00-00:00,2017-09-09,22,0,BAYSHOR2_1_N001,BAYSHOR2_1_N001,BAYSHOR2_1_N001,DAM,MCL,LMP_LOSS_PRC,BAYSHOR2_1_N001,ALL,1,1.31055,164
2017-09-09T08:00:00-00:00,2017-09-09T09:00:00-00:00,2017-09-09,2,0,BAYSHOR2_1_N001,BAYSHOR2_1_N001,BAYSHOR2_1_N001,DAM,MCL,LMP_LOSS_PRC,BAYSHOR2_1_N001,ALL,1,1.10176,164
2017-09-10T01:00:00-00:00,2017-09-10T02:00:00-00:00,2017-09-09,19,0,BAYSHOR2_1_N001,BAYSHOR2_1_N001,BAYSHOR2_1_N001,DAM,MCL,LMP_LOSS_PRC,BAYSHOR2_1_N001,ALL,1,1.73663,164
2017-09-09T19:00:00-00:00,2017-09-09T20:00:00-00:00,2017-09-09,13,0,BAYSHOR2_1_N001,BAYSHOR2_1_N001,BAYSHOR2_1_N001,DAM,MCL,LMP_LOSS_PRC,BAYSHOR2_1_N001,ALL,1,1.30091,164
2017-09-09T21:00:00-00:00,2017-09-09T22:00:00-00:00,2017-09-09,15,0,BAYSHOR2_1_N001,BAYSHOR2_1_N001,BAYSHOR2_1_N001,DAM,MCL,LMP_LOSS_PRC,BAYSHOR2_1_N001,ALL,1,1.44007,164
2017-09-09T07:00:00-00:00,2017-09-09T08:00:00-00:00,2017-09-09,1,0,BAYSHOR2_1_N001,BAYSHOR2_1_N001,BAYSHOR2_1_N001,DAM,MCL,LMP_LOSS_PRC,BAYSHOR2_1_N001,ALL,1,1.07783,164
2017-09-10T03:00:00-00:00,2017-09-10T04:00:00-00:00,2017-09-09,21,0,BAYSHOR2_1_N001,BAYSHOR2_1_N001,BAYSHOR2_1_N001,DAM,MCL,LMP_LOSS_PRC,BAYSHOR2_1_N001,ALL,1,1.43927,164
2017-09-09T07:00:00-00:00,2017-09-09T08:00:00-00:00,2017-09-09,1,0,TH_NP15_GEN-APND,TH_NP15_GEN-APND,TH_NP15_GEN-APND,DAM,LMP,LMP_PRC,TH_NP15_GEN-APND,ALL_APNODES,0,31.17838,165
2017-09-09T09:00:00-00:00,2017-09-09T10:00:00-00:00,2017-09-09,3,0,TH_NP15_GEN-APND,TH_NP15_GEN-APND,TH_NP15_GEN-APND,DAM,LMP,LMP_PRC,TH_NP15_GEN-APND,ALL_APNODES,0,30.05902,165
2017-09-09T14:00:00-00:00,2017-09-09T15:00:00-00:00,2017-09-09,8,0,TH_NP15_GEN-APND,TH_NP15_GEN-APND,TH_NP15_GEN-APND,DAM,LMP,LMP_PRC,TH_NP15_GEN-APND,ALL_APNODES,0,30.55425,165
2017-09-10T03:00:00-00:00,2017-09-10T04:00:00-00:00,2017-09-09,21,0,TH_NP15_GEN-APND,TH_NP15_GEN-APND,TH_NP15_GEN-APND,DAM,LMP,LMP_PRC,TH_NP15_GEN-APND,ALL_APNODES,0,46.23549,165
2017-09-09T15:00:00-00:00,2017-09-09T16:00:00-00:00,2017-09-09,9,0,TH_NP15_GEN-APND,TH_NP15_GEN-APND,TH_NP15_GEN-APND,DAM,LMP,LMP_PRC,TH_NP15_GEN-APND,ALL_APNODES,0,25.6462,165
2017-09-09T17:00:00-00:00,2017-09-09T18:00:00-00:00,2017-09-09,11,0,TH_NP15_GEN-APND,TH_NP15_GEN-APND,TH_NP15_GEN-APND,DAM,LMP,LMP_PRC,TH_NP15_GEN-APND,ALL_APNODES,0,23.0683,165
2017-09-09T21:00:00-00:00,2017-09-09T22:00:00-00:00,2017-09-09,15,0,TH_NP15_GEN-APND,TH_NP15_GEN-APND,TH_NP15_GEN-APND,DAM,LMP,LMP_PRC,TH_NP15_GEN-APND,ALL_APNODES,0,32.50623,165
2017-09-10T00:00:00-00:00,2017-09-10T01:00:00-00:00,2017-09-09,18,0,TH_NP15_GEN-APND,TH_NP15_GEN-APND,TH_NP15_GEN-APND,DAM,LMP,LMP_PRC,TH_NP15_GEN-APND,ALL_APNODES,0,42.00511,165
2017-09-10T04:00:00-00:00,2017-09-10T05:00:00-00:00,2017-09-09,22,0,TH_NP15_GEN-APND,TH_NP15_GEN-APND,TH_NP15_GEN-APND,DAM,LMP,LMP_PRC,TH_NP15_GEN-APND,ALL_APNODES,0,40.37319,165
2017-09-09T20:00:00-00:00,2017-09-09T21:00:00-00:00,2017-09-09,14,0,TH_NP15_GEN-APND,TH_NP15_GEN-APND,TH_NP15_GEN-APND,DAM,LMP,LMP_PRC,TH_NP15_GEN-APND,ALL_APNODES,0,30.06203,165
2017-09-10T05:00:00-00:00,2017-09-10T06:00:00-00:00,2017-09-09,23,0,TH_NP15_GEN-APND,TH_NP15_GEN-APND,TH_NP15_GEN-APND,DAM,LMP,LMP_PRC,TH_NP15_GEN-APND,ALL_APNODES,0,35.59151,165
2017-09-09T08:00:00-00:00,2017-09-09T09:00:00-00:00,2017-09-09,2,0,TH_NP15_GEN-APND,TH_NP15_GEN-APND,TH_NP15_GEN-APND,DAM,LMP,LMP_PRC,TH_NP15_GEN-APND,ALL_APNODES,0,30.07969,165
2017-09-09T18:00:00-00:00,2017-09-09T19:00:00-00:00,2017-09-09,12,0,TH_NP15_GEN-APND,TH_NP15_GEN-APND,TH_NP15_GEN-APND,DAM,LMP,LMP_PRC,TH_NP15_GEN-APND,ALL_APNODES,0,25.06956,165
2017-09-09T19:00:00-00:00,2017-09-09T20:00:00-00:00,2017-09-09,13,0,TH_NP15_GEN-APND,TH_NP15_GEN-APND,TH_NP15_GEN-APND,DAM,LMP,LMP_PRC,TH_NP15_GEN-APND,ALL_APNODES,0,27.41802,165
2017-09-10T01:00:00-00:00,2017-09-10T02:00:00-00:00,2017-09-09,19,0,TH_NP15_GEN-APND,TH_NP15_GEN-APND,TH_NP15_GEN-APND,DAM,LMP,LMP_PRC,TH_NP15_GEN-APND,ALL_APNODES,0,52.40242,165
2017-09-10T02:00:00-00:00,2017-09-10T03:00:00-00:00,2017-09-09,20,0,TH_NP15_GEN-APND,TH_NP15_GEN-APND,TH_NP15_GEN-APND,DAM,LMP,LMP_PRC,TH_NP15_GEN-APND,ALL_APNODES,0,60.5043,165
2017-09-09T16:00:00-00:00,2017-09-09T17:00:00-00:00,2017-09-09,10,0,TH_NP15_GEN-APND,TH_NP15_GEN-APND,TH_NP15_GEN-APND,DAM,LMP,LMP_PRC,TH_NP15_GEN-APND,ALL_APNODES,0,22.47502,165
2017-09-09T11:00:00-00:00,2017-09-09T12:00:00-00:00,2017-09-09,5,0,TH_NP15_GEN-APND,TH_NP15_GEN-APND,TH_NP15_GEN-APND,DAM,LMP,LMP_PRC,TH_NP15_GEN-APND,ALL_APNODES,0,30.7125,165
2017-09-09T12:00:00-00:00,2017-09-09T13:00:00-00:00,2017-09-09,6,0,TH_NP15_GEN-APND,TH_NP15_GEN-APND,TH_NP15_GEN-APND,DAM,LMP,LMP_PRC,TH_NP15_GEN-APND,ALL_APNODES,0,32.7647,165
2017-09-09T10:00:00-00:00,2017-09-09T11:00:00-00:00,2017-09-09,4,0,TH_NP15_GEN-APND,TH_NP15_GEN-APND,TH_NP15_GEN-APND,DAM,LMP,LMP_PRC,TH_NP15_GEN-APND,ALL_APNODES,0,29.06807,165
2017-09-10T06:00:00-00:00,2017-09-10T07:00:00-00:00,2017-09-09,24,0,TH_NP15_GEN-APND,TH_NP15_GEN-APND,TH_NP15_GEN-APND,DAM,LMP,LMP_PRC,TH_NP15_GEN-APND,ALL_APNODES,0,32.46813,165
2017-09-09T22:00:00-00:00,2017-09-09T23:00:00-00:00,2017-09-09,16,0,TH_NP15_GEN-APND,TH_NP15_GEN-APND,TH_NP15_GEN-APND,DAM,LMP,LMP_PRC,TH_NP15_GEN-APND,ALL_APNODES,0,34.76665,165
2017-09-09T23:00:00-00:00,2017-09-10T00:00:00-00:00,2017-09-09,17,0,TH_NP15_GEN-APND,TH_NP15_GEN-APND,TH_NP15_GEN-APND,DAM,LMP,LMP_PRC,TH_NP15_GEN-APND,ALL_APNODES,0,37.42579,165
2017-09-09T13:00:00-00:00,2017-09-09T14:00:00-00:00,2017-09-09,7,0,TH_NP15_GEN-APND,TH_NP15_GEN-APND,TH_NP15_GEN-APND,DAM,LMP,LMP_PRC,TH_NP15_GEN-APND,ALL_APNODES,0,31.74507,165
2017-09-09T10:00:00-00:00,2017-09-09T11:00:00-00:00,2017-09-09,4,0,TH_NP15_GEN-APND,TH_NP15_GEN-APND,TH_NP15_GEN-APND,DAM,MCC,LMP_CONG_PRC,TH_NP15_GEN-APND,ALL_APNODES,0,0,166
2017-09-09T13:00:00-00:00,2017-09-09T14:00:00-00:00,2017-09-09,7,0,TH_NP15_GEN-APND,TH_NP15_GEN-APND,TH_NP15_GEN-APND,DAM,MCC,LMP_CONG_PRC,TH_NP15_GEN-APND,ALL_APNODES,0,0,166
2017-09-10T01:00:00-00:00,2017-09-10T02:00:00-00:00,2017-09-09,19,0,TH_NP15_GEN-APND,TH_NP15_GEN-APND,TH_NP15_GEN-APND,DAM,MCC,LMP_CONG_PRC,TH_NP15_GEN-APND,ALL_APNODES,0,0,166
2017-09-10T03:00:00-00:00,2017-09-10T04:00:00-00:00,2017-09-09,21,0,TH_NP15_GEN-APND,TH_NP15_GEN-APND,TH_NP15_GEN-APND,DAM,MCC,LMP_CONG_PRC,TH_NP15_GEN-APND,ALL_APNODES,0,0,166
2017-09-09T20:00:00-00:00,2017-09-09T21:00:00-00:00,2017-09-09,14,0,TH_NP15_GEN-APND,TH_NP15_GEN-APND,TH_NP15_GEN-APND,DAM,MCC,LMP_CONG_PRC,TH_NP15_GEN-APND,ALL_APNODES,0,0,166
2017-09-09T14:00:00-00:00,2017-09-09T15:00:00-00:00,2017-09-09,8,0,TH_NP15_GEN-APND,TH_NP15_GEN-APND,TH_NP15_GEN-APND,DAM,MCC,LMP_CONG_PRC,TH_NP15_GEN-APND,ALL_APNODES,0,0,166
2017-09-10T04:00:00-00:00,2017-09-10T05:00:00-00:00,2017-09-09,22,0,TH_NP15_GEN-APND,TH_NP15_GEN-APND,TH_NP15_GEN-APND,DAM,MCC,LMP_CONG_PRC,TH_NP15_GEN-APND,ALL_APNODES,0,0,166
2017-09-10T02:00:00-00:00,2017-09-10T03:00:00-00:00,2017-09-09,20,0,TH_NP15_GEN-APND,TH_NP15_GEN-APND,TH_NP15_GEN-APND,DAM,MCC,LMP_CONG_PRC,TH_NP15_GEN-APND,ALL_APNODES,0,0,166
2017-09-09T18:00:00-00:00,2017-09-09T19:00:00-00:00,2017-09-09,12,0,TH_NP15_GEN-APND,TH_NP15_GEN-APND,TH_NP15_GEN-APND,DAM,MCC,LMP_CONG_PRC,TH_NP15_GEN-APND,ALL_APNODES,0,0,166
2017-09-09T22:00:00-00:00,2017-09-09T23:00:00-00:00,2017-09-09,16,0,TH_NP15_GEN-APND,TH_NP15_GEN-APND,TH_NP15_GEN-APND,DAM,MCC,LMP_CONG_PRC,TH_NP15_GEN-APND,ALL_APNODES,0,0,166
2017-09-10T00:00:00-00:00,2017-09-10T01:00:00-00:00,2017-09-09,18,0,TH_NP15_GEN-APND,TH_NP15_GEN-APND,TH_NP15_GEN-APND,DAM,MCC,LMP_CONG_PRC,TH_NP15_GEN-APND,ALL_APNODES,0,0,166
2017-09-09T19:00:00-00:00,2017-09-09T20:00:00-00:00,2017-09-09,13,0,TH_NP15_GEN-APND,TH_NP15_GEN-APND,TH_NP15_GEN-APND,DAM,MCC,LMP_CONG_PRC,TH_NP15_GEN-APND,ALL_APNODES,0,0,166
2017-09-10T05:00:00-00:00,2017-09-10T06:00:00-00:00,2017-09-09,23,0,TH_NP15_GEN-APND,TH_NP15_GEN-APND,TH_NP15_GEN-APND,DAM,MCC,LMP_CONG_PRC,TH_NP15_GEN-APND,ALL_APNODES,0,0,166
2017-09-10T06:00:00-00:00,2017-09-10T07:00:00-00:00,2017-09-09,24,0,TH_NP15_GEN-APND,TH_NP15_GEN-APND,TH_NP15_GEN-APND,DAM,MCC,LMP_CONG_PRC,TH_NP15_GEN-APND,ALL_APNODES,0,0,166
2017-09-09T23:00:00-00:00,2017-09-10T00:00:00-00:00,2017-09-09,17,0,TH_NP15_GEN-APND,TH_NP15_GEN-APND,TH_NP15_GEN-APND,DAM,MCC,LMP_CONG_PRC,TH_NP15_GEN-APND,ALL_APNODES,0,0,166
2017-09-09T07:00:00-00:00,2017-09-09T08:00:00-00:00,2017-09-09,1,0,TH_NP15_GEN-APND,TH_NP15_GEN-APND,TH_NP15_GEN-APND,DAM,MCC,LMP_CONG_PRC,TH_NP15_GEN-APND,ALL_APNODES,0,0,166
2017-09-09T09:00:00-00:00,2017-09-09T10:00:00-00:00,2017-09-09,3,0,TH_NP15_GEN-APND,TH_NP15_GEN-APND,TH_NP15_GEN-APND,DAM,MCC,LMP_CONG_PRC,TH_NP15_GEN-APND,ALL_APNODES,0,0,166
2017-09-09T11:00:00-00:00,2017-09-09T12:00:00-00:00,2017-09-09,5,0,TH_NP15_GEN-APND,TH_NP15_GEN-APND,TH_NP15_GEN-APND,DAM,MCC,LMP_CONG_PRC,TH_NP15_GEN-APND,ALL_APNODES,0,0,166
2017-09-09T12:00:00-00:00,2017-09-09T13:00:00-00:00,2017-09-09,6,0,TH_NP15_GEN-APND,TH_NP15_GEN-APND,TH_NP15_GEN-APND,DAM,MCC,LMP_CONG_PRC,TH_NP15_GEN-APND,ALL_APNODES,0,0,166
2017-09-09T16:00:00-00:00,2017-09-09T17:00:00-00:00,2017-09-09,10,0,TH_NP15_GEN-APND,TH_NP15_GEN-APND,TH_NP15_GEN-APND,DAM,MCC,LMP_CONG_PRC,TH_NP15_GEN-APND,ALL_APNODES,0,-0.0094,166
2017-09-09T17:00:00-00:00,2017-09-09T18:00:00-00:00,2017-09-09,11,0,TH_NP15_GEN-APND,TH_NP15_GEN-APND,TH_NP15_GEN-APND,DAM,MCC,LMP_CONG_PRC,TH_NP15_GEN-APND,ALL_APNODES,0,0,166
2017-09-09T08:00:00-00:00,2017-09-09T09:00:00-00:00,2017-09-09,2,0,TH_NP15_GEN-APND,TH_NP15_GEN-APND,TH_NP15_GEN-APND,DAM,MCC,LMP_CONG_PRC,TH_NP15_GEN-APND,ALL_APNODES,0,0,166
2017-09-09T15:00:00-00:00,2017-09-09T16:00:00-00:00,2017-09-09,9,0,TH_NP15_GEN-APND,TH_NP15_GEN-APND,TH_NP15_GEN-APND,DAM,MCC,LMP_CONG_PRC,TH_NP15_GEN-APND,ALL_APNODES,0,0,166
2017-09-09T21:00:00-00:00,2017-09-09T22:00:00-00:00,2017-09-09,15,0,TH_NP15_GEN-APND,TH_NP15_GEN-APND,TH_NP15_GEN-APND,DAM,MCC,LMP_CONG_PRC,TH_NP15_GEN-APND,ALL_APNODES,0,0,166
2017-09-09T19:00:00-00:00,2017-09-09T20:00:00-00:00,2017-09-09,13,0,TH_NP15_GEN-APND,TH_NP15_GEN-APND,TH_NP15_GEN-APND,DAM,MCE,LMP_ENE_PRC,TH_NP15_GEN-APND,ALL_APNODES,0,27.50328,167
2017-09-10T00:00:00-00:00,2017-09-10T01:00:00-00:00,2017-09-09,18,0,TH_NP15_GEN-APND,TH_NP15_GEN-APND,TH_NP15_GEN-APND,DAM,MCE,LMP_ENE_PRC,TH_NP15_GEN-APND,ALL_APNODES,0,42.67945,167
2017-09-09T11:00:00-00:00,2017-09-09T12:00:00-00:00,2017-09-09,5,0,TH_NP15_GEN-APND,TH_NP15_GEN-APND,TH_NP15_GEN-APND,DAM,MCE,LMP_ENE_PRC,TH_NP15_GEN-APND,ALL_APNODES,0,30.77713,167
2017-09-09T09:00:00-00:00,2017-09-09T10:00:00-00:00,2017-09-09,3,0,TH_NP15_GEN-APND,TH_NP15_GEN-APND,TH_NP15_GEN-APND,DAM,MCE,LMP_ENE_PRC,TH_NP15_GEN-APND,ALL_APNODES,0,30.23134,167
2017-09-10T06:00:00-00:00,2017-09-10T07:00:00-00:00,2017-09-09,24,0,TH_NP15_GEN-APND,TH_NP15_GEN-APND,TH_NP15_GEN-APND,DAM,MCE,LMP_ENE_PRC,TH_NP15_GEN-APND,ALL_APNODES,0,32.55276,167
2017-09-09T22:00:00-00:00,2017-09-09T23:00:00-00:00,2017-09-09,16,0,TH_NP15_GEN-APND,TH_NP15_GEN-APND,TH_NP15_GEN-APND,DAM,MCE,LMP_ENE_PRC,TH_NP15_GEN-APND,ALL_APNODES,0,35.16756,167
2017-09-09T16:00:00-00:00,2017-09-09T17:00:00-00:00,2017-09-09,10,0,TH_NP15_GEN-APND,TH_NP15_GEN-APND,TH_NP15_GEN-APND,DAM,MCE,LMP_ENE_PRC,TH_NP15_GEN-APND,ALL_APNODES,0,22.3481,167
2017-09-10T05:00:00-00:00,2017-09-10T06:00:00-00:00,2017-09-09,23,0,TH_NP15_GEN-APND,TH_NP15_GEN-APND,TH_NP15_GEN-APND,DAM,MCE,LMP_ENE_PRC,TH_NP15_GEN-APND,ALL_APNODES,0,35.95102,167
2017-09-09T15:00:00-00:00,2017-09-09T16:00:00-00:00,2017-09-09,9,0,TH_NP15_GEN-APND,TH_NP15_GEN-APND,TH_NP15_GEN-APND,DAM,MCE,LMP_ENE_PRC,TH_NP15_GEN-APND,ALL_APNODES,0,25.4831,167
2017-09-10T02:00:00-00:00,2017-09-10T03:00:00-00:00,2017-09-09,20,0,TH_NP15_GEN-APND,TH_NP15_GEN-APND,TH_NP15_GEN-APND,DAM,MCE,LMP_ENE_PRC,TH_NP15_GEN-APND,ALL_APNODES,0,61.46312,167
2017-09-10T01:00:00-00:00,2017-09-10T02:00:00-00:00,2017-09-09,19,0,TH_NP15_GEN-APND,TH_NP15_GEN-APND,TH_NP15_GEN-APND,DAM,MCE,LMP_ENE_PRC,TH_NP15_GEN-APND,ALL_APNODES,0,53.27073,167
2017-09-09T08:00:00-00:00,2017-09-09T09:00:00-00:00,2017-09-09,2,0,TH_NP15_GEN-APND,TH_NP15_GEN-APND,TH_NP15_GEN-APND,DAM,MCE,LMP_ENE_PRC,TH_NP15_GEN-APND,ALL_APNODES,0,30.18534,167
2017-09-09T13:00:00-00:00,2017-09-09T14:00:00-00:00,2017-09-09,7,0,TH_NP15_GEN-APND,TH_NP15_GEN-APND,TH_NP15_GEN-APND,DAM,MCE,LMP_ENE_PRC,TH_NP15_GEN-APND,ALL_APNODES,0,31.86616,167
2017-09-09T20:00:00-00:00,2017-09-09T21:00:00-00:00,2017-09-09,14,0,TH_NP15_GEN-APND,TH_NP15_GEN-APND,TH_NP15_GEN-APND,DAM,MCE,LMP_ENE_PRC,TH_NP15_GEN-APND,ALL_APNODES,0,30.21917,167
2017-09-09T18:00:00-00:00,2017-09-09T19:00:00-00:00,2017-09-09,12,0,TH_NP15_GEN-APND,TH_NP15_GEN-APND,TH_NP15_GEN-APND,DAM,MCE,LMP_ENE_PRC,TH_NP15_GEN-APND,ALL_APNODES,0,24.97715,167
2017-09-09T17:00:00-00:00,2017-09-09T18:00:00-00:00,2017-09-09,11,0,TH_NP15_GEN-APND,TH_NP15_GEN-APND,TH_NP15_GEN-APND,DAM,MCE,LMP_ENE_PRC,TH_NP15_GEN-APND,ALL_APNODES,0,22.9741,167
2017-09-09T10:00:00-00:00,2017-09-09T11:00:00-00:00,2017-09-09,4,0,TH_NP15_GEN-APND,TH_NP15_GEN-APND,TH_NP15_GEN-APND,DAM,MCE,LMP_ENE_PRC,TH_NP15_GEN-APND,ALL_APNODES,0,29.15261,167
2017-09-10T04:00:00-00:00,2017-09-10T05:00:00-00:00,2017-09-09,22,0,TH_NP15_GEN-APND,TH_NP15_GEN-APND,TH_NP15_GEN-APND,DAM,MCE,LMP_ENE_PRC,TH_NP15_GEN-APND,ALL_APNODES,0,40.95475,167
2017-09-09T14:00:00-00:00,2017-09-09T15:00:00-00:00,2017-09-09,8,0,TH_NP15_GEN-APND,TH_NP15_GEN-APND,TH_NP15_GEN-APND,DAM,MCE,LMP_ENE_PRC,TH_NP15_GEN-APND,ALL_APNODES,0,30.56953,167
2017-09-09T23:00:00-00:00,2017-09-10T00:00:00-00:00,2017-09-09,17,0,TH_NP15_GEN-APND,TH_NP15_GEN-APND,TH_NP15_GEN-APND,DAM,MCE,LMP_ENE_PRC,TH_NP15_GEN-APND,ALL_APNODES,0,37.9418,167
2017-09-09T21:00:00-00:00,2017-09-09T22:00:00-00:00,2017-09-09,15,0,TH_NP15_GEN-APND,TH_NP15_GEN-APND,TH_NP15_GEN-APND,DAM,MCE,LMP_ENE_PRC,TH_NP15_GEN-APND,ALL_APNODES,0,32.72879,167
2017-09-09T07:00:00-00:00,2017-09-09T08:00:00-00:00,2017-09-09,1,0,TH_NP15_GEN-APND,TH_NP15_GEN-APND,TH_NP15_GEN-APND,DAM,MCE,LMP_ENE_PRC,TH_NP15_GEN-APND,ALL_APNODES,0,31.42348,167
2017-09-10T03:00:00-00:00,2017-09-10T04:00:00-00:00,2017-09-09,21,0,TH_NP15_GEN-APND,TH_NP15_GEN-APND,TH_NP15_GEN-APND,DAM,MCE,LMP_ENE_PRC,TH_NP15_GEN-APND,ALL_APNODES,0,47.03508,167
2017-09-09T12:00:00-00:00,2017-09-09T13:00:00-00:00,2017-09-09,6,0,TH_NP15_GEN-APND,TH_NP15_GEN-APND,TH_NP15_GEN-APND,DAM,MCE,LMP_ENE_PRC,TH_NP15_GEN-APND,ALL_APNODES,0,32.8567,167
2017-09-09T14:00:00-00:00,2017-09-09T15:00:00-00:00,2017-09-09,8,0,TH_NP15_GEN-APND,TH_NP15_GEN-APND,TH_NP15_GEN-APND,DAM,MCL,LMP_LOSS_PRC,TH_NP15_GEN-APND,ALL_APNODES,0,-0.01528,168
2017-09-09T20:00:00-00:00,2017-09-09T21:00:00-00:00,2017-09-09,14,0,TH_NP15_GEN-APND,TH_NP15_GEN-APND,TH_NP15_GEN-APND,DAM,MCL,LMP_LOSS_PRC,TH_NP15_GEN-APND,ALL_APNODES,0,-0.15714,168
2017-09-09T19:00:00-00:00,2017-09-09T20:00:00-00:00,2017-09-09,13,0,TH_NP15_GEN-APND,TH_NP15_GEN-APND,TH_NP15_GEN-APND,DAM,MCL,LMP_LOSS_PRC,TH_NP15_GEN-APND,ALL_APNODES,0,-0.08526,168
2017-09-10T03:00:00-00:00,2017-09-10T04:00:00-00:00,2017-09-09,21,0,TH_NP15_GEN-APND,TH_NP15_GEN-APND,TH_NP15_GEN-APND,DAM,MCL,LMP_LOSS_PRC,TH_NP15_GEN-APND,ALL_APNODES,0,-0.7996,168
2017-09-09T08:00:00-00:00,2017-09-09T09:00:00-00:00,2017-09-09,2,0,TH_NP15_GEN-APND,TH_NP15_GEN-APND,TH_NP15_GEN-APND,DAM,MCL,LMP_LOSS_PRC,TH_NP15_GEN-APND,ALL_APNODES,0,-0.10565,168
2017-09-09T21:00:00-00:00,2017-09-09T22:00:00-00:00,2017-09-09,15,0,TH_NP15_GEN-APND,TH_NP15_GEN-APND,TH_NP15_GEN-APND,DAM,MCL,LMP_LOSS_PRC,TH_NP15_GEN-APND,ALL_APNODES,0,-0.22256,168
2017-09-09T15:00:00-00:00,2017-09-09T16:00:00-00:00,2017-09-09,9,0,TH_NP15_GEN-APND,TH_NP15_GEN-APND,TH_NP15_GEN-APND,DAM,MCL,LMP_LOSS_PRC,TH_NP15_GEN-APND,ALL_APNODES,0,0.16309,168
2017-09-10T00:00:00-00:00,2017-09-10T01:00:00-00:00,2017-09-09,18,0,TH_NP15_GEN-APND,TH_NP15_GEN-APND,TH_NP15_GEN-APND,DAM,MCL,LMP_LOSS_PRC,TH_NP15_GEN-APND,ALL_APNODES,0,-0.67434,168
2017-09-09T23:00:00-00:00,2017-09-10T00:00:00-00:00,2017-09-09,17,0,TH_NP15_GEN-APND,TH_NP15_GEN-APND,TH_NP15_GEN-APND,DAM,MCL,LMP_LOSS_PRC,TH_NP15_GEN-APND,ALL_APNODES,0,-0.51601,168
2017-09-09T22:00:00-00:00,2017-09-09T23:00:00-00:00,2017-09-09,16,0,TH_NP15_GEN-APND,TH_NP15_GEN-APND,TH_NP15_GEN-APND,DAM,MCL,LMP_LOSS_PRC,TH_NP15_GEN-APND,ALL_APNODES,0,-0.40091,168
2017-09-09T17:00:00-00:00,2017-09-09T18:00:00-00:00,2017-09-09,11,0,TH_NP15_GEN-APND,TH_NP15_GEN-APND,TH_NP15_GEN-APND,DAM,MCL,LMP_LOSS_PRC,TH_NP15_GEN-APND,ALL_APNODES,0,0.09419,168
2017-09-10T05:00:00-00:00,2017-09-10T06:00:00-00:00,2017-09-09,23,0,TH_NP15_GEN-APND,TH_NP15_GEN-APND,TH_NP15_GEN-APND,DAM,MCL,LMP_LOSS_PRC,TH_NP15_GEN-APND,ALL_APNODES,0,-0.35951,168
2017-09-09T11:00:00-00:00,2017-09-09T12:00:00-00:00,2017-09-09,5,0,TH_NP15_GEN-APND,TH_NP15_GEN-APND,TH_NP15_GEN-APND,DAM,MCL,LMP_LOSS_PRC,TH_NP15_GEN-APND,ALL_APNODES,0,-0.06463,168
2017-09-10T04:00:00-00:00,2017-09-10T05:00:00-00:00,2017-09-09,22,0,TH_NP15_GEN-APND,TH_NP15_GEN-APND,TH_NP15_GEN-APND,DAM,MCL,LMP_LOSS_PRC,TH_NP15_GEN-APND,ALL_APNODES,0,-0.58156,168
2017-09-10T01:00:00-00:00,2017-09-10T02:00:00-00:00,2017-09-09,19,0,TH_NP15_GEN-APND,TH_NP15_GEN-APND,TH_NP15_GEN-APND,DAM,MCL,LMP_LOSS_PRC,TH_NP15_GEN-APND,ALL_APNODES,0,-0.86831,168
2017-09-09T09:00:00-00:00,2017-09-09T10:00:00-00:00,2017-09-09,3,0,TH_NP15_GEN-APND,TH_NP15_GEN-APND,TH_NP15_GEN-APND,DAM,MCL,LMP_LOSS_PRC,TH_NP15_GEN-APND,ALL_APNODES,0,-0.17232,168
2017-09-10T06:00:00-00:00,2017-09-10T07:00:00-00:00,2017-09-09,24,0,TH_NP15_GEN-APND,TH_NP15_GEN-APND,TH_NP15_GEN-APND,DAM,MCL,LMP_LOSS_PRC,TH_NP15_GEN-APND,ALL_APNODES,0,-0.08464,168
2017-09-09T16:00:00-00:00,2017-09-09T17:00:00-00:00,2017-09-09,10,0,TH_NP15_GEN-APND,TH_NP15_GEN-APND,TH_NP15_GEN-APND,DAM,MCL,LMP_LOSS_PRC,TH_NP15_GEN-APND,ALL_APNODES,0,0.13632,168
2017-09-09T13:00:00-00:00,2017-09-09T14:00:00-00:00,2017-09-09,7,0,TH_NP15_GEN-APND,TH_NP15_GEN-APND,TH_NP15_GEN-APND,DAM,MCL,LMP_LOSS_PRC,TH_NP15_GEN-APND,ALL_APNODES,0,-0.12109,168
2017-09-09T18:00:00-00:00,2017-09-09T19:00:00-00:00,2017-09-09,12,0,TH_NP15_GEN-APND,TH_NP15_GEN-APND,TH_NP15_GEN-APND,DAM,MCL,LMP_LOSS_PRC,TH_NP15_GEN-APND,ALL_APNODES,0,0.09242,168
2017-09-09T12:00:00-00:00,2017-09-09T13:00:00-00:00,2017-09-09,6,0,TH_NP15_GEN-APND,TH_NP15_GEN-APND,TH_NP15_GEN-APND,DAM,MCL,LMP_LOSS_PRC,TH_NP15_GEN-APND,ALL_APNODES,0,-0.092,168
2017-09-10T02:00:00-00:00,2017-09-10T03:00:00-00:00,2017-09-09,20,0,TH_NP15_GEN-APND,TH_NP15_GEN-APND,TH_NP15_GEN-APND,DAM,MCL,LMP_LOSS_PRC,TH_NP15_GEN-APND,ALL_APNODES,0,-0.95882,168
2017-09-09T07:00:00-00:00,2017-09-09T08:00:00-00:00,2017-09-09,1,0,TH_NP15_GEN-APND,TH_NP15_GEN-APND,TH_NP15_GEN-APND,DAM,MCL,LMP_LOSS_PRC,TH_NP15_GEN-APND,ALL_APNODES,0,-0.2451,168
2017-09-09T10:00:00-00:00,2017-09-09T11:00:00-00:00,2017-09-09,4,0,TH_NP15_GEN-APND,TH_NP15_GEN-APND,TH_NP15_GEN-APND,DAM,MCL,LMP_LOSS_PRC,TH_NP15_GEN-APND,ALL_APNODES,0,-0.08454,168
2017-09-09T14:00:00-00:00,2017-09-09T15:00:00-00:00,2017-09-09,8,0,TH_SP15_GEN-APND,TH_SP15_GEN-APND,TH_SP15_GEN-APND,DAM,LMP,LMP_PRC,TH_SP15_GEN-APND,ALL_APNODES,0,29.56991,169
2017-09-10T02:00:00-00:00,2017-09-10T03:00:00-00:00,2017-09-09,20,0,TH_SP15_GEN-APND,TH_SP15_GEN-APND,TH_SP15_GEN-APND,DAM,LMP,LMP_PRC,TH_SP15_GEN-APND,ALL_APNODES,0,59.57006,169
2017-09-10T01:00:00-00:00,2017-09-10T02:00:00-00:00,2017-09-09,19,0,TH_SP15_GEN-APND,TH_SP15_GEN-APND,TH_SP15_GEN-APND,DAM,LMP,LMP_PRC,TH_SP15_GEN-APND,ALL_APNODES,0,51.60336,169
2017-09-09T20:00:00-00:00,2017-09-09T21:00:00-00:00,2017-09-09,14,0,TH_SP15_GEN-APND,TH_SP15_GEN-APND,TH_SP15_GEN-APND,DAM,LMP,LMP_PRC,TH_SP15_GEN-APND,ALL_APNODES,0,29.16452,169
2017-09-09T19:00:00-00:00,2017-09-09T20:00:00-00:00,2017-09-09,13,0,TH_SP15_GEN-APND,TH_SP15_GEN-APND,TH_SP15_GEN-APND,DAM,LMP,LMP_PRC,TH_SP15_GEN-APND,ALL_APNODES,0,26.61218,169
2017-09-09T13:00:00-00:00,2017-09-09T14:00:00-00:00,2017-09-09,7,0,TH_SP15_GEN-APND,TH_SP15_GEN-APND,TH_SP15_GEN-APND,DAM,LMP,LMP_PRC,TH_SP15_GEN-APND,ALL_APNODES,0,30.90062,169
2017-09-09T12:00:00-00:00,2017-09-09T13:00:00-00:00,2017-09-09,6,0,TH_SP15_GEN-APND,TH_SP15_GEN-APND,TH_SP15_GEN-APND,DAM,LMP,LMP_PRC,TH_SP15_GEN-APND,ALL_APNODES,0,31.87428,169
2017-09-09T16:00:00-00:00,2017-09-09T17:00:00-00:00,2017-09-09,10,0,TH_SP15_GEN-APND,TH_SP15_GEN-APND,TH_SP15_GEN-APND,DAM,LMP,LMP_PRC,TH_SP15_GEN-APND,ALL_APNODES,0,21.47867,169
2017-09-10T04:00:00-00:00,2017-09-10T05:00:00-00:00,2017-09-09,22,0,TH_SP15_GEN-APND,TH_SP15_GEN-APND,TH_SP15_GEN-APND,DAM,LMP,LMP_PRC,TH_SP15_GEN-APND,ALL_APNODES,0,39.50085,169
2017-09-09T11:00:00-00:00,2017-09-09T12:00:00-00:00,2017-09-09,5,0,TH_SP15_GEN-APND,TH_SP15_GEN-APND,TH_SP15_GEN-APND,DAM,LMP,LMP_PRC,TH_SP15_GEN-APND,ALL_APNODES,0,29.8692,169
2017-09-09T09:00:00-00:00,2017-09-09T10:00:00-00:00,2017-09-09,3,0,TH_SP15_GEN-APND,TH_SP15_GEN-APND,TH_SP15_GEN-APND,DAM,LMP,LMP_PRC,TH_SP15_GEN-APND,ALL_APNODES,0,29.38789,169
2017-09-09T22:00:00-00:00,2017-09-09T23:00:00-00:00,2017-09-09,16,0,TH_SP15_GEN-APND,TH_SP15_GEN-APND,TH_SP15_GEN-APND,DAM,LMP,LMP_PRC,TH_SP15_GEN-APND,ALL_APNODES,0,33.91911,169
2017-09-09T17:00:00-00:00,2017-09-09T18:00:00-00:00,2017-09-09,11,0,TH_SP15_GEN-APND,TH_SP15_GEN-APND,TH_SP15_GEN-APND,DAM,LMP,LMP_PRC,TH_SP15_GEN-APND,ALL_APNODES,0,22.10798,169
2017-09-09T08:00:00-00:00,2017-09-09T09:00:00-00:00,2017-09-09,2,0,TH_SP15_GEN-APND,TH_SP15_GEN-APND,TH_SP15_GEN-APND,DAM,LMP,LMP_PRC,TH_SP15_GEN-APND,ALL_APNODES,0,29.24959,169
2017-09-09T23:00:00-00:00,2017-09-10T00:00:00-00:00,2017-09-09,17,0,TH_SP15_GEN-APND,TH_SP15_GEN-APND,TH_SP15_GEN-APND,DAM,LMP,LMP_PRC,TH_SP15_GEN-APND,ALL_APNODES,0,36.56451,169
2017-09-09T15:00:00-00:00,2017-09-09T16:00:00-00:00,2017-09-09,9,0,TH_SP15_GEN-APND,TH_SP15_GEN-APND,TH_SP15_GEN-APND,DAM,LMP,LMP_PRC,TH_SP15_GEN-APND,ALL_APNODES,0,24.52749,169
2017-09-09T07:00:00-00:00,2017-09-09T08:00:00-00:00,2017-09-09,1,0,TH_SP15_GEN-APND,TH_SP15_GEN-APND,TH_SP15_GEN-APND,DAM,LMP,LMP_PRC,TH_SP15_GEN-APND,ALL_APNODES,0,30.47764,169
2017-09-10T00:00:00-00:00,2017-09-10T01:00:00-00:00,2017-09-09,18,0,TH_SP15_GEN-APND,TH_SP15_GEN-APND,TH_SP15_GEN-APND,DAM,LMP,LMP_PRC,TH_SP15_GEN-APND,ALL_APNODES,0,41.11311,169
2017-09-10T03:00:00-00:00,2017-09-10T04:00:00-00:00,2017-09-09,21,0,TH_SP15_GEN-APND,TH_SP15_GEN-APND,TH_SP15_GEN-APND,DAM,LMP,LMP_PRC,TH_SP15_GEN-APND,ALL_APNODES,0,45.48292,169
2017-09-09T10:00:00-00:00,2017-09-09T11:00:00-00:00,2017-09-09,4,0,TH_SP15_GEN-APND,TH_SP15_GEN-APND,TH_SP15_GEN-APND,DAM,LMP,LMP_PRC,TH_SP15_GEN-APND,ALL_APNODES,0,28.30719,169
2017-09-09T21:00:00-00:00,2017-09-09T22:00:00-00:00,2017-09-09,15,0,TH_SP15_GEN-APND,TH_SP15_GEN-APND,TH_SP15_GEN-APND,DAM,LMP,LMP_PRC,TH_SP15_GEN-APND,ALL_APNODES,0,31.51782,169
2017-09-10T06:00:00-00:00,2017-09-10T07:00:00-00:00,2017-09-09,24,0,TH_SP15_GEN-APND,TH_SP15_GEN-APND,TH_SP15_GEN-APND,DAM,LMP,LMP_PRC,TH_SP15_GEN-APND,ALL_APNODES,0,31.31576,169
2017-09-10T05:00:00-00:00,2017-09-10T06:00:00-00:00,2017-09-09,23,0,TH_SP15_GEN-APND,TH_SP15_GEN-APND,TH_SP15_GEN-APND,DAM,LMP,LMP_PRC,TH_SP15_GEN-APND,ALL_APNODES,0,34.67476,169
2017-09-09T18:00:00-00:00,2017-09-09T19:00:00-00:00,2017-09-09,12,0,TH_SP15_GEN-APND,TH_SP15_GEN-APND,TH_SP15_GEN-APND,DAM,LMP,LMP_PRC,TH_SP15_GEN-APND,ALL_APNODES,0,24.043,169
2017-09-09T17:00:00-00:00,2017-09-09T18:00:00-00:00,2017-09-09,11,0,TH_SP15_GEN-APND,TH_SP15_GEN-APND,TH_SP15_GEN-APND,DAM,MCC,LMP_CONG_PRC,TH_SP15_GEN-APND,ALL_APNODES,0,0,170
2017-09-09T13:00:00-00:00,2017-09-09T14:00:00-00:00,2017-09-09,7,0,TH_SP15_GEN-APND,TH_SP15_GEN-APND,TH_SP15_GEN-APND,DAM,MCC,LMP_CONG_PRC,TH_SP15_GEN-APND,ALL_APNODES,0,0,170
2017-09-10T00:00:00-00:00,2017-09-10T01:00:00-00:00,2017-09-09,18,0,TH_SP15_GEN-APND,TH_SP15_GEN-APND,TH_SP15_GEN-APND,DAM,MCC,LMP_CONG_PRC,TH_SP15_GEN-APND,ALL_APNODES,0,0,170
2017-09-09T11:00:00-00:00,2017-09-09T12:00:00-00:00,2017-09-09,5,0,TH_SP15_GEN-APND,TH_SP15_GEN-APND,TH_SP15_GEN-APND,DAM,MCC,LMP_CONG_PRC,TH_SP15_GEN-APND,ALL_APNODES,0,0,170
2017-09-09T10:00:00-00:00,2017-09-09T11:00:00-00:00,2017-09-09,4,0,TH_SP15_GEN-APND,TH_SP15_GEN-APND,TH_SP15_GEN-APND,DAM,MCC,LMP_CONG_PRC,TH_SP15_GEN-APND,ALL_APNODES,0,0,170
2017-09-09T09:00:00-00:00,2017-09-09T10:00:00-00:00,2017-09-09,3,0,TH_SP15_GEN-APND,TH_SP15_GEN-APND,TH_SP15_GEN-APND,DAM,MCC,LMP_CONG_PRC,TH_SP15_GEN-APND,ALL_APNODES,0,0,170
2017-09-09T18:00:00-00:00,2017-09-09T19:00:00-00:00,2017-09-09,12,0,TH_SP15_GEN-APND,TH_SP15_GEN-APND,TH_SP15_GEN-APND,DAM,MCC,LMP_CONG_PRC,TH_SP15_GEN-APND,ALL_APNODES,0,0,170
2017-09-09T19:00:00-00:00,2017-09-09T20:00:00-00:00,2017-09-09,13,0,TH_SP15_GEN-APND,TH_SP15_GEN-APND,TH_SP15_GEN-APND,DAM,MCC,LMP_CONG_PRC,TH_SP15_GEN-APND,ALL_APNODES,0,0,170
2017-09-09T23:00:00-00:00,2017-09-10T00:00:00-00:00,2017-09-09,17,0,TH_SP15_GEN-APND,TH_SP15_GEN-APND,TH_SP15_GEN-APND,DAM,MCC,LMP_CONG_PRC,TH_SP15_GEN-APND,ALL_APNODES,0,0,170
2017-09-09T16:00:00-00:00,2017-09-09T17:00:00-00:00,2017-09-09,10,0,TH_SP15_GEN-APND,TH_SP15_GEN-APND,TH_SP15_GEN-APND,DAM,MCC,LMP_CONG_PRC,TH_SP15_GEN-APND,ALL_APNODES,0,0.00662,170
2017-09-10T03:00:00-00:00,2017-09-10T04:00:00-00:00,2017-09-09,21,0,TH_SP15_GEN-APND,TH_SP15_GEN-APND,TH_SP15_GEN-APND,DAM,MCC,LMP_CONG_PRC,TH_SP15_GEN-APND,ALL_APNODES,0,0,170
2017-09-09T14:00:00-00:00,2017-09-09T15:00:00-00:00,2017-09-09,8,0,TH_SP15_GEN-APND,TH_SP15_GEN-APND,TH_SP15_GEN-APND,DAM,MCC,LMP_CONG_PRC,TH_SP15_GEN-APND,ALL_APNODES,0,0,170
2017-09-09T12:00:00-00:00,2017-09-09T13:00:00-00:00,2017-09-09,6,0,TH_SP15_GEN-APND,TH_SP15_GEN-APND,TH_SP15_GEN-APND,DAM,MCC,LMP_CONG_PRC,TH_SP15_GEN-APND,ALL_APNODES,0,0,170
2017-09-09T22:00:00-00:00,2017-09-09T23:00:00-00:00,2017-09-09,16,0,TH_SP15_GEN-APND,TH_SP15_GEN-APND,TH_SP15_GEN-APND,DAM,MCC,LMP_CONG_PRC,TH_SP15_GEN-APND,ALL_APNODES,0,0,170
2017-09-09T07:00:00-00:00,2017-09-09T08:00:00-00:00,2017-09-09,1,0,TH_SP15_GEN-APND,TH_SP15_GEN-APND,TH_SP15_GEN-APND,DAM,MCC,LMP_CONG_PRC,TH_SP15_GEN-APND,ALL_APNODES,0,0,170
2017-09-09T21:00:00-00:00,2017-09-09T22:00:00-00:00,2017-09-09,15,0,TH_SP15_GEN-APND,TH_SP15_GEN-APND,TH_SP15_GEN-APND,DAM,MCC,LMP_CONG_PRC,TH_SP15_GEN-APND,ALL_APNODES,0,0,170
2017-09-09T08:00:00-00:00,2017-09-09T09:00:00-00:00,2017-09-09,2,0,TH_SP15_GEN-APND,TH_SP15_GEN-APND,TH_SP15_GEN-APND,DAM,MCC,LMP_CONG_PRC,TH_SP15_GEN-APND,ALL_APNODES,0,0,170
2017-09-09T20:00:00-00:00,2017-09-09T21:00:00-00:00,2017-09-09,14,0,TH_SP15_GEN-APND,TH_SP15_GEN-APND,TH_SP15_GEN-APND,DAM,MCC,LMP_CONG_PRC,TH_SP15_GEN-APND,ALL_APNODES,0,0,170
2017-09-10T06:00:00-00:00,2017-09-10T07:00:00-00:00,2017-09-09,24,0,TH_SP15_GEN-APND,TH_SP15_GEN-APND,TH_SP15_GEN-APND,DAM,MCC,LMP_CONG_PRC,TH_SP15_GEN-APND,ALL_APNODES,0,0,170
2017-09-10T05:00:00-00:00,2017-09-10T06:00:00-00:00,2017-09-09,23,0,TH_SP15_GEN-APND,TH_SP15_GEN-APND,TH_SP15_GEN-APND,DAM,MCC,LMP_CONG_PRC,TH_SP15_GEN-APND,ALL_APNODES,0,0,170
2017-09-10T04:00:00-00:00,2017-09-10T05:00:00-00:00,2017-09-09,22,0,TH_SP15_GEN-APND,TH_SP15_GEN-APND,TH_SP15_GEN-APND,DAM,MCC,LMP_CONG_PRC,TH_SP15_GEN-APND,ALL_APNODES,0,0,170
2017-09-10T01:00:00-00:00,2017-09-10T02:00:00-00:00,2017-09-09,19,0,TH_SP15_GEN-APND,TH_SP15_GEN-APND,TH_SP15_GEN-APND,DAM,MCC,LMP_CONG_PRC,TH_SP15_GEN-APND,ALL_APNODES,0,0,170
2017-09-09T15:00:00-00:00,2017-09-09T16:00:00-00:00,2017-09-09,9,0,TH_SP15_GEN-APND,TH_SP15_GEN-APND,TH_SP15_GEN-APND,DAM,MCC,LMP_CONG_PRC,TH_SP15_GEN-APND,ALL_APNODES,0,0,170
2017-09-10T02:00:00-00:00,2017-09-10T03:00:00-00:00,2017-09-09,20,0,TH_SP15_GEN-APND,TH_SP15_GEN-APND,TH_SP15_GEN-APND,DAM,MCC,LMP_CONG_PRC,TH_SP15_GEN-APND,ALL_APNODES,0,0,170
2017-09-09T08:00:00-00:00,2017-09-09T09:00:00-00:00,2017-09-09,2,0,TH_SP15_GEN-APND,TH_SP15_GEN-APND,TH_SP15_GEN-APND,DAM,MCE,LMP_ENE_PRC,TH_SP15_GEN-APND,ALL_APNODES,0,30.18534,171
2017-09-09T10:00:00-00:00,2017-09-09T11:00:00-00:00,2017-09-09,4,0,TH_SP15_GEN-APND,TH_SP15_GEN-APND,TH_SP15_GEN-APND,DAM,MCE,LMP_ENE_PRC,TH_SP15_GEN-APND,ALL_APNODES,0,29.15261,171
2017-09-09T13:00:00-00:00,2017-09-09T14:00:00-00:00,2017-09-09,7,0,TH_SP15_GEN-APND,TH_SP15_GEN-APND,TH_SP15_GEN-APND,DAM,MCE,LMP_ENE_PRC,TH_SP15_GEN-APND,ALL_APNODES,0,31.86616,171
2017-09-09T18:00:00-00:00,2017-09-09T19:00:00-00:00,2017-09-09,12,0,TH_SP15_GEN-APND,TH_SP15_GEN-APND,TH_SP15_GEN-APND,DAM,MCE,LMP_ENE_PRC,TH_SP15_GEN-APND,ALL_APNODES,0,24.97715,171
2017-09-09T21:00:00-00:00,2017-09-09T22:00:00-00:00,2017-09-09,15,0,TH_SP15_GEN-APND,TH_SP15_GEN-APND,TH_SP15_GEN-APND,DAM,MCE,LMP_ENE_PRC,TH_SP15_GEN-APND,ALL_APNODES,0,32.72879,171
2017-09-09T23:00:00-00:00,2017-09-10T00:00:00-00:00,2017-09-09,17,0,TH_SP15_GEN-APND,TH_SP15_GEN-APND,TH_SP15_GEN-APND,DAM,MCE,LMP_ENE_PRC,TH_SP15_GEN-APND,ALL_APNODES,0,37.9418,171
2017-09-09T20:00:00-00:00,2017-09-09T21:00:00-00:00,2017-09-09,14,0,TH_SP15_GEN-APND,TH_SP15_GEN-APND,TH_SP15_GEN-APND,DAM,MCE,LMP_ENE_PRC,TH_SP15_GEN-APND,ALL_APNODES,0,30.21917,171
2017-09-09T12:00:00-00:00,2017-09-09T13:00:00-00:00,2017-09-09,6,0,TH_SP15_GEN-APND,TH_SP15_GEN-APND,TH_SP15_GEN-APND,DAM,MCE,LMP_ENE_PRC,TH_SP15_GEN-APND,ALL_APNODES,0,32.8567,171
2017-09-09T07:00:00-00:00,2017-09-09T08:00:00-00:00,2017-09-09,1,0,TH_SP15_GEN-APND,TH_SP15_GEN-APND,TH_SP15_GEN-APND,DAM,MCE,LMP_ENE_PRC,TH_SP15_GEN-APND,ALL_APNODES,0,31.42348,171
2017-09-09T09:00:00-00:00,2017-09-09T10:00:00-00:00,2017-09-09,3,0,TH_SP15_GEN-APND,TH_SP15_GEN-APND,TH_SP15_GEN-APND,DAM,MCE,LMP_ENE_PRC,TH_SP15_GEN-APND,ALL_APNODES,0,30.23134,171
2017-09-09T11:00:00-00:00,2017-09-09T12:00:00-00:00,2017-09-09,5,0,TH_SP15_GEN-APND,TH_SP15_GEN-APND,TH_SP15_GEN-APND,DAM,MCE,LMP_ENE_PRC,TH_SP15_GEN-APND,ALL_APNODES,0,30.77713,171
2017-09-09T15:00:00-00:00,2017-09-09T16:00:00-00:00,2017-09-09,9,0,TH_SP15_GEN-APND,TH_SP15_GEN-APND,TH_SP15_GEN-APND,DAM,MCE,LMP_ENE_PRC,TH_SP15_GEN-APND,ALL_APNODES,0,25.4831,171
2017-09-10T01:00:00-00:00,2017-09-10T02:00:00-00:00,2017-09-09,19,0,TH_SP15_GEN-APND,TH_SP15_GEN-APND,TH_SP15_GEN-APND,DAM,MCE,LMP_ENE_PRC,TH_SP15_GEN-APND,ALL_APNODES,0,53.27073,171
2017-09-10T05:00:00-00:00,2017-09-10T06:00:00-00:00,2017-09-09,23,0,TH_SP15_GEN-APND,TH_SP15_GEN-APND,TH_SP15_GEN-APND,DAM,MCE,LMP_ENE_PRC,TH_SP15_GEN-APND,ALL_APNODES,0,35.95102,171
2017-09-10T00:00:00-00:00,2017-09-10T01:00:00-00:00,2017-09-09,18,0,TH_SP15_GEN-APND,TH_SP15_GEN-APND,TH_SP15_GEN-APND,DAM,MCE,LMP_ENE_PRC,TH_SP15_GEN-APND,ALL_APNODES,0,42.67945,171
2017-09-09T14:00:00-00:00,2017-09-09T15:00:00-00:00,2017-09-09,8,0,TH_SP15_GEN-APND,TH_SP15_GEN-APND,TH_SP15_GEN-APND,DAM,MCE,LMP_ENE_PRC,TH_SP15_GEN-APND,ALL_APNODES,0,30.56953,171
2017-09-09T19:00:00-00:00,2017-09-09T20:00:00-00:00,2017-09-09,13,0,TH_SP15_GEN-APND,TH_SP15_GEN-APND,TH_SP15_GEN-APND,DAM,MCE,LMP_ENE_PRC,TH_SP15_GEN-APND,ALL_APNODES,0,27.50328,171
2017-09-10T02:00:00-00:00,2017-09-10T03:00:00-00:00,2017-09-09,20,0,TH_SP15_GEN-APND,TH_SP15_GEN-APND,TH_SP15_GEN-APND,DAM,MCE,LMP_ENE_PRC,TH_SP15_GEN-APND,ALL_APNODES,0,61.46312,171
2017-09-10T03:00:00-00:00,2017-09-10T04:00:00-00:00,2017-09-09,21,0,TH_SP15_GEN-APND,TH_SP15_GEN-APND,TH_SP15_GEN-APND,DAM,MCE,LMP_ENE_PRC,TH_SP15_GEN-APND,ALL_APNODES,0,47.03508,171
2017-09-10T06:00:00-00:00,2017-09-10T07:00:00-00:00,2017-09-09,24,0,TH_SP15_GEN-APND,TH_SP15_GEN-APND,TH_SP15_GEN-APND,DAM,MCE,LMP_ENE_PRC,TH_SP15_GEN-APND,ALL_APNODES,0,32.55276,171
2017-09-09T16:00:00-00:00,2017-09-09T17:00:00-00:00,2017-09-09,10,0,TH_SP15_GEN-APND,TH_SP15_GEN-APND,TH_SP15_GEN-APND,DAM,MCE,LMP_ENE_PRC,TH_SP15_GEN-APND,ALL_APNODES,0,22.3481,171
2017-09-09T17:00:00-00:00,2017-09-09T18:00:00-00:00,2017-09-09,11,0,TH_SP15_GEN-APND,TH_SP15_GEN-APND,TH_SP15_GEN-APND,DAM,MCE,LMP_ENE_PRC,TH_SP15_GEN-APND,ALL_APNODES,0,22.9741,171
2017-09-10T04:00:00-00:00,2017-09-10T05:00:00-00:00,2017-09-09,22,0,TH_SP15_GEN-APND,TH_SP15_GEN-APND,TH_SP15_GEN-APND,DAM,MCE,LMP_ENE_PRC,TH_SP15_GEN-APND,ALL_APNODES,0,40.95475,171
2017-09-09T22:00:00-00:00,2017-09-09T23:00:00-00:00,2017-09-09,16,0,TH_SP15_GEN-APND,TH_SP15_GEN-APND,TH_SP15_GEN-APND,DAM,MCE,LMP_ENE_PRC,TH_SP15_GEN-APND,ALL_APNODES,0,35.16756,171
2017-09-09T12:00:00-00:00,2017-09-09T13:00:00-00:00,2017-09-09,6,0,TH_SP15_GEN-APND,TH_SP15_GEN-APND,TH_SP15_GEN-APND,DAM,MCL,LMP_LOSS_PRC,TH_SP15_GEN-APND,ALL_APNODES,0,-0.98242,172
2017-09-09T19:00:00-00:00,2017-09-09T20:00:00-00:00,2017-09-09,13,0,TH_SP15_GEN-APND,TH_SP15_GEN-APND,TH_SP15_GEN-APND,DAM,MCL,LMP_LOSS_PRC,TH_SP15_GEN-APND,ALL_APNODES,0,-0.89111,172
2017-09-09T20:00:00-00:00,2017-09-09T21:00:00-00:00,2017-09-09,14,0,TH_SP15_GEN-APND,TH_SP15_GEN-APND,TH_SP15_GEN-APND,DAM,MCL,LMP_LOSS_PRC,TH_SP15_GEN-APND,ALL_APNODES,0,-1.05465,172
2017-09-09T23:00:00-00:00,2017-09-10T00:00:00-00:00,2017-09-09,17,0,TH_SP15_GEN-APND,TH_SP15_GEN-APND,TH_SP15_GEN-APND,DAM,MCL,LMP_LOSS_PRC,TH_SP15_GEN-APND,ALL_APNODES,0,-1.37729,172
2017-09-10T00:00:00-00:00,2017-09-10T01:00:00-00:00,2017-09-09,18,0,TH_SP15_GEN-APND,TH_SP15_GEN-APND,TH_SP15_GEN-APND,DAM,MCL,LMP_LOSS_PRC,TH_SP15_GEN-APND,ALL_APNODES,0,-1.56634,172
2017-09-10T03:00:00-00:00,2017-09-10T04:00:00-00:00,2017-09-09,21,0,TH_SP15_GEN-APND,TH_SP15_GEN-APND,TH_SP15_GEN-APND,DAM,MCL,LMP_LOSS_PRC,TH_SP15_GEN-APND,ALL_APNODES,0,-1.55216,172
2017-09-10T04:00:00-00:00,2017-09-10T05:00:00-00:00,2017-09-09,22,0,TH_SP15_GEN-APND,TH_SP15_GEN-APND,TH_SP15_GEN-APND,DAM,MCL,LMP_LOSS_PRC,TH_SP15_GEN-APND,ALL_APNODES,0,-1.45389,172
2017-09-09T07:00:00-00:00,2017-09-09T08:00:00-00:00,2017-09-09,1,0,TH_SP15_GEN-APND,TH_SP15_GEN-APND,TH_SP15_GEN-APND,DAM,MCL,LMP_LOSS_PRC,TH_SP15_GEN-APND,ALL_APNODES,0,-0.94585,172
2017-09-09T10:00:00-00:00,2017-09-09T11:00:00-00:00,2017-09-09,4,0,TH_SP15_GEN-APND,TH_SP15_GEN-APND,TH_SP15_GEN-APND,DAM,MCL,LMP_LOSS_PRC,TH_SP15_GEN-APND,ALL_APNODES,0,-0.84543,172
2017-09-10T05:00:00-00:00,2017-09-10T06:00:00-00:00,2017-09-09,23,0,TH_SP15_GEN-APND,TH_SP15_GEN-APND,TH_SP15_GEN-APND,DAM,MCL,LMP_LOSS_PRC,TH_SP15_GEN-APND,ALL_APNODES,0,-1.27626,172
2017-09-09T16:00:00-00:00,2017-09-09T17:00:00-00:00,2017-09-09,10,0,TH_SP15_GEN-APND,TH_SP15_GEN-APND,TH_SP15_GEN-APND,DAM,MCL,LMP_LOSS_PRC,TH_SP15_GEN-APND,ALL_APNODES,0,-0.87605,172
2017-09-09T14:00:00-00:00,2017-09-09T15:00:00-00:00,2017-09-09,8,0,TH_SP15_GEN-APND,TH_SP15_GEN-APND,TH_SP15_GEN-APND,DAM,MCL,LMP_LOSS_PRC,TH_SP15_GEN-APND,ALL_APNODES,0,-0.99962,172
2017-09-09T15:00:00-00:00,2017-09-09T16:00:00-00:00,2017-09-09,9,0,TH_SP15_GEN-APND,TH_SP15_GEN-APND,TH_SP15_GEN-APND,DAM,MCL,LMP_LOSS_PRC,TH_SP15_GEN-APND,ALL_APNODES,0,-0.95562,172
2017-09-10T06:00:00-00:00,2017-09-10T07:00:00-00:00,2017-09-09,24,0,TH_SP15_GEN-APND,TH_SP15_GEN-APND,TH_SP15_GEN-APND,DAM,MCL,LMP_LOSS_PRC,TH_SP15_GEN-APND,ALL_APNODES,0,-1.23701,172
2017-09-09T13:00:00-00:00,2017-09-09T14:00:00-00:00,2017-09-09,7,0,TH_SP15_GEN-APND,TH_SP15_GEN-APND,TH_SP15_GEN-APND,DAM,MCL,LMP_LOSS_PRC,TH_SP15_GEN-APND,ALL_APNODES,0,-0.96554,172
2017-09-09T22:00:00-00:00,2017-09-09T23:00:00-00:00,2017-09-09,16,0,TH_SP15_GEN-APND,TH_SP15_GEN-APND,TH_SP15_GEN-APND,DAM,MCL,LMP_LOSS_PRC,TH_SP15_GEN-APND,ALL_APNODES,0,-1.24845,172
2017-09-09T11:00:00-00:00,2017-09-09T12:00:00-00:00,2017-09-09,5,0,TH_SP15_GEN-APND,TH_SP15_GEN-APND,TH_SP15_GEN-APND,DAM,MCL,LMP_LOSS_PRC,TH_SP15_GEN-APND,ALL_APNODES,0,-0.90793,172
2017-09-10T01:00:00-00:00,2017-09-10T02:00:00-00:00,2017-09-09,19,0,TH_SP15_GEN-APND,TH_SP15_GEN-APND,TH_SP15_GEN-APND,DAM,MCL,LMP_LOSS_PRC,TH_SP15_GEN-APND,ALL_APNODES,0,-1.66737,172
2017-09-09T17:00:00-00:00,2017-09-09T18:00:00-00:00,2017-09-09,11,0,TH_SP15_GEN-APND,TH_SP15_GEN-APND,TH_SP15_GEN-APND,DAM,MCL,LMP_LOSS_PRC,TH_SP15_GEN-APND,ALL_APNODES,0,-0.86612,172
2017-09-10T02:00:00-00:00,2017-09-10T03:00:00-00:00,2017-09-09,20,0,TH_SP15_GEN-APND,TH_SP15_GEN-APND,TH_SP15_GEN-APND,DAM,MCL,LMP_LOSS_PRC,TH_SP15_GEN-APND,ALL_APNODES,0,-1.89306,172
2017-09-09T21:00:00-00:00,2017-09-09T22:00:00-00:00,2017-09-09,15,0,TH_SP15_GEN-APND,TH_SP15_GEN-APND,TH_SP15_GEN-APND,DAM,MCL,LMP_LOSS_PRC,TH_SP15_GEN-APND,ALL_APNODES,0,-1.21097,172
2017-09-09T08:00:00-00:00,2017-09-09T09:00:00-00:00,2017-09-09,2,0,TH_SP15_GEN-APND,TH_SP15_GEN-APND,TH_SP15_GEN-APND,DAM,MCL,LMP_LOSS_PRC,TH_SP15_GEN-APND,ALL_APNODES,0,-0.93575,172
2017-09-09T09:00:00-00:00,2017-09-09T10:00:00-00:00,2017-09-09,3,0,TH_SP15_GEN-APND,TH_SP15_GEN-APND,TH_SP15_GEN-APND,DAM,MCL,LMP_LOSS_PRC,TH_SP15_GEN-APND,ALL_APNODES,0,-0.84345,172
2017-09-09T18:00:00-00:00,2017-09-09T19:00:00-00:00,2017-09-09,12,0,TH_SP15_GEN-APND,TH_SP15_GEN-APND,TH_SP15_GEN-APND,DAM,MCL,LMP_LOSS_PRC,TH_SP15_GEN-APND,ALL_APNODES,0,-0.93415,172
2017-09-09T10:00:00-00:00,2017-09-09T11:00:00-00:00,2017-09-09,4,0,TH_ZP26_GEN-APND,TH_ZP26_GEN-APND,TH_ZP26_GEN-APND,DAM,LMP,LMP_PRC,TH_ZP26_GEN-APND,ALL_APNODES,0,28.07688,173
2017-09-09T16:00:00-00:00,2017-09-09T17:00:00-00:00,2017-09-09,10,0,TH_ZP26_GEN-APND,TH_ZP26_GEN-APND,TH_ZP26_GEN-APND,DAM,LMP,LMP_PRC,TH_ZP26_GEN-APND,ALL_APNODES,0,21.11818,173
2017-09-09T07:00:00-00:00,2017-09-09T08:00:00-00:00,2017-09-09,1,0,TH_ZP26_GEN-APND,TH_ZP26_GEN-APND,TH_ZP26_GEN-APND,DAM,LMP,LMP_PRC,TH_ZP26_GEN-APND,ALL_APNODES,0,30.34252,173
2017-09-10T00:00:00-00:00,2017-09-10T01:00:00-00:00,2017-09-09,18,0,TH_ZP26_GEN-APND,TH_ZP26_GEN-APND,TH_ZP26_GEN-APND,DAM,LMP,LMP_PRC,TH_ZP26_GEN-APND,ALL_APNODES,0,40.43024,173
2017-09-09T19:00:00-00:00,2017-09-09T20:00:00-00:00,2017-09-09,13,0,TH_ZP26_GEN-APND,TH_ZP26_GEN-APND,TH_ZP26_GEN-APND,DAM,LMP,LMP_PRC,TH_ZP26_GEN-APND,ALL_APNODES,0,25.89159,173
2017-09-09T18:00:00-00:00,2017-09-09T19:00:00-00:00,2017-09-09,12,0,TH_ZP26_GEN-APND,TH_ZP26_GEN-APND,TH_ZP26_GEN-APND,DAM,LMP,LMP_PRC,TH_ZP26_GEN-APND,ALL_APNODES,0,23.4935,173
2017-09-09T17:00:00-00:00,2017-09-09T18:00:00-00:00,2017-09-09,11,0,TH_ZP26_GEN-APND,TH_ZP26_GEN-APND,TH_ZP26_GEN-APND,DAM,LMP,LMP_PRC,TH_ZP26_GEN-APND,ALL_APNODES,0,21.63931,173
2017-09-09T08:00:00-00:00,2017-09-09T09:00:00-00:00,2017-09-09,2,0,TH_ZP26_GEN-APND,TH_ZP26_GEN-APND,TH_ZP26_GEN-APND,DAM,LMP,LMP_PRC,TH_ZP26_GEN-APND,ALL_APNODES,0,29.16809,173
2017-09-09T15:00:00-00:00,2017-09-09T16:00:00-00:00,2017-09-09,9,0,TH_ZP26_GEN-APND,TH_ZP26_GEN-APND,TH_ZP26_GEN-APND,DAM,LMP,LMP_PRC,TH_ZP26_GEN-APND,ALL_APNODES,0,24.24972,173
2017-09-09T14:00:00-00:00,2017-09-09T15:00:00-00:00,2017-09-09,8,0,TH_ZP26_GEN-APND,TH_ZP26_GEN-APND,TH_ZP26_GEN-APND,DAM,LMP,LMP_PRC,TH_ZP26_GEN-APND,ALL_APNODES,0,29.31924,173
2017-09-09T13:00:00-00:00,2017-09-09T14:00:00-00:00,2017-09-09,7,0,TH_ZP26_GEN-APND,TH_ZP26_GEN-APND,TH_ZP26_GEN-APND,DAM,LMP,LMP_PRC,TH_ZP26_GEN-APND,ALL_APNODES,0,30.69349,173
2017-09-09T11:00:00-00:00,2017-09-09T12:00:00-00:00,2017-09-09,5,0,TH_ZP26_GEN-APND,TH_ZP26_GEN-APND,TH_ZP26_GEN-APND,DAM,LMP,LMP_PRC,TH_ZP26_GEN-APND,ALL_APNODES,0,29.64145,173
2017-09-09T21:00:00-00:00,2017-09-09T22:00:00-00:00,2017-09-09,15,0,TH_ZP26_GEN-APND,TH_ZP26_GEN-APND,TH_ZP26_GEN-APND,DAM,LMP,LMP_PRC,TH_ZP26_GEN-APND,ALL_APNODES,0,30.84034,173
2017-09-09T23:00:00-00:00,2017-09-10T00:00:00-00:00,2017-09-09,17,0,TH_ZP26_GEN-APND,TH_ZP26_GEN-APND,TH_ZP26_GEN-APND,DAM,LMP,LMP_PRC,TH_ZP26_GEN-APND,ALL_APNODES,0,35.78291,173
2017-09-10T06:00:00-00:00,2017-09-10T07:00:00-00:00,2017-09-09,24,0,TH_ZP26_GEN-APND,TH_ZP26_GEN-APND,TH_ZP26_GEN-APND,DAM,LMP,LMP_PRC,TH_ZP26_GEN-APND,ALL_APNODES,0,31.38737,173
2017-09-09T12:00:00-00:00,2017-09-09T13:00:00-00:00,2017-09-09,6,0,TH_ZP26_GEN-APND,TH_ZP26_GEN-APND,TH_ZP26_GEN-APND,DAM,LMP,LMP_PRC,TH_ZP26_GEN-APND,ALL_APNODES,0,31.62786,173
2017-09-10T01:00:00-00:00,2017-09-10T02:00:00-00:00,2017-09-09,19,0,TH_ZP26_GEN-APND,TH_ZP26_GEN-APND,TH_ZP26_GEN-APND,DAM,LMP,LMP_PRC,TH_ZP26_GEN-APND,ALL_APNODES,0,50.88953,173
2017-09-10T05:00:00-00:00,2017-09-10T06:00:00-00:00,2017-09-09,23,0,TH_ZP26_GEN-APND,TH_ZP26_GEN-APND,TH_ZP26_GEN-APND,DAM,LMP,LMP_PRC,TH_ZP26_GEN-APND,ALL_APNODES,0,34.63881,173
2017-09-10T04:00:00-00:00,2017-09-10T05:00:00-00:00,2017-09-09,22,0,TH_ZP26_GEN-APND,TH_ZP26_GEN-APND,TH_ZP26_GEN-APND,DAM,LMP,LMP_PRC,TH_ZP26_GEN-APND,ALL_APNODES,0,39.42714,173
2017-09-09T09:00:00-00:00,2017-09-09T10:00:00-00:00,2017-09-09,3,0,TH_ZP26_GEN-APND,TH_ZP26_GEN-APND,TH_ZP26_GEN-APND,DAM,LMP,LMP_PRC,TH_ZP26_GEN-APND,ALL_APNODES,0,29.19441,173
2017-09-09T20:00:00-00:00,2017-09-09T21:00:00-00:00,2017-09-09,14,0,TH_ZP26_GEN-APND,TH_ZP26_GEN-APND,TH_ZP26_GEN-APND,DAM,LMP,LMP_PRC,TH_ZP26_GEN-APND,ALL_APNODES,0,28.45739,173
2017-09-10T03:00:00-00:00,2017-09-10T04:00:00-00:00,2017-09-09,21,0,TH_ZP26_GEN-APND,TH_ZP26_GEN-APND,TH_ZP26_GEN-APND,DAM,LMP,LMP_PRC,TH_ZP26_GEN-APND,ALL_APNODES,0,45.01257,173
2017-09-10T02:00:00-00:00,2017-09-10T03:00:00-00:00,2017-09-09,20,0,TH_ZP26_GEN-APND,TH_ZP26_GEN-APND,TH_ZP26_GEN-APND,DAM,LMP,LMP_PRC,TH_ZP26_GEN-APND,ALL_APNODES,0,58.88167,173
2017-09-09T22:00:00-00:00,2017-09-09T23:00:00-00:00,2017-09-09,16,0,TH_ZP26_GEN-APND,TH_ZP26_GEN-APND,TH_ZP26_GEN-APND,DAM,LMP,LMP_PRC,TH_ZP26_GEN-APND,ALL_APNODES,0,33.11378,173
2017-09-09T07:00:00-00:00,2017-09-09T08:00:00-00:00,2017-09-09,1,0,TH_ZP26_GEN-APND,TH_ZP26_GEN-APND,TH_ZP26_GEN-APND,DAM,MCC,LMP_CONG_PRC,TH_ZP26_GEN-APND,ALL_APNODES,0,0,174
2017-09-09T11:00:00-00:00,2017-09-09T12:00:00-00:00,2017-09-09,5,0,TH_ZP26_GEN-APND,TH_ZP26_GEN-APND,TH_ZP26_GEN-APND,DAM,MCC,LMP_CONG_PRC,TH_ZP26_GEN-APND,ALL_APNODES,0,0,174
2017-09-10T04:00:00-00:00,2017-09-10T05:00:00-00:00,2017-09-09,22,0,TH_ZP26_GEN-APND,TH_ZP26_GEN-APND,TH_ZP26_GEN-APND,DAM,MCC,LMP_CONG_PRC,TH_ZP26_GEN-APND,ALL_APNODES,0,0,174
2017-09-09T18:00:00-00:00,2017-09-09T19:00:00-00:00,2017-09-09,12,0,TH_ZP26_GEN-APND,TH_ZP26_GEN-APND,TH_ZP26_GEN-APND,DAM,MCC,LMP_CONG_PRC,TH_ZP26_GEN-APND,ALL_APNODES,0,0,174
2017-09-09T22:00:00-00:00,2017-09-09T23:00:00-00:00,2017-09-09,16,0,TH_ZP26_GEN-APND,TH_ZP26_GEN-APND,TH_ZP26_GEN-APND,DAM,MCC,LMP_CONG_PRC,TH_ZP26_GEN-APND,ALL_APNODES,0,0,174
2017-09-09T19:00:00-00:00,2017-09-09T20:00:00-00:00,2017-09-09,13,0,TH_ZP26_GEN-APND,TH_ZP26_GEN-APND,TH_ZP26_GEN-APND,DAM,MCC,LMP_CONG_PRC,TH_ZP26_GEN-APND,ALL_APNODES,0,0,174
2017-09-09T15:00:00-00:00,2017-09-09T16:00:00-00:00,2017-09-09,9,0,TH_ZP26_GEN-APND,TH_ZP26_GEN-APND,TH_ZP26_GEN-APND,DAM,MCC,LMP_CONG_PRC,TH_ZP26_GEN-APND,ALL_APNODES,0,0,174
2017-09-09T20:00:00-00:00,2017-09-09T21:00:00-00:00,2017-09-09,14,0,TH_ZP26_GEN-APND,TH_ZP26_GEN-APND,TH_ZP26_GEN-APND,DAM,MCC,LMP_CONG_PRC,TH_ZP26_GEN-APND,ALL_APNODES,0,0,174
2017-09-10T00:00:00-00:00,2017-09-10T01:00:00-00:00,2017-09-09,18,0,TH_ZP26_GEN-APND,TH_ZP26_GEN-APND,TH_ZP26_GEN-APND,DAM,MCC,LMP_CONG_PRC,TH_ZP26_GEN-APND,ALL_APNODES,0,0,174
2017-09-10T01:00:00-00:00,2017-09-10T02:00:00-00:00,2017-09-09,19,0,TH_ZP26_GEN-APND,TH_ZP26_GEN-APND,TH_ZP26_GEN-APND,DAM,MCC,LMP_CONG_PRC,TH_ZP26_GEN-APND,ALL_APNODES,0,0,174
2017-09-09T13:00:00-00:00,2017-09-09T14:00:00-00:00,2017-09-09,7,0,TH_ZP26_GEN-APND,TH_ZP26_GEN-APND,TH_ZP26_GEN-APND,DAM,MCC,LMP_CONG_PRC,TH_ZP26_GEN-APND,ALL_APNODES,0,0,174
2017-09-09T17:00:00-00:00,2017-09-09T18:00:00-00:00,2017-09-09,11,0,TH_ZP26_GEN-APND,TH_ZP26_GEN-APND,TH_ZP26_GEN-APND,DAM,MCC,LMP_CONG_PRC,TH_ZP26_GEN-APND,ALL_APNODES,0,0,174
2017-09-09T16:00:00-00:00,2017-09-09T17:00:00-00:00,2017-09-09,10,0,TH_ZP26_GEN-APND,TH_ZP26_GEN-APND,TH_ZP26_GEN-APND,DAM,MCC,LMP_CONG_PRC,TH_ZP26_GEN-APND,ALL_APNODES,0,-0.00748,174
2017-09-09T09:00:00-00:00,2017-09-09T10:00:00-00:00,2017-09-09,3,0,TH_ZP26_GEN-APND,TH_ZP26_GEN-APND,TH_ZP26_GEN-APND,DAM,MCC,LMP_CONG_PRC,TH_ZP26_GEN-APND,ALL_APNODES,0,0,174
2017-09-10T03:00:00-00:00,2017-09-10T04:00:00-00:00,2017-09-09,21,0,TH_ZP26_GEN-APND,TH_ZP26_GEN-APND,TH_ZP26_GEN-APND,DAM,MCC,LMP_CONG_PRC,TH_ZP26_GEN-APND,ALL_APNODES,0,0,174
2017-09-10T02:00:00-00:00,2017-09-10T03:00:00-00:00,2017-09-09,20,0,TH_ZP26_GEN-APND,TH_ZP26_GEN-APND,TH_ZP26_GEN-APND,DAM,MCC,LMP_CONG_PRC,TH_ZP26_GEN-APND,ALL_APNODES,0,0,174
2017-09-09T21:00:00-00:00,2017-09-09T22:00:00-00:00,2017-09-09,15,0,TH_ZP26_GEN-APND,TH_ZP26_GEN-APND,TH_ZP26_GEN-APND,DAM,MCC,LMP_CONG_PRC,TH_ZP26_GEN-APND,ALL_APNODES,0,0,174
2017-09-10T06:00:00-00:00,2017-09-10T07:00:00-00:00,2017-09-09,24,0,TH_ZP26_GEN-APND,TH_ZP26_GEN-APND,TH_ZP26_GEN-APND,DAM,MCC,LMP_CONG_PRC,TH_ZP26_GEN-APND,ALL_APNODES,0,0,174
2017-09-10T05:00:00-00:00,2017-09-10T06:00:00-00:00,2017-09-09,23,0,TH_ZP26_GEN-APND,TH_ZP26_GEN-APND,TH_ZP26_GEN-APND,DAM,MCC,LMP_CONG_PRC,TH_ZP26_GEN-APND,ALL_APNODES,0,0,174
2017-09-09T14:00:00-00:00,2017-09-09T15:00:00-00:00,2017-09-09,8,0,TH_ZP26_GEN-APND,TH_ZP26_GEN-APND,TH_ZP26_GEN-APND,DAM,MCC,LMP_CONG_PRC,TH_ZP26_GEN-APND,ALL_APNODES,0,0,174
2017-09-09T10:00:00-00:00,2017-09-09T11:00:00-00:00,2017-09-09,4,0,TH_ZP26_GEN-APND,TH_ZP26_GEN-APND,TH_ZP26_GEN-APND,DAM,MCC,LMP_CONG_PRC,TH_ZP26_GEN-APND,ALL_APNODES,0,0,174
2017-09-09T12:00:00-00:00,2017-09-09T13:00:00-00:00,2017-09-09,6,0,TH_ZP26_GEN-APND,TH_ZP26_GEN-APND,TH_ZP26_GEN-APND,DAM,MCC,LMP_CONG_PRC,TH_ZP26_GEN-APND,ALL_APNODES,0,0,174
2017-09-09T23:00:00-00:00,2017-09-10T00:00:00-00:00,2017-09-09,17,0,TH_ZP26_GEN-APND,TH_ZP26_GEN-APND,TH_ZP26_GEN-APND,DAM,MCC,LMP_CONG_PRC,TH_ZP26_GEN-APND,ALL_APNODES,0,0,174
2017-09-09T08:00:00-00:00,2017-09-09T09:00:00-00:00,2017-09-09,2,0,TH_ZP26_GEN-APND,TH_ZP26_GEN-APND,TH_ZP26_GEN-APND,DAM,MCC,LMP_CONG_PRC,TH_ZP26_GEN-APND,ALL_APNODES,0,0,174
2017-09-09T23:00:00-00:00,2017-09-10T00:00:00-00:00,2017-09-09,17,0,TH_ZP26_GEN-APND,TH_ZP26_GEN-APND,TH_ZP26_GEN-APND,DAM,MCE,LMP_ENE_PRC,TH_ZP26_GEN-APND,ALL_APNODES,0,37.9418,175
2017-09-09T13:00:00-00:00,2017-09-09T14:00:00-00:00,2017-09-09,7,0,TH_ZP26_GEN-APND,TH_ZP26_GEN-APND,TH_ZP26_GEN-APND,DAM,MCE,LMP_ENE_PRC,TH_ZP26_GEN-APND,ALL_APNODES,0,31.86616,175
2017-09-10T02:00:00-00:00,2017-09-10T03:00:00-00:00,2017-09-09,20,0,TH_ZP26_GEN-APND,TH_ZP26_GEN-APND,TH_ZP26_GEN-APND,DAM,MCE,LMP_ENE_PRC,TH_ZP26_GEN-APND,ALL_APNODES,0,61.46312,175
2017-09-10T05:00:00-00:00,2017-09-10T06:00:00-00:00,2017-09-09,23,0,TH_ZP26_GEN-APND,TH_ZP26_GEN-APND,TH_ZP26_GEN-APND,DAM,MCE,LMP_ENE_PRC,TH_ZP26_GEN-APND,ALL_APNODES,0,35.95102,175
2017-09-09T12:00:00-00:00,2017-09-09T13:00:00-00:00,2017-09-09,6,0,TH_ZP26_GEN-APND,TH_ZP26_GEN-APND,TH_ZP26_GEN-APND,DAM,MCE,LMP_ENE_PRC,TH_ZP26_GEN-APND,ALL_APNODES,0,32.8567,175
2017-09-10T04:00:00-00:00,2017-09-10T05:00:00-00:00,2017-09-09,22,0,TH_ZP26_GEN-APND,TH_ZP26_GEN-APND,TH_ZP26_GEN-APND,DAM,MCE,LMP_ENE_PRC,TH_ZP26_GEN-APND,ALL_APNODES,0,40.95475,175
2017-09-10T06:00:00-00:00,2017-09-10T07:00:00-00:00,2017-09-09,24,0,TH_ZP26_GEN-APND,TH_ZP26_GEN-APND,TH_ZP26_GEN-APND,DAM,MCE,LMP_ENE_PRC,TH_ZP26_GEN-APND,ALL_APNODES,0,32.55276,175
2017-09-09T09:00:00-00:00,2017-09-09T10:00:00-00:00,2017-09-09,3,0,TH_ZP26_GEN-APND,TH_ZP26_GEN-APND,TH_ZP26_GEN-APND,DAM,MCE,LMP_ENE_PRC,TH_ZP26_GEN-APND,ALL_APNODES,0,30.23134,175
2017-09-09T16:00:00-00:00,2017-09-09T17:00:00-00:00,2017-09-09,10,0,TH_ZP26_GEN-APND,TH_ZP26_GEN-APND,TH_ZP26_GEN-APND,DAM,MCE,LMP_ENE_PRC,TH_ZP26_GEN-APND,ALL_APNODES,0,22.3481,175
2017-09-09T17:00:00-00:00,2017-09-09T18:00:00-00:00,2017-09-09,11,0,TH_ZP26_GEN-APND,TH_ZP26_GEN-APND,TH_ZP26_GEN-APND,DAM,MCE,LMP_ENE_PRC,TH_ZP26_GEN-APND,ALL_APNODES,0,22.9741,175
2017-09-09T19:00:00-00:00,2017-09-09T20:00:00-00:00,2017-09-09,13,0,TH_ZP26_GEN-APND,TH_ZP26_GEN-APND,TH_ZP26_GEN-APND,DAM,MCE,LMP_ENE_PRC,TH_ZP26_GEN-APND,ALL_APNODES,0,27.50328,175
2017-09-09T20:00:00-00:00,2017-09-09T21:00:00-00:00,2017-09-09,14,0,TH_ZP26_GEN-APND,TH_ZP26_GEN-APND,TH_ZP26_GEN-APND,DAM,MCE,LMP_ENE_PRC,TH_ZP26_GEN-APND,ALL_APNODES,0,30.21917,175
2017-09-10T00:00:00-00:00,2017-09-10T01:00:00-00:00,2017-09-09,18,0,TH_ZP26_GEN-APND,TH_ZP26_GEN-APND,TH_ZP26_GEN-APND,DAM,MCE,LMP_ENE_PRC,TH_ZP26_GEN-APND,ALL_APNODES,0,42.67945,175
2017-09-09T11:00:00-00:00,2017-09-09T12:00:00-00:00,2017-09-09,5,0,TH_ZP26_GEN-APND,TH_ZP26_GEN-APND,TH_ZP26_GEN-APND,DAM,MCE,LMP_ENE_PRC,TH_ZP26_GEN-APND,ALL_APNODES,0,30.77713,175
2017-09-10T03:00:00-00:00,2017-09-10T04:00:00-00:00,2017-09-09,21,0,TH_ZP26_GEN-APND,TH_ZP26_GEN-APND,TH_ZP26_GEN-APND,DAM,MCE,LMP_ENE_PRC,TH_ZP26_GEN-APND,ALL_APNODES,0,47.03508,175
2017-09-09T21:00:00-00:00,2017-09-09T22:00:00-00:00,2017-09-09,15,0,TH_ZP26_GEN-APND,TH_ZP26_GEN-APND,TH_ZP26_GEN-APND,DAM,MCE,LMP_ENE_PRC,TH_ZP26_GEN-APND,ALL_APNODES,0,32.72879,175
2017-09-10T01:00:00-00:00,2017-09-10T02:00:00-00:00,2017-09-09,19,0,TH_ZP26_GEN-APND,TH_ZP26_GEN-APND,TH_ZP26_GEN-APND,DAM,MCE,LMP_ENE_PRC,TH_ZP26_GEN-APND,ALL_APNODES,0,53.27073,175
2017-09-09T14:00:00-00:00,2017-09-09T15:00:00-00:00,2017-09-09,8,0,TH_ZP26_GEN-APND,TH_ZP26_GEN-APND,TH_ZP26_GEN-APND,DAM,MCE,LMP_ENE_PRC,TH_ZP26_GEN-APND,ALL_APNODES,0,30.56953,175
2017-09-09T22:00:00-00:00,2017-09-09T23:00:00-00:00,2017-09-09,16,0,TH_ZP26_GEN-APND,TH_ZP26_GEN-APND,TH_ZP26_GEN-APND,DAM,MCE,LMP_ENE_PRC,TH_ZP26_GEN-APND,ALL_APNODES,0,35.16756,175
2017-09-09T08:00:00-00:00,2017-09-09T09:00:00-00:00,2017-09-09,2,0,TH_ZP26_GEN-APND,TH_ZP26_GEN-APND,TH_ZP26_GEN-APND,DAM,MCE,LMP_ENE_PRC,TH_ZP26_GEN-APND,ALL_APNODES,0,30.18534,175
2017-09-09T10:00:00-00:00,2017-09-09T11:00:00-00:00,2017-09-09,4,0,TH_ZP26_GEN-APND,TH_ZP26_GEN-APND,TH_ZP26_GEN-APND,DAM,MCE,LMP_ENE_PRC,TH_ZP26_GEN-APND,ALL_APNODES,0,29.15261,175
2017-09-09T18:00:00-00:00,2017-09-09T19:00:00-00:00,2017-09-09,12,0,TH_ZP26_GEN-APND,TH_ZP26_GEN-APND,TH_ZP26_GEN-APND,DAM,MCE,LMP_ENE_PRC,TH_ZP26_GEN-APND,ALL_APNODES,0,24.97715,175
2017-09-09T15:00:00-00:00,2017-09-09T16:00:00-00:00,2017-09-09,9,0,TH_ZP26_GEN-APND,TH_ZP26_GEN-APND,TH_ZP26_GEN-APND,DAM,MCE,LMP_ENE_PRC,TH_ZP26_GEN-APND,ALL_APNODES,0,25.4831,175
2017-09-09T07:00:00-00:00,2017-09-09T08:00:00-00:00,2017-09-09,1,0,TH_ZP26_GEN-APND,TH_ZP26_GEN-APND,TH_ZP26_GEN-APND,DAM,MCE,LMP_ENE_PRC,TH_ZP26_GEN-APND,ALL_APNODES,0,31.42348,175
2017-09-10T06:00:00-00:00,2017-09-10T07:00:00-00:00,2017-09-09,24,0,TH_ZP26_GEN-APND,TH_ZP26_GEN-APND,TH_ZP26_GEN-APND,DAM,MCL,LMP_LOSS_PRC,TH_ZP26_GEN-APND,ALL_APNODES,0,-1.16539,176
2017-09-09T08:00:00-00:00,2017-09-09T09:00:00-00:00,2017-09-09,2,0,TH_ZP26_GEN-APND,TH_ZP26_GEN-APND,TH_ZP26_GEN-APND,DAM,MCL,LMP_LOSS_PRC,TH_ZP26_GEN-APND,ALL_APNODES,0,-1.01725,176
2017-09-09T14:00:00-00:00,2017-09-09T15:00:00-00:00,2017-09-09,8,0,TH_ZP26_GEN-APND,TH_ZP26_GEN-APND,TH_ZP26_GEN-APND,DAM,MCL,LMP_LOSS_PRC,TH_ZP26_GEN-APND,ALL_APNODES,0,-1.25029,176
2017-09-10T03:00:00-00:00,2017-09-10T04:00:00-00:00,2017-09-09,21,0,TH_ZP26_GEN-APND,TH_ZP26_GEN-APND,TH_ZP26_GEN-APND,DAM,MCL,LMP_LOSS_PRC,TH_ZP26_GEN-APND,ALL_APNODES,0,-2.02251,176
2017-09-09T21:00:00-00:00,2017-09-09T22:00:00-00:00,2017-09-09,15,0,TH_ZP26_GEN-APND,TH_ZP26_GEN-APND,TH_ZP26_GEN-APND,DAM,MCL,LMP_LOSS_PRC,TH_ZP26_GEN-APND,ALL_APNODES,0,-1.88845,176
2017-09-10T01:00:00-00:00,2017-09-10T02:00:00-00:00,2017-09-09,19,0,TH_ZP26_GEN-APND,TH_ZP26_GEN-APND,TH_ZP26_GEN-APND,DAM,MCL,LMP_LOSS_PRC,TH_ZP26_GEN-APND,ALL_APNODES,0,-2.3812,176
2017-09-09T13:00:00-00:00,2017-09-09T14:00:00-00:00,2017-09-09,7,0,TH_ZP26_GEN-APND,TH_ZP26_GEN-APND,TH_ZP26_GEN-APND,DAM,MCL,LMP_LOSS_PRC,TH_ZP26_GEN-APND,ALL_APNODES,0,-1.17267,176
2017-09-09T17:00:00-00:00,2017-09-09T18:00:00-00:00,2017-09-09,11,0,TH_ZP26_GEN-APND,TH_ZP26_GEN-APND,TH_ZP26_GEN-APND,DAM,MCL,LMP_LOSS_PRC,TH_ZP26_GEN-APND,ALL_APNODES,0,-1.3348,176
2017-09-09T19:00:00-00:00,2017-09-09T20:00:00-00:00,2017-09-09,13,0,TH_ZP26_GEN-APND,TH_ZP26_GEN-APND,TH_ZP26_GEN-APND,DAM,MCL,LMP_LOSS_PRC,TH_ZP26_GEN-APND,ALL_APNODES,0,-1.61169,176
2017-09-10T02:00:00-00:00,2017-09-10T03:00:00-00:00,2017-09-09,20,0,TH_ZP26_GEN-APND,TH_ZP26_GEN-APND,TH_ZP26_GEN-APND,DAM,MCL,LMP_LOSS_PRC,TH_ZP26_GEN-APND,ALL_APNODES,0,-2.58145,176
2017-09-10T05:00:00-00:00,2017-09-10T06:00:00-00:00,2017-09-09,23,0,TH_ZP26_GEN-APND,TH_ZP26_GEN-APND,TH_ZP26_GEN-APND,DAM,MCL,LMP_LOSS_PRC,TH_ZP26_GEN-APND,ALL_APNODES,0,-1.31221,176
2017-09-10T00:00:00-00:00,2017-09-10T01:00:00-00:00,2017-09-09,18,0,TH_ZP26_GEN-APND,TH_ZP26_GEN-APND,TH_ZP26_GEN-APND,DAM,MCL,LMP_LOSS_PRC,TH_ZP26_GEN-APND,ALL_APNODES,0,-2.24921,176
2017-09-09T07:00:00-00:00,2017-09-09T08:00:00-00:00,2017-09-09,1,0,TH_ZP26_GEN-APND,TH_ZP26_GEN-APND,TH_ZP26_GEN-APND,DAM,MCL,LMP_LOSS_PRC,TH_ZP26_GEN-APND,ALL_APNODES,0,-1.08097,176
2017-09-09T12:00:00-00:00,2017-09-09T13:00:00-00:00,2017-09-09,6,0,TH_ZP26_GEN-APND,TH_ZP26_GEN-APND,TH_ZP26_GEN-APND,DAM,MCL,LMP_LOSS_PRC,TH_ZP26_GEN-APND,ALL_APNODES,0,-1.22884,176
2017-09-10T04:00:00-00:00,2017-09-10T05:00:00-00:00,2017-09-09,22,0,TH_ZP26_GEN-APND,TH_ZP26_GEN-APND,TH_ZP26_GEN-APND,DAM,MCL,LMP_LOSS_PRC,TH_ZP26_GEN-APND,ALL_APNODES,0,-1.52761,176
2017-09-09T15:00:00-00:00,2017-09-09T16:00:00-00:00,2017-09-09,9,0,TH_ZP26_GEN-APND,TH_ZP26_GEN-APND,TH_ZP26_GEN-APND,DAM,MCL,LMP_LOSS_PRC,TH_ZP26_GEN-APND,ALL_APNODES,0,-1.23338,176
2017-09-09T20:00:00-00:00,2017-09-09T21:00:00-00:00,2017-09-09,14,0,TH_ZP26_GEN-APND,TH_ZP26_GEN-APND,TH_ZP26_GEN-APND,DAM,MCL,LMP_LOSS_PRC,TH_ZP26_GEN-APND,ALL_APNODES,0,-1.76178,176
2017-09-09T10:00:00-00:00,2017-09-09T11:00:00-00:00,2017-09-09,4,0,TH_ZP26_GEN-APND,TH_ZP26_GEN-APND,TH_ZP26_GEN-APND,DAM,MCL,LMP_LOSS_PRC,TH_ZP26_GEN-APND,ALL_APNODES,0,-1.07573,176
2017-09-09T16:00:00-00:00,2017-09-09T17:00:00-00:00,2017-09-09,10,0,TH_ZP26_GEN-APND,TH_ZP26_GEN-APND,TH_ZP26_GEN-APND,DAM,MCL,LMP_LOSS_PRC,TH_ZP26_GEN-APND,ALL_APNODES,0,-1.22244,176
2017-09-09T23:00:00-00:00,2017-09-10T00:00:00-00:00,2017-09-09,17,0,TH_ZP26_GEN-APND,TH_ZP26_GEN-APND,TH_ZP26_GEN-APND,DAM,MCL,LMP_LOSS_PRC,TH_ZP26_GEN-APND,ALL_APNODES,0,-2.15889,176
2017-09-09T09:00:00-00:00,2017-09-09T10:00:00-00:00,2017-09-09,3,0,TH_ZP26_GEN-APND,TH_ZP26_GEN-APND,TH_ZP26_GEN-APND,DAM,MCL,LMP_LOSS_PRC,TH_ZP26_GEN-APND,ALL_APNODES,0,-1.03693,176
2017-09-09T11:00:00-00:00,2017-09-09T12:00:00-00:00,2017-09-09,5,0,TH_ZP26_GEN-APND,TH_ZP26_GEN-APND,TH_ZP26_GEN-APND,DAM,MCL,LMP_LOSS_PRC,TH_ZP26_GEN-APND,ALL_APNODES,0,-1.13568,176
2017-09-09T22:00:00-00:00,2017-09-09T23:00:00-00:00,2017-09-09,16,0,TH_ZP26_GEN-APND,TH_ZP26_GEN-APND,TH_ZP26_GEN-APND,DAM,MCL,LMP_LOSS_PRC,TH_ZP26_GEN-APND,ALL_APNODES,0,-2.05379,176
2017-09-09T18:00:00-00:00,2017-09-09T19:00:00-00:00,2017-09-09,12,0,TH_ZP26_GEN-APND,TH_ZP26_GEN-APND,TH_ZP26_GEN-APND,DAM,MCL,LMP_LOSS_PRC,TH_ZP26_GEN-APND,ALL_APNODES,0,-1.48364,176
2017-09-09T14:00:00-00:00,2017-09-09T15:00:00-00:00,2017-09-09,8,0,URBAN_6_N005,URBAN_6_N005,URBAN_6_N005,DAM,LMP,LMP_PRC,URBAN_6_N005,ALL,1,30.48088,177
2017-09-10T03:00:00-00:00,2017-09-10T04:00:00-00:00,2017-09-09,21,0,URBAN_6_N005,URBAN_6_N005,URBAN_6_N005,DAM,LMP,LMP_PRC,URBAN_6_N005,ALL,1,46.87987,177
2017-09-09T22:00:00-00:00,2017-09-09T23:00:00-00:00,2017-09-09,16,0,URBAN_6_N005,URBAN_6_N005,URBAN_6_N005,DAM,LMP,LMP_PRC,URBAN_6_N005,ALL,1,34.99524,177
2017-09-10T00:00:00-00:00,2017-09-10T01:00:00-00:00,2017-09-09,18,0,URBAN_6_N005,URBAN_6_N005,URBAN_6_N005,DAM,LMP,LMP_PRC,URBAN_6_N005,ALL,1,41.76992,177
2017-09-09T11:00:00-00:00,2017-09-09T12:00:00-00:00,2017-09-09,5,0,URBAN_6_N005,URBAN_6_N005,URBAN_6_N005,DAM,LMP,LMP_PRC,URBAN_6_N005,ALL,1,30.66941,177
2017-09-09T16:00:00-00:00,2017-09-09T17:00:00-00:00,2017-09-09,10,0,URBAN_6_N005,URBAN_6_N005,URBAN_6_N005,DAM,LMP,LMP_PRC,URBAN_6_N005,ALL,1,2.02869,177
2017-09-09T17:00:00-00:00,2017-09-09T18:00:00-00:00,2017-09-09,11,0,URBAN_6_N005,URBAN_6_N005,URBAN_6_N005,DAM,LMP,LMP_PRC,URBAN_6_N005,ALL,1,2.25232,177
2017-09-09T18:00:00-00:00,2017-09-09T19:00:00-00:00,2017-09-09,12,0,URBAN_6_N005,URBAN_6_N005,URBAN_6_N005,DAM,LMP,LMP_PRC,URBAN_6_N005,ALL,1,3.75902,177
2017-09-09T07:00:00-00:00,2017-09-09T08:00:00-00:00,2017-09-09,1,0,URBAN_6_N005,URBAN_6_N005,URBAN_6_N005,DAM,LMP,LMP_PRC,URBAN_6_N005,ALL,1,31.15638,177
2017-09-10T01:00:00-00:00,2017-09-10T02:00:00-00:00,2017-09-09,19,0,URBAN_6_N005,URBAN_6_N005,URBAN_6_N005,DAM,LMP,LMP_PRC,URBAN_6_N005,ALL,1,52.77531,177
2017-09-10T04:00:00-00:00,2017-09-10T05:00:00-00:00,2017-09-09,22,0,URBAN_6_N005,URBAN_6_N005,URBAN_6_N005,DAM,LMP,LMP_PRC,URBAN_6_N005,ALL,1,40.76226,177
2017-09-09T21:00:00-00:00,2017-09-09T22:00:00-00:00,2017-09-09,15,0,URBAN_6_N005,URBAN_6_N005,URBAN_6_N005,DAM,LMP,LMP_PRC,URBAN_6_N005,ALL,1,32.53896,177
2017-09-09T09:00:00-00:00,2017-09-09T10:00:00-00:00,2017-09-09,3,0,URBAN_6_N005,URBAN_6_N005,URBAN_6_N005,DAM,LMP,LMP_PRC,URBAN_6_N005,ALL,1,30.14669,177
2017-09-09T10:00:00-00:00,2017-09-09T11:00:00-00:00,2017-09-09,4,0,URBAN_6_N005,URBAN_6_N005,URBAN_6_N005,DAM,LMP,LMP_PRC,URBAN_6_N005,ALL,1,29.036,177
2017-09-10T02:00:00-00:00,2017-09-10T03:00:00-00:00,2017-09-09,20,0,URBAN_6_N005,URBAN_6_N005,URBAN_6_N005,DAM,LMP,LMP_PRC,URBAN_6_N005,ALL,1,55.36872,177
2017-09-09T12:00:00-00:00,2017-09-09T13:00:00-00:00,2017-09-09,6,0,URBAN_6_N005,URBAN_6_N005,URBAN_6_N005,DAM,LMP,LMP_PRC,URBAN_6_N005,ALL,1,32.76799,177
2017-09-09T19:00:00-00:00,2017-09-09T20:00:00-00:00,2017-09-09,13,0,URBAN_6_N005,URBAN_6_N005,URBAN_6_N005,DAM,LMP,LMP_PRC,URBAN_6_N005,ALL,1,17.6744,177
2017-09-09T08:00:00-00:00,2017-09-09T09:00:00-00:00,2017-09-09,2,0,URBAN_6_N005,URBAN_6_N005,URBAN_6_N005,DAM,LMP,LMP_PRC,URBAN_6_N005,ALL,1,29.85632,177
2017-09-09T13:00:00-00:00,2017-09-09T14:00:00-00:00,2017-09-09,7,0,URBAN_6_N005,URBAN_6_N005,URBAN_6_N005,DAM,LMP,LMP_PRC,URBAN_6_N005,ALL,1,31.8088,177
2017-09-10T06:00:00-00:00,2017-09-10T07:00:00-00:00,2017-09-09,24,0,URBAN_6_N005,URBAN_6_N005,URBAN_6_N005,DAM,LMP,LMP_PRC,URBAN_6_N005,ALL,1,32.09051,177
2017-09-10T05:00:00-00:00,2017-09-10T06:00:00-00:00,2017-09-09,23,0,URBAN_6_N005,URBAN_6_N005,URBAN_6_N005,DAM,LMP,LMP_PRC,URBAN_6_N005,ALL,1,35.53759,177
2017-09-09T15:00:00-00:00,2017-09-09T16:00:00-00:00,2017-09-09,9,0,URBAN_6_N005,URBAN_6_N005,URBAN_6_N005,DAM,LMP,LMP_PRC,URBAN_6_N005,ALL,1,24.23153,177
2017-09-09T20:00:00-00:00,2017-09-09T21:00:00-00:00,2017-09-09,14,0,URBAN_6_N005,URBAN_6_N005,URBAN_6_N005,DAM,LMP,LMP_PRC,URBAN_6_N005,ALL,1,20.87354,177
2017-09-09T23:00:00-00:00,2017-09-10T00:00:00-00:00,2017-09-09,17,0,URBAN_6_N005,URBAN_6_N005,URBAN_6_N005,DAM,LMP,LMP_PRC,URBAN_6_N005,ALL,1,25.5984,177
2017-09-09T15:00:00-00:00,2017-09-09T16:00:00-00:00,2017-09-09,9,0,URBAN_6_N005,URBAN_6_N005,URBAN_6_N005,DAM,MCC,LMP_CONG_PRC,URBAN_6_N005,ALL,1,-0.96107,178
2017-09-10T04:00:00-00:00,2017-09-10T05:00:00-00:00,2017-09-09,22,0,URBAN_6_N005,URBAN_6_N005,URBAN_6_N005,DAM,MCC,LMP_CONG_PRC,URBAN_6_N005,ALL,1,0,178
2017-09-09T07:00:00-00:00,2017-09-09T08:00:00-00:00,2017-09-09,1,0,URBAN_6_N005,URBAN_6_N005,URBAN_6_N005,DAM,MCC,LMP_CONG_PRC,URBAN_6_N005,ALL,1,0,178
2017-09-09T12:00:00-00:00,2017-09-09T13:00:00-00:00,2017-09-09,6,0,URBAN_6_N005,URBAN_6_N005,URBAN_6_N005,DAM,MCC,LMP_CONG_PRC,URBAN_6_N005,ALL,1,0,178
2017-09-09T19:00:00-00:00,2017-09-09T20:00:00-00:00,2017-09-09,13,0,URBAN_6_N005,URBAN_6_N005,URBAN_6_N005,DAM,MCC,LMP_CONG_PRC,URBAN_6_N005,ALL,1,-9.5181,178
2017-09-09T20:00:00-00:00,2017-09-09T21:00:00-00:00,2017-09-09,14,0,URBAN_6_N005,URBAN_6_N005,URBAN_6_N005,DAM,MCC,LMP_CONG_PRC,URBAN_6_N005,ALL,1,-9.07668,178
2017-09-09T08:00:00-00:00,2017-09-09T09:00:00-00:00,2017-09-09,2,0,URBAN_6_N005,URBAN_6_N005,URBAN_6_N005,DAM,MCC,LMP_CONG_PRC,URBAN_6_N005,ALL,1,0,178
2017-09-09T22:00:00-00:00,2017-09-09T23:00:00-00:00,2017-09-09,16,0,URBAN_6_N005,URBAN_6_N005,URBAN_6_N005,DAM,MCC,LMP_CONG_PRC,URBAN_6_N005,ALL,1,0,178
2017-09-09T10:00:00-00:00,2017-09-09T11:00:00-00:00,2017-09-09,4,0,URBAN_6_N005,URBAN_6_N005,URBAN_6_N005,DAM,MCC,LMP_CONG_PRC,URBAN_6_N005,ALL,1,0,178
2017-09-10T00:00:00-00:00,2017-09-10T01:00:00-00:00,2017-09-09,18,0,URBAN_6_N005,URBAN_6_N005,URBAN_6_N005,DAM,MCC,LMP_CONG_PRC,URBAN_6_N005,ALL,1,-0.7004,178
2017-09-09T16:00:00-00:00,2017-09-09T17:00:00-00:00,2017-09-09,10,0,URBAN_6_N005,URBAN_6_N005,URBAN_6_N005,DAM,MCC,LMP_CONG_PRC,URBAN_6_N005,ALL,1,-20.06241,178
2017-09-09T18:00:00-00:00,2017-09-09T19:00:00-00:00,2017-09-09,12,0,URBAN_6_N005,URBAN_6_N005,URBAN_6_N005,DAM,MCC,LMP_CONG_PRC,URBAN_6_N005,ALL,1,-21.02081,178
2017-09-10T03:00:00-00:00,2017-09-10T04:00:00-00:00,2017-09-09,21,0,URBAN_6_N005,URBAN_6_N005,URBAN_6_N005,DAM,MCC,LMP_CONG_PRC,URBAN_6_N005,ALL,1,0,178
2017-09-10T06:00:00-00:00,2017-09-10T07:00:00-00:00,2017-09-09,24,0,URBAN_6_N005,URBAN_6_N005,URBAN_6_N005,DAM,MCC,LMP_CONG_PRC,URBAN_6_N005,ALL,1,0,178
2017-09-09T17:00:00-00:00,2017-09-09T18:00:00-00:00,2017-09-09,11,0,URBAN_6_N005,URBAN_6_N005,URBAN_6_N005,DAM,MCC,LMP_CONG_PRC,URBAN_6_N005,ALL,1,-20.52421,178
2017-09-09T21:00:00-00:00,2017-09-09T22:00:00-00:00,2017-09-09,15,0,URBAN_6_N005,URBAN_6_N005,URBAN_6_N005,DAM,MCC,LMP_CONG_PRC,URBAN_6_N005,ALL,1,0,178
2017-09-09T09:00:00-00:00,2017-09-09T10:00:00-00:00,2017-09-09,3,0,URBAN_6_N005,URBAN_6_N005,URBAN_6_N005,DAM,MCC,LMP_CONG_PRC,URBAN_6_N005,ALL,1,0,178
2017-09-10T05:00:00-00:00,2017-09-10T06:00:00-00:00,2017-09-09,23,0,URBAN_6_N005,URBAN_6_N005,URBAN_6_N005,DAM,MCC,LMP_CONG_PRC,URBAN_6_N005,ALL,1,0,178
2017-09-10T01:00:00-00:00,2017-09-10T02:00:00-00:00,2017-09-09,19,0,URBAN_6_N005,URBAN_6_N005,URBAN_6_N005,DAM,MCC,LMP_CONG_PRC,URBAN_6_N005,ALL,1,0,178
2017-09-10T02:00:00-00:00,2017-09-10T03:00:00-00:00,2017-09-09,20,0,URBAN_6_N005,URBAN_6_N005,URBAN_6_N005,DAM,MCC,LMP_CONG_PRC,URBAN_6_N005,ALL,1,-5.47977,178
2017-09-09T11:00:00-00:00,2017-09-09T12:00:00-00:00,2017-09-09,5,0,URBAN_6_N005,URBAN_6_N005,URBAN_6_N005,DAM,MCC,LMP_CONG_PRC,URBAN_6_N005,ALL,1,0,178
2017-09-09T13:00:00-00:00,2017-09-09T14:00:00-00:00,2017-09-09,7,0,URBAN_6_N005,URBAN_6_N005,URBAN_6_N005,DAM,MCC,LMP_CONG_PRC,URBAN_6_N005,ALL,1,0,178
2017-09-09T14:00:00-00:00,2017-09-09T15:00:00-00:00,2017-09-09,8,0,URBAN_6_N005,URBAN_6_N005,URBAN_6_N005,DAM,MCC,LMP_CONG_PRC,URBAN_6_N005,ALL,1,0,178
2017-09-09T23:00:00-00:00,2017-09-10T00:00:00-00:00,2017-09-09,17,0,URBAN_6_N005,URBAN_6_N005,URBAN_6_N005,DAM,MCC,LMP_CONG_PRC,URBAN_6_N005,ALL,1,-12.05504,178
2017-09-10T06:00:00-00:00,2017-09-10T07:00:00-00:00,2017-09-09,24,0,URBAN_6_N005,URBAN_6_N005,URBAN_6_N005,DAM,MCE,LMP_ENE_PRC,URBAN_6_N005,ALL,1,32.55276,179
2017-09-09T18:00:00-00:00,2017-09-09T19:00:00-00:00,2017-09-09,12,0,URBAN_6_N005,URBAN_6_N005,URBAN_6_N005,DAM,MCE,LMP_ENE_PRC,URBAN_6_N005,ALL,1,24.97715,179
2017-09-09T12:00:00-00:00,2017-09-09T13:00:00-00:00,2017-09-09,6,0,URBAN_6_N005,URBAN_6_N005,URBAN_6_N005,DAM,MCE,LMP_ENE_PRC,URBAN_6_N005,ALL,1,32.8567,179
2017-09-10T02:00:00-00:00,2017-09-10T03:00:00-00:00,2017-09-09,20,0,URBAN_6_N005,URBAN_6_N005,URBAN_6_N005,DAM,MCE,LMP_ENE_PRC,URBAN_6_N005,ALL,1,61.46312,179
2017-09-09T16:00:00-00:00,2017-09-09T17:00:00-00:00,2017-09-09,10,0,URBAN_6_N005,URBAN_6_N005,URBAN_6_N005,DAM,MCE,LMP_ENE_PRC,URBAN_6_N005,ALL,1,22.3481,179
2017-09-09T17:00:00-00:00,2017-09-09T18:00:00-00:00,2017-09-09,11,0,URBAN_6_N005,URBAN_6_N005,URBAN_6_N005,DAM,MCE,LMP_ENE_PRC,URBAN_6_N005,ALL,1,22.9741,179
2017-09-09T20:00:00-00:00,2017-09-09T21:00:00-00:00,2017-09-09,14,0,URBAN_6_N005,URBAN_6_N005,URBAN_6_N005,DAM,MCE,LMP_ENE_PRC,URBAN_6_N005,ALL,1,30.21917,179
2017-09-09T21:00:00-00:00,2017-09-09T22:00:00-00:00,2017-09-09,15,0,URBAN_6_N005,URBAN_6_N005,URBAN_6_N005,DAM,MCE,LMP_ENE_PRC,URBAN_6_N005,ALL,1,32.72879,179
2017-09-09T09:00:00-00:00,2017-09-09T10:00:00-00:00,2017-09-09,3,0,URBAN_6_N005,URBAN_6_N005,URBAN_6_N005,DAM,MCE,LMP_ENE_PRC,URBAN_6_N005,ALL,1,30.23134,179
2017-09-09T14:00:00-00:00,2017-09-09T15:00:00-00:00,2017-09-09,8,0,URBAN_6_N005,URBAN_6_N005,URBAN_6_N005,DAM,MCE,LMP_ENE_PRC,URBAN_6_N005,ALL,1,30.56953,179
2017-09-10T00:00:00-00:00,2017-09-10T01:00:00-00:00,2017-09-09,18,0,URBAN_6_N005,URBAN_6_N005,URBAN_6_N005,DAM,MCE,LMP_ENE_PRC,URBAN_6_N005,ALL,1,42.67945,179
2017-09-10T05:00:00-00:00,2017-09-10T06:00:00-00:00,2017-09-09,23,0,URBAN_6_N005,URBAN_6_N005,URBAN_6_N005,DAM,MCE,LMP_ENE_PRC,URBAN_6_N005,ALL,1,35.95102,179
2017-09-09T22:00:00-00:00,2017-09-09T23:00:00-00:00,2017-09-09,16,0,URBAN_6_N005,URBAN_6_N005,URBAN_6_N005,DAM,MCE,LMP_ENE_PRC,URBAN_6_N005,ALL,1,35.16756,179
2017-09-09T08:00:00-00:00,2017-09-09T09:00:00-00:00,2017-09-09,2,0,URBAN_6_N005,URBAN_6_N005,URBAN_6_N005,DAM,MCE,LMP_ENE_PRC,URBAN_6_N005,ALL,1,30.18534,179
2017-09-09T23:00:00-00:00,2017-09-10T00:00:00-00:00,2017-09-09,17,0,URBAN_6_N005,URBAN_6_N005,URBAN_6_N005,DAM,MCE,LMP_ENE_PRC,URBAN_6_N005,ALL,1,37.9418,179
2017-09-10T01:00:00-00:00,2017-09-10T02:00:00-00:00,2017-09-09,19,0,URBAN_6_N005,URBAN_6_N005,URBAN_6_N005,DAM,MCE,LMP_ENE_PRC,URBAN_6_N005,ALL,1,53.27073,179
2017-09-09T15:00:00-00:00,2017-09-09T16:00:00-00:00,2017-09-09,9,0,URBAN_6_N005,URBAN_6_N005,URBAN_6_N005,DAM,MCE,LMP_ENE_PRC,URBAN_6_N005,ALL,1,25.4831,179
2017-09-09T11:00:00-00:00,2017-09-09T12:00:00-00:00,2017-09-09,5,0,URBAN_6_N005,URBAN_6_N005,URBAN_6_N005,DAM,MCE,LMP_ENE_PRC,URBAN_6_N005,ALL,1,30.77713,179
2017-09-10T04:00:00-00:00,2017-09-10T05:00:00-00:00,2017-09-09,22,0,URBAN_6_N005,URBAN_6_N005,URBAN_6_N005,DAM,MCE,LMP_ENE_PRC,URBAN_6_N005,ALL,1,40.95475,179
2017-09-10T03:00:00-00:00,2017-09-10T04:00:00-00:00,2017-09-09,21,0,URBAN_6_N005,URBAN_6_N005,URBAN_6_N005,DAM,MCE,LMP_ENE_PRC,URBAN_6_N005,ALL,1,47.03508,179
2017-09-09T07:00:00-00:00,2017-09-09T08:00:00-00:00,2017-09-09,1,0,URBAN_6_N005,URBAN_6_N005,URBAN_6_N005,DAM,MCE,LMP_ENE_PRC,URBAN_6_N005,ALL,1,31.42348,179
2017-09-09T19:00:00-00:00,2017-09-09T20:00:00-00:00,2017-09-09,13,0,URBAN_6_N005,URBAN_6_N005,URBAN_6_N005,DAM,MCE,LMP_ENE_PRC,URBAN_6_N005,ALL,1,27.50328,179
2017-09-09T10:00:00-00:00,2017-09-09T11:00:00-00:00,2017-09-09,4,0,URBAN_6_N005,URBAN_6_N005,URBAN_6_N005,DAM,MCE,LMP_ENE_PRC,URBAN_6_N005,ALL,1,29.15261,179
2017-09-09T13:00:00-00:00,2017-09-09T14:00:00-00:00,2017-09-09,7,0,URBAN_6_N005,URBAN_6_N005,URBAN_6_N005,DAM,MCE,LMP_ENE_PRC,URBAN_6_N005,ALL,1,31.86616,179
2017-09-09T09:00:00-00:00,2017-09-09T10:00:00-00:00,2017-09-09,3,0,URBAN_6_N005,URBAN_6_N005,URBAN_6_N005,DAM,MCL,LMP_LOSS_PRC,URBAN_6_N005,ALL,1,-0.08465,180
2017-09-09T19:00:00-00:00,2017-09-09T20:00:00-00:00,2017-09-09,13,0,URBAN_6_N005,URBAN_6_N005,URBAN_6_N005,DAM,MCL,LMP_LOSS_PRC,URBAN_6_N005,ALL,1,-0.31079,180
2017-09-09T07:00:00-00:00,2017-09-09T08:00:00-00:00,2017-09-09,1,0,URBAN_6_N005,URBAN_6_N005,URBAN_6_N005,DAM,MCL,LMP_LOSS_PRC,URBAN_6_N005,ALL,1,-0.2671,180
2017-09-09T08:00:00-00:00,2017-09-09T09:00:00-00:00,2017-09-09,2,0,URBAN_6_N005,URBAN_6_N005,URBAN_6_N005,DAM,MCL,LMP_LOSS_PRC,URBAN_6_N005,ALL,1,-0.32902,180
2017-09-10T03:00:00-00:00,2017-09-10T04:00:00-00:00,2017-09-09,21,0,URBAN_6_N005,URBAN_6_N005,URBAN_6_N005,DAM,MCL,LMP_LOSS_PRC,URBAN_6_N005,ALL,1,-0.15522,180
2017-09-09T21:00:00-00:00,2017-09-09T22:00:00-00:00,2017-09-09,15,0,URBAN_6_N005,URBAN_6_N005,URBAN_6_N005,DAM,MCL,LMP_LOSS_PRC,URBAN_6_N005,ALL,1,-0.18983,180
2017-09-09T22:00:00-00:00,2017-09-09T23:00:00-00:00,2017-09-09,16,0,URBAN_6_N005,URBAN_6_N005,URBAN_6_N005,DAM,MCL,LMP_LOSS_PRC,URBAN_6_N005,ALL,1,-0.17232,180
2017-09-09T12:00:00-00:00,2017-09-09T13:00:00-00:00,2017-09-09,6,0,URBAN_6_N005,URBAN_6_N005,URBAN_6_N005,DAM,MCL,LMP_LOSS_PRC,URBAN_6_N005,ALL,1,-0.08871,180
2017-09-10T02:00:00-00:00,2017-09-10T03:00:00-00:00,2017-09-09,20,0,URBAN_6_N005,URBAN_6_N005,URBAN_6_N005,DAM,MCL,LMP_LOSS_PRC,URBAN_6_N005,ALL,1,-0.61463,180
2017-09-09T11:00:00-00:00,2017-09-09T12:00:00-00:00,2017-09-09,5,0,URBAN_6_N005,URBAN_6_N005,URBAN_6_N005,DAM,MCL,LMP_LOSS_PRC,URBAN_6_N005,ALL,1,-0.10772,180
2017-09-10T00:00:00-00:00,2017-09-10T01:00:00-00:00,2017-09-09,18,0,URBAN_6_N005,URBAN_6_N005,URBAN_6_N005,DAM,MCL,LMP_LOSS_PRC,URBAN_6_N005,ALL,1,-0.20913,180
2017-09-10T01:00:00-00:00,2017-09-10T02:00:00-00:00,2017-09-09,19,0,URBAN_6_N005,URBAN_6_N005,URBAN_6_N005,DAM,MCL,LMP_LOSS_PRC,URBAN_6_N005,ALL,1,-0.49542,180
2017-09-09T15:00:00-00:00,2017-09-09T16:00:00-00:00,2017-09-09,9,0,URBAN_6_N005,URBAN_6_N005,URBAN_6_N005,DAM,MCL,LMP_LOSS_PRC,URBAN_6_N005,ALL,1,-0.29051,180
2017-09-09T16:00:00-00:00,2017-09-09T17:00:00-00:00,2017-09-09,10,0,URBAN_6_N005,URBAN_6_N005,URBAN_6_N005,DAM,MCL,LMP_LOSS_PRC,URBAN_6_N005,ALL,1,-0.257,180
2017-09-09T18:00:00-00:00,2017-09-09T19:00:00-00:00,2017-09-09,12,0,URBAN_6_N005,URBAN_6_N005,URBAN_6_N005,DAM,MCL,LMP_LOSS_PRC,URBAN_6_N005,ALL,1,-0.19732,180
2017-09-09T17:00:00-00:00,2017-09-09T18:00:00-00:00,2017-09-09,11,0,URBAN_6_N005,URBAN_6_N005,URBAN_6_N005,DAM,MCL,LMP_LOSS_PRC,URBAN_6_N005,ALL,1,-0.19758,180
2017-09-09T20:00:00-00:00,2017-09-09T21:00:00-00:00,2017-09-09,14,0,URBAN_6_N005,URBAN_6_N005,URBAN_6_N005,DAM,MCL,LMP_LOSS_PRC,URBAN_6_N005,ALL,1,-0.26895,180
2017-09-09T23:00:00-00:00,2017-09-10T00:00:00-00:00,2017-09-09,17,0,URBAN_6_N005,URBAN_6_N005,URBAN_6_N005,DAM,MCL,LMP_LOSS_PRC,URBAN_6_N005,ALL,1,-0.28836,180
2017-09-09T13:00:00-00:00,2017-09-09T14:00:00-00:00,2017-09-09,7,0,URBAN_6_N005,URBAN_6_N005,URBAN_6_N005,DAM,MCL,LMP_LOSS_PRC,URBAN_6_N005,ALL,1,-0.05736,180
2017-09-09T14:00:00-00:00,2017-09-09T15:00:00-00:00,2017-09-09,8,0,URBAN_6_N005,URBAN_6_N005,URBAN_6_N005,DAM,MCL,LMP_LOSS_PRC,URBAN_6_N005,ALL,1,-0.08865,180
2017-09-09T10:00:00-00:00,2017-09-09T11:00:00-00:00,2017-09-09,4,0,URBAN_6_N005,URBAN_6_N005,URBAN_6_N005,DAM,MCL,LMP_LOSS_PRC,URBAN_6_N005,ALL,1,-0.11661,180
2017-09-10T04:00:00-00:00,2017-09-10T05:00:00-00:00,2017-09-09,22,0,URBAN_6_N005,URBAN_6_N005,URBAN_6_N005,DAM,MCL,LMP_LOSS_PRC,URBAN_6_N005,ALL,1,-0.19249,180
2017-09-10T05:00:00-00:00,2017-09-10T06:00:00-00:00,2017-09-09,23,0,URBAN_6_N005,URBAN_6_N005,URBAN_6_N005,DAM,MCL,LMP_LOSS_PRC,URBAN_6_N005,ALL,1,-0.41344,180
2017-09-10T06:00:00-00:00,2017-09-10T07:00:00-00:00,2017-09-09,24,0,URBAN_6_N005,URBAN_6_N005,URBAN_6_N005,DAM,MCL,LMP_LOSS_PRC,URBAN_6_N005,ALL,1,-0.46225,180
2017-09-10T23:00:00-00:00,2017-09-11T00:00:00-00:00,2017-09-10,17,0,BAYSHOR2_1_N001,BAYSHOR2_1_N001,BAYSHOR2_1_N001,DAM,LMP,LMP_PRC,BAYSHOR2_1_N001,ALL,1,48.79412,181
2017-09-10T16:00:00-00:00,2017-09-10T17:00:00-00:00,2017-09-10,10,0,BAYSHOR2_1_N001,BAYSHOR2_1_N001,BAYSHOR2_1_N001,DAM,LMP,LMP_PRC,BAYSHOR2_1_N001,ALL,1,30.1169,181
2017-09-10T14:00:00-00:00,2017-09-10T15:00:00-00:00,2017-09-10,8,0,BAYSHOR2_1_N001,BAYSHOR2_1_N001,BAYSHOR2_1_N001,DAM,LMP,LMP_PRC,BAYSHOR2_1_N001,ALL,1,29.83699,181
2017-09-11T04:00:00-00:00,2017-09-11T05:00:00-00:00,2017-09-10,22,0,BAYSHOR2_1_N001,BAYSHOR2_1_N001,BAYSHOR2_1_N001,DAM,LMP,LMP_PRC,BAYSHOR2_1_N001,ALL,1,46.11532,181
2017-09-11T06:00:00-00:00,2017-09-11T07:00:00-00:00,2017-09-10,24,0,BAYSHOR2_1_N001,BAYSHOR2_1_N001,BAYSHOR2_1_N001,DAM,LMP,LMP_PRC,BAYSHOR2_1_N001,ALL,1,35.57902,181
2017-09-10T22:00:00-00:00,2017-09-10T23:00:00-00:00,2017-09-10,16,0,BAYSHOR2_1_N001,BAYSHOR2_1_N001,BAYSHOR2_1_N001,DAM,LMP,LMP_PRC,BAYSHOR2_1_N001,ALL,1,42.87879,181
2017-09-10T13:00:00-00:00,2017-09-10T14:00:00-00:00,2017-09-10,7,0,BAYSHOR2_1_N001,BAYSHOR2_1_N001,BAYSHOR2_1_N001,DAM,LMP,LMP_PRC,BAYSHOR2_1_N001,ALL,1,30.42573,181
2017-09-11T00:00:00-00:00,2017-09-11T01:00:00-00:00,2017-09-10,18,0,BAYSHOR2_1_N001,BAYSHOR2_1_N001,BAYSHOR2_1_N001,DAM,LMP,LMP_PRC,BAYSHOR2_1_N001,ALL,1,57.88117,181
2017-09-11T01:00:00-00:00,2017-09-11T02:00:00-00:00,2017-09-10,19,0,BAYSHOR2_1_N001,BAYSHOR2_1_N001,BAYSHOR2_1_N001,DAM,LMP,LMP_PRC,BAYSHOR2_1_N001,ALL,1,88.62644,181
2017-09-10T15:00:00-00:00,2017-09-10T16:00:00-00:00,2017-09-10,9,0,BAYSHOR2_1_N001,BAYSHOR2_1_N001,BAYSHOR2_1_N001,DAM,LMP,LMP_PRC,BAYSHOR2_1_N001,ALL,1,24.47823,181
2017-09-10T17:00:00-00:00,2017-09-10T18:00:00-00:00,2017-09-10,11,0,BAYSHOR2_1_N001,BAYSHOR2_1_N001,BAYSHOR2_1_N001,DAM,LMP,LMP_PRC,BAYSHOR2_1_N001,ALL,1,31.87311,181
2017-09-10T18:00:00-00:00,2017-09-10T19:00:00-00:00,2017-09-10,12,0,BAYSHOR2_1_N001,BAYSHOR2_1_N001,BAYSHOR2_1_N001,DAM,LMP,LMP_PRC,BAYSHOR2_1_N001,ALL,1,35.9229,181
2017-09-10T07:00:00-00:00,2017-09-10T08:00:00-00:00,2017-09-10,1,0,BAYSHOR2_1_N001,BAYSHOR2_1_N001,BAYSHOR2_1_N001,DAM,LMP,LMP_PRC,BAYSHOR2_1_N001,ALL,1,34.14525,181
2017-09-10T10:00:00-00:00,2017-09-10T11:00:00-00:00,2017-09-10,4,0,BAYSHOR2_1_N001,BAYSHOR2_1_N001,BAYSHOR2_1_N001,DAM,LMP,LMP_PRC,BAYSHOR2_1_N001,ALL,1,30.23261,181
2017-09-11T03:00:00-00:00,2017-09-11T04:00:00-00:00,2017-09-10,21,0,BAYSHOR2_1_N001,BAYSHOR2_1_N001,BAYSHOR2_1_N001,DAM,LMP,LMP_PRC,BAYSHOR2_1_N001,ALL,1,55.56237,181
2017-09-10T20:00:00-00:00,2017-09-10T21:00:00-00:00,2017-09-10,14,0,BAYSHOR2_1_N001,BAYSHOR2_1_N001,BAYSHOR2_1_N001,DAM,LMP,LMP_PRC,BAYSHOR2_1_N001,ALL,1,36.86423,181
2017-09-10T09:00:00-00:00,2017-09-10T10:00:00-00:00,2017-09-10,3,0,BAYSHOR2_1_N001,BAYSHOR2_1_N001,BAYSHOR2_1_N001,DAM,LMP,LMP_PRC,BAYSHOR2_1_N001,ALL,1,30.74299,181
2017-09-10T08:00:00-00:00,2017-09-10T09:00:00-00:00,2017-09-10,2,0,BAYSHOR2_1_N001,BAYSHOR2_1_N001,BAYSHOR2_1_N001,DAM,LMP,LMP_PRC,BAYSHOR2_1_N001,ALL,1,32.82877,181
2017-09-10T19:00:00-00:00,2017-09-10T20:00:00-00:00,2017-09-10,13,0,BAYSHOR2_1_N001,BAYSHOR2_1_N001,BAYSHOR2_1_N001,DAM,LMP,LMP_PRC,BAYSHOR2_1_N001,ALL,1,35.60767,181
2017-09-10T21:00:00-00:00,2017-09-10T22:00:00-00:00,2017-09-10,15,0,BAYSHOR2_1_N001,BAYSHOR2_1_N001,BAYSHOR2_1_N001,DAM,LMP,LMP_PRC,BAYSHOR2_1_N001,ALL,1,37.96703,181
2017-09-10T11:00:00-00:00,2017-09-10T12:00:00-00:00,2017-09-10,5,0,BAYSHOR2_1_N001,BAYSHOR2_1_N001,BAYSHOR2_1_N001,DAM,LMP,LMP_PRC,BAYSHOR2_1_N001,ALL,1,30.14981,181
2017-09-11T02:00:00-00:00,2017-09-11T03:00:00-00:00,2017-09-10,20,0,BAYSHOR2_1_N001,BAYSHOR2_1_N001,BAYSHOR2_1_N001,DAM,LMP,LMP_PRC,BAYSHOR2_1_N001,ALL,1,79.59764,181
2017-09-11T05:00:00-00:00,2017-09-11T06:00:00-00:00,2017-09-10,23,0,BAYSHOR2_1_N001,BAYSHOR2_1_N001,BAYSHOR2_1_N001,DAM,LMP,LMP_PRC,BAYSHOR2_1_N001,ALL,1,39.64578,181
2017-09-10T12:00:00-00:00,2017-09-10T13:00:00-00:00,2017-09-10,6,0,BAYSHOR2_1_N001,BAYSHOR2_1_N001,BAYSHOR2_1_N001,DAM,LMP,LMP_PRC,BAYSHOR2_1_N001,ALL,1,30.54125,181
2017-09-10T21:00:00-00:00,2017-09-10T22:00:00-00:00,2017-09-10,15,0,BAYSHOR2_1_N001,BAYSHOR2_1_N001,BAYSHOR2_1_N001,DAM,MCC,LMP_CONG_PRC,BAYSHOR2_1_N001,ALL,1,0.79432,182
2017-09-11T02:00:00-00:00,2017-09-11T03:00:00-00:00,2017-09-10,20,0,BAYSHOR2_1_N001,BAYSHOR2_1_N001,BAYSHOR2_1_N001,DAM,MCC,LMP_CONG_PRC,BAYSHOR2_1_N001,ALL,1,0,182
2017-09-11T05:00:00-00:00,2017-09-11T06:00:00-00:00,2017-09-10,23,0,BAYSHOR2_1_N001,BAYSHOR2_1_N001,BAYSHOR2_1_N001,DAM,MCC,LMP_CONG_PRC,BAYSHOR2_1_N001,ALL,1,0,182
2017-09-10T23:00:00-00:00,2017-09-11T00:00:00-00:00,2017-09-10,17,0,BAYSHOR2_1_N001,BAYSHOR2_1_N001,BAYSHOR2_1_N001,DAM,MCC,LMP_CONG_PRC,BAYSHOR2_1_N001,ALL,1,1.01104,182
2017-09-11T00:00:00-00:00,2017-09-11T01:00:00-00:00,2017-09-10,18,0,BAYSHOR2_1_N001,BAYSHOR2_1_N001,BAYSHOR2_1_N001,DAM,MCC,LMP_CONG_PRC,BAYSHOR2_1_N001,ALL,1,0,182
2017-09-10T14:00:00-00:00,2017-09-10T15:00:00-00:00,2017-09-10,8,0,BAYSHOR2_1_N001,BAYSHOR2_1_N001,BAYSHOR2_1_N001,DAM,MCC,LMP_CONG_PRC,BAYSHOR2_1_N001,ALL,1,0,182
2017-09-11T01:00:00-00:00,2017-09-11T02:00:00-00:00,2017-09-10,19,0,BAYSHOR2_1_N001,BAYSHOR2_1_N001,BAYSHOR2_1_N001,DAM,MCC,LMP_CONG_PRC,BAYSHOR2_1_N001,ALL,1,0,182
2017-09-10T16:00:00-00:00,2017-09-10T17:00:00-00:00,2017-09-10,10,0,BAYSHOR2_1_N001,BAYSHOR2_1_N001,BAYSHOR2_1_N001,DAM,MCC,LMP_CONG_PRC,BAYSHOR2_1_N001,ALL,1,5.17786,182
2017-09-10T17:00:00-00:00,2017-09-10T18:00:00-00:00,2017-09-10,11,0,BAYSHOR2_1_N001,BAYSHOR2_1_N001,BAYSHOR2_1_N001,DAM,MCC,LMP_CONG_PRC,BAYSHOR2_1_N001,ALL,1,5.69782,182
2017-09-10T08:00:00-00:00,2017-09-10T09:00:00-00:00,2017-09-10,2,0,BAYSHOR2_1_N001,BAYSHOR2_1_N001,BAYSHOR2_1_N001,DAM,MCC,LMP_CONG_PRC,BAYSHOR2_1_N001,ALL,1,0,182
2017-09-10T07:00:00-00:00,2017-09-10T08:00:00-00:00,2017-09-10,1,0,BAYSHOR2_1_N001,BAYSHOR2_1_N001,BAYSHOR2_1_N001,DAM,MCC,LMP_CONG_PRC,BAYSHOR2_1_N001,ALL,1,0,182
2017-09-11T03:00:00-00:00,2017-09-11T04:00:00-00:00,2017-09-10,21,0,BAYSHOR2_1_N001,BAYSHOR2_1_N001,BAYSHOR2_1_N001,DAM,MCC,LMP_CONG_PRC,BAYSHOR2_1_N001,ALL,1,0,182
2017-09-11T06:00:00-00:00,2017-09-11T07:00:00-00:00,2017-09-10,24,0,BAYSHOR2_1_N001,BAYSHOR2_1_N001,BAYSHOR2_1_N001,DAM,MCC,LMP_CONG_PRC,BAYSHOR2_1_N001,ALL,1,0,182
2017-09-10T19:00:00-00:00,2017-09-10T20:00:00-00:00,2017-09-10,13,0,BAYSHOR2_1_N001,BAYSHOR2_1_N001,BAYSHOR2_1_N001,DAM,MCC,LMP_CONG_PRC,BAYSHOR2_1_N001,ALL,1,4.05548,182
2017-09-10T13:00:00-00:00,2017-09-10T14:00:00-00:00,2017-09-10,7,0,BAYSHOR2_1_N001,BAYSHOR2_1_N001,BAYSHOR2_1_N001,DAM,MCC,LMP_CONG_PRC,BAYSHOR2_1_N001,ALL,1,0,182
2017-09-10T22:00:00-00:00,2017-09-10T23:00:00-00:00,2017-09-10,16,0,BAYSHOR2_1_N001,BAYSHOR2_1_N001,BAYSHOR2_1_N001,DAM,MCC,LMP_CONG_PRC,BAYSHOR2_1_N001,ALL,1,0,182
2017-09-11T04:00:00-00:00,2017-09-11T05:00:00-00:00,2017-09-10,22,0,BAYSHOR2_1_N001,BAYSHOR2_1_N001,BAYSHOR2_1_N001,DAM,MCC,LMP_CONG_PRC,BAYSHOR2_1_N001,ALL,1,0,182
2017-09-10T15:00:00-00:00,2017-09-10T16:00:00-00:00,2017-09-10,9,0,BAYSHOR2_1_N001,BAYSHOR2_1_N001,BAYSHOR2_1_N001,DAM,MCC,LMP_CONG_PRC,BAYSHOR2_1_N001,ALL,1,0,182
2017-09-10T18:00:00-00:00,2017-09-10T19:00:00-00:00,2017-09-10,12,0,BAYSHOR2_1_N001,BAYSHOR2_1_N001,BAYSHOR2_1_N001,DAM,MCC,LMP_CONG_PRC,BAYSHOR2_1_N001,ALL,1,6.56231,182
2017-09-10T11:00:00-00:00,2017-09-10T12:00:00-00:00,2017-09-10,5,0,BAYSHOR2_1_N001,BAYSHOR2_1_N001,BAYSHOR2_1_N001,DAM,MCC,LMP_CONG_PRC,BAYSHOR2_1_N001,ALL,1,0,182
2017-09-10T12:00:00-00:00,2017-09-10T13:00:00-00:00,2017-09-10,6,0,BAYSHOR2_1_N001,BAYSHOR2_1_N001,BAYSHOR2_1_N001,DAM,MCC,LMP_CONG_PRC,BAYSHOR2_1_N001,ALL,1,0,182
2017-09-10T20:00:00-00:00,2017-09-10T21:00:00-00:00,2017-09-10,14,0,BAYSHOR2_1_N001,BAYSHOR2_1_N001,BAYSHOR2_1_N001,DAM,MCC,LMP_CONG_PRC,BAYSHOR2_1_N001,ALL,1,2.04609,182
2017-09-10T09:00:00-00:00,2017-09-10T10:00:00-00:00,2017-09-10,3,0,BAYSHOR2_1_N001,BAYSHOR2_1_N001,BAYSHOR2_1_N001,DAM,MCC,LMP_CONG_PRC,BAYSHOR2_1_N001,ALL,1,0,182
2017-09-10T10:00:00-00:00,2017-09-10T11:00:00-00:00,2017-09-10,4,0,BAYSHOR2_1_N001,BAYSHOR2_1_N001,BAYSHOR2_1_N001,DAM,MCC,LMP_CONG_PRC,BAYSHOR2_1_N001,ALL,1,0,182
2017-09-10T11:00:00-00:00,2017-09-10T12:00:00-00:00,2017-09-10,5,0,BAYSHOR2_1_N001,BAYSHOR2_1_N001,BAYSHOR2_1_N001,DAM,MCE,LMP_ENE_PRC,BAYSHOR2_1_N001,ALL,1,29.13025,183
2017-09-10T15:00:00-00:00,2017-09-10T16:00:00-00:00,2017-09-10,9,0,BAYSHOR2_1_N001,BAYSHOR2_1_N001,BAYSHOR2_1_N001,DAM,MCE,LMP_ENE_PRC,BAYSHOR2_1_N001,ALL,1,23.11011,183
2017-09-10T20:00:00-00:00,2017-09-10T21:00:00-00:00,2017-09-10,14,0,BAYSHOR2_1_N001,BAYSHOR2_1_N001,BAYSHOR2_1_N001,DAM,MCE,LMP_ENE_PRC,BAYSHOR2_1_N001,ALL,1,33.2965,183
2017-09-11T06:00:00-00:00,2017-09-11T07:00:00-00:00,2017-09-10,24,0,BAYSHOR2_1_N001,BAYSHOR2_1_N001,BAYSHOR2_1_N001,DAM,MCE,LMP_ENE_PRC,BAYSHOR2_1_N001,ALL,1,34.05995,183
2017-09-11T00:00:00-00:00,2017-09-11T01:00:00-00:00,2017-09-10,18,0,BAYSHOR2_1_N001,BAYSHOR2_1_N001,BAYSHOR2_1_N001,DAM,MCE,LMP_ENE_PRC,BAYSHOR2_1_N001,ALL,1,55.31458,183
2017-09-10T17:00:00-00:00,2017-09-10T18:00:00-00:00,2017-09-10,11,0,BAYSHOR2_1_N001,BAYSHOR2_1_N001,BAYSHOR2_1_N001,DAM,MCE,LMP_ENE_PRC,BAYSHOR2_1_N001,ALL,1,24.78016,183
2017-09-10T13:00:00-00:00,2017-09-10T14:00:00-00:00,2017-09-10,7,0,BAYSHOR2_1_N001,BAYSHOR2_1_N001,BAYSHOR2_1_N001,DAM,MCE,LMP_ENE_PRC,BAYSHOR2_1_N001,ALL,1,29.2724,183
2017-09-10T09:00:00-00:00,2017-09-10T10:00:00-00:00,2017-09-10,3,0,BAYSHOR2_1_N001,BAYSHOR2_1_N001,BAYSHOR2_1_N001,DAM,MCE,LMP_ENE_PRC,BAYSHOR2_1_N001,ALL,1,29.63466,183
2017-09-10T22:00:00-00:00,2017-09-10T23:00:00-00:00,2017-09-10,16,0,BAYSHOR2_1_N001,BAYSHOR2_1_N001,BAYSHOR2_1_N001,DAM,MCE,LMP_ENE_PRC,BAYSHOR2_1_N001,ALL,1,40.93832,183
2017-09-10T16:00:00-00:00,2017-09-10T17:00:00-00:00,2017-09-10,10,0,BAYSHOR2_1_N001,BAYSHOR2_1_N001,BAYSHOR2_1_N001,DAM,MCE,LMP_ENE_PRC,BAYSHOR2_1_N001,ALL,1,23.58079,183
2017-09-11T01:00:00-00:00,2017-09-11T02:00:00-00:00,2017-09-10,19,0,BAYSHOR2_1_N001,BAYSHOR2_1_N001,BAYSHOR2_1_N001,DAM,MCE,LMP_ENE_PRC,BAYSHOR2_1_N001,ALL,1,85.48899,183
2017-09-10T12:00:00-00:00,2017-09-10T13:00:00-00:00,2017-09-10,6,0,BAYSHOR2_1_N001,BAYSHOR2_1_N001,BAYSHOR2_1_N001,DAM,MCE,LMP_ENE_PRC,BAYSHOR2_1_N001,ALL,1,29.38071,183
2017-09-10T18:00:00-00:00,2017-09-10T19:00:00-00:00,2017-09-10,12,0,BAYSHOR2_1_N001,BAYSHOR2_1_N001,BAYSHOR2_1_N001,DAM,MCE,LMP_ENE_PRC,BAYSHOR2_1_N001,ALL,1,27.87222,183
2017-09-10T19:00:00-00:00,2017-09-10T20:00:00-00:00,2017-09-10,13,0,BAYSHOR2_1_N001,BAYSHOR2_1_N001,BAYSHOR2_1_N001,DAM,MCE,LMP_ENE_PRC,BAYSHOR2_1_N001,ALL,1,29.9584,183
2017-09-11T03:00:00-00:00,2017-09-11T04:00:00-00:00,2017-09-10,21,0,BAYSHOR2_1_N001,BAYSHOR2_1_N001,BAYSHOR2_1_N001,DAM,MCE,LMP_ENE_PRC,BAYSHOR2_1_N001,ALL,1,53.52314,183
2017-09-10T08:00:00-00:00,2017-09-10T09:00:00-00:00,2017-09-10,2,0,BAYSHOR2_1_N001,BAYSHOR2_1_N001,BAYSHOR2_1_N001,DAM,MCE,LMP_ENE_PRC,BAYSHOR2_1_N001,ALL,1,31.60563,183
2017-09-10T23:00:00-00:00,2017-09-11T00:00:00-00:00,2017-09-10,17,0,BAYSHOR2_1_N001,BAYSHOR2_1_N001,BAYSHOR2_1_N001,DAM,MCE,LMP_ENE_PRC,BAYSHOR2_1_N001,ALL,1,45.74732,183
2017-09-11T02:00:00-00:00,2017-09-11T03:00:00-00:00,2017-09-10,20,0,BAYSHOR2_1_N001,BAYSHOR2_1_N001,BAYSHOR2_1_N001,DAM,MCE,LMP_ENE_PRC,BAYSHOR2_1_N001,ALL,1,76.88365,183
2017-09-10T14:00:00-00:00,2017-09-10T15:00:00-00:00,2017-09-10,8,0,BAYSHOR2_1_N001,BAYSHOR2_1_N001,BAYSHOR2_1_N001,DAM,MCE,LMP_ENE_PRC,BAYSHOR2_1_N001,ALL,1,28.49216,183
2017-09-10T07:00:00-00:00,2017-09-10T08:00:00-00:00,2017-09-10,1,0,BAYSHOR2_1_N001,BAYSHOR2_1_N001,BAYSHOR2_1_N001,DAM,MCE,LMP_ENE_PRC,BAYSHOR2_1_N001,ALL,1,32.70931,183
2017-09-10T10:00:00-00:00,2017-09-10T11:00:00-00:00,2017-09-10,4,0,BAYSHOR2_1_N001,BAYSHOR2_1_N001,BAYSHOR2_1_N001,DAM,MCE,LMP_ENE_PRC,BAYSHOR2_1_N001,ALL,1,29.16798,183
2017-09-10T21:00:00-00:00,2017-09-10T22:00:00-00:00,2017-09-10,15,0,BAYSHOR2_1_N001,BAYSHOR2_1_N001,BAYSHOR2_1_N001,DAM,MCE,LMP_ENE_PRC,BAYSHOR2_1_N001,ALL,1,35.22145,183
2017-09-11T05:00:00-00:00,2017-09-11T06:00:00-00:00,2017-09-10,23,0,BAYSHOR2_1_N001,BAYSHOR2_1_N001,BAYSHOR2_1_N001,DAM,MCE,LMP_ENE_PRC,BAYSHOR2_1_N001,ALL,1,37.97125,183
2017-09-11T04:00:00-00:00,2017-09-11T05:00:00-00:00,2017-09-10,22,0,BAYSHOR2_1_N001,BAYSHOR2_1_N001,BAYSHOR2_1_N001,DAM,MCE,LMP_ENE_PRC,BAYSHOR2_1_N001,ALL,1,44.86363,183
2017-09-11T00:00:00-00:00,2017-09-11T01:00:00-00:00,2017-09-10,18,0,BAYSHOR2_1_N001,BAYSHOR2_1_N001,BAYSHOR2_1_N001,DAM,MCL,LMP_LOSS_PRC,BAYSHOR2_1_N001,ALL,1,2.5666,184
2017-09-10T13:00:00-00:00,2017-09-10T14:00:00-00:00,2017-09-10,7,0,BAYSHOR2_1_N001,BAYSHOR2_1_N001,BAYSHOR2_1_N001,DAM,MCL,LMP_LOSS_PRC,BAYSHOR2_1_N001,ALL,1,1.15333,184
2017-09-10T22:00:00-00:00,2017-09-10T23:00:00-00:00,2017-09-10,16,0,BAYSHOR2_1_N001,BAYSHOR2_1_N001,BAYSHOR2_1_N001,DAM,MCL,LMP_LOSS_PRC,BAYSHOR2_1_N001,ALL,1,1.94048,184
2017-09-10T21:00:00-00:00,2017-09-10T22:00:00-00:00,2017-09-10,15,0,BAYSHOR2_1_N001,BAYSHOR2_1_N001,BAYSHOR2_1_N001,DAM,MCL,LMP_LOSS_PRC,BAYSHOR2_1_N001,ALL,1,1.95127,184
2017-09-10T18:00:00-00:00,2017-09-10T19:00:00-00:00,2017-09-10,12,0,BAYSHOR2_1_N001,BAYSHOR2_1_N001,BAYSHOR2_1_N001,DAM,MCL,LMP_LOSS_PRC,BAYSHOR2_1_N001,ALL,1,1.48838,184
2017-09-10T16:00:00-00:00,2017-09-10T17:00:00-00:00,2017-09-10,10,0,BAYSHOR2_1_N001,BAYSHOR2_1_N001,BAYSHOR2_1_N001,DAM,MCL,LMP_LOSS_PRC,BAYSHOR2_1_N001,ALL,1,1.35825,184
2017-09-11T04:00:00-00:00,2017-09-11T05:00:00-00:00,2017-09-10,22,0,BAYSHOR2_1_N001,BAYSHOR2_1_N001,BAYSHOR2_1_N001,DAM,MCL,LMP_LOSS_PRC,BAYSHOR2_1_N001,ALL,1,1.2517,184
2017-09-10T14:00:00-00:00,2017-09-10T15:00:00-00:00,2017-09-10,8,0,BAYSHOR2_1_N001,BAYSHOR2_1_N001,BAYSHOR2_1_N001,DAM,MCL,LMP_LOSS_PRC,BAYSHOR2_1_N001,ALL,1,1.34483,184
2017-09-10T12:00:00-00:00,2017-09-10T13:00:00-00:00,2017-09-10,6,0,BAYSHOR2_1_N001,BAYSHOR2_1_N001,BAYSHOR2_1_N001,DAM,MCL,LMP_LOSS_PRC,BAYSHOR2_1_N001,ALL,1,1.16054,184
2017-09-10T10:00:00-00:00,2017-09-10T11:00:00-00:00,2017-09-10,4,0,BAYSHOR2_1_N001,BAYSHOR2_1_N001,BAYSHOR2_1_N001,DAM,MCL,LMP_LOSS_PRC,BAYSHOR2_1_N001,ALL,1,1.06463,184
2017-09-11T06:00:00-00:00,2017-09-11T07:00:00-00:00,2017-09-10,24,0,BAYSHOR2_1_N001,BAYSHOR2_1_N001,BAYSHOR2_1_N001,DAM,MCL,LMP_LOSS_PRC,BAYSHOR2_1_N001,ALL,1,1.51907,184
2017-09-11T05:00:00-00:00,2017-09-11T06:00:00-00:00,2017-09-10,23,0,BAYSHOR2_1_N001,BAYSHOR2_1_N001,BAYSHOR2_1_N001,DAM,MCL,LMP_LOSS_PRC,BAYSHOR2_1_N001,ALL,1,1.67453,184
2017-09-10T23:00:00-00:00,2017-09-11T00:00:00-00:00,2017-09-10,17,0,BAYSHOR2_1_N001,BAYSHOR2_1_N001,BAYSHOR2_1_N001,DAM,MCL,LMP_LOSS_PRC,BAYSHOR2_1_N001,ALL,1,2.03576,184
2017-09-10T15:00:00-00:00,2017-09-10T16:00:00-00:00,2017-09-10,9,0,BAYSHOR2_1_N001,BAYSHOR2_1_N001,BAYSHOR2_1_N001,DAM,MCL,LMP_LOSS_PRC,BAYSHOR2_1_N001,ALL,1,1.36812,184
2017-09-11T02:00:00-00:00,2017-09-11T03:00:00-00:00,2017-09-10,20,0,BAYSHOR2_1_N001,BAYSHOR2_1_N001,BAYSHOR2_1_N001,DAM,MCL,LMP_LOSS_PRC,BAYSHOR2_1_N001,ALL,1,2.71399,184
2017-09-10T11:00:00-00:00,2017-09-10T12:00:00-00:00,2017-09-10,5,0,BAYSHOR2_1_N001,BAYSHOR2_1_N001,BAYSHOR2_1_N001,DAM,MCL,LMP_LOSS_PRC,BAYSHOR2_1_N001,ALL,1,1.01956,184
2017-09-10T20:00:00-00:00,2017-09-10T21:00:00-00:00,2017-09-10,14,0,BAYSHOR2_1_N001,BAYSHOR2_1_N001,BAYSHOR2_1_N001,DAM,MCL,LMP_LOSS_PRC,BAYSHOR2_1_N001,ALL,1,1.52165,184
2017-09-10T17:00:00-00:00,2017-09-10T18:00:00-00:00,2017-09-10,11,0,BAYSHOR2_1_N001,BAYSHOR2_1_N001,BAYSHOR2_1_N001,DAM,MCL,LMP_LOSS_PRC,BAYSHOR2_1_N001,ALL,1,1.39512,184
2017-09-10T08:00:00-00:00,2017-09-10T09:00:00-00:00,2017-09-10,2,0,BAYSHOR2_1_N001,BAYSHOR2_1_N001,BAYSHOR2_1_N001,DAM,MCL,LMP_LOSS_PRC,BAYSHOR2_1_N001,ALL,1,1.22314,184
2017-09-11T01:00:00-00:00,2017-09-11T02:00:00-00:00,2017-09-10,19,0,BAYSHOR2_1_N001,BAYSHOR2_1_N001,BAYSHOR2_1_N001,DAM,MCL,LMP_LOSS_PRC,BAYSHOR2_1_N001,ALL,1,3.13745,184
2017-09-10T07:00:00-00:00,2017-09-10T08:00:00-00:00,2017-09-10,1,0,BAYSHOR2_1_N001,BAYSHOR2_1_N001,BAYSHOR2_1_N001,DAM,MCL,LMP_LOSS_PRC,BAYSHOR2_1_N001,ALL,1,1.43594,184
2017-09-10T19:00:00-00:00,2017-09-10T20:00:00-00:00,2017-09-10,13,0,BAYSHOR2_1_N001,BAYSHOR2_1_N001,BAYSHOR2_1_N001,DAM,MCL,LMP_LOSS_PRC,BAYSHOR2_1_N001,ALL,1,1.59379,184
2017-09-11T03:00:00-00:00,2017-09-11T04:00:00-00:00,2017-09-10,21,0,BAYSHOR2_1_N001,BAYSHOR2_1_N001,BAYSHOR2_1_N001,DAM,MCL,LMP_LOSS_PRC,BAYSHOR2_1_N001,ALL,1,2.03923,184
2017-09-10T09:00:00-00:00,2017-09-10T10:00:00-00:00,2017-09-10,3,0,BAYSHOR2_1_N001,BAYSHOR2_1_N001,BAYSHOR2_1_N001,DAM,MCL,LMP_LOSS_PRC,BAYSHOR2_1_N001,ALL,1,1.10834,184
2017-09-10T08:00:00-00:00,2017-09-10T09:00:00-00:00,2017-09-10,2,0,TH_NP15_GEN-APND,TH_NP15_GEN-APND,TH_NP15_GEN-APND,DAM,LMP,LMP_PRC,TH_NP15_GEN-APND,ALL_APNODES,0,31.60879,185
2017-09-10T13:00:00-00:00,2017-09-10T14:00:00-00:00,2017-09-10,7,0,TH_NP15_GEN-APND,TH_NP15_GEN-APND,TH_NP15_GEN-APND,DAM,LMP,LMP_PRC,TH_NP15_GEN-APND,ALL_APNODES,0,29.36022,185
2017-09-11T04:00:00-00:00,2017-09-11T05:00:00-00:00,2017-09-10,22,0,TH_NP15_GEN-APND,TH_NP15_GEN-APND,TH_NP15_GEN-APND,DAM,LMP,LMP_PRC,TH_NP15_GEN-APND,ALL_APNODES,0,44.23554,185
2017-09-10T17:00:00-00:00,2017-09-10T18:00:00-00:00,2017-09-10,11,0,TH_NP15_GEN-APND,TH_NP15_GEN-APND,TH_NP15_GEN-APND,DAM,LMP,LMP_PRC,TH_NP15_GEN-APND,ALL_APNODES,0,27.25145,185
2017-09-11T00:00:00-00:00,2017-09-11T01:00:00-00:00,2017-09-10,18,0,TH_NP15_GEN-APND,TH_NP15_GEN-APND,TH_NP15_GEN-APND,DAM,LMP,LMP_PRC,TH_NP15_GEN-APND,ALL_APNODES,0,55.36989,185
2017-09-10T09:00:00-00:00,2017-09-10T10:00:00-00:00,2017-09-10,3,0,TH_NP15_GEN-APND,TH_NP15_GEN-APND,TH_NP15_GEN-APND,DAM,LMP,LMP_PRC,TH_NP15_GEN-APND,ALL_APNODES,0,29.64058,185
2017-09-10T11:00:00-00:00,2017-09-10T12:00:00-00:00,2017-09-10,5,0,TH_NP15_GEN-APND,TH_NP15_GEN-APND,TH_NP15_GEN-APND,DAM,LMP,LMP_PRC,TH_NP15_GEN-APND,ALL_APNODES,0,29.11569,185
2017-09-11T02:00:00-00:00,2017-09-11T03:00:00-00:00,2017-09-10,20,0,TH_NP15_GEN-APND,TH_NP15_GEN-APND,TH_NP15_GEN-APND,DAM,LMP,LMP_PRC,TH_NP15_GEN-APND,ALL_APNODES,0,76.28396,185
2017-09-11T03:00:00-00:00,2017-09-11T04:00:00-00:00,2017-09-10,21,0,TH_NP15_GEN-APND,TH_NP15_GEN-APND,TH_NP15_GEN-APND,DAM,LMP,LMP_PRC,TH_NP15_GEN-APND,ALL_APNODES,0,53.04143,185
2017-09-11T05:00:00-00:00,2017-09-11T06:00:00-00:00,2017-09-10,23,0,TH_NP15_GEN-APND,TH_NP15_GEN-APND,TH_NP15_GEN-APND,DAM,LMP,LMP_PRC,TH_NP15_GEN-APND,ALL_APNODES,0,37.70545,185
2017-09-10T21:00:00-00:00,2017-09-10T22:00:00-00:00,2017-09-10,15,0,TH_NP15_GEN-APND,TH_NP15_GEN-APND,TH_NP15_GEN-APND,DAM,LMP,LMP_PRC,TH_NP15_GEN-APND,ALL_APNODES,0,35.82234,185
2017-09-10T15:00:00-00:00,2017-09-10T16:00:00-00:00,2017-09-10,9,0,TH_NP15_GEN-APND,TH_NP15_GEN-APND,TH_NP15_GEN-APND,DAM,LMP,LMP_PRC,TH_NP15_GEN-APND,ALL_APNODES,0,23.5076,185
2017-09-10T12:00:00-00:00,2017-09-10T13:00:00-00:00,2017-09-10,6,0,TH_NP15_GEN-APND,TH_NP15_GEN-APND,TH_NP15_GEN-APND,DAM,LMP,LMP_PRC,TH_NP15_GEN-APND,ALL_APNODES,0,29.47179,185
2017-09-10T18:00:00-00:00,2017-09-10T19:00:00-00:00,2017-09-10,12,0,TH_NP15_GEN-APND,TH_NP15_GEN-APND,TH_NP15_GEN-APND,DAM,LMP,LMP_PRC,TH_NP15_GEN-APND,ALL_APNODES,0,30.61465,185
2017-09-10T07:00:00-00:00,2017-09-10T08:00:00-00:00,2017-09-10,1,0,TH_NP15_GEN-APND,TH_NP15_GEN-APND,TH_NP15_GEN-APND,DAM,LMP,LMP_PRC,TH_NP15_GEN-APND,ALL_APNODES,0,32.83687,185
2017-09-10T10:00:00-00:00,2017-09-10T11:00:00-00:00,2017-09-10,4,0,TH_NP15_GEN-APND,TH_NP15_GEN-APND,TH_NP15_GEN-APND,DAM,LMP,LMP_PRC,TH_NP15_GEN-APND,ALL_APNODES,0,29.17673,185
2017-09-11T06:00:00-00:00,2017-09-11T07:00:00-00:00,2017-09-10,24,0,TH_NP15_GEN-APND,TH_NP15_GEN-APND,TH_NP15_GEN-APND,DAM,LMP,LMP_PRC,TH_NP15_GEN-APND,ALL_APNODES,0,34.18256,185
2017-09-10T19:00:00-00:00,2017-09-10T20:00:00-00:00,2017-09-10,13,0,TH_NP15_GEN-APND,TH_NP15_GEN-APND,TH_NP15_GEN-APND,DAM,LMP,LMP_PRC,TH_NP15_GEN-APND,ALL_APNODES,0,31.77875,185
2017-09-10T22:00:00-00:00,2017-09-10T23:00:00-00:00,2017-09-10,16,0,TH_NP15_GEN-APND,TH_NP15_GEN-APND,TH_NP15_GEN-APND,DAM,LMP,LMP_PRC,TH_NP15_GEN-APND,ALL_APNODES,0,40.99972,185
2017-09-10T23:00:00-00:00,2017-09-11T00:00:00-00:00,2017-09-10,17,0,TH_NP15_GEN-APND,TH_NP15_GEN-APND,TH_NP15_GEN-APND,DAM,LMP,LMP_PRC,TH_NP15_GEN-APND,ALL_APNODES,0,46.2138,185
2017-09-10T14:00:00-00:00,2017-09-10T15:00:00-00:00,2017-09-10,8,0,TH_NP15_GEN-APND,TH_NP15_GEN-APND,TH_NP15_GEN-APND,DAM,LMP,LMP_PRC,TH_NP15_GEN-APND,ALL_APNODES,0,28.70016,185
2017-09-11T01:00:00-00:00,2017-09-11T02:00:00-00:00,2017-09-10,19,0,TH_NP15_GEN-APND,TH_NP15_GEN-APND,TH_NP15_GEN-APND,DAM,LMP,LMP_PRC,TH_NP15_GEN-APND,ALL_APNODES,0,84.99316,185
2017-09-10T16:00:00-00:00,2017-09-10T17:00:00-00:00,2017-09-10,10,0,TH_NP15_GEN-APND,TH_NP15_GEN-APND,TH_NP15_GEN-APND,DAM,LMP,LMP_PRC,TH_NP15_GEN-APND,ALL_APNODES,0,25.89338,185
2017-09-10T20:00:00-00:00,2017-09-10T21:00:00-00:00,2017-09-10,14,0,TH_NP15_GEN-APND,TH_NP15_GEN-APND,TH_NP15_GEN-APND,DAM,LMP,LMP_PRC,TH_NP15_GEN-APND,ALL_APNODES,0,34.29179,185
2017-09-10T09:00:00-00:00,2017-09-10T10:00:00-00:00,2017-09-10,3,0,TH_NP15_GEN-APND,TH_NP15_GEN-APND,TH_NP15_GEN-APND,DAM,MCC,LMP_CONG_PRC,TH_NP15_GEN-APND,ALL_APNODES,0,0,186
2017-09-11T00:00:00-00:00,2017-09-11T01:00:00-00:00,2017-09-10,18,0,TH_NP15_GEN-APND,TH_NP15_GEN-APND,TH_NP15_GEN-APND,DAM,MCC,LMP_CONG_PRC,TH_NP15_GEN-APND,ALL_APNODES,0,0,186
2017-09-10T11:00:00-00:00,2017-09-10T12:00:00-00:00,2017-09-10,5,0,TH_NP15_GEN-APND,TH_NP15_GEN-APND,TH_NP15_GEN-APND,DAM,MCC,LMP_CONG_PRC,TH_NP15_GEN-APND,ALL_APNODES,0,0,186
2017-09-10T19:00:00-00:00,2017-09-10T20:00:00-00:00,2017-09-10,13,0,TH_NP15_GEN-APND,TH_NP15_GEN-APND,TH_NP15_GEN-APND,DAM,MCC,LMP_CONG_PRC,TH_NP15_GEN-APND,ALL_APNODES,0,1.45785,186
2017-09-10T15:00:00-00:00,2017-09-10T16:00:00-00:00,2017-09-10,9,0,TH_NP15_GEN-APND,TH_NP15_GEN-APND,TH_NP15_GEN-APND,DAM,MCC,LMP_CONG_PRC,TH_NP15_GEN-APND,ALL_APNODES,0,0,186
2017-09-10T10:00:00-00:00,2017-09-10T11:00:00-00:00,2017-09-10,4,0,TH_NP15_GEN-APND,TH_NP15_GEN-APND,TH_NP15_GEN-APND,DAM,MCC,LMP_CONG_PRC,TH_NP15_GEN-APND,ALL_APNODES,0,0,186
2017-09-10T21:00:00-00:00,2017-09-10T22:00:00-00:00,2017-09-10,15,0,TH_NP15_GEN-APND,TH_NP15_GEN-APND,TH_NP15_GEN-APND,DAM,MCC,LMP_CONG_PRC,TH_NP15_GEN-APND,ALL_APNODES,0,0.28742,186
2017-09-10T18:00:00-00:00,2017-09-10T19:00:00-00:00,2017-09-10,12,0,TH_NP15_GEN-APND,TH_NP15_GEN-APND,TH_NP15_GEN-APND,DAM,MCC,LMP_CONG_PRC,TH_NP15_GEN-APND,ALL_APNODES,0,2.37452,186
2017-09-10T14:00:00-00:00,2017-09-10T15:00:00-00:00,2017-09-10,8,0,TH_NP15_GEN-APND,TH_NP15_GEN-APND,TH_NP15_GEN-APND,DAM,MCC,LMP_CONG_PRC,TH_NP15_GEN-APND,ALL_APNODES,0,0,186
2017-09-10T13:00:00-00:00,2017-09-10T14:00:00-00:00,2017-09-10,7,0,TH_NP15_GEN-APND,TH_NP15_GEN-APND,TH_NP15_GEN-APND,DAM,MCC,LMP_CONG_PRC,TH_NP15_GEN-APND,ALL_APNODES,0,0,186
2017-09-10T12:00:00-00:00,2017-09-10T13:00:00-00:00,2017-09-10,6,0,TH_NP15_GEN-APND,TH_NP15_GEN-APND,TH_NP15_GEN-APND,DAM,MCC,LMP_CONG_PRC,TH_NP15_GEN-APND,ALL_APNODES,0,0,186
2017-09-10T08:00:00-00:00,2017-09-10T09:00:00-00:00,2017-09-10,2,0,TH_NP15_GEN-APND,TH_NP15_GEN-APND,TH_NP15_GEN-APND,DAM,MCC,LMP_CONG_PRC,TH_NP15_GEN-APND,ALL_APNODES,0,0,186
2017-09-10T07:00:00-00:00,2017-09-10T08:00:00-00:00,2017-09-10,1,0,TH_NP15_GEN-APND,TH_NP15_GEN-APND,TH_NP15_GEN-APND,DAM,MCC,LMP_CONG_PRC,TH_NP15_GEN-APND,ALL_APNODES,0,0,186
2017-09-10T22:00:00-00:00,2017-09-10T23:00:00-00:00,2017-09-10,16,0,TH_NP15_GEN-APND,TH_NP15_GEN-APND,TH_NP15_GEN-APND,DAM,MCC,LMP_CONG_PRC,TH_NP15_GEN-APND,ALL_APNODES,0,0,186
2017-09-11T06:00:00-00:00,2017-09-11T07:00:00-00:00,2017-09-10,24,0,TH_NP15_GEN-APND,TH_NP15_GEN-APND,TH_NP15_GEN-APND,DAM,MCC,LMP_CONG_PRC,TH_NP15_GEN-APND,ALL_APNODES,0,0,186
2017-09-11T03:00:00-00:00,2017-09-11T04:00:00-00:00,2017-09-10,21,0,TH_NP15_GEN-APND,TH_NP15_GEN-APND,TH_NP15_GEN-APND,DAM,MCC,LMP_CONG_PRC,TH_NP15_GEN-APND,ALL_APNODES,0,0,186
2017-09-10T23:00:00-00:00,2017-09-11T00:00:00-00:00,2017-09-10,17,0,TH_NP15_GEN-APND,TH_NP15_GEN-APND,TH_NP15_GEN-APND,DAM,MCC,LMP_CONG_PRC,TH_NP15_GEN-APND,ALL_APNODES,0,0.36584,186
2017-09-10T20:00:00-00:00,2017-09-10T21:00:00-00:00,2017-09-10,14,0,TH_NP15_GEN-APND,TH_NP15_GEN-APND,TH_NP15_GEN-APND,DAM,MCC,LMP_CONG_PRC,TH_NP15_GEN-APND,ALL_APNODES,0,0.74889,186
2017-09-10T17:00:00-00:00,2017-09-10T18:00:00-00:00,2017-09-10,11,0,TH_NP15_GEN-APND,TH_NP15_GEN-APND,TH_NP15_GEN-APND,DAM,MCC,LMP_CONG_PRC,TH_NP15_GEN-APND,ALL_APNODES,0,2.03763,186
2017-09-10T16:00:00-00:00,2017-09-10T17:00:00-00:00,2017-09-10,10,0,TH_NP15_GEN-APND,TH_NP15_GEN-APND,TH_NP15_GEN-APND,DAM,MCC,LMP_CONG_PRC,TH_NP15_GEN-APND,ALL_APNODES,0,1.81739,186
2017-09-11T04:00:00-00:00,2017-09-11T05:00:00-00:00,2017-09-10,22,0,TH_NP15_GEN-APND,TH_NP15_GEN-APND,TH_NP15_GEN-APND,DAM,MCC,LMP_CONG_PRC,TH_NP15_GEN-APND,ALL_APNODES,0,0,186
2017-09-11T02:00:00-00:00,2017-09-11T03:00:00-00:00,2017-09-10,20,0,TH_NP15_GEN-APND,TH_NP15_GEN-APND,TH_NP15_GEN-APND,DAM,MCC,LMP_CONG_PRC,TH_NP15_GEN-APND,ALL_APNODES,0,0,186
2017-09-11T01:00:00-00:00,2017-09-11T02:00:00-00:00,2017-09-10,19,0,TH_NP15_GEN-APND,TH_NP15_GEN-APND,TH_NP15_GEN-APND,DAM,MCC,LMP_CONG_PRC,TH_NP15_GEN-APND,ALL_APNODES,0,0,186
2017-09-11T05:00:00-00:00,2017-09-11T06:00:00-00:00,2017-09-10,23,0,TH_NP15_GEN-APND,TH_NP15_GEN-APND,TH_NP15_GEN-APND,DAM,MCC,LMP_CONG_PRC,TH_NP15_GEN-APND,ALL_APNODES,0,0,186
2017-09-10T20:00:00-00:00,2017-09-10T21:00:00-00:00,2017-09-10,14,0,TH_NP15_GEN-APND,TH_NP15_GEN-APND,TH_NP15_GEN-APND,DAM,MCE,LMP_ENE_PRC,TH_NP15_GEN-APND,ALL_APNODES,0,33.2965,187
2017-09-11T03:00:00-00:00,2017-09-11T04:00:00-00:00,2017-09-10,21,0,TH_NP15_GEN-APND,TH_NP15_GEN-APND,TH_NP15_GEN-APND,DAM,MCE,LMP_ENE_PRC,TH_NP15_GEN-APND,ALL_APNODES,0,53.52314,187
2017-09-10T16:00:00-00:00,2017-09-10T17:00:00-00:00,2017-09-10,10,0,TH_NP15_GEN-APND,TH_NP15_GEN-APND,TH_NP15_GEN-APND,DAM,MCE,LMP_ENE_PRC,TH_NP15_GEN-APND,ALL_APNODES,0,23.58079,187
2017-09-11T01:00:00-00:00,2017-09-11T02:00:00-00:00,2017-09-10,19,0,TH_NP15_GEN-APND,TH_NP15_GEN-APND,TH_NP15_GEN-APND,DAM,MCE,LMP_ENE_PRC,TH_NP15_GEN-APND,ALL_APNODES,0,85.48899,187
2017-09-10T12:00:00-00:00,2017-09-10T13:00:00-00:00,2017-09-10,6,0,TH_NP15_GEN-APND,TH_NP15_GEN-APND,TH_NP15_GEN-APND,DAM,MCE,LMP_ENE_PRC,TH_NP15_GEN-APND,ALL_APNODES,0,29.38071,187
2017-09-10T22:00:00-00:00,2017-09-10T23:00:00-00:00,2017-09-10,16,0,TH_NP15_GEN-APND,TH_NP15_GEN-APND,TH_NP15_GEN-APND,DAM,MCE,LMP_ENE_PRC,TH_NP15_GEN-APND,ALL_APNODES,0,40.93832,187
2017-09-10T07:00:00-00:00,2017-09-10T08:00:00-00:00,2017-09-10,1,0,TH_NP15_GEN-APND,TH_NP15_GEN-APND,TH_NP15_GEN-APND,DAM,MCE,LMP_ENE_PRC,TH_NP15_GEN-APND,ALL_APNODES,0,32.70931,187
2017-09-10T23:00:00-00:00,2017-09-11T00:00:00-00:00,2017-09-10,17,0,TH_NP15_GEN-APND,TH_NP15_GEN-APND,TH_NP15_GEN-APND,DAM,MCE,LMP_ENE_PRC,TH_NP15_GEN-APND,ALL_APNODES,0,45.74732,187
2017-09-10T15:00:00-00:00,2017-09-10T16:00:00-00:00,2017-09-10,9,0,TH_NP15_GEN-APND,TH_NP15_GEN-APND,TH_NP15_GEN-APND,DAM,MCE,LMP_ENE_PRC,TH_NP15_GEN-APND,ALL_APNODES,0,23.11011,187
2017-09-10T14:00:00-00:00,2017-09-10T15:00:00-00:00,2017-09-10,8,0,TH_NP15_GEN-APND,TH_NP15_GEN-APND,TH_NP15_GEN-APND,DAM,MCE,LMP_ENE_PRC,TH_NP15_GEN-APND,ALL_APNODES,0,28.49216,187
2017-09-10T10:00:00-00:00,2017-09-10T11:00:00-00:00,2017-09-10,4,0,TH_NP15_GEN-APND,TH_NP15_GEN-APND,TH_NP15_GEN-APND,DAM,MCE,LMP_ENE_PRC,TH_NP15_GEN-APND,ALL_APNODES,0,29.16798,187
2017-09-11T00:00:00-00:00,2017-09-11T01:00:00-00:00,2017-09-10,18,0,TH_NP15_GEN-APND,TH_NP15_GEN-APND,TH_NP15_GEN-APND,DAM,MCE,LMP_ENE_PRC,TH_NP15_GEN-APND,ALL_APNODES,0,55.31458,187
2017-09-10T19:00:00-00:00,2017-09-10T20:00:00-00:00,2017-09-10,13,0,TH_NP15_GEN-APND,TH_NP15_GEN-APND,TH_NP15_GEN-APND,DAM,MCE,LMP_ENE_PRC,TH_NP15_GEN-APND,ALL_APNODES,0,29.9584,187
2017-09-10T18:00:00-00:00,2017-09-10T19:00:00-00:00,2017-09-10,12,0,TH_NP15_GEN-APND,TH_NP15_GEN-APND,TH_NP15_GEN-APND,DAM,MCE,LMP_ENE_PRC,TH_NP15_GEN-APND,ALL_APNODES,0,27.87222,187
2017-09-10T09:00:00-00:00,2017-09-10T10:00:00-00:00,2017-09-10,3,0,TH_NP15_GEN-APND,TH_NP15_GEN-APND,TH_NP15_GEN-APND,DAM,MCE,LMP_ENE_PRC,TH_NP15_GEN-APND,ALL_APNODES,0,29.63466,187
2017-09-10T21:00:00-00:00,2017-09-10T22:00:00-00:00,2017-09-10,15,0,TH_NP15_GEN-APND,TH_NP15_GEN-APND,TH_NP15_GEN-APND,DAM,MCE,LMP_ENE_PRC,TH_NP15_GEN-APND,ALL_APNODES,0,35.22145,187
2017-09-11T06:00:00-00:00,2017-09-11T07:00:00-00:00,2017-09-10,24,0,TH_NP15_GEN-APND,TH_NP15_GEN-APND,TH_NP15_GEN-APND,DAM,MCE,LMP_ENE_PRC,TH_NP15_GEN-APND,ALL_APNODES,0,34.05995,187
2017-09-11T05:00:00-00:00,2017-09-11T06:00:00-00:00,2017-09-10,23,0,TH_NP15_GEN-APND,TH_NP15_GEN-APND,TH_NP15_GEN-APND,DAM,MCE,LMP_ENE_PRC,TH_NP15_GEN-APND,ALL_APNODES,0,37.97125,187
2017-09-10T17:00:00-00:00,2017-09-10T18:00:00-00:00,2017-09-10,11,0,TH_NP15_GEN-APND,TH_NP15_GEN-APND,TH_NP15_GEN-APND,DAM,MCE,LMP_ENE_PRC,TH_NP15_GEN-APND,ALL_APNODES,0,24.78016,187
2017-09-11T02:00:00-00:00,2017-09-11T03:00:00-00:00,2017-09-10,20,0,TH_NP15_GEN-APND,TH_NP15_GEN-APND,TH_NP15_GEN-APND,DAM,MCE,LMP_ENE_PRC,TH_NP15_GEN-APND,ALL_APNODES,0,76.88365,187
2017-09-10T13:00:00-00:00,2017-09-10T14:00:00-00:00,2017-09-10,7,0,TH_NP15_GEN-APND,TH_NP15_GEN-APND,TH_NP15_GEN-APND,DAM,MCE,LMP_ENE_PRC,TH_NP15_GEN-APND,ALL_APNODES,0,29.2724,187
2017-09-10T11:00:00-00:00,2017-09-10T12:00:00-00:00,2017-09-10,5,0,TH_NP15_GEN-APND,TH_NP15_GEN-APND,TH_NP15_GEN-APND,DAM,MCE,LMP_ENE_PRC,TH_NP15_GEN-APND,ALL_APNODES,0,29.13025,187
2017-09-11T04:00:00-00:00,2017-09-11T05:00:00-00:00,2017-09-10,22,0,TH_NP15_GEN-APND,TH_NP15_GEN-APND,TH_NP15_GEN-APND,DAM,MCE,LMP_ENE_PRC,TH_NP15_GEN-APND,ALL_APNODES,0,44.86363,187
2017-09-10T08:00:00-00:00,2017-09-10T09:00:00-00:00,2017-09-10,2,0,TH_NP15_GEN-APND,TH_NP15_GEN-APND,TH_NP15_GEN-APND,DAM,MCE,LMP_ENE_PRC,TH_NP15_GEN-APND,ALL_APNODES,0,31.60563,187
2017-09-10T07:00:00-00:00,2017-09-10T08:00:00-00:00,2017-09-10,1,0,TH_NP15_GEN-APND,TH_NP15_GEN-APND,TH_NP15_GEN-APND,DAM,MCL,LMP_LOSS_PRC,TH_NP15_GEN-APND,ALL_APNODES,0,0.12757,188
2017-09-10T10:00:00-00:00,2017-09-10T11:00:00-00:00,2017-09-10,4,0,TH_NP15_GEN-APND,TH_NP15_GEN-APND,TH_NP15_GEN-APND,DAM,MCL,LMP_LOSS_PRC,TH_NP15_GEN-APND,ALL_APNODES,0,0.00875,188
2017-09-11T00:00:00-00:00,2017-09-11T01:00:00-00:00,2017-09-10,18,0,TH_NP15_GEN-APND,TH_NP15_GEN-APND,TH_NP15_GEN-APND,DAM,MCL,LMP_LOSS_PRC,TH_NP15_GEN-APND,ALL_APNODES,0,0.05531,188
2017-09-11T02:00:00-00:00,2017-09-11T03:00:00-00:00,2017-09-10,20,0,TH_NP15_GEN-APND,TH_NP15_GEN-APND,TH_NP15_GEN-APND,DAM,MCL,LMP_LOSS_PRC,TH_NP15_GEN-APND,ALL_APNODES,0,-0.59969,188
2017-09-10T18:00:00-00:00,2017-09-10T19:00:00-00:00,2017-09-10,12,0,TH_NP15_GEN-APND,TH_NP15_GEN-APND,TH_NP15_GEN-APND,DAM,MCL,LMP_LOSS_PRC,TH_NP15_GEN-APND,ALL_APNODES,0,0.36791,188
2017-09-10T13:00:00-00:00,2017-09-10T14:00:00-00:00,2017-09-10,7,0,TH_NP15_GEN-APND,TH_NP15_GEN-APND,TH_NP15_GEN-APND,DAM,MCL,LMP_LOSS_PRC,TH_NP15_GEN-APND,ALL_APNODES,0,0.08782,188
2017-09-11T03:00:00-00:00,2017-09-11T04:00:00-00:00,2017-09-10,21,0,TH_NP15_GEN-APND,TH_NP15_GEN-APND,TH_NP15_GEN-APND,DAM,MCL,LMP_LOSS_PRC,TH_NP15_GEN-APND,ALL_APNODES,0,-0.48171,188
2017-09-11T04:00:00-00:00,2017-09-11T05:00:00-00:00,2017-09-10,22,0,TH_NP15_GEN-APND,TH_NP15_GEN-APND,TH_NP15_GEN-APND,DAM,MCL,LMP_LOSS_PRC,TH_NP15_GEN-APND,ALL_APNODES,0,-0.62809,188
2017-09-11T06:00:00-00:00,2017-09-11T07:00:00-00:00,2017-09-10,24,0,TH_NP15_GEN-APND,TH_NP15_GEN-APND,TH_NP15_GEN-APND,DAM,MCL,LMP_LOSS_PRC,TH_NP15_GEN-APND,ALL_APNODES,0,0.12262,188
2017-09-10T15:00:00-00:00,2017-09-10T16:00:00-00:00,2017-09-10,9,0,TH_NP15_GEN-APND,TH_NP15_GEN-APND,TH_NP15_GEN-APND,DAM,MCL,LMP_LOSS_PRC,TH_NP15_GEN-APND,ALL_APNODES,0,0.39749,188
2017-09-10T17:00:00-00:00,2017-09-10T18:00:00-00:00,2017-09-10,11,0,TH_NP15_GEN-APND,TH_NP15_GEN-APND,TH_NP15_GEN-APND,DAM,MCL,LMP_LOSS_PRC,TH_NP15_GEN-APND,ALL_APNODES,0,0.43365,188
2017-09-11T05:00:00-00:00,2017-09-11T06:00:00-00:00,2017-09-10,23,0,TH_NP15_GEN-APND,TH_NP15_GEN-APND,TH_NP15_GEN-APND,DAM,MCL,LMP_LOSS_PRC,TH_NP15_GEN-APND,ALL_APNODES,0,-0.2658,188
2017-09-10T21:00:00-00:00,2017-09-10T22:00:00-00:00,2017-09-10,15,0,TH_NP15_GEN-APND,TH_NP15_GEN-APND,TH_NP15_GEN-APND,DAM,MCL,LMP_LOSS_PRC,TH_NP15_GEN-APND,ALL_APNODES,0,0.31347,188
2017-09-10T14:00:00-00:00,2017-09-10T15:00:00-00:00,2017-09-10,8,0,TH_NP15_GEN-APND,TH_NP15_GEN-APND,TH_NP15_GEN-APND,DAM,MCL,LMP_LOSS_PRC,TH_NP15_GEN-APND,ALL_APNODES,0,0.20799,188
2017-09-11T01:00:00-00:00,2017-09-11T02:00:00-00:00,2017-09-10,19,0,TH_NP15_GEN-APND,TH_NP15_GEN-APND,TH_NP15_GEN-APND,DAM,MCL,LMP_LOSS_PRC,TH_NP15_GEN-APND,ALL_APNODES,0,-0.49584,188
2017-09-10T16:00:00-00:00,2017-09-10T17:00:00-00:00,2017-09-10,10,0,TH_NP15_GEN-APND,TH_NP15_GEN-APND,TH_NP15_GEN-APND,DAM,MCL,LMP_LOSS_PRC,TH_NP15_GEN-APND,ALL_APNODES,0,0.4952,188
2017-09-10T08:00:00-00:00,2017-09-10T09:00:00-00:00,2017-09-10,2,0,TH_NP15_GEN-APND,TH_NP15_GEN-APND,TH_NP15_GEN-APND,DAM,MCL,LMP_LOSS_PRC,TH_NP15_GEN-APND,ALL_APNODES,0,0.00316,188
2017-09-10T09:00:00-00:00,2017-09-10T10:00:00-00:00,2017-09-10,3,0,TH_NP15_GEN-APND,TH_NP15_GEN-APND,TH_NP15_GEN-APND,DAM,MCL,LMP_LOSS_PRC,TH_NP15_GEN-APND,ALL_APNODES,0,0.00593,188
2017-09-10T11:00:00-00:00,2017-09-10T12:00:00-00:00,2017-09-10,5,0,TH_NP15_GEN-APND,TH_NP15_GEN-APND,TH_NP15_GEN-APND,DAM,MCL,LMP_LOSS_PRC,TH_NP15_GEN-APND,ALL_APNODES,0,-0.01457,188
2017-09-10T19:00:00-00:00,2017-09-10T20:00:00-00:00,2017-09-10,13,0,TH_NP15_GEN-APND,TH_NP15_GEN-APND,TH_NP15_GEN-APND,DAM,MCL,LMP_LOSS_PRC,TH_NP15_GEN-APND,ALL_APNODES,0,0.3625,188
2017-09-10T22:00:00-00:00,2017-09-10T23:00:00-00:00,2017-09-10,16,0,TH_NP15_GEN-APND,TH_NP15_GEN-APND,TH_NP15_GEN-APND,DAM,MCL,LMP_LOSS_PRC,TH_NP15_GEN-APND,ALL_APNODES,0,0.06141,188
2017-09-10T23:00:00-00:00,2017-09-11T00:00:00-00:00,2017-09-10,17,0,TH_NP15_GEN-APND,TH_NP15_GEN-APND,TH_NP15_GEN-APND,DAM,MCL,LMP_LOSS_PRC,TH_NP15_GEN-APND,ALL_APNODES,0,0.10064,188
2017-09-10T12:00:00-00:00,2017-09-10T13:00:00-00:00,2017-09-10,6,0,TH_NP15_GEN-APND,TH_NP15_GEN-APND,TH_NP15_GEN-APND,DAM,MCL,LMP_LOSS_PRC,TH_NP15_GEN-APND,ALL_APNODES,0,0.09108,188
2017-09-10T20:00:00-00:00,2017-09-10T21:00:00-00:00,2017-09-10,14,0,TH_NP15_GEN-APND,TH_NP15_GEN-APND,TH_NP15_GEN-APND,DAM,MCL,LMP_LOSS_PRC,TH_NP15_GEN-APND,ALL_APNODES,0,0.24639,188
2017-09-11T06:00:00-00:00,2017-09-11T07:00:00-00:00,2017-09-10,24,0,TH_SP15_GEN-APND,TH_SP15_GEN-APND,TH_SP15_GEN-APND,DAM,LMP,LMP_PRC,TH_SP15_GEN-APND,ALL_APNODES,0,32.5579,189
2017-09-10T16:00:00-00:00,2017-09-10T17:00:00-00:00,2017-09-10,10,0,TH_SP15_GEN-APND,TH_SP15_GEN-APND,TH_SP15_GEN-APND,DAM,LMP,LMP_PRC,TH_SP15_GEN-APND,ALL_APNODES,0,20.95192,189
2017-09-11T00:00:00-00:00,2017-09-11T01:00:00-00:00,2017-09-10,18,0,TH_SP15_GEN-APND,TH_SP15_GEN-APND,TH_SP15_GEN-APND,DAM,LMP,LMP_PRC,TH_SP15_GEN-APND,ALL_APNODES,0,52.27227,189
2017-09-10T12:00:00-00:00,2017-09-10T13:00:00-00:00,2017-09-10,6,0,TH_SP15_GEN-APND,TH_SP15_GEN-APND,TH_SP15_GEN-APND,DAM,LMP,LMP_PRC,TH_SP15_GEN-APND,ALL_APNODES,0,28.36708,189
2017-09-10T11:00:00-00:00,2017-09-10T12:00:00-00:00,2017-09-10,5,0,TH_SP15_GEN-APND,TH_SP15_GEN-APND,TH_SP15_GEN-APND,DAM,LMP,LMP_PRC,TH_SP15_GEN-APND,ALL_APNODES,0,28.20974,189
2017-09-11T04:00:00-00:00,2017-09-11T05:00:00-00:00,2017-09-10,22,0,TH_SP15_GEN-APND,TH_SP15_GEN-APND,TH_SP15_GEN-APND,DAM,LMP,LMP_PRC,TH_SP15_GEN-APND,ALL_APNODES,0,43.0646,189
2017-09-11T03:00:00-00:00,2017-09-11T04:00:00-00:00,2017-09-10,21,0,TH_SP15_GEN-APND,TH_SP15_GEN-APND,TH_SP15_GEN-APND,DAM,LMP,LMP_PRC,TH_SP15_GEN-APND,ALL_APNODES,0,51.02896,189
2017-09-10T07:00:00-00:00,2017-09-10T08:00:00-00:00,2017-09-10,1,0,TH_SP15_GEN-APND,TH_SP15_GEN-APND,TH_SP15_GEN-APND,DAM,LMP,LMP_PRC,TH_SP15_GEN-APND,ALL_APNODES,0,31.45327,189
2017-09-10T20:00:00-00:00,2017-09-10T21:00:00-00:00,2017-09-10,14,0,TH_SP15_GEN-APND,TH_SP15_GEN-APND,TH_SP15_GEN-APND,DAM,LMP,LMP_PRC,TH_SP15_GEN-APND,ALL_APNODES,0,31.1932,189
2017-09-10T18:00:00-00:00,2017-09-10T19:00:00-00:00,2017-09-10,12,0,TH_SP15_GEN-APND,TH_SP15_GEN-APND,TH_SP15_GEN-APND,DAM,LMP,LMP_PRC,TH_SP15_GEN-APND,ALL_APNODES,0,24.7894,189
2017-09-11T05:00:00-00:00,2017-09-11T06:00:00-00:00,2017-09-10,23,0,TH_SP15_GEN-APND,TH_SP15_GEN-APND,TH_SP15_GEN-APND,DAM,LMP,LMP_PRC,TH_SP15_GEN-APND,ALL_APNODES,0,36.3195,189
2017-09-10T15:00:00-00:00,2017-09-10T16:00:00-00:00,2017-09-10,9,0,TH_SP15_GEN-APND,TH_SP15_GEN-APND,TH_SP15_GEN-APND,DAM,LMP,LMP_PRC,TH_SP15_GEN-APND,ALL_APNODES,0,22.06553,189
2017-09-10T17:00:00-00:00,2017-09-10T18:00:00-00:00,2017-09-10,11,0,TH_SP15_GEN-APND,TH_SP15_GEN-APND,TH_SP15_GEN-APND,DAM,LMP,LMP_PRC,TH_SP15_GEN-APND,ALL_APNODES,0,21.9775,189
2017-09-11T01:00:00-00:00,2017-09-11T02:00:00-00:00,2017-09-10,19,0,TH_SP15_GEN-APND,TH_SP15_GEN-APND,TH_SP15_GEN-APND,DAM,LMP,LMP_PRC,TH_SP15_GEN-APND,ALL_APNODES,0,81.43681,189
2017-09-10T19:00:00-00:00,2017-09-10T20:00:00-00:00,2017-09-10,13,0,TH_SP15_GEN-APND,TH_SP15_GEN-APND,TH_SP15_GEN-APND,DAM,LMP,LMP_PRC,TH_SP15_GEN-APND,ALL_APNODES,0,27.5,189
2017-09-10T22:00:00-00:00,2017-09-10T23:00:00-00:00,2017-09-10,16,0,TH_SP15_GEN-APND,TH_SP15_GEN-APND,TH_SP15_GEN-APND,DAM,LMP,LMP_PRC,TH_SP15_GEN-APND,ALL_APNODES,0,38.82181,189
2017-09-10T09:00:00-00:00,2017-09-10T10:00:00-00:00,2017-09-10,3,0,TH_SP15_GEN-APND,TH_SP15_GEN-APND,TH_SP15_GEN-APND,DAM,LMP,LMP_PRC,TH_SP15_GEN-APND,ALL_APNODES,0,28.65671,189
2017-09-10T08:00:00-00:00,2017-09-10T09:00:00-00:00,2017-09-10,2,0,TH_SP15_GEN-APND,TH_SP15_GEN-APND,TH_SP15_GEN-APND,DAM,LMP,LMP_PRC,TH_SP15_GEN-APND,ALL_APNODES,0,30.50575,189
2017-09-10T14:00:00-00:00,2017-09-10T15:00:00-00:00,2017-09-10,8,0,TH_SP15_GEN-APND,TH_SP15_GEN-APND,TH_SP15_GEN-APND,DAM,LMP,LMP_PRC,TH_SP15_GEN-APND,ALL_APNODES,0,27.38952,189
2017-09-10T23:00:00-00:00,2017-09-11T00:00:00-00:00,2017-09-10,17,0,TH_SP15_GEN-APND,TH_SP15_GEN-APND,TH_SP15_GEN-APND,DAM,LMP,LMP_PRC,TH_SP15_GEN-APND,ALL_APNODES,0,43.04126,189
2017-09-10T21:00:00-00:00,2017-09-10T22:00:00-00:00,2017-09-10,15,0,TH_SP15_GEN-APND,TH_SP15_GEN-APND,TH_SP15_GEN-APND,DAM,LMP,LMP_PRC,TH_SP15_GEN-APND,ALL_APNODES,0,33.11944,189
2017-09-10T13:00:00-00:00,2017-09-10T14:00:00-00:00,2017-09-10,7,0,TH_SP15_GEN-APND,TH_SP15_GEN-APND,TH_SP15_GEN-APND,DAM,LMP,LMP_PRC,TH_SP15_GEN-APND,ALL_APNODES,0,28.25079,189
2017-09-10T10:00:00-00:00,2017-09-10T11:00:00-00:00,2017-09-10,4,0,TH_SP15_GEN-APND,TH_SP15_GEN-APND,TH_SP15_GEN-APND,DAM,LMP,LMP_PRC,TH_SP15_GEN-APND,ALL_APNODES,0,28.22002,189
2017-09-11T02:00:00-00:00,2017-09-11T03:00:00-00:00,2017-09-10,20,0,TH_SP15_GEN-APND,TH_SP15_GEN-APND,TH_SP15_GEN-APND,DAM,LMP,LMP_PRC,TH_SP15_GEN-APND,ALL_APNODES,0,73.25474,189
2017-09-10T10:00:00-00:00,2017-09-10T11:00:00-00:00,2017-09-10,4,0,TH_SP15_GEN-APND,TH_SP15_GEN-APND,TH_SP15_GEN-APND,DAM,MCC,LMP_CONG_PRC,TH_SP15_GEN-APND,ALL_APNODES,0,0,190
2017-09-11T00:00:00-00:00,2017-09-11T01:00:00-00:00,2017-09-10,18,0,TH_SP15_GEN-APND,TH_SP15_GEN-APND,TH_SP15_GEN-APND,DAM,MCC,LMP_CONG_PRC,TH_SP15_GEN-APND,ALL_APNODES,0,0,190
2017-09-10T23:00:00-00:00,2017-09-11T00:00:00-00:00,2017-09-10,17,0,TH_SP15_GEN-APND,TH_SP15_GEN-APND,TH_SP15_GEN-APND,DAM,MCC,LMP_CONG_PRC,TH_SP15_GEN-APND,ALL_APNODES,0,-0.28602,190
2017-09-11T04:00:00-00:00,2017-09-11T05:00:00-00:00,2017-09-10,22,0,TH_SP15_GEN-APND,TH_SP15_GEN-APND,TH_SP15_GEN-APND,DAM,MCC,LMP_CONG_PRC,TH_SP15_GEN-APND,ALL_APNODES,0,0,190
2017-09-11T02:00:00-00:00,2017-09-11T03:00:00-00:00,2017-09-10,20,0,TH_SP15_GEN-APND,TH_SP15_GEN-APND,TH_SP15_GEN-APND,DAM,MCC,LMP_CONG_PRC,TH_SP15_GEN-APND,ALL_APNODES,0,0,190
2017-09-10T12:00:00-00:00,2017-09-10T13:00:00-00:00,2017-09-10,6,0,TH_SP15_GEN-APND,TH_SP15_GEN-APND,TH_SP15_GEN-APND,DAM,MCC,LMP_CONG_PRC,TH_SP15_GEN-APND,ALL_APNODES,0,0,190
2017-09-10T09:00:00-00:00,2017-09-10T10:00:00-00:00,2017-09-10,3,0,TH_SP15_GEN-APND,TH_SP15_GEN-APND,TH_SP15_GEN-APND,DAM,MCC,LMP_CONG_PRC,TH_SP15_GEN-APND,ALL_APNODES,0,0,190
2017-09-11T06:00:00-00:00,2017-09-11T07:00:00-00:00,2017-09-10,24,0,TH_SP15_GEN-APND,TH_SP15_GEN-APND,TH_SP15_GEN-APND,DAM,MCC,LMP_CONG_PRC,TH_SP15_GEN-APND,ALL_APNODES,0,0,190
2017-09-11T03:00:00-00:00,2017-09-11T04:00:00-00:00,2017-09-10,21,0,TH_SP15_GEN-APND,TH_SP15_GEN-APND,TH_SP15_GEN-APND,DAM,MCC,LMP_CONG_PRC,TH_SP15_GEN-APND,ALL_APNODES,0,0,190
2017-09-11T01:00:00-00:00,2017-09-11T02:00:00-00:00,2017-09-10,19,0,TH_SP15_GEN-APND,TH_SP15_GEN-APND,TH_SP15_GEN-APND,DAM,MCC,LMP_CONG_PRC,TH_SP15_GEN-APND,ALL_APNODES,0,0,190
2017-09-10T13:00:00-00:00,2017-09-10T14:00:00-00:00,2017-09-10,7,0,TH_SP15_GEN-APND,TH_SP15_GEN-APND,TH_SP15_GEN-APND,DAM,MCC,LMP_CONG_PRC,TH_SP15_GEN-APND,ALL_APNODES,0,0,190
2017-09-10T11:00:00-00:00,2017-09-10T12:00:00-00:00,2017-09-10,5,0,TH_SP15_GEN-APND,TH_SP15_GEN-APND,TH_SP15_GEN-APND,DAM,MCC,LMP_CONG_PRC,TH_SP15_GEN-APND,ALL_APNODES,0,0,190
2017-09-10T07:00:00-00:00,2017-09-10T08:00:00-00:00,2017-09-10,1,0,TH_SP15_GEN-APND,TH_SP15_GEN-APND,TH_SP15_GEN-APND,DAM,MCC,LMP_CONG_PRC,TH_SP15_GEN-APND,ALL_APNODES,0,0,190
2017-09-10T19:00:00-00:00,2017-09-10T20:00:00-00:00,2017-09-10,13,0,TH_SP15_GEN-APND,TH_SP15_GEN-APND,TH_SP15_GEN-APND,DAM,MCC,LMP_CONG_PRC,TH_SP15_GEN-APND,ALL_APNODES,0,-1.11327,190
2017-09-10T18:00:00-00:00,2017-09-10T19:00:00-00:00,2017-09-10,12,0,TH_SP15_GEN-APND,TH_SP15_GEN-APND,TH_SP15_GEN-APND,DAM,MCC,LMP_CONG_PRC,TH_SP15_GEN-APND,ALL_APNODES,0,-1.85644,190
2017-09-10T14:00:00-00:00,2017-09-10T15:00:00-00:00,2017-09-10,8,0,TH_SP15_GEN-APND,TH_SP15_GEN-APND,TH_SP15_GEN-APND,DAM,MCC,LMP_CONG_PRC,TH_SP15_GEN-APND,ALL_APNODES,0,0,190
2017-09-10T08:00:00-00:00,2017-09-10T09:00:00-00:00,2017-09-10,2,0,TH_SP15_GEN-APND,TH_SP15_GEN-APND,TH_SP15_GEN-APND,DAM,MCC,LMP_CONG_PRC,TH_SP15_GEN-APND,ALL_APNODES,0,0,190
2017-09-10T15:00:00-00:00,2017-09-10T16:00:00-00:00,2017-09-10,9,0,TH_SP15_GEN-APND,TH_SP15_GEN-APND,TH_SP15_GEN-APND,DAM,MCC,LMP_CONG_PRC,TH_SP15_GEN-APND,ALL_APNODES,0,0,190
2017-09-10T21:00:00-00:00,2017-09-10T22:00:00-00:00,2017-09-10,15,0,TH_SP15_GEN-APND,TH_SP15_GEN-APND,TH_SP15_GEN-APND,DAM,MCC,LMP_CONG_PRC,TH_SP15_GEN-APND,ALL_APNODES,0,-0.22471,190
2017-09-10T17:00:00-00:00,2017-09-10T18:00:00-00:00,2017-09-10,11,0,TH_SP15_GEN-APND,TH_SP15_GEN-APND,TH_SP15_GEN-APND,DAM,MCC,LMP_CONG_PRC,TH_SP15_GEN-APND,ALL_APNODES,0,-1.66029,190
2017-09-11T05:00:00-00:00,2017-09-11T06:00:00-00:00,2017-09-10,23,0,TH_SP15_GEN-APND,TH_SP15_GEN-APND,TH_SP15_GEN-APND,DAM,MCC,LMP_CONG_PRC,TH_SP15_GEN-APND,ALL_APNODES,0,0,190
2017-09-10T22:00:00-00:00,2017-09-10T23:00:00-00:00,2017-09-10,16,0,TH_SP15_GEN-APND,TH_SP15_GEN-APND,TH_SP15_GEN-APND,DAM,MCC,LMP_CONG_PRC,TH_SP15_GEN-APND,ALL_APNODES,0,0,190
2017-09-10T20:00:00-00:00,2017-09-10T21:00:00-00:00,2017-09-10,14,0,TH_SP15_GEN-APND,TH_SP15_GEN-APND,TH_SP15_GEN-APND,DAM,MCC,LMP_CONG_PRC,TH_SP15_GEN-APND,ALL_APNODES,0,-0.56167,190
2017-09-10T16:00:00-00:00,2017-09-10T17:00:00-00:00,2017-09-10,10,0,TH_SP15_GEN-APND,TH_SP15_GEN-APND,TH_SP15_GEN-APND,DAM,MCC,LMP_CONG_PRC,TH_SP15_GEN-APND,ALL_APNODES,0,-1.50878,190
2017-09-11T04:00:00-00:00,2017-09-11T05:00:00-00:00,2017-09-10,22,0,TH_SP15_GEN-APND,TH_SP15_GEN-APND,TH_SP15_GEN-APND,DAM,MCE,LMP_ENE_PRC,TH_SP15_GEN-APND,ALL_APNODES,0,44.86363,191
2017-09-10T11:00:00-00:00,2017-09-10T12:00:00-00:00,2017-09-10,5,0,TH_SP15_GEN-APND,TH_SP15_GEN-APND,TH_SP15_GEN-APND,DAM,MCE,LMP_ENE_PRC,TH_SP15_GEN-APND,ALL_APNODES,0,29.13025,191
2017-09-11T02:00:00-00:00,2017-09-11T03:00:00-00:00,2017-09-10,20,0,TH_SP15_GEN-APND,TH_SP15_GEN-APND,TH_SP15_GEN-APND,DAM,MCE,LMP_ENE_PRC,TH_SP15_GEN-APND,ALL_APNODES,0,76.88365,191
2017-09-10T22:00:00-00:00,2017-09-10T23:00:00-00:00,2017-09-10,16,0,TH_SP15_GEN-APND,TH_SP15_GEN-APND,TH_SP15_GEN-APND,DAM,MCE,LMP_ENE_PRC,TH_SP15_GEN-APND,ALL_APNODES,0,40.93832,191
2017-09-11T05:00:00-00:00,2017-09-11T06:00:00-00:00,2017-09-10,23,0,TH_SP15_GEN-APND,TH_SP15_GEN-APND,TH_SP15_GEN-APND,DAM,MCE,LMP_ENE_PRC,TH_SP15_GEN-APND,ALL_APNODES,0,37.97125,191
2017-09-10T16:00:00-00:00,2017-09-10T17:00:00-00:00,2017-09-10,10,0,TH_SP15_GEN-APND,TH_SP15_GEN-APND,TH_SP15_GEN-APND,DAM,MCE,LMP_ENE_PRC,TH_SP15_GEN-APND,ALL_APNODES,0,23.58079,191
2017-09-11T00:00:00-00:00,2017-09-11T01:00:00-00:00,2017-09-10,18,0,TH_SP15_GEN-APND,TH_SP15_GEN-APND,TH_SP15_GEN-APND,DAM,MCE,LMP_ENE_PRC,TH_SP15_GEN-APND,ALL_APNODES,0,55.31458,191
2017-09-10T14:00:00-00:00,2017-09-10T15:00:00-00:00,2017-09-10,8,0,TH_SP15_GEN-APND,TH_SP15_GEN-APND,TH_SP15_GEN-APND,DAM,MCE,LMP_ENE_PRC,TH_SP15_GEN-APND,ALL_APNODES,0,28.49216,191
2017-09-11T03:00:00-00:00,2017-09-11T04:00:00-00:00,2017-09-10,21,0,TH_SP15_GEN-APND,TH_SP15_GEN-APND,TH_SP15_GEN-APND,DAM,MCE,LMP_ENE_PRC,TH_SP15_GEN-APND,ALL_APNODES,0,53.52314,191
2017-09-10T21:00:00-00:00,2017-09-10T22:00:00-00:00,2017-09-10,15,0,TH_SP15_GEN-APND,TH_SP15_GEN-APND,TH_SP15_GEN-APND,DAM,MCE,LMP_ENE_PRC,TH_SP15_GEN-APND,ALL_APNODES,0,35.22145,191
2017-09-10T08:00:00-00:00,2017-09-10T09:00:00-00:00,2017-09-10,2,0,TH_SP15_GEN-APND,TH_SP15_GEN-APND,TH_SP15_GEN-APND,DAM,MCE,LMP_ENE_PRC,TH_SP15_GEN-APND,ALL_APNODES,0,31.60563,191
2017-09-10T12:00:00-00:00,2017-09-10T13:00:00-00:00,2017-09-10,6,0,TH_SP15_GEN-APND,TH_SP15_GEN-APND,TH_SP15_GEN-APND,DAM,MCE,LMP_ENE_PRC,TH_SP15_GEN-APND,ALL_APNODES,0,29.38071,191
2017-09-10T13:00:00-00:00,2017-09-10T14:00:00-00:00,2017-09-10,7,0,TH_SP15_GEN-APND,TH_SP15_GEN-APND,TH_SP15_GEN-APND,DAM,MCE,LMP_ENE_PRC,TH_SP15_GEN-APND,ALL_APNODES,0,29.2724,191
2017-09-10T15:00:00-00:00,2017-09-10T16:00:00-00:00,2017-09-10,9,0,TH_SP15_GEN-APND,TH_SP15_GEN-APND,TH_SP15_GEN-APND,DAM,MCE,LMP_ENE_PRC,TH_SP15_GEN-APND,ALL_APNODES,0,23.11011,191
2017-09-10T09:00:00-00:00,2017-09-10T10:00:00-00:00,2017-09-10,3,0,TH_SP15_GEN-APND,TH_SP15_GEN-APND,TH_SP15_GEN-APND,DAM,MCE,LMP_ENE_PRC,TH_SP15_GEN-APND,ALL_APNODES,0,29.63466,191
2017-09-10T10:00:00-00:00,2017-09-10T11:00:00-00:00,2017-09-10,4,0,TH_SP15_GEN-APND,TH_SP15_GEN-APND,TH_SP15_GEN-APND,DAM,MCE,LMP_ENE_PRC,TH_SP15_GEN-APND,ALL_APNODES,0,29.16798,191
2017-09-10T18:00:00-00:00,2017-09-10T19:00:00-00:00,2017-09-10,12,0,TH_SP15_GEN-APND,TH_SP15_GEN-APND,TH_SP15_GEN-APND,DAM,MCE,LMP_ENE_PRC,TH_SP15_GEN-APND,ALL_APNODES,0,27.87222,191
2017-09-10T17:00:00-00:00,2017-09-10T18:00:00-00:00,2017-09-10,11,0,TH_SP15_GEN-APND,TH_SP15_GEN-APND,TH_SP15_GEN-APND,DAM,MCE,LMP_ENE_PRC,TH_SP15_GEN-APND,ALL_APNODES,0,24.78016,191
2017-09-10T19:00:00-00:00,2017-09-10T20:00:00-00:00,2017-09-10,13,0,TH_SP15_GEN-APND,TH_SP15_GEN-APND,TH_SP15_GEN-APND,DAM,MCE,LMP_ENE_PRC,TH_SP15_GEN-APND,ALL_APNODES,0,29.9584,191
2017-09-10T23:00:00-00:00,2017-09-11T00:00:00-00:00,2017-09-10,17,0,TH_SP15_GEN-APND,TH_SP15_GEN-APND,TH_SP15_GEN-APND,DAM,MCE,LMP_ENE_PRC,TH_SP15_GEN-APND,ALL_APNODES,0,45.74732,191
2017-09-11T06:00:00-00:00,2017-09-11T07:00:00-00:00,2017-09-10,24,0,TH_SP15_GEN-APND,TH_SP15_GEN-APND,TH_SP15_GEN-APND,DAM,MCE,LMP_ENE_PRC,TH_SP15_GEN-APND,ALL_APNODES,0,34.05995,191
2017-09-10T20:00:00-00:00,2017-09-10T21:00:00-00:00,2017-09-10,14,0,TH_SP15_GEN-APND,TH_SP15_GEN-APND,TH_SP15_GEN-APND,DAM,MCE,LMP_ENE_PRC,TH_SP15_GEN-APND,ALL_APNODES,0,33.2965,191
2017-09-10T07:00:00-00:00,2017-09-10T08:00:00-00:00,2017-09-10,1,0,TH_SP15_GEN-APND,TH_SP15_GEN-APND,TH_SP15_GEN-APND,DAM,MCE,LMP_ENE_PRC,TH_SP15_GEN-APND,ALL_APNODES,0,32.70931,191
2017-09-11T01:00:00-00:00,2017-09-11T02:00:00-00:00,2017-09-10,19,0,TH_SP15_GEN-APND,TH_SP15_GEN-APND,TH_SP15_GEN-APND,DAM,MCE,LMP_ENE_PRC,TH_SP15_GEN-APND,ALL_APNODES,0,85.48899,191
2017-09-11T03:00:00-00:00,2017-09-11T04:00:00-00:00,2017-09-10,21,0,TH_SP15_GEN-APND,TH_SP15_GEN-APND,TH_SP15_GEN-APND,DAM,MCL,LMP_LOSS_PRC,TH_SP15_GEN-APND,ALL_APNODES,0,-2.49418,192
2017-09-10T12:00:00-00:00,2017-09-10T13:00:00-00:00,2017-09-10,6,0,TH_SP15_GEN-APND,TH_SP15_GEN-APND,TH_SP15_GEN-APND,DAM,MCL,LMP_LOSS_PRC,TH_SP15_GEN-APND,ALL_APNODES,0,-1.01363,192
2017-09-10T17:00:00-00:00,2017-09-10T18:00:00-00:00,2017-09-10,11,0,TH_SP15_GEN-APND,TH_SP15_GEN-APND,TH_SP15_GEN-APND,DAM,MCL,LMP_LOSS_PRC,TH_SP15_GEN-APND,ALL_APNODES,0,-1.14237,192
2017-09-10T22:00:00-00:00,2017-09-10T23:00:00-00:00,2017-09-10,16,0,TH_SP15_GEN-APND,TH_SP15_GEN-APND,TH_SP15_GEN-APND,DAM,MCL,LMP_LOSS_PRC,TH_SP15_GEN-APND,ALL_APNODES,0,-2.11651,192
2017-09-10T23:00:00-00:00,2017-09-11T00:00:00-00:00,2017-09-10,17,0,TH_SP15_GEN-APND,TH_SP15_GEN-APND,TH_SP15_GEN-APND,DAM,MCL,LMP_LOSS_PRC,TH_SP15_GEN-APND,ALL_APNODES,0,-2.42003,192
2017-09-10T10:00:00-00:00,2017-09-10T11:00:00-00:00,2017-09-10,4,0,TH_SP15_GEN-APND,TH_SP15_GEN-APND,TH_SP15_GEN-APND,DAM,MCL,LMP_LOSS_PRC,TH_SP15_GEN-APND,ALL_APNODES,0,-0.94796,192
2017-09-10T19:00:00-00:00,2017-09-10T20:00:00-00:00,2017-09-10,13,0,TH_SP15_GEN-APND,TH_SP15_GEN-APND,TH_SP15_GEN-APND,DAM,MCL,LMP_LOSS_PRC,TH_SP15_GEN-APND,ALL_APNODES,0,-1.34513,192
2017-09-11T00:00:00-00:00,2017-09-11T01:00:00-00:00,2017-09-10,18,0,TH_SP15_GEN-APND,TH_SP15_GEN-APND,TH_SP15_GEN-APND,DAM,MCL,LMP_LOSS_PRC,TH_SP15_GEN-APND,ALL_APNODES,0,-3.0423,192
2017-09-10T07:00:00-00:00,2017-09-10T08:00:00-00:00,2017-09-10,1,0,TH_SP15_GEN-APND,TH_SP15_GEN-APND,TH_SP15_GEN-APND,DAM,MCL,LMP_LOSS_PRC,TH_SP15_GEN-APND,ALL_APNODES,0,-1.25604,192
2017-09-10T09:00:00-00:00,2017-09-10T10:00:00-00:00,2017-09-10,3,0,TH_SP15_GEN-APND,TH_SP15_GEN-APND,TH_SP15_GEN-APND,DAM,MCL,LMP_LOSS_PRC,TH_SP15_GEN-APND,ALL_APNODES,0,-0.97794,192
2017-09-11T01:00:00-00:00,2017-09-11T02:00:00-00:00,2017-09-10,19,0,TH_SP15_GEN-APND,TH_SP15_GEN-APND,TH_SP15_GEN-APND,DAM,MCL,LMP_LOSS_PRC,TH_SP15_GEN-APND,ALL_APNODES,0,-4.05218,192
2017-09-11T05:00:00-00:00,2017-09-11T06:00:00-00:00,2017-09-10,23,0,TH_SP15_GEN-APND,TH_SP15_GEN-APND,TH_SP15_GEN-APND,DAM,MCL,LMP_LOSS_PRC,TH_SP15_GEN-APND,ALL_APNODES,0,-1.65175,192
2017-09-10T11:00:00-00:00,2017-09-10T12:00:00-00:00,2017-09-10,5,0,TH_SP15_GEN-APND,TH_SP15_GEN-APND,TH_SP15_GEN-APND,DAM,MCL,LMP_LOSS_PRC,TH_SP15_GEN-APND,ALL_APNODES,0,-0.92052,192
2017-09-10T14:00:00-00:00,2017-09-10T15:00:00-00:00,2017-09-10,8,0,TH_SP15_GEN-APND,TH_SP15_GEN-APND,TH_SP15_GEN-APND,DAM,MCL,LMP_LOSS_PRC,TH_SP15_GEN-APND,ALL_APNODES,0,-1.10265,192
2017-09-10T08:00:00-00:00,2017-09-10T09:00:00-00:00,2017-09-10,2,0,TH_SP15_GEN-APND,TH_SP15_GEN-APND,TH_SP15_GEN-APND,DAM,MCL,LMP_LOSS_PRC,TH_SP15_GEN-APND,ALL_APNODES,0,-1.09988,192
2017-09-10T18:00:00-00:00,2017-09-10T19:00:00-00:00,2017-09-10,12,0,TH_SP15_GEN-APND,TH_SP15_GEN-APND,TH_SP15_GEN-APND,DAM,MCL,LMP_LOSS_PRC,TH_SP15_GEN-APND,ALL_APNODES,0,-1.22638,192
2017-09-10T20:00:00-00:00,2017-09-10T21:00:00-00:00,2017-09-10,14,0,TH_SP15_GEN-APND,TH_SP15_GEN-APND,TH_SP15_GEN-APND,DAM,MCL,LMP_LOSS_PRC,TH_SP15_GEN-APND,ALL_APNODES,0,-1.54163,192
2017-09-10T21:00:00-00:00,2017-09-10T22:00:00-00:00,2017-09-10,15,0,TH_SP15_GEN-APND,TH_SP15_GEN-APND,TH_SP15_GEN-APND,DAM,MCL,LMP_LOSS_PRC,TH_SP15_GEN-APND,ALL_APNODES,0,-1.8773,192
2017-09-11T04:00:00-00:00,2017-09-11T05:00:00-00:00,2017-09-10,22,0,TH_SP15_GEN-APND,TH_SP15_GEN-APND,TH_SP15_GEN-APND,DAM,MCL,LMP_LOSS_PRC,TH_SP15_GEN-APND,ALL_APNODES,0,-1.79903,192
2017-09-11T06:00:00-00:00,2017-09-11T07:00:00-00:00,2017-09-10,24,0,TH_SP15_GEN-APND,TH_SP15_GEN-APND,TH_SP15_GEN-APND,DAM,MCL,LMP_LOSS_PRC,TH_SP15_GEN-APND,ALL_APNODES,0,-1.50204,192
2017-09-10T13:00:00-00:00,2017-09-10T14:00:00-00:00,2017-09-10,7,0,TH_SP15_GEN-APND,TH_SP15_GEN-APND,TH_SP15_GEN-APND,DAM,MCL,LMP_LOSS_PRC,TH_SP15_GEN-APND,ALL_APNODES,0,-1.02161,192
2017-09-10T15:00:00-00:00,2017-09-10T16:00:00-00:00,2017-09-10,9,0,TH_SP15_GEN-APND,TH_SP15_GEN-APND,TH_SP15_GEN-APND,DAM,MCL,LMP_LOSS_PRC,TH_SP15_GEN-APND,ALL_APNODES,0,-1.04458,192
2017-09-11T02:00:00-00:00,2017-09-11T03:00:00-00:00,2017-09-10,20,0,TH_SP15_GEN-APND,TH_SP15_GEN-APND,TH_SP15_GEN-APND,DAM,MCL,LMP_LOSS_PRC,TH_SP15_GEN-APND,ALL_APNODES,0,-3.62891,192
2017-09-10T16:00:00-00:00,2017-09-10T17:00:00-00:00,2017-09-10,10,0,TH_SP15_GEN-APND,TH_SP15_GEN-APND,TH_SP15_GEN-APND,DAM,MCL,LMP_LOSS_PRC,TH_SP15_GEN-APND,ALL_APNODES,0,-1.12009,192
2017-09-11T03:00:00-00:00,2017-09-11T04:00:00-00:00,2017-09-10,21,0,TH_ZP26_GEN-APND,TH_ZP26_GEN-APND,TH_ZP26_GEN-APND,DAM,LMP,LMP_PRC,TH_ZP26_GEN-APND,ALL_APNODES,0,51.08784,193
2017-09-10T17:00:00-00:00,2017-09-10T18:00:00-00:00,2017-09-10,11,0,TH_ZP26_GEN-APND,TH_ZP26_GEN-APND,TH_ZP26_GEN-APND,DAM,LMP,LMP_PRC,TH_ZP26_GEN-APND,ALL_APNODES,0,21.82386,193
2017-09-10T23:00:00-00:00,2017-09-11T00:00:00-00:00,2017-09-10,17,0,TH_ZP26_GEN-APND,TH_ZP26_GEN-APND,TH_ZP26_GEN-APND,DAM,LMP,LMP_PRC,TH_ZP26_GEN-APND,ALL_APNODES,0,42.88115,193
2017-09-10T13:00:00-00:00,2017-09-10T14:00:00-00:00,2017-09-10,7,0,TH_ZP26_GEN-APND,TH_ZP26_GEN-APND,TH_ZP26_GEN-APND,DAM,LMP,LMP_PRC,TH_ZP26_GEN-APND,ALL_APNODES,0,28.20396,193
2017-09-11T06:00:00-00:00,2017-09-11T07:00:00-00:00,2017-09-10,24,0,TH_ZP26_GEN-APND,TH_ZP26_GEN-APND,TH_ZP26_GEN-APND,DAM,LMP,LMP_PRC,TH_ZP26_GEN-APND,ALL_APNODES,0,32.68733,193
2017-09-10T14:00:00-00:00,2017-09-10T15:00:00-00:00,2017-09-10,8,0,TH_ZP26_GEN-APND,TH_ZP26_GEN-APND,TH_ZP26_GEN-APND,DAM,LMP,LMP_PRC,TH_ZP26_GEN-APND,ALL_APNODES,0,27.32399,193
2017-09-10T07:00:00-00:00,2017-09-10T08:00:00-00:00,2017-09-10,1,0,TH_ZP26_GEN-APND,TH_ZP26_GEN-APND,TH_ZP26_GEN-APND,DAM,LMP,LMP_PRC,TH_ZP26_GEN-APND,ALL_APNODES,0,31.48598,193
2017-09-10T12:00:00-00:00,2017-09-10T13:00:00-00:00,2017-09-10,6,0,TH_ZP26_GEN-APND,TH_ZP26_GEN-APND,TH_ZP26_GEN-APND,DAM,LMP,LMP_PRC,TH_ZP26_GEN-APND,ALL_APNODES,0,28.32007,193
2017-09-10T15:00:00-00:00,2017-09-10T16:00:00-00:00,2017-09-10,9,0,TH_ZP26_GEN-APND,TH_ZP26_GEN-APND,TH_ZP26_GEN-APND,DAM,LMP,LMP_PRC,TH_ZP26_GEN-APND,ALL_APNODES,0,21.99389,193
2017-09-11T02:00:00-00:00,2017-09-11T03:00:00-00:00,2017-09-10,20,0,TH_ZP26_GEN-APND,TH_ZP26_GEN-APND,TH_ZP26_GEN-APND,DAM,LMP,LMP_PRC,TH_ZP26_GEN-APND,ALL_APNODES,0,73.4162,193
2017-09-11T05:00:00-00:00,2017-09-11T06:00:00-00:00,2017-09-10,23,0,TH_ZP26_GEN-APND,TH_ZP26_GEN-APND,TH_ZP26_GEN-APND,DAM,LMP,LMP_PRC,TH_ZP26_GEN-APND,ALL_APNODES,0,36.37266,193
2017-09-10T22:00:00-00:00,2017-09-10T23:00:00-00:00,2017-09-10,16,0,TH_ZP26_GEN-APND,TH_ZP26_GEN-APND,TH_ZP26_GEN-APND,DAM,LMP,LMP_PRC,TH_ZP26_GEN-APND,ALL_APNODES,0,38.6253,193
2017-09-10T19:00:00-00:00,2017-09-10T20:00:00-00:00,2017-09-10,13,0,TH_ZP26_GEN-APND,TH_ZP26_GEN-APND,TH_ZP26_GEN-APND,DAM,LMP,LMP_PRC,TH_ZP26_GEN-APND,ALL_APNODES,0,27.21885,193
2017-09-10T21:00:00-00:00,2017-09-10T22:00:00-00:00,2017-09-10,15,0,TH_ZP26_GEN-APND,TH_ZP26_GEN-APND,TH_ZP26_GEN-APND,DAM,LMP,LMP_PRC,TH_ZP26_GEN-APND,ALL_APNODES,0,33.05252,193
2017-09-10T08:00:00-00:00,2017-09-10T09:00:00-00:00,2017-09-10,2,0,TH_ZP26_GEN-APND,TH_ZP26_GEN-APND,TH_ZP26_GEN-APND,DAM,LMP,LMP_PRC,TH_ZP26_GEN-APND,ALL_APNODES,0,30.47415,193
2017-09-10T11:00:00-00:00,2017-09-10T12:00:00-00:00,2017-09-10,5,0,TH_ZP26_GEN-APND,TH_ZP26_GEN-APND,TH_ZP26_GEN-APND,DAM,LMP,LMP_PRC,TH_ZP26_GEN-APND,ALL_APNODES,0,28.07283,193
2017-09-11T01:00:00-00:00,2017-09-11T02:00:00-00:00,2017-09-10,19,0,TH_ZP26_GEN-APND,TH_ZP26_GEN-APND,TH_ZP26_GEN-APND,DAM,LMP,LMP_PRC,TH_ZP26_GEN-APND,ALL_APNODES,0,81.5223,193
2017-09-10T16:00:00-00:00,2017-09-10T17:00:00-00:00,2017-09-10,10,0,TH_ZP26_GEN-APND,TH_ZP26_GEN-APND,TH_ZP26_GEN-APND,DAM,LMP,LMP_PRC,TH_ZP26_GEN-APND,ALL_APNODES,0,20.88825,193
2017-09-10T18:00:00-00:00,2017-09-10T19:00:00-00:00,2017-09-10,12,0,TH_ZP26_GEN-APND,TH_ZP26_GEN-APND,TH_ZP26_GEN-APND,DAM,LMP,LMP_PRC,TH_ZP26_GEN-APND,ALL_APNODES,0,24.53855,193
2017-09-11T00:00:00-00:00,2017-09-11T01:00:00-00:00,2017-09-10,18,0,TH_ZP26_GEN-APND,TH_ZP26_GEN-APND,TH_ZP26_GEN-APND,DAM,LMP,LMP_PRC,TH_ZP26_GEN-APND,ALL_APNODES,0,52.41056,193
2017-09-10T09:00:00-00:00,2017-09-10T10:00:00-00:00,2017-09-10,3,0,TH_ZP26_GEN-APND,TH_ZP26_GEN-APND,TH_ZP26_GEN-APND,DAM,LMP,LMP_PRC,TH_ZP26_GEN-APND,ALL_APNODES,0,28.5441,193
2017-09-11T04:00:00-00:00,2017-09-11T05:00:00-00:00,2017-09-10,22,0,TH_ZP26_GEN-APND,TH_ZP26_GEN-APND,TH_ZP26_GEN-APND,DAM,LMP,LMP_PRC,TH_ZP26_GEN-APND,ALL_APNODES,0,42.8672,193
2017-09-10T20:00:00-00:00,2017-09-10T21:00:00-00:00,2017-09-10,14,0,TH_ZP26_GEN-APND,TH_ZP26_GEN-APND,TH_ZP26_GEN-APND,DAM,LMP,LMP_PRC,TH_ZP26_GEN-APND,ALL_APNODES,0,30.9468,193
2017-09-10T10:00:00-00:00,2017-09-10T11:00:00-00:00,2017-09-10,4,0,TH_ZP26_GEN-APND,TH_ZP26_GEN-APND,TH_ZP26_GEN-APND,DAM,LMP,LMP_PRC,TH_ZP26_GEN-APND,ALL_APNODES,0,28.08876,193
2017-09-10T16:00:00-00:00,2017-09-10T17:00:00-00:00,2017-09-10,10,0,TH_ZP26_GEN-APND,TH_ZP26_GEN-APND,TH_ZP26_GEN-APND,DAM,MCC,LMP_CONG_PRC,TH_ZP26_GEN-APND,ALL_APNODES,0,-1.50878,194
2017-09-11T02:00:00-00:00,2017-09-11T03:00:00-00:00,2017-09-10,20,0,TH_ZP26_GEN-APND,TH_ZP26_GEN-APND,TH_ZP26_GEN-APND,DAM,MCC,LMP_CONG_PRC,TH_ZP26_GEN-APND,ALL_APNODES,0,0,194
2017-09-11T06:00:00-00:00,2017-09-11T07:00:00-00:00,2017-09-10,24,0,TH_ZP26_GEN-APND,TH_ZP26_GEN-APND,TH_ZP26_GEN-APND,DAM,MCC,LMP_CONG_PRC,TH_ZP26_GEN-APND,ALL_APNODES,0,0,194
2017-09-10T23:00:00-00:00,2017-09-11T00:00:00-00:00,2017-09-10,17,0,TH_ZP26_GEN-APND,TH_ZP26_GEN-APND,TH_ZP26_GEN-APND,DAM,MCC,LMP_CONG_PRC,TH_ZP26_GEN-APND,ALL_APNODES,0,-0.28602,194
2017-09-10T12:00:00-00:00,2017-09-10T13:00:00-00:00,2017-09-10,6,0,TH_ZP26_GEN-APND,TH_ZP26_GEN-APND,TH_ZP26_GEN-APND,DAM,MCC,LMP_CONG_PRC,TH_ZP26_GEN-APND,ALL_APNODES,0,0,194
2017-09-11T03:00:00-00:00,2017-09-11T04:00:00-00:00,2017-09-10,21,0,TH_ZP26_GEN-APND,TH_ZP26_GEN-APND,TH_ZP26_GEN-APND,DAM,MCC,LMP_CONG_PRC,TH_ZP26_GEN-APND,ALL_APNODES,0,0,194
2017-09-11T04:00:00-00:00,2017-09-11T05:00:00-00:00,2017-09-10,22,0,TH_ZP26_GEN-APND,TH_ZP26_GEN-APND,TH_ZP26_GEN-APND,DAM,MCC,LMP_CONG_PRC,TH_ZP26_GEN-APND,ALL_APNODES,0,0,194
2017-09-10T09:00:00-00:00,2017-09-10T10:00:00-00:00,2017-09-10,3,0,TH_ZP26_GEN-APND,TH_ZP26_GEN-APND,TH_ZP26_GEN-APND,DAM,MCC,LMP_CONG_PRC,TH_ZP26_GEN-APND,ALL_APNODES,0,0,194
2017-09-10T08:00:00-00:00,2017-09-10T09:00:00-00:00,2017-09-10,2,0,TH_ZP26_GEN-APND,TH_ZP26_GEN-APND,TH_ZP26_GEN-APND,DAM,MCC,LMP_CONG_PRC,TH_ZP26_GEN-APND,ALL_APNODES,0,0,194
2017-09-11T01:00:00-00:00,2017-09-11T02:00:00-00:00,2017-09-10,19,0,TH_ZP26_GEN-APND,TH_ZP26_GEN-APND,TH_ZP26_GEN-APND,DAM,MCC,LMP_CONG_PRC,TH_ZP26_GEN-APND,ALL_APNODES,0,0,194
2017-09-11T05:00:00-00:00,2017-09-11T06:00:00-00:00,2017-09-10,23,0,TH_ZP26_GEN-APND,TH_ZP26_GEN-APND,TH_ZP26_GEN-APND,DAM,MCC,LMP_CONG_PRC,TH_ZP26_GEN-APND,ALL_APNODES,0,0,194
2017-09-10T21:00:00-00:00,2017-09-10T22:00:00-00:00,2017-09-10,15,0,TH_ZP26_GEN-APND,TH_ZP26_GEN-APND,TH_ZP26_GEN-APND,DAM,MCC,LMP_CONG_PRC,TH_ZP26_GEN-APND,ALL_APNODES,0,-0.22471,194
2017-09-10T10:00:00-00:00,2017-09-10T11:00:00-00:00,2017-09-10,4,0,TH_ZP26_GEN-APND,TH_ZP26_GEN-APND,TH_ZP26_GEN-APND,DAM,MCC,LMP_CONG_PRC,TH_ZP26_GEN-APND,ALL_APNODES,0,0,194
2017-09-10T22:00:00-00:00,2017-09-10T23:00:00-00:00,2017-09-10,16,0,TH_ZP26_GEN-APND,TH_ZP26_GEN-APND,TH_ZP26_GEN-APND,DAM,MCC,LMP_CONG_PRC,TH_ZP26_GEN-APND,ALL_APNODES,0,0,194
2017-09-10T07:00:00-00:00,2017-09-10T08:00:00-00:00,2017-09-10,1,0,TH_ZP26_GEN-APND,TH_ZP26_GEN-APND,TH_ZP26_GEN-APND,DAM,MCC,LMP_CONG_PRC,TH_ZP26_GEN-APND,ALL_APNODES,0,0,194
2017-09-10T11:00:00-00:00,2017-09-10T12:00:00-00:00,2017-09-10,5,0,TH_ZP26_GEN-APND,TH_ZP26_GEN-APND,TH_ZP26_GEN-APND,DAM,MCC,LMP_CONG_PRC,TH_ZP26_GEN-APND,ALL_APNODES,0,0,194
2017-09-10T15:00:00-00:00,2017-09-10T16:00:00-00:00,2017-09-10,9,0,TH_ZP26_GEN-APND,TH_ZP26_GEN-APND,TH_ZP26_GEN-APND,DAM,MCC,LMP_CONG_PRC,TH_ZP26_GEN-APND,ALL_APNODES,0,0,194
2017-09-10T19:00:00-00:00,2017-09-10T20:00:00-00:00,2017-09-10,13,0,TH_ZP26_GEN-APND,TH_ZP26_GEN-APND,TH_ZP26_GEN-APND,DAM,MCC,LMP_CONG_PRC,TH_ZP26_GEN-APND,ALL_APNODES,0,-1.13978,194
2017-09-10T20:00:00-00:00,2017-09-10T21:00:00-00:00,2017-09-10,14,0,TH_ZP26_GEN-APND,TH_ZP26_GEN-APND,TH_ZP26_GEN-APND,DAM,MCC,LMP_CONG_PRC,TH_ZP26_GEN-APND,ALL_APNODES,0,-0.56167,194
2017-09-11T00:00:00-00:00,2017-09-11T01:00:00-00:00,2017-09-10,18,0,TH_ZP26_GEN-APND,TH_ZP26_GEN-APND,TH_ZP26_GEN-APND,DAM,MCC,LMP_CONG_PRC,TH_ZP26_GEN-APND,ALL_APNODES,0,0,194
2017-09-10T14:00:00-00:00,2017-09-10T15:00:00-00:00,2017-09-10,8,0,TH_ZP26_GEN-APND,TH_ZP26_GEN-APND,TH_ZP26_GEN-APND,DAM,MCC,LMP_CONG_PRC,TH_ZP26_GEN-APND,ALL_APNODES,0,0,194
2017-09-10T17:00:00-00:00,2017-09-10T18:00:00-00:00,2017-09-10,11,0,TH_ZP26_GEN-APND,TH_ZP26_GEN-APND,TH_ZP26_GEN-APND,DAM,MCC,LMP_CONG_PRC,TH_ZP26_GEN-APND,ALL_APNODES,0,-1.66029,194
2017-09-10T13:00:00-00:00,2017-09-10T14:00:00-00:00,2017-09-10,7,0,TH_ZP26_GEN-APND,TH_ZP26_GEN-APND,TH_ZP26_GEN-APND,DAM,MCC,LMP_CONG_PRC,TH_ZP26_GEN-APND,ALL_APNODES,0,0,194
2017-09-10T18:00:00-00:00,2017-09-10T19:00:00-00:00,2017-09-10,12,0,TH_ZP26_GEN-APND,TH_ZP26_GEN-APND,TH_ZP26_GEN-APND,DAM,MCC,LMP_CONG_PRC,TH_ZP26_GEN-APND,ALL_APNODES,0,-1.85644,194
2017-09-11T04:00:00-00:00,2017-09-11T05:00:00-00:00,2017-09-10,22,0,TH_ZP26_GEN-APND,TH_ZP26_GEN-APND,TH_ZP26_GEN-APND,DAM,MCE,LMP_ENE_PRC,TH_ZP26_GEN-APND,ALL_APNODES,0,44.86363,195
2017-09-10T19:00:00-00:00,2017-09-10T20:00:00-00:00,2017-09-10,13,0,TH_ZP26_GEN-APND,TH_ZP26_GEN-APND,TH_ZP26_GEN-APND,DAM,MCE,LMP_ENE_PRC,TH_ZP26_GEN-APND,ALL_APNODES,0,29.9584,195
2017-09-11T06:00:00-00:00,2017-09-11T07:00:00-00:00,2017-09-10,24,0,TH_ZP26_GEN-APND,TH_ZP26_GEN-APND,TH_ZP26_GEN-APND,DAM,MCE,LMP_ENE_PRC,TH_ZP26_GEN-APND,ALL_APNODES,0,34.05995,195
2017-09-10T18:00:00-00:00,2017-09-10T19:00:00-00:00,2017-09-10,12,0,TH_ZP26_GEN-APND,TH_ZP26_GEN-APND,TH_ZP26_GEN-APND,DAM,MCE,LMP_ENE_PRC,TH_ZP26_GEN-APND,ALL_APNODES,0,27.87222,195
2017-09-10T07:00:00-00:00,2017-09-10T08:00:00-00:00,2017-09-10,1,0,TH_ZP26_GEN-APND,TH_ZP26_GEN-APND,TH_ZP26_GEN-APND,DAM,MCE,LMP_ENE_PRC,TH_ZP26_GEN-APND,ALL_APNODES,0,32.70931,195
2017-09-10T11:00:00-00:00,2017-09-10T12:00:00-00:00,2017-09-10,5,0,TH_ZP26_GEN-APND,TH_ZP26_GEN-APND,TH_ZP26_GEN-APND,DAM,MCE,LMP_ENE_PRC,TH_ZP26_GEN-APND,ALL_APNODES,0,29.13025,195
2017-09-10T17:00:00-00:00,2017-09-10T18:00:00-00:00,2017-09-10,11,0,TH_ZP26_GEN-APND,TH_ZP26_GEN-APND,TH_ZP26_GEN-APND,DAM,MCE,LMP_ENE_PRC,TH_ZP26_GEN-APND,ALL_APNODES,0,24.78016,195
2017-09-10T20:00:00-00:00,2017-09-10T21:00:00-00:00,2017-09-10,14,0,TH_ZP26_GEN-APND,TH_ZP26_GEN-APND,TH_ZP26_GEN-APND,DAM,MCE,LMP_ENE_PRC,TH_ZP26_GEN-APND,ALL_APNODES,0,33.2965,195
2017-09-10T10:00:00-00:00,2017-09-10T11:00:00-00:00,2017-09-10,4,0,TH_ZP26_GEN-APND,TH_ZP26_GEN-APND,TH_ZP26_GEN-APND,DAM,MCE,LMP_ENE_PRC,TH_ZP26_GEN-APND,ALL_APNODES,0,29.16798,195
2017-09-10T15:00:00-00:00,2017-09-10T16:00:00-00:00,2017-09-10,9,0,TH_ZP26_GEN-APND,TH_ZP26_GEN-APND,TH_ZP26_GEN-APND,DAM,MCE,LMP_ENE_PRC,TH_ZP26_GEN-APND,ALL_APNODES,0,23.11011,195
2017-09-10T08:00:00-00:00,2017-09-10T09:00:00-00:00,2017-09-10,2,0,TH_ZP26_GEN-APND,TH_ZP26_GEN-APND,TH_ZP26_GEN-APND,DAM,MCE,LMP_ENE_PRC,TH_ZP26_GEN-APND,ALL_APNODES,0,31.60563,195
2017-09-10T09:00:00-00:00,2017-09-10T10:00:00-00:00,2017-09-10,3,0,TH_ZP26_GEN-APND,TH_ZP26_GEN-APND,TH_ZP26_GEN-APND,DAM,MCE,LMP_ENE_PRC,TH_ZP26_GEN-APND,ALL_APNODES,0,29.63466,195
2017-09-11T02:00:00-00:00,2017-09-11T03:00:00-00:00,2017-09-10,20,0,TH_ZP26_GEN-APND,TH_ZP26_GEN-APND,TH_ZP26_GEN-APND,DAM,MCE,LMP_ENE_PRC,TH_ZP26_GEN-APND,ALL_APNODES,0,76.88365,195
2017-09-11T03:00:00-00:00,2017-09-11T04:00:00-00:00,2017-09-10,21,0,TH_ZP26_GEN-APND,TH_ZP26_GEN-APND,TH_ZP26_GEN-APND,DAM,MCE,LMP_ENE_PRC,TH_ZP26_GEN-APND,ALL_APNODES,0,53.52314,195
2017-09-10T14:00:00-00:00,2017-09-10T15:00:00-00:00,2017-09-10,8,0,TH_ZP26_GEN-APND,TH_ZP26_GEN-APND,TH_ZP26_GEN-APND,DAM,MCE,LMP_ENE_PRC,TH_ZP26_GEN-APND,ALL_APNODES,0,28.49216,195
2017-09-10T23:00:00-00:00,2017-09-11T00:00:00-00:00,2017-09-10,17,0,TH_ZP26_GEN-APND,TH_ZP26_GEN-APND,TH_ZP26_GEN-APND,DAM,MCE,LMP_ENE_PRC,TH_ZP26_GEN-APND,ALL_APNODES,0,45.74732,195
2017-09-11T00:00:00-00:00,2017-09-11T01:00:00-00:00,2017-09-10,18,0,TH_ZP26_GEN-APND,TH_ZP26_GEN-APND,TH_ZP26_GEN-APND,DAM,MCE,LMP_ENE_PRC,TH_ZP26_GEN-APND,ALL_APNODES,0,55.31458,195
2017-09-10T12:00:00-00:00,2017-09-10T13:00:00-00:00,2017-09-10,6,0,TH_ZP26_GEN-APND,TH_ZP26_GEN-APND,TH_ZP26_GEN-APND,DAM,MCE,LMP_ENE_PRC,TH_ZP26_GEN-APND,ALL_APNODES,0,29.38071,195
2017-09-10T13:00:00-00:00,2017-09-10T14:00:00-00:00,2017-09-10,7,0,TH_ZP26_GEN-APND,TH_ZP26_GEN-APND,TH_ZP26_GEN-APND,DAM,MCE,LMP_ENE_PRC,TH_ZP26_GEN-APND,ALL_APNODES,0,29.2724,195
2017-09-11T05:00:00-00:00,2017-09-11T06:00:00-00:00,2017-09-10,23,0,TH_ZP26_GEN-APND,TH_ZP26_GEN-APND,TH_ZP26_GEN-APND,DAM,MCE,LMP_ENE_PRC,TH_ZP26_GEN-APND,ALL_APNODES,0,37.97125,195
2017-09-10T16:00:00-00:00,2017-09-10T17:00:00-00:00,2017-09-10,10,0,TH_ZP26_GEN-APND,TH_ZP26_GEN-APND,TH_ZP26_GEN-APND,DAM,MCE,LMP_ENE_PRC,TH_ZP26_GEN-APND,ALL_APNODES,0,23.58079,195
2017-09-10T21:00:00-00:00,2017-09-10T22:00:00-00:00,2017-09-10,15,0,TH_ZP26_GEN-APND,TH_ZP26_GEN-APND,TH_ZP26_GEN-APND,DAM,MCE,LMP_ENE_PRC,TH_ZP26_GEN-APND,ALL_APNODES,0,35.22145,195
2017-09-10T22:00:00-00:00,2017-09-10T23:00:00-00:00,2017-09-10,16,0,TH_ZP26_GEN-APND,TH_ZP26_GEN-APND,TH_ZP26_GEN-APND,DAM,MCE,LMP_ENE_PRC,TH_ZP26_GEN-APND,ALL_APNODES,0,40.93832,195
2017-09-11T01:00:00-00:00,2017-09-11T02:00:00-00:00,2017-09-10,19,0,TH_ZP26_GEN-APND,TH_ZP26_GEN-APND,TH_ZP26_GEN-APND,DAM,MCE,LMP_ENE_PRC,TH_ZP26_GEN-APND,ALL_APNODES,0,85.48899,195
2017-09-11T06:00:00-00:00,2017-09-11T07:00:00-00:00,2017-09-10,24,0,TH_ZP26_GEN-APND,TH_ZP26_GEN-APND,TH_ZP26_GEN-APND,DAM,MCL,LMP_LOSS_PRC,TH_ZP26_GEN-APND,ALL_APNODES,0,-1.37262,196
2017-09-11T04:00:00-00:00,2017-09-11T05:00:00-00:00,2017-09-10,22,0,TH_ZP26_GEN-APND,TH_ZP26_GEN-APND,TH_ZP26_GEN-APND,DAM,MCL,LMP_LOSS_PRC,TH_ZP26_GEN-APND,ALL_APNODES,0,-1.99643,196
2017-09-10T13:00:00-00:00,2017-09-10T14:00:00-00:00,2017-09-10,7,0,TH_ZP26_GEN-APND,TH_ZP26_GEN-APND,TH_ZP26_GEN-APND,DAM,MCL,LMP_LOSS_PRC,TH_ZP26_GEN-APND,ALL_APNODES,0,-1.06844,196
2017-09-11T02:00:00-00:00,2017-09-11T03:00:00-00:00,2017-09-10,20,0,TH_ZP26_GEN-APND,TH_ZP26_GEN-APND,TH_ZP26_GEN-APND,DAM,MCL,LMP_LOSS_PRC,TH_ZP26_GEN-APND,ALL_APNODES,0,-3.46745,196
2017-09-10T23:00:00-00:00,2017-09-11T00:00:00-00:00,2017-09-10,17,0,TH_ZP26_GEN-APND,TH_ZP26_GEN-APND,TH_ZP26_GEN-APND,DAM,MCL,LMP_LOSS_PRC,TH_ZP26_GEN-APND,ALL_APNODES,0,-2.58015,196
2017-09-10T16:00:00-00:00,2017-09-10T17:00:00-00:00,2017-09-10,10,0,TH_ZP26_GEN-APND,TH_ZP26_GEN-APND,TH_ZP26_GEN-APND,DAM,MCL,LMP_LOSS_PRC,TH_ZP26_GEN-APND,ALL_APNODES,0,-1.18376,196
2017-09-10T11:00:00-00:00,2017-09-10T12:00:00-00:00,2017-09-10,5,0,TH_ZP26_GEN-APND,TH_ZP26_GEN-APND,TH_ZP26_GEN-APND,DAM,MCL,LMP_LOSS_PRC,TH_ZP26_GEN-APND,ALL_APNODES,0,-1.05743,196
2017-09-11T05:00:00-00:00,2017-09-11T06:00:00-00:00,2017-09-10,23,0,TH_ZP26_GEN-APND,TH_ZP26_GEN-APND,TH_ZP26_GEN-APND,DAM,MCL,LMP_LOSS_PRC,TH_ZP26_GEN-APND,ALL_APNODES,0,-1.59859,196
2017-09-10T17:00:00-00:00,2017-09-10T18:00:00-00:00,2017-09-10,11,0,TH_ZP26_GEN-APND,TH_ZP26_GEN-APND,TH_ZP26_GEN-APND,DAM,MCL,LMP_LOSS_PRC,TH_ZP26_GEN-APND,ALL_APNODES,0,-1.296,196
2017-09-10T19:00:00-00:00,2017-09-10T20:00:00-00:00,2017-09-10,13,0,TH_ZP26_GEN-APND,TH_ZP26_GEN-APND,TH_ZP26_GEN-APND,DAM,MCL,LMP_LOSS_PRC,TH_ZP26_GEN-APND,ALL_APNODES,0,-1.59978,196
2017-09-10T21:00:00-00:00,2017-09-10T22:00:00-00:00,2017-09-10,15,0,TH_ZP26_GEN-APND,TH_ZP26_GEN-APND,TH_ZP26_GEN-APND,DAM,MCL,LMP_LOSS_PRC,TH_ZP26_GEN-APND,ALL_APNODES,0,-1.94422,196
2017-09-10T08:00:00-00:00,2017-09-10T09:00:00-00:00,2017-09-10,2,0,TH_ZP26_GEN-APND,TH_ZP26_GEN-APND,TH_ZP26_GEN-APND,DAM,MCL,LMP_LOSS_PRC,TH_ZP26_GEN-APND,ALL_APNODES,0,-1.13148,196
2017-09-10T09:00:00-00:00,2017-09-10T10:00:00-00:00,2017-09-10,3,0,TH_ZP26_GEN-APND,TH_ZP26_GEN-APND,TH_ZP26_GEN-APND,DAM,MCL,LMP_LOSS_PRC,TH_ZP26_GEN-APND,ALL_APNODES,0,-1.09056,196
2017-09-10T14:00:00-00:00,2017-09-10T15:00:00-00:00,2017-09-10,8,0,TH_ZP26_GEN-APND,TH_ZP26_GEN-APND,TH_ZP26_GEN-APND,DAM,MCL,LMP_LOSS_PRC,TH_ZP26_GEN-APND,ALL_APNODES,0,-1.16818,196
2017-09-11T03:00:00-00:00,2017-09-11T04:00:00-00:00,2017-09-10,21,0,TH_ZP26_GEN-APND,TH_ZP26_GEN-APND,TH_ZP26_GEN-APND,DAM,MCL,LMP_LOSS_PRC,TH_ZP26_GEN-APND,ALL_APNODES,0,-2.4353,196
2017-09-11T00:00:00-00:00,2017-09-11T01:00:00-00:00,2017-09-10,18,0,TH_ZP26_GEN-APND,TH_ZP26_GEN-APND,TH_ZP26_GEN-APND,DAM,MCL,LMP_LOSS_PRC,TH_ZP26_GEN-APND,ALL_APNODES,0,-2.90402,196
2017-09-10T12:00:00-00:00,2017-09-10T13:00:00-00:00,2017-09-10,6,0,TH_ZP26_GEN-APND,TH_ZP26_GEN-APND,TH_ZP26_GEN-APND,DAM,MCL,LMP_LOSS_PRC,TH_ZP26_GEN-APND,ALL_APNODES,0,-1.06064,196
2017-09-10T20:00:00-00:00,2017-09-10T21:00:00-00:00,2017-09-10,14,0,TH_ZP26_GEN-APND,TH_ZP26_GEN-APND,TH_ZP26_GEN-APND,DAM,MCL,LMP_LOSS_PRC,TH_ZP26_GEN-APND,ALL_APNODES,0,-1.78802,196
2017-09-10T22:00:00-00:00,2017-09-10T23:00:00-00:00,2017-09-10,16,0,TH_ZP26_GEN-APND,TH_ZP26_GEN-APND,TH_ZP26_GEN-APND,DAM,MCL,LMP_LOSS_PRC,TH_ZP26_GEN-APND,ALL_APNODES,0,-2.31301,196
2017-09-10T07:00:00-00:00,2017-09-10T08:00:00-00:00,2017-09-10,1,0,TH_ZP26_GEN-APND,TH_ZP26_GEN-APND,TH_ZP26_GEN-APND,DAM,MCL,LMP_LOSS_PRC,TH_ZP26_GEN-APND,ALL_APNODES,0,-1.22333,196
2017-09-10T15:00:00-00:00,2017-09-10T16:00:00-00:00,2017-09-10,9,0,TH_ZP26_GEN-APND,TH_ZP26_GEN-APND,TH_ZP26_GEN-APND,DAM,MCL,LMP_LOSS_PRC,TH_ZP26_GEN-APND,ALL_APNODES,0,-1.11622,196
2017-09-10T18:00:00-00:00,2017-09-10T19:00:00-00:00,2017-09-10,12,0,TH_ZP26_GEN-APND,TH_ZP26_GEN-APND,TH_ZP26_GEN-APND,DAM,MCL,LMP_LOSS_PRC,TH_ZP26_GEN-APND,ALL_APNODES,0,-1.47723,196
2017-09-11T01:00:00-00:00,2017-09-11T02:00:00-00:00,2017-09-10,19,0,TH_ZP26_GEN-APND,TH_ZP26_GEN-APND,TH_ZP26_GEN-APND,DAM,MCL,LMP_LOSS_PRC,TH_ZP26_GEN-APND,ALL_APNODES,0,-3.96669,196
2017-09-10T10:00:00-00:00,2017-09-10T11:00:00-00:00,2017-09-10,4,0,TH_ZP26_GEN-APND,TH_ZP26_GEN-APND,TH_ZP26_GEN-APND,DAM,MCL,LMP_LOSS_PRC,TH_ZP26_GEN-APND,ALL_APNODES,0,-1.07922,196
2017-09-11T01:00:00-00:00,2017-09-11T02:00:00-00:00,2017-09-10,19,0,URBAN_6_N005,URBAN_6_N005,URBAN_6_N005,DAM,LMP,LMP_PRC,URBAN_6_N005,ALL,1,74.85054,197
2017-09-10T11:00:00-00:00,2017-09-10T12:00:00-00:00,2017-09-10,5,0,URBAN_6_N005,URBAN_6_N005,URBAN_6_N005,DAM,LMP,LMP_PRC,URBAN_6_N005,ALL,1,28.96712,197
2017-09-10T08:00:00-00:00,2017-09-10T09:00:00-00:00,2017-09-10,2,0,URBAN_6_N005,URBAN_6_N005,URBAN_6_N005,DAM,LMP,LMP_PRC,URBAN_6_N005,ALL,1,31.12522,197
2017-09-11T02:00:00-00:00,2017-09-11T03:00:00-00:00,2017-09-10,20,0,URBAN_6_N005,URBAN_6_N005,URBAN_6_N005,DAM,LMP,LMP_PRC,URBAN_6_N005,ALL,1,61.01357,197
2017-09-11T05:00:00-00:00,2017-09-11T06:00:00-00:00,2017-09-10,23,0,URBAN_6_N005,URBAN_6_N005,URBAN_6_N005,DAM,LMP,LMP_PRC,URBAN_6_N005,ALL,1,37.45864,197
2017-09-11T06:00:00-00:00,2017-09-11T07:00:00-00:00,2017-09-10,24,0,URBAN_6_N005,URBAN_6_N005,URBAN_6_N005,DAM,LMP,LMP_PRC,URBAN_6_N005,ALL,1,33.41621,197
2017-09-10T17:00:00-00:00,2017-09-10T18:00:00-00:00,2017-09-10,11,0,URBAN_6_N005,URBAN_6_N005,URBAN_6_N005,DAM,LMP,LMP_PRC,URBAN_6_N005,ALL,1,2.25104,197
2017-09-10T14:00:00-00:00,2017-09-10T15:00:00-00:00,2017-09-10,8,0,URBAN_6_N005,URBAN_6_N005,URBAN_6_N005,DAM,LMP,LMP_PRC,URBAN_6_N005,ALL,1,27.94227,197
2017-09-10T07:00:00-00:00,2017-09-10T08:00:00-00:00,2017-09-10,1,0,URBAN_6_N005,URBAN_6_N005,URBAN_6_N005,DAM,LMP,LMP_PRC,URBAN_6_N005,ALL,1,32.16633,197
2017-09-10T12:00:00-00:00,2017-09-10T13:00:00-00:00,2017-09-10,6,0,URBAN_6_N005,URBAN_6_N005,URBAN_6_N005,DAM,LMP,LMP_PRC,URBAN_6_N005,ALL,1,29.0869,197
2017-09-10T16:00:00-00:00,2017-09-10T17:00:00-00:00,2017-09-10,10,0,URBAN_6_N005,URBAN_6_N005,URBAN_6_N005,DAM,LMP,LMP_PRC,URBAN_6_N005,ALL,1,4.77705,197
2017-09-10T19:00:00-00:00,2017-09-10T20:00:00-00:00,2017-09-10,13,0,URBAN_6_N005,URBAN_6_N005,URBAN_6_N005,DAM,LMP,LMP_PRC,URBAN_6_N005,ALL,1,9.1755,197
2017-09-10T10:00:00-00:00,2017-09-10T11:00:00-00:00,2017-09-10,4,0,URBAN_6_N005,URBAN_6_N005,URBAN_6_N005,DAM,LMP,LMP_PRC,URBAN_6_N005,ALL,1,28.95797,197
2017-09-11T03:00:00-00:00,2017-09-11T04:00:00-00:00,2017-09-10,21,0,URBAN_6_N005,URBAN_6_N005,URBAN_6_N005,DAM,LMP,LMP_PRC,URBAN_6_N005,ALL,1,52.731,197
2017-09-10T15:00:00-00:00,2017-09-10T16:00:00-00:00,2017-09-10,9,0,URBAN_6_N005,URBAN_6_N005,URBAN_6_N005,DAM,LMP,LMP_PRC,URBAN_6_N005,ALL,1,20.44049,197
2017-09-10T18:00:00-00:00,2017-09-10T19:00:00-00:00,2017-09-10,12,0,URBAN_6_N005,URBAN_6_N005,URBAN_6_N005,DAM,LMP,LMP_PRC,URBAN_6_N005,ALL,1,-4.57842,197
2017-09-10T22:00:00-00:00,2017-09-10T23:00:00-00:00,2017-09-10,16,0,URBAN_6_N005,URBAN_6_N005,URBAN_6_N005,DAM,LMP,LMP_PRC,URBAN_6_N005,ALL,1,15.82656,197
2017-09-10T23:00:00-00:00,2017-09-11T00:00:00-00:00,2017-09-10,17,0,URBAN_6_N005,URBAN_6_N005,URBAN_6_N005,DAM,LMP,LMP_PRC,URBAN_6_N005,ALL,1,14.34632,197
2017-09-10T09:00:00-00:00,2017-09-10T10:00:00-00:00,2017-09-10,3,0,URBAN_6_N005,URBAN_6_N005,URBAN_6_N005,DAM,LMP,LMP_PRC,URBAN_6_N005,ALL,1,29.4124,197
2017-09-10T13:00:00-00:00,2017-09-10T14:00:00-00:00,2017-09-10,7,0,URBAN_6_N005,URBAN_6_N005,URBAN_6_N005,DAM,LMP,LMP_PRC,URBAN_6_N005,ALL,1,28.96504,197
2017-09-11T04:00:00-00:00,2017-09-11T05:00:00-00:00,2017-09-10,22,0,URBAN_6_N005,URBAN_6_N005,URBAN_6_N005,DAM,LMP,LMP_PRC,URBAN_6_N005,ALL,1,44.5092,197
2017-09-10T20:00:00-00:00,2017-09-10T21:00:00-00:00,2017-09-10,14,0,URBAN_6_N005,URBAN_6_N005,URBAN_6_N005,DAM,LMP,LMP_PRC,URBAN_6_N005,ALL,1,19.03291,197
2017-09-10T21:00:00-00:00,2017-09-10T22:00:00-00:00,2017-09-10,15,0,URBAN_6_N005,URBAN_6_N005,URBAN_6_N005,DAM,LMP,LMP_PRC,URBAN_6_N005,ALL,1,21.42777,197
2017-09-11T00:00:00-00:00,2017-09-11T01:00:00-00:00,2017-09-10,18,0,URBAN_6_N005,URBAN_6_N005,URBAN_6_N005,DAM,LMP,LMP_PRC,URBAN_6_N005,ALL,1,53.83215,197
2017-09-10T07:00:00-00:00,2017-09-10T08:00:00-00:00,2017-09-10,1,0,URBAN_6_N005,URBAN_6_N005,URBAN_6_N005,DAM,MCC,LMP_CONG_PRC,URBAN_6_N005,ALL,1,0,198
2017-09-10T09:00:00-00:00,2017-09-10T10:00:00-00:00,2017-09-10,3,0,URBAN_6_N005,URBAN_6_N005,URBAN_6_N005,DAM,MCC,LMP_CONG_PRC,URBAN_6_N005,ALL,1,0,198
2017-09-10T18:00:00-00:00,2017-09-10T19:00:00-00:00,2017-09-10,12,0,URBAN_6_N005,URBAN_6_N005,URBAN_6_N005,DAM,MCC,LMP_CONG_PRC,URBAN_6_N005,ALL,1,-31.87089,198
2017-09-10T16:00:00-00:00,2017-09-10T17:00:00-00:00,2017-09-10,10,0,URBAN_6_N005,URBAN_6_N005,URBAN_6_N005,DAM,MCC,LMP_CONG_PRC,URBAN_6_N005,ALL,1,-18.20007,198
2017-09-11T00:00:00-00:00,2017-09-11T01:00:00-00:00,2017-09-10,18,0,URBAN_6_N005,URBAN_6_N005,URBAN_6_N005,DAM,MCC,LMP_CONG_PRC,URBAN_6_N005,ALL,1,0,198
2017-09-11T03:00:00-00:00,2017-09-11T04:00:00-00:00,2017-09-10,21,0,URBAN_6_N005,URBAN_6_N005,URBAN_6_N005,DAM,MCC,LMP_CONG_PRC,URBAN_6_N005,ALL,1,0,198
2017-09-10T19:00:00-00:00,2017-09-10T20:00:00-00:00,2017-09-10,13,0,URBAN_6_N005,URBAN_6_N005,URBAN_6_N005,DAM,MCC,LMP_CONG_PRC,URBAN_6_N005,ALL,1,-20.04593,198
2017-09-10T20:00:00-00:00,2017-09-10T21:00:00-00:00,2017-09-10,14,0,URBAN_6_N005,URBAN_6_N005,URBAN_6_N005,DAM,MCC,LMP_CONG_PRC,URBAN_6_N005,ALL,1,-13.55104,198
2017-09-11T01:00:00-00:00,2017-09-11T02:00:00-00:00,2017-09-10,19,0,URBAN_6_N005,URBAN_6_N005,URBAN_6_N005,DAM,MCC,LMP_CONG_PRC,URBAN_6_N005,ALL,1,-8.3388,198
2017-09-10T13:00:00-00:00,2017-09-10T14:00:00-00:00,2017-09-10,7,0,URBAN_6_N005,URBAN_6_N005,URBAN_6_N005,DAM,MCC,LMP_CONG_PRC,URBAN_6_N005,ALL,1,0,198
2017-09-11T06:00:00-00:00,2017-09-11T07:00:00-00:00,2017-09-10,24,0,URBAN_6_N005,URBAN_6_N005,URBAN_6_N005,DAM,MCC,LMP_CONG_PRC,URBAN_6_N005,ALL,1,0,198
2017-09-10T15:00:00-00:00,2017-09-10T16:00:00-00:00,2017-09-10,9,0,URBAN_6_N005,URBAN_6_N005,URBAN_6_N005,DAM,MCC,LMP_CONG_PRC,URBAN_6_N005,ALL,1,-2.14733,198
2017-09-11T02:00:00-00:00,2017-09-11T03:00:00-00:00,2017-09-10,20,0,URBAN_6_N005,URBAN_6_N005,URBAN_6_N005,DAM,MCC,LMP_CONG_PRC,URBAN_6_N005,ALL,1,-14.02487,198
2017-09-11T04:00:00-00:00,2017-09-11T05:00:00-00:00,2017-09-10,22,0,URBAN_6_N005,URBAN_6_N005,URBAN_6_N005,DAM,MCC,LMP_CONG_PRC,URBAN_6_N005,ALL,1,0,198
2017-09-11T05:00:00-00:00,2017-09-11T06:00:00-00:00,2017-09-10,23,0,URBAN_6_N005,URBAN_6_N005,URBAN_6_N005,DAM,MCC,LMP_CONG_PRC,URBAN_6_N005,ALL,1,0,198
2017-09-10T22:00:00-00:00,2017-09-10T23:00:00-00:00,2017-09-10,16,0,URBAN_6_N005,URBAN_6_N005,URBAN_6_N005,DAM,MCC,LMP_CONG_PRC,URBAN_6_N005,ALL,1,-24.1538,198
2017-09-10T08:00:00-00:00,2017-09-10T09:00:00-00:00,2017-09-10,2,0,URBAN_6_N005,URBAN_6_N005,URBAN_6_N005,DAM,MCC,LMP_CONG_PRC,URBAN_6_N005,ALL,1,0,198
2017-09-10T10:00:00-00:00,2017-09-10T11:00:00-00:00,2017-09-10,4,0,URBAN_6_N005,URBAN_6_N005,URBAN_6_N005,DAM,MCC,LMP_CONG_PRC,URBAN_6_N005,ALL,1,0,198
2017-09-10T11:00:00-00:00,2017-09-10T12:00:00-00:00,2017-09-10,5,0,URBAN_6_N005,URBAN_6_N005,URBAN_6_N005,DAM,MCC,LMP_CONG_PRC,URBAN_6_N005,ALL,1,0,198
2017-09-10T17:00:00-00:00,2017-09-10T18:00:00-00:00,2017-09-10,11,0,URBAN_6_N005,URBAN_6_N005,URBAN_6_N005,DAM,MCC,LMP_CONG_PRC,URBAN_6_N005,ALL,1,-21.94679,198
2017-09-10T12:00:00-00:00,2017-09-10T13:00:00-00:00,2017-09-10,6,0,URBAN_6_N005,URBAN_6_N005,URBAN_6_N005,DAM,MCC,LMP_CONG_PRC,URBAN_6_N005,ALL,1,0,198
2017-09-10T14:00:00-00:00,2017-09-10T15:00:00-00:00,2017-09-10,8,0,URBAN_6_N005,URBAN_6_N005,URBAN_6_N005,DAM,MCC,LMP_CONG_PRC,URBAN_6_N005,ALL,1,0,198
2017-09-10T21:00:00-00:00,2017-09-10T22:00:00-00:00,2017-09-10,15,0,URBAN_6_N005,URBAN_6_N005,URBAN_6_N005,DAM,MCC,LMP_CONG_PRC,URBAN_6_N005,ALL,1,-12.92723,198
2017-09-10T23:00:00-00:00,2017-09-11T00:00:00-00:00,2017-09-10,17,0,URBAN_6_N005,URBAN_6_N005,URBAN_6_N005,DAM,MCC,LMP_CONG_PRC,URBAN_6_N005,ALL,1,-30.23901,198
2017-09-11T03:00:00-00:00,2017-09-11T04:00:00-00:00,2017-09-10,21,0,URBAN_6_N005,URBAN_6_N005,URBAN_6_N005,DAM,MCE,LMP_ENE_PRC,URBAN_6_N005,ALL,1,53.52314,199
2017-09-11T06:00:00-00:00,2017-09-11T07:00:00-00:00,2017-09-10,24,0,URBAN_6_N005,URBAN_6_N005,URBAN_6_N005,DAM,MCE,LMP_ENE_PRC,URBAN_6_N005,ALL,1,34.05995,199
2017-09-10T16:00:00-00:00,2017-09-10T17:00:00-00:00,2017-09-10,10,0,URBAN_6_N005,URBAN_6_N005,URBAN_6_N005,DAM,MCE,LMP_ENE_PRC,URBAN_6_N005,ALL,1,23.58079,199
2017-09-10T20:00:00-00:00,2017-09-10T21:00:00-00:00,2017-09-10,14,0,URBAN_6_N005,URBAN_6_N005,URBAN_6_N005,DAM,MCE,LMP_ENE_PRC,URBAN_6_N005,ALL,1,33.2965,199
2017-09-10T19:00:00-00:00,2017-09-10T20:00:00-00:00,2017-09-10,13,0,URBAN_6_N005,URBAN_6_N005,URBAN_6_N005,DAM,MCE,LMP_ENE_PRC,URBAN_6_N005,ALL,1,29.9584,199
2017-09-10T23:00:00-00:00,2017-09-11T00:00:00-00:00,2017-09-10,17,0,URBAN_6_N005,URBAN_6_N005,URBAN_6_N005,DAM,MCE,LMP_ENE_PRC,URBAN_6_N005,ALL,1,45.74732,199
2017-09-10T08:00:00-00:00,2017-09-10T09:00:00-00:00,2017-09-10,2,0,URBAN_6_N005,URBAN_6_N005,URBAN_6_N005,DAM,MCE,LMP_ENE_PRC,URBAN_6_N005,ALL,1,31.60563,199
2017-09-10T09:00:00-00:00,2017-09-10T10:00:00-00:00,2017-09-10,3,0,URBAN_6_N005,URBAN_6_N005,URBAN_6_N005,DAM,MCE,LMP_ENE_PRC,URBAN_6_N005,ALL,1,29.63466,199
2017-09-11T05:00:00-00:00,2017-09-11T06:00:00-00:00,2017-09-10,23,0,URBAN_6_N005,URBAN_6_N005,URBAN_6_N005,DAM,MCE,LMP_ENE_PRC,URBAN_6_N005,ALL,1,37.97125,199
2017-09-10T15:00:00-00:00,2017-09-10T16:00:00-00:00,2017-09-10,9,0,URBAN_6_N005,URBAN_6_N005,URBAN_6_N005,DAM,MCE,LMP_ENE_PRC,URBAN_6_N005,ALL,1,23.11011,199
2017-09-11T02:00:00-00:00,2017-09-11T03:00:00-00:00,2017-09-10,20,0,URBAN_6_N005,URBAN_6_N005,URBAN_6_N005,DAM,MCE,LMP_ENE_PRC,URBAN_6_N005,ALL,1,76.88365,199
2017-09-10T07:00:00-00:00,2017-09-10T08:00:00-00:00,2017-09-10,1,0,URBAN_6_N005,URBAN_6_N005,URBAN_6_N005,DAM,MCE,LMP_ENE_PRC,URBAN_6_N005,ALL,1,32.70931,199
2017-09-10T22:00:00-00:00,2017-09-10T23:00:00-00:00,2017-09-10,16,0,URBAN_6_N005,URBAN_6_N005,URBAN_6_N005,DAM,MCE,LMP_ENE_PRC,URBAN_6_N005,ALL,1,40.93832,199
2017-09-10T12:00:00-00:00,2017-09-10T13:00:00-00:00,2017-09-10,6,0,URBAN_6_N005,URBAN_6_N005,URBAN_6_N005,DAM,MCE,LMP_ENE_PRC,URBAN_6_N005,ALL,1,29.38071,199
2017-09-10T17:00:00-00:00,2017-09-10T18:00:00-00:00,2017-09-10,11,0,URBAN_6_N005,URBAN_6_N005,URBAN_6_N005,DAM,MCE,LMP_ENE_PRC,URBAN_6_N005,ALL,1,24.78016,199
2017-09-11T04:00:00-00:00,2017-09-11T05:00:00-00:00,2017-09-10,22,0,URBAN_6_N005,URBAN_6_N005,URBAN_6_N005,DAM,MCE,LMP_ENE_PRC,URBAN_6_N005,ALL,1,44.86363,199
2017-09-10T13:00:00-00:00,2017-09-10T14:00:00-00:00,2017-09-10,7,0,URBAN_6_N005,URBAN_6_N005,URBAN_6_N005,DAM,MCE,LMP_ENE_PRC,URBAN_6_N005,ALL,1,29.2724,199
2017-09-10T11:00:00-00:00,2017-09-10T12:00:00-00:00,2017-09-10,5,0,URBAN_6_N005,URBAN_6_N005,URBAN_6_N005,DAM,MCE,LMP_ENE_PRC,URBAN_6_N005,ALL,1,29.13025,199
2017-09-10T10:00:00-00:00,2017-09-10T11:00:00-00:00,2017-09-10,4,0,URBAN_6_N005,URBAN_6_N005,URBAN_6_N005,DAM,MCE,LMP_ENE_PRC,URBAN_6_N005,ALL,1,29.16798,199
2017-09-11T01:00:00-00:00,2017-09-11T02:00:00-00:00,2017-09-10,19,0,URBAN_6_N005,URBAN_6_N005,URBAN_6_N005,DAM,MCE,LMP_ENE_PRC,URBAN_6_N005,ALL,1,85.48899,199
2017-09-11T00:00:00-00:00,2017-09-11T01:00:00-00:00,2017-09-10,18,0,URBAN_6_N005,URBAN_6_N005,URBAN_6_N005,DAM,MCE,LMP_ENE_PRC,URBAN_6_N005,ALL,1,55.31458,199
2017-09-10T21:00:00-00:00,2017-09-10T22:00:00-00:00,2017-09-10,15,0,URBAN_6_N005,URBAN_6_N005,URBAN_6_N005,DAM,MCE,LMP_ENE_PRC,URBAN_6_N005,ALL,1,35.22145,199
2017-09-10T18:00:00-00:00,2017-09-10T19:00:00-00:00,2017-09-10,12,0,URBAN_6_N005,URBAN_6_N005,URBAN_6_N005,DAM,MCE,LMP_ENE_PRC,URBAN_6_N005,ALL,1,27.87222,199
2017-09-10T14:00:00-00:00,2017-09-10T15:00:00-00:00,2017-09-10,8,0,URBAN_6_N005,URBAN_6_N005,URBAN_6_N005,DAM,MCE,LMP_ENE_PRC,URBAN_6_N005,ALL,1,28.49216,199
2017-09-11T02:00:00-00:00,2017-09-11T03:00:00-00:00,2017-09-10,20,0,URBAN_6_N005,URBAN_6_N005,URBAN_6_N005,DAM,MCL,LMP_LOSS_PRC,URBAN_6_N005,ALL,1,-1.84521,200
2017-09-10T08:00:00-00:00,2017-09-10T09:00:00-00:00,2017-09-10,2,0,URBAN_6_N005,URBAN_6_N005,URBAN_6_N005,DAM,MCL,LMP_LOSS_PRC,URBAN_6_N005,ALL,1,-0.48041,200
2017-09-10T23:00:00-00:00,2017-09-11T00:00:00-00:00,2017-09-10,17,0,URBAN_6_N005,URBAN_6_N005,URBAN_6_N005,DAM,MCL,LMP_LOSS_PRC,URBAN_6_N005,ALL,1,-1.16198,200
2017-09-10T18:00:00-00:00,2017-09-10T19:00:00-00:00,2017-09-10,12,0,URBAN_6_N005,URBAN_6_N005,URBAN_6_N005,DAM,MCL,LMP_LOSS_PRC,URBAN_6_N005,ALL,1,-0.57974,200
2017-09-11T03:00:00-00:00,2017-09-11T04:00:00-00:00,2017-09-10,21,0,URBAN_6_N005,URBAN_6_N005,URBAN_6_N005,DAM,MCL,LMP_LOSS_PRC,URBAN_6_N005,ALL,1,-0.79214,200
2017-09-10T11:00:00-00:00,2017-09-10T12:00:00-00:00,2017-09-10,5,0,URBAN_6_N005,URBAN_6_N005,URBAN_6_N005,DAM,MCL,LMP_LOSS_PRC,URBAN_6_N005,ALL,1,-0.16313,200
2017-09-10T09:00:00-00:00,2017-09-10T10:00:00-00:00,2017-09-10,3,0,URBAN_6_N005,URBAN_6_N005,URBAN_6_N005,DAM,MCL,LMP_LOSS_PRC,URBAN_6_N005,ALL,1,-0.22226,200
2017-09-10T21:00:00-00:00,2017-09-10T22:00:00-00:00,2017-09-10,15,0,URBAN_6_N005,URBAN_6_N005,URBAN_6_N005,DAM,MCL,LMP_LOSS_PRC,URBAN_6_N005,ALL,1,-0.86645,200
2017-09-11T01:00:00-00:00,2017-09-11T02:00:00-00:00,2017-09-10,19,0,URBAN_6_N005,URBAN_6_N005,URBAN_6_N005,DAM,MCL,LMP_LOSS_PRC,URBAN_6_N005,ALL,1,-2.29965,200
2017-09-10T15:00:00-00:00,2017-09-10T16:00:00-00:00,2017-09-10,9,0,URBAN_6_N005,URBAN_6_N005,URBAN_6_N005,DAM,MCL,LMP_LOSS_PRC,URBAN_6_N005,ALL,1,-0.52229,200
2017-09-10T13:00:00-00:00,2017-09-10T14:00:00-00:00,2017-09-10,7,0,URBAN_6_N005,URBAN_6_N005,URBAN_6_N005,DAM,MCL,LMP_LOSS_PRC,URBAN_6_N005,ALL,1,-0.30736,200
2017-09-10T12:00:00-00:00,2017-09-10T13:00:00-00:00,2017-09-10,6,0,URBAN_6_N005,URBAN_6_N005,URBAN_6_N005,DAM,MCL,LMP_LOSS_PRC,URBAN_6_N005,ALL,1,-0.29381,200
2017-09-11T00:00:00-00:00,2017-09-11T01:00:00-00:00,2017-09-10,18,0,URBAN_6_N005,URBAN_6_N005,URBAN_6_N005,DAM,MCL,LMP_LOSS_PRC,URBAN_6_N005,ALL,1,-1.48243,200
2017-09-10T22:00:00-00:00,2017-09-10T23:00:00-00:00,2017-09-10,16,0,URBAN_6_N005,URBAN_6_N005,URBAN_6_N005,DAM,MCL,LMP_LOSS_PRC,URBAN_6_N005,ALL,1,-0.95796,200
2017-09-10T20:00:00-00:00,2017-09-10T21:00:00-00:00,2017-09-10,14,0,URBAN_6_N005,URBAN_6_N005,URBAN_6_N005,DAM,MCL,LMP_LOSS_PRC,URBAN_6_N005,ALL,1,-0.71255,200
2017-09-10T16:00:00-00:00,2017-09-10T17:00:00-00:00,2017-09-10,10,0,URBAN_6_N005,URBAN_6_N005,URBAN_6_N005,DAM,MCL,LMP_LOSS_PRC,URBAN_6_N005,ALL,1,-0.60367,200
2017-09-11T06:00:00-00:00,2017-09-11T07:00:00-00:00,2017-09-10,24,0,URBAN_6_N005,URBAN_6_N005,URBAN_6_N005,DAM,MCL,LMP_LOSS_PRC,URBAN_6_N005,ALL,1,-0.64373,200
2017-09-10T19:00:00-00:00,2017-09-10T20:00:00-00:00,2017-09-10,13,0,URBAN_6_N005,URBAN_6_N005,URBAN_6_N005,DAM,MCL,LMP_LOSS_PRC,URBAN_6_N005,ALL,1,-0.73698,200
2017-09-11T04:00:00-00:00,2017-09-11T05:00:00-00:00,2017-09-10,22,0,URBAN_6_N005,URBAN_6_N005,URBAN_6_N005,DAM,MCL,LMP_LOSS_PRC,URBAN_6_N005,ALL,1,-0.35442,200
2017-09-10T14:00:00-00:00,2017-09-10T15:00:00-00:00,2017-09-10,8,0,URBAN_6_N005,URBAN_6_N005,URBAN_6_N005,DAM,MCL,LMP_LOSS_PRC,URBAN_6_N005,ALL,1,-0.5499,200
2017-09-10T07:00:00-00:00,2017-09-10T08:00:00-00:00,2017-09-10,1,0,URBAN_6_N005,URBAN_6_N005,URBAN_6_N005,DAM,MCL,LMP_LOSS_PRC,URBAN_6_N005,ALL,1,-0.54297,200
2017-09-10T17:00:00-00:00,2017-09-10T18:00:00-00:00,2017-09-10,11,0,URBAN_6_N005,URBAN_6_N005,URBAN_6_N005,DAM,MCL,LMP_LOSS_PRC,URBAN_6_N005,ALL,1,-0.58233,200
2017-09-10T10:00:00-00:00,2017-09-10T11:00:00-00:00,2017-09-10,4,0,URBAN_6_N005,URBAN_6_N005,URBAN_6_N005,DAM,MCL,LMP_LOSS_PRC,URBAN_6_N005,ALL,1,-0.21001,200
2017-09-11T05:00:00-00:00,2017-09-11T06:00:00-00:00,2017-09-10,23,0,URBAN_6_N005,URBAN_6_N005,URBAN_6_N005,DAM,MCL,LMP_LOSS_PRC,URBAN_6_N005,ALL,1,-0.51261,200
2017-09-11T19:00:00-00:00,2017-09-11T20:00:00-00:00,2017-09-11,13,0,BAYSHOR2_1_N001,BAYSHOR2_1_N001,BAYSHOR2_1_N001,DAM,LMP,LMP_PRC,BAYSHOR2_1_N001,ALL,1,41.05666,201
2017-09-12T03:00:00-00:00,2017-09-12T04:00:00-00:00,2017-09-11,21,0,BAYSHOR2_1_N001,BAYSHOR2_1_N001,BAYSHOR2_1_N001,DAM,LMP,LMP_PRC,BAYSHOR2_1_N001,ALL,1,59.05315,201
2017-09-11T08:00:00-00:00,2017-09-11T09:00:00-00:00,2017-09-11,2,0,BAYSHOR2_1_N001,BAYSHOR2_1_N001,BAYSHOR2_1_N001,DAM,LMP,LMP_PRC,BAYSHOR2_1_N001,ALL,1,29.9106,201
2017-09-11T10:00:00-00:00,2017-09-11T11:00:00-00:00,2017-09-11,4,0,BAYSHOR2_1_N001,BAYSHOR2_1_N001,BAYSHOR2_1_N001,DAM,LMP,LMP_PRC,BAYSHOR2_1_N001,ALL,1,28.83494,201
2017-09-11T20:00:00-00:00,2017-09-11T21:00:00-00:00,2017-09-11,14,0,BAYSHOR2_1_N001,BAYSHOR2_1_N001,BAYSHOR2_1_N001,DAM,LMP,LMP_PRC,BAYSHOR2_1_N001,ALL,1,46.64039,201
2017-09-12T04:00:00-00:00,2017-09-12T05:00:00-00:00,2017-09-11,22,0,BAYSHOR2_1_N001,BAYSHOR2_1_N001,BAYSHOR2_1_N001,DAM,LMP,LMP_PRC,BAYSHOR2_1_N001,ALL,1,48.5818,201
2017-09-11T16:00:00-00:00,2017-09-11T17:00:00-00:00,2017-09-11,10,0,BAYSHOR2_1_N001,BAYSHOR2_1_N001,BAYSHOR2_1_N001,DAM,LMP,LMP_PRC,BAYSHOR2_1_N001,ALL,1,36.76936,201
2017-09-11T21:00:00-00:00,2017-09-11T22:00:00-00:00,2017-09-11,15,0,BAYSHOR2_1_N001,BAYSHOR2_1_N001,BAYSHOR2_1_N001,DAM,LMP,LMP_PRC,BAYSHOR2_1_N001,ALL,1,51.70927,201
2017-09-12T01:00:00-00:00,2017-09-12T02:00:00-00:00,2017-09-11,19,0,BAYSHOR2_1_N001,BAYSHOR2_1_N001,BAYSHOR2_1_N001,DAM,LMP,LMP_PRC,BAYSHOR2_1_N001,ALL,1,121,201
2017-09-11T15:00:00-00:00,2017-09-11T16:00:00-00:00,2017-09-11,9,0,BAYSHOR2_1_N001,BAYSHOR2_1_N001,BAYSHOR2_1_N001,DAM,LMP,LMP_PRC,BAYSHOR2_1_N001,ALL,1,38.50052,201
2017-09-11T17:00:00-00:00,2017-09-11T18:00:00-00:00,2017-09-11,11,0,BAYSHOR2_1_N001,BAYSHOR2_1_N001,BAYSHOR2_1_N001,DAM,LMP,LMP_PRC,BAYSHOR2_1_N001,ALL,1,39.00118,201
2017-09-11T18:00:00-00:00,2017-09-11T19:00:00-00:00,2017-09-11,12,0,BAYSHOR2_1_N001,BAYSHOR2_1_N001,BAYSHOR2_1_N001,DAM,LMP,LMP_PRC,BAYSHOR2_1_N001,ALL,1,42.84902,201
2017-09-11T09:00:00-00:00,2017-09-11T10:00:00-00:00,2017-09-11,3,0,BAYSHOR2_1_N001,BAYSHOR2_1_N001,BAYSHOR2_1_N001,DAM,LMP,LMP_PRC,BAYSHOR2_1_N001,ALL,1,29.08443,201
2017-09-11T14:00:00-00:00,2017-09-11T15:00:00-00:00,2017-09-11,8,0,BAYSHOR2_1_N001,BAYSHOR2_1_N001,BAYSHOR2_1_N001,DAM,LMP,LMP_PRC,BAYSHOR2_1_N001,ALL,1,39.47539,201
2017-09-12T02:00:00-00:00,2017-09-12T03:00:00-00:00,2017-09-11,20,0,BAYSHOR2_1_N001,BAYSHOR2_1_N001,BAYSHOR2_1_N001,DAM,LMP,LMP_PRC,BAYSHOR2_1_N001,ALL,1,90.12,201
2017-09-11T23:00:00-00:00,2017-09-12T00:00:00-00:00,2017-09-11,17,0,BAYSHOR2_1_N001,BAYSHOR2_1_N001,BAYSHOR2_1_N001,DAM,LMP,LMP_PRC,BAYSHOR2_1_N001,ALL,1,61.76166,201
2017-09-11T13:00:00-00:00,2017-09-11T14:00:00-00:00,2017-09-11,7,0,BAYSHOR2_1_N001,BAYSHOR2_1_N001,BAYSHOR2_1_N001,DAM,LMP,LMP_PRC,BAYSHOR2_1_N001,ALL,1,37.29626,201
2017-09-11T22:00:00-00:00,2017-09-11T23:00:00-00:00,2017-09-11,16,0,BAYSHOR2_1_N001,BAYSHOR2_1_N001,BAYSHOR2_1_N001,DAM,LMP,LMP_PRC,BAYSHOR2_1_N001,ALL,1,57.89235,201
2017-09-12T00:00:00-00:00,2017-09-12T01:00:00-00:00,2017-09-11,18,0,BAYSHOR2_1_N001,BAYSHOR2_1_N001,BAYSHOR2_1_N001,DAM,LMP,LMP_PRC,BAYSHOR2_1_N001,ALL,1,80.57,201
2017-09-12T05:00:00-00:00,2017-09-12T06:00:00-00:00,2017-09-11,23,0,BAYSHOR2_1_N001,BAYSHOR2_1_N001,BAYSHOR2_1_N001,DAM,LMP,LMP_PRC,BAYSHOR2_1_N001,ALL,1,42.38412,201
2017-09-12T06:00:00-00:00,2017-09-12T07:00:00-00:00,2017-09-11,24,0,BAYSHOR2_1_N001,BAYSHOR2_1_N001,BAYSHOR2_1_N001,DAM,LMP,LMP_PRC,BAYSHOR2_1_N001,ALL,1,37.39204,201
2017-09-11T11:00:00-00:00,2017-09-11T12:00:00-00:00,2017-09-11,5,0,BAYSHOR2_1_N001,BAYSHOR2_1_N001,BAYSHOR2_1_N001,DAM,LMP,LMP_PRC,BAYSHOR2_1_N001,ALL,1,29.37955,201
2017-09-11T12:00:00-00:00,2017-09-11T13:00:00-00:00,2017-09-11,6,0,BAYSHOR2_1_N001,BAYSHOR2_1_N001,BAYSHOR2_1_N001,DAM,LMP,LMP_PRC,BAYSHOR2_1_N001,ALL,1,30.92168,201
2017-09-11T07:00:00-00:00,2017-09-11T08:00:00-00:00,2017-09-11,1,0,BAYSHOR2_1_N001,BAYSHOR2_1_N001,BAYSHOR2_1_N001,DAM,LMP,LMP_PRC,BAYSHOR2_1_N001,ALL,1,32.54829,201
2017-09-12T04:00:00-00:00,2017-09-12T05:00:00-00:00,2017-09-11,22,0,BAYSHOR2_1_N001,BAYSHOR2_1_N001,BAYSHOR2_1_N001,DAM,MCC,LMP_CONG_PRC,BAYSHOR2_1_N001,ALL,1,0,202
2017-09-11T21:00:00-00:00,2017-09-11T22:00:00-00:00,2017-09-11,15,0,BAYSHOR2_1_N001,BAYSHOR2_1_N001,BAYSHOR2_1_N001,DAM,MCC,LMP_CONG_PRC,BAYSHOR2_1_N001,ALL,1,0,202
2017-09-12T01:00:00-00:00,2017-09-12T02:00:00-00:00,2017-09-11,19,0,BAYSHOR2_1_N001,BAYSHOR2_1_N001,BAYSHOR2_1_N001,DAM,MCC,LMP_CONG_PRC,BAYSHOR2_1_N001,ALL,1,0,202
2017-09-11T17:00:00-00:00,2017-09-11T18:00:00-00:00,2017-09-11,11,0,BAYSHOR2_1_N001,BAYSHOR2_1_N001,BAYSHOR2_1_N001,DAM,MCC,LMP_CONG_PRC,BAYSHOR2_1_N001,ALL,1,2.86643,202
2017-09-11T20:00:00-00:00,2017-09-11T21:00:00-00:00,2017-09-11,14,0,BAYSHOR2_1_N001,BAYSHOR2_1_N001,BAYSHOR2_1_N001,DAM,MCC,LMP_CONG_PRC,BAYSHOR2_1_N001,ALL,1,0,202
2017-09-11T07:00:00-00:00,2017-09-11T08:00:00-00:00,2017-09-11,1,0,BAYSHOR2_1_N001,BAYSHOR2_1_N001,BAYSHOR2_1_N001,DAM,MCC,LMP_CONG_PRC,BAYSHOR2_1_N001,ALL,1,0,202
2017-09-11T08:00:00-00:00,2017-09-11T09:00:00-00:00,2017-09-11,2,0,BAYSHOR2_1_N001,BAYSHOR2_1_N001,BAYSHOR2_1_N001,DAM,MCC,LMP_CONG_PRC,BAYSHOR2_1_N001,ALL,1,0,202
2017-09-11T11:00:00-00:00,2017-09-11T12:00:00-00:00,2017-09-11,5,0,BAYSHOR2_1_N001,BAYSHOR2_1_N001,BAYSHOR2_1_N001,DAM,MCC,LMP_CONG_PRC,BAYSHOR2_1_N001,ALL,1,0,202
2017-09-11T13:00:00-00:00,2017-09-11T14:00:00-00:00,2017-09-11,7,0,BAYSHOR2_1_N001,BAYSHOR2_1_N001,BAYSHOR2_1_N001,DAM,MCC,LMP_CONG_PRC,BAYSHOR2_1_N001,ALL,1,0,202
2017-09-12T02:00:00-00:00,2017-09-12T03:00:00-00:00,2017-09-11,20,0,BAYSHOR2_1_N001,BAYSHOR2_1_N001,BAYSHOR2_1_N001,DAM,MCC,LMP_CONG_PRC,BAYSHOR2_1_N001,ALL,1,0,202
2017-09-12T03:00:00-00:00,2017-09-12T04:00:00-00:00,2017-09-11,21,0,BAYSHOR2_1_N001,BAYSHOR2_1_N001,BAYSHOR2_1_N001,DAM,MCC,LMP_CONG_PRC,BAYSHOR2_1_N001,ALL,1,0,202
2017-09-12T05:00:00-00:00,2017-09-12T06:00:00-00:00,2017-09-11,23,0,BAYSHOR2_1_N001,BAYSHOR2_1_N001,BAYSHOR2_1_N001,DAM,MCC,LMP_CONG_PRC,BAYSHOR2_1_N001,ALL,1,0,202
2017-09-12T00:00:00-00:00,2017-09-12T01:00:00-00:00,2017-09-11,18,0,BAYSHOR2_1_N001,BAYSHOR2_1_N001,BAYSHOR2_1_N001,DAM,MCC,LMP_CONG_PRC,BAYSHOR2_1_N001,ALL,1,0,202
2017-09-11T10:00:00-00:00,2017-09-11T11:00:00-00:00,2017-09-11,4,0,BAYSHOR2_1_N001,BAYSHOR2_1_N001,BAYSHOR2_1_N001,DAM,MCC,LMP_CONG_PRC,BAYSHOR2_1_N001,ALL,1,0,202
2017-09-11T12:00:00-00:00,2017-09-11T13:00:00-00:00,2017-09-11,6,0,BAYSHOR2_1_N001,BAYSHOR2_1_N001,BAYSHOR2_1_N001,DAM,MCC,LMP_CONG_PRC,BAYSHOR2_1_N001,ALL,1,0,202
2017-09-11T19:00:00-00:00,2017-09-11T20:00:00-00:00,2017-09-11,13,0,BAYSHOR2_1_N001,BAYSHOR2_1_N001,BAYSHOR2_1_N001,DAM,MCC,LMP_CONG_PRC,BAYSHOR2_1_N001,ALL,1,0,202
2017-09-11T09:00:00-00:00,2017-09-11T10:00:00-00:00,2017-09-11,3,0,BAYSHOR2_1_N001,BAYSHOR2_1_N001,BAYSHOR2_1_N001,DAM,MCC,LMP_CONG_PRC,BAYSHOR2_1_N001,ALL,1,0,202
2017-09-12T06:00:00-00:00,2017-09-12T07:00:00-00:00,2017-09-11,24,0,BAYSHOR2_1_N001,BAYSHOR2_1_N001,BAYSHOR2_1_N001,DAM,MCC,LMP_CONG_PRC,BAYSHOR2_1_N001,ALL,1,0,202
2017-09-11T15:00:00-00:00,2017-09-11T16:00:00-00:00,2017-09-11,9,0,BAYSHOR2_1_N001,BAYSHOR2_1_N001,BAYSHOR2_1_N001,DAM,MCC,LMP_CONG_PRC,BAYSHOR2_1_N001,ALL,1,2.52132,202
2017-09-11T16:00:00-00:00,2017-09-11T17:00:00-00:00,2017-09-11,10,0,BAYSHOR2_1_N001,BAYSHOR2_1_N001,BAYSHOR2_1_N001,DAM,MCC,LMP_CONG_PRC,BAYSHOR2_1_N001,ALL,1,2.25644,202
2017-09-11T18:00:00-00:00,2017-09-11T19:00:00-00:00,2017-09-11,12,0,BAYSHOR2_1_N001,BAYSHOR2_1_N001,BAYSHOR2_1_N001,DAM,MCC,LMP_CONG_PRC,BAYSHOR2_1_N001,ALL,1,3.59122,202
2017-09-11T22:00:00-00:00,2017-09-11T23:00:00-00:00,2017-09-11,16,0,BAYSHOR2_1_N001,BAYSHOR2_1_N001,BAYSHOR2_1_N001,DAM,MCC,LMP_CONG_PRC,BAYSHOR2_1_N001,ALL,1,2.77422,202
2017-09-11T23:00:00-00:00,2017-09-12T00:00:00-00:00,2017-09-11,17,0,BAYSHOR2_1_N001,BAYSHOR2_1_N001,BAYSHOR2_1_N001,DAM,MCC,LMP_CONG_PRC,BAYSHOR2_1_N001,ALL,1,3.53081,202
2017-09-11T14:00:00-00:00,2017-09-11T15:00:00-00:00,2017-09-11,8,0,BAYSHOR2_1_N001,BAYSHOR2_1_N001,BAYSHOR2_1_N001,DAM,MCC,LMP_CONG_PRC,BAYSHOR2_1_N001,ALL,1,0,202
2017-09-11T11:00:00-00:00,2017-09-11T12:00:00-00:00,2017-09-11,5,0,BAYSHOR2_1_N001,BAYSHOR2_1_N001,BAYSHOR2_1_N001,DAM,MCE,LMP_ENE_PRC,BAYSHOR2_1_N001,ALL,1,28.33402,203
2017-09-12T03:00:00-00:00,2017-09-12T04:00:00-00:00,2017-09-11,21,0,BAYSHOR2_1_N001,BAYSHOR2_1_N001,BAYSHOR2_1_N001,DAM,MCE,LMP_ENE_PRC,BAYSHOR2_1_N001,ALL,1,57.27754,203
2017-09-11T22:00:00-00:00,2017-09-11T23:00:00-00:00,2017-09-11,16,0,BAYSHOR2_1_N001,BAYSHOR2_1_N001,BAYSHOR2_1_N001,DAM,MCE,LMP_ENE_PRC,BAYSHOR2_1_N001,ALL,1,52.13595,203
2017-09-11T21:00:00-00:00,2017-09-11T22:00:00-00:00,2017-09-11,15,0,BAYSHOR2_1_N001,BAYSHOR2_1_N001,BAYSHOR2_1_N001,DAM,MCE,LMP_ENE_PRC,BAYSHOR2_1_N001,ALL,1,48.44414,203
2017-09-12T04:00:00-00:00,2017-09-12T05:00:00-00:00,2017-09-11,22,0,BAYSHOR2_1_N001,BAYSHOR2_1_N001,BAYSHOR2_1_N001,DAM,MCE,LMP_ENE_PRC,BAYSHOR2_1_N001,ALL,1,47.27236,203
2017-09-11T12:00:00-00:00,2017-09-11T13:00:00-00:00,2017-09-11,6,0,BAYSHOR2_1_N001,BAYSHOR2_1_N001,BAYSHOR2_1_N001,DAM,MCE,LMP_ENE_PRC,BAYSHOR2_1_N001,ALL,1,29.85294,203
2017-09-12T06:00:00-00:00,2017-09-12T07:00:00-00:00,2017-09-11,24,0,BAYSHOR2_1_N001,BAYSHOR2_1_N001,BAYSHOR2_1_N001,DAM,MCE,LMP_ENE_PRC,BAYSHOR2_1_N001,ALL,1,36.00582,203
2017-09-11T18:00:00-00:00,2017-09-11T19:00:00-00:00,2017-09-11,12,0,BAYSHOR2_1_N001,BAYSHOR2_1_N001,BAYSHOR2_1_N001,DAM,MCE,LMP_ENE_PRC,BAYSHOR2_1_N001,ALL,1,37.14781,203
2017-09-11T15:00:00-00:00,2017-09-11T16:00:00-00:00,2017-09-11,9,0,BAYSHOR2_1_N001,BAYSHOR2_1_N001,BAYSHOR2_1_N001,DAM,MCE,LMP_ENE_PRC,BAYSHOR2_1_N001,ALL,1,33.71048,203
2017-09-11T19:00:00-00:00,2017-09-11T20:00:00-00:00,2017-09-11,13,0,BAYSHOR2_1_N001,BAYSHOR2_1_N001,BAYSHOR2_1_N001,DAM,MCE,LMP_ENE_PRC,BAYSHOR2_1_N001,ALL,1,38.46418,203
2017-09-11T17:00:00-00:00,2017-09-11T18:00:00-00:00,2017-09-11,11,0,BAYSHOR2_1_N001,BAYSHOR2_1_N001,BAYSHOR2_1_N001,DAM,MCE,LMP_ENE_PRC,BAYSHOR2_1_N001,ALL,1,34.03801,203
2017-09-11T09:00:00-00:00,2017-09-11T10:00:00-00:00,2017-09-11,3,0,BAYSHOR2_1_N001,BAYSHOR2_1_N001,BAYSHOR2_1_N001,DAM,MCE,LMP_ENE_PRC,BAYSHOR2_1_N001,ALL,1,28.17986,203
2017-09-11T08:00:00-00:00,2017-09-11T09:00:00-00:00,2017-09-11,2,0,BAYSHOR2_1_N001,BAYSHOR2_1_N001,BAYSHOR2_1_N001,DAM,MCE,LMP_ENE_PRC,BAYSHOR2_1_N001,ALL,1,28.90472,203
2017-09-11T13:00:00-00:00,2017-09-11T14:00:00-00:00,2017-09-11,7,0,BAYSHOR2_1_N001,BAYSHOR2_1_N001,BAYSHOR2_1_N001,DAM,MCE,LMP_ENE_PRC,BAYSHOR2_1_N001,ALL,1,35.87214,203
2017-09-12T00:00:00-00:00,2017-09-12T01:00:00-00:00,2017-09-11,18,0,BAYSHOR2_1_N001,BAYSHOR2_1_N001,BAYSHOR2_1_N001,DAM,MCE,LMP_ENE_PRC,BAYSHOR2_1_N001,ALL,1,80.57,203
2017-09-11T23:00:00-00:00,2017-09-12T00:00:00-00:00,2017-09-11,17,0,BAYSHOR2_1_N001,BAYSHOR2_1_N001,BAYSHOR2_1_N001,DAM,MCE,LMP_ENE_PRC,BAYSHOR2_1_N001,ALL,1,55.12197,203
2017-09-12T05:00:00-00:00,2017-09-12T06:00:00-00:00,2017-09-11,23,0,BAYSHOR2_1_N001,BAYSHOR2_1_N001,BAYSHOR2_1_N001,DAM,MCE,LMP_ENE_PRC,BAYSHOR2_1_N001,ALL,1,41.16162,203
2017-09-12T02:00:00-00:00,2017-09-12T03:00:00-00:00,2017-09-11,20,0,BAYSHOR2_1_N001,BAYSHOR2_1_N001,BAYSHOR2_1_N001,DAM,MCE,LMP_ENE_PRC,BAYSHOR2_1_N001,ALL,1,90.12,203
2017-09-12T01:00:00-00:00,2017-09-12T02:00:00-00:00,2017-09-11,19,0,BAYSHOR2_1_N001,BAYSHOR2_1_N001,BAYSHOR2_1_N001,DAM,MCE,LMP_ENE_PRC,BAYSHOR2_1_N001,ALL,1,121,203
2017-09-11T16:00:00-00:00,2017-09-11T17:00:00-00:00,2017-09-11,10,0,BAYSHOR2_1_N001,BAYSHOR2_1_N001,BAYSHOR2_1_N001,DAM,MCE,LMP_ENE_PRC,BAYSHOR2_1_N001,ALL,1,32.55629,203
2017-09-11T14:00:00-00:00,2017-09-11T15:00:00-00:00,2017-09-11,8,0,BAYSHOR2_1_N001,BAYSHOR2_1_N001,BAYSHOR2_1_N001,DAM,MCE,LMP_ENE_PRC,BAYSHOR2_1_N001,ALL,1,37.44582,203
2017-09-11T07:00:00-00:00,2017-09-11T08:00:00-00:00,2017-09-11,1,0,BAYSHOR2_1_N001,BAYSHOR2_1_N001,BAYSHOR2_1_N001,DAM,MCE,LMP_ENE_PRC,BAYSHOR2_1_N001,ALL,1,31.45978,203
2017-09-11T20:00:00-00:00,2017-09-11T21:00:00-00:00,2017-09-11,14,0,BAYSHOR2_1_N001,BAYSHOR2_1_N001,BAYSHOR2_1_N001,DAM,MCE,LMP_ENE_PRC,BAYSHOR2_1_N001,ALL,1,43.724,203
2017-09-11T10:00:00-00:00,2017-09-11T11:00:00-00:00,2017-09-11,4,0,BAYSHOR2_1_N001,BAYSHOR2_1_N001,BAYSHOR2_1_N001,DAM,MCE,LMP_ENE_PRC,BAYSHOR2_1_N001,ALL,1,27.9273,203
2017-09-12T01:00:00-00:00,2017-09-12T02:00:00-00:00,2017-09-11,19,0,BAYSHOR2_1_N001,BAYSHOR2_1_N001,BAYSHOR2_1_N001,DAM,MCL,LMP_LOSS_PRC,BAYSHOR2_1_N001,ALL,1,0,204
2017-09-11T16:00:00-00:00,2017-09-11T17:00:00-00:00,2017-09-11,10,0,BAYSHOR2_1_N001,BAYSHOR2_1_N001,BAYSHOR2_1_N001,DAM,MCL,LMP_LOSS_PRC,BAYSHOR2_1_N001,ALL,1,1.95663,204
2017-09-12T05:00:00-00:00,2017-09-12T06:00:00-00:00,2017-09-11,23,0,BAYSHOR2_1_N001,BAYSHOR2_1_N001,BAYSHOR2_1_N001,DAM,MCL,LMP_LOSS_PRC,BAYSHOR2_1_N001,ALL,1,1.2225,204
2017-09-11T11:00:00-00:00,2017-09-11T12:00:00-00:00,2017-09-11,5,0,BAYSHOR2_1_N001,BAYSHOR2_1_N001,BAYSHOR2_1_N001,DAM,MCL,LMP_LOSS_PRC,BAYSHOR2_1_N001,ALL,1,1.04553,204
2017-09-11T09:00:00-00:00,2017-09-11T10:00:00-00:00,2017-09-11,3,0,BAYSHOR2_1_N001,BAYSHOR2_1_N001,BAYSHOR2_1_N001,DAM,MCL,LMP_LOSS_PRC,BAYSHOR2_1_N001,ALL,1,0.90457,204
2017-09-11T07:00:00-00:00,2017-09-11T08:00:00-00:00,2017-09-11,1,0,BAYSHOR2_1_N001,BAYSHOR2_1_N001,BAYSHOR2_1_N001,DAM,MCL,LMP_LOSS_PRC,BAYSHOR2_1_N001,ALL,1,1.08851,204
2017-09-11T20:00:00-00:00,2017-09-11T21:00:00-00:00,2017-09-11,14,0,BAYSHOR2_1_N001,BAYSHOR2_1_N001,BAYSHOR2_1_N001,DAM,MCL,LMP_LOSS_PRC,BAYSHOR2_1_N001,ALL,1,2.91639,204
2017-09-12T06:00:00-00:00,2017-09-12T07:00:00-00:00,2017-09-11,24,0,BAYSHOR2_1_N001,BAYSHOR2_1_N001,BAYSHOR2_1_N001,DAM,MCL,LMP_LOSS_PRC,BAYSHOR2_1_N001,ALL,1,1.38622,204
2017-09-11T10:00:00-00:00,2017-09-11T11:00:00-00:00,2017-09-11,4,0,BAYSHOR2_1_N001,BAYSHOR2_1_N001,BAYSHOR2_1_N001,DAM,MCL,LMP_LOSS_PRC,BAYSHOR2_1_N001,ALL,1,0.90764,204
2017-09-11T08:00:00-00:00,2017-09-11T09:00:00-00:00,2017-09-11,2,0,BAYSHOR2_1_N001,BAYSHOR2_1_N001,BAYSHOR2_1_N001,DAM,MCL,LMP_LOSS_PRC,BAYSHOR2_1_N001,ALL,1,1.00588,204
2017-09-12T00:00:00-00:00,2017-09-12T01:00:00-00:00,2017-09-11,18,0,BAYSHOR2_1_N001,BAYSHOR2_1_N001,BAYSHOR2_1_N001,DAM,MCL,LMP_LOSS_PRC,BAYSHOR2_1_N001,ALL,1,0,204
2017-09-11T12:00:00-00:00,2017-09-11T13:00:00-00:00,2017-09-11,6,0,BAYSHOR2_1_N001,BAYSHOR2_1_N001,BAYSHOR2_1_N001,DAM,MCL,LMP_LOSS_PRC,BAYSHOR2_1_N001,ALL,1,1.06874,204
2017-09-11T19:00:00-00:00,2017-09-11T20:00:00-00:00,2017-09-11,13,0,BAYSHOR2_1_N001,BAYSHOR2_1_N001,BAYSHOR2_1_N001,DAM,MCL,LMP_LOSS_PRC,BAYSHOR2_1_N001,ALL,1,2.59249,204
2017-09-11T22:00:00-00:00,2017-09-11T23:00:00-00:00,2017-09-11,16,0,BAYSHOR2_1_N001,BAYSHOR2_1_N001,BAYSHOR2_1_N001,DAM,MCL,LMP_LOSS_PRC,BAYSHOR2_1_N001,ALL,1,2.98218,204
2017-09-12T04:00:00-00:00,2017-09-12T05:00:00-00:00,2017-09-11,22,0,BAYSHOR2_1_N001,BAYSHOR2_1_N001,BAYSHOR2_1_N001,DAM,MCL,LMP_LOSS_PRC,BAYSHOR2_1_N001,ALL,1,1.30944,204
2017-09-11T14:00:00-00:00,2017-09-11T15:00:00-00:00,2017-09-11,8,0,BAYSHOR2_1_N001,BAYSHOR2_1_N001,BAYSHOR2_1_N001,DAM,MCL,LMP_LOSS_PRC,BAYSHOR2_1_N001,ALL,1,2.02956,204
2017-09-11T23:00:00-00:00,2017-09-12T00:00:00-00:00,2017-09-11,17,0,BAYSHOR2_1_N001,BAYSHOR2_1_N001,BAYSHOR2_1_N001,DAM,MCL,LMP_LOSS_PRC,BAYSHOR2_1_N001,ALL,1,3.10888,204
2017-09-11T21:00:00-00:00,2017-09-11T22:00:00-00:00,2017-09-11,15,0,BAYSHOR2_1_N001,BAYSHOR2_1_N001,BAYSHOR2_1_N001,DAM,MCL,LMP_LOSS_PRC,BAYSHOR2_1_N001,ALL,1,3.26513,204
2017-09-11T18:00:00-00:00,2017-09-11T19:00:00-00:00,2017-09-11,12,0,BAYSHOR2_1_N001,BAYSHOR2_1_N001,BAYSHOR2_1_N001,DAM,MCL,LMP_LOSS_PRC,BAYSHOR2_1_N001,ALL,1,2.11,204
2017-09-12T03:00:00-00:00,2017-09-12T04:00:00-00:00,2017-09-11,21,0,BAYSHOR2_1_N001,BAYSHOR2_1_N001,BAYSHOR2_1_N001,DAM,MCL,LMP_LOSS_PRC,BAYSHOR2_1_N001,ALL,1,1.7756,204
2017-09-12T02:00:00-00:00,2017-09-12T03:00:00-00:00,2017-09-11,20,0,BAYSHOR2_1_N001,BAYSHOR2_1_N001,BAYSHOR2_1_N001,DAM,MCL,LMP_LOSS_PRC,BAYSHOR2_1_N001,ALL,1,0,204
2017-09-11T13:00:00-00:00,2017-09-11T14:00:00-00:00,2017-09-11,7,0,BAYSHOR2_1_N001,BAYSHOR2_1_N001,BAYSHOR2_1_N001,DAM,MCL,LMP_LOSS_PRC,BAYSHOR2_1_N001,ALL,1,1.42412,204
2017-09-11T15:00:00-00:00,2017-09-11T16:00:00-00:00,2017-09-11,9,0,BAYSHOR2_1_N001,BAYSHOR2_1_N001,BAYSHOR2_1_N001,DAM,MCL,LMP_LOSS_PRC,BAYSHOR2_1_N001,ALL,1,2.26872,204
2017-09-11T17:00:00-00:00,2017-09-11T18:00:00-00:00,2017-09-11,11,0,BAYSHOR2_1_N001,BAYSHOR2_1_N001,BAYSHOR2_1_N001,DAM,MCL,LMP_LOSS_PRC,BAYSHOR2_1_N001,ALL,1,2.09674,204
2017-09-11T16:00:00-00:00,2017-09-11T17:00:00-00:00,2017-09-11,10,0,TH_NP15_GEN-APND,TH_NP15_GEN-APND,TH_NP15_GEN-APND,DAM,LMP,LMP_PRC,TH_NP15_GEN-APND,ALL_APNODES,0,32.88305,205
2017-09-11T23:00:00-00:00,2017-09-12T00:00:00-00:00,2017-09-11,17,0,TH_NP15_GEN-APND,TH_NP15_GEN-APND,TH_NP15_GEN-APND,DAM,LMP,LMP_PRC,TH_NP15_GEN-APND,ALL_APNODES,0,55.95502,205
2017-09-11T14:00:00-00:00,2017-09-11T15:00:00-00:00,2017-09-11,8,0,TH_NP15_GEN-APND,TH_NP15_GEN-APND,TH_NP15_GEN-APND,DAM,LMP,LMP_PRC,TH_NP15_GEN-APND,ALL_APNODES,0,37.17247,205
2017-09-11T13:00:00-00:00,2017-09-11T14:00:00-00:00,2017-09-11,7,0,TH_NP15_GEN-APND,TH_NP15_GEN-APND,TH_NP15_GEN-APND,DAM,LMP,LMP_PRC,TH_NP15_GEN-APND,ALL_APNODES,0,35.55288,205
2017-09-12T01:00:00-00:00,2017-09-12T02:00:00-00:00,2017-09-11,19,0,TH_NP15_GEN-APND,TH_NP15_GEN-APND,TH_NP15_GEN-APND,DAM,LMP,LMP_PRC,TH_NP15_GEN-APND,ALL_APNODES,0,120.69903,205
2017-09-11T08:00:00-00:00,2017-09-11T09:00:00-00:00,2017-09-11,2,0,TH_NP15_GEN-APND,TH_NP15_GEN-APND,TH_NP15_GEN-APND,DAM,LMP,LMP_PRC,TH_NP15_GEN-APND,ALL_APNODES,0,28.68793,205
2017-09-11T21:00:00-00:00,2017-09-11T22:00:00-00:00,2017-09-11,15,0,TH_NP15_GEN-APND,TH_NP15_GEN-APND,TH_NP15_GEN-APND,DAM,LMP,LMP_PRC,TH_NP15_GEN-APND,ALL_APNODES,0,48.38795,205
2017-09-11T18:00:00-00:00,2017-09-11T19:00:00-00:00,2017-09-11,12,0,TH_NP15_GEN-APND,TH_NP15_GEN-APND,TH_NP15_GEN-APND,DAM,LMP,LMP_PRC,TH_NP15_GEN-APND,ALL_APNODES,0,38.01185,205
2017-09-11T17:00:00-00:00,2017-09-11T18:00:00-00:00,2017-09-11,11,0,TH_NP15_GEN-APND,TH_NP15_GEN-APND,TH_NP15_GEN-APND,DAM,LMP,LMP_PRC,TH_NP15_GEN-APND,ALL_APNODES,0,34.58028,205
2017-09-11T10:00:00-00:00,2017-09-11T11:00:00-00:00,2017-09-11,4,0,TH_NP15_GEN-APND,TH_NP15_GEN-APND,TH_NP15_GEN-APND,DAM,LMP,LMP_PRC,TH_NP15_GEN-APND,ALL_APNODES,0,27.67875,205
2017-09-11T20:00:00-00:00,2017-09-11T21:00:00-00:00,2017-09-11,14,0,TH_NP15_GEN-APND,TH_NP15_GEN-APND,TH_NP15_GEN-APND,DAM,LMP,LMP_PRC,TH_NP15_GEN-APND,ALL_APNODES,0,43.41329,205
2017-09-12T04:00:00-00:00,2017-09-12T05:00:00-00:00,2017-09-11,22,0,TH_NP15_GEN-APND,TH_NP15_GEN-APND,TH_NP15_GEN-APND,DAM,LMP,LMP_PRC,TH_NP15_GEN-APND,ALL_APNODES,0,46.67673,205
2017-09-11T09:00:00-00:00,2017-09-11T10:00:00-00:00,2017-09-11,3,0,TH_NP15_GEN-APND,TH_NP15_GEN-APND,TH_NP15_GEN-APND,DAM,LMP,LMP_PRC,TH_NP15_GEN-APND,ALL_APNODES,0,27.91497,205
2017-09-11T11:00:00-00:00,2017-09-11T12:00:00-00:00,2017-09-11,5,0,TH_NP15_GEN-APND,TH_NP15_GEN-APND,TH_NP15_GEN-APND,DAM,LMP,LMP_PRC,TH_NP15_GEN-APND,ALL_APNODES,0,28.16118,205
2017-09-12T06:00:00-00:00,2017-09-12T07:00:00-00:00,2017-09-11,24,0,TH_NP15_GEN-APND,TH_NP15_GEN-APND,TH_NP15_GEN-APND,DAM,LMP,LMP_PRC,TH_NP15_GEN-APND,ALL_APNODES,0,35.95181,205
2017-09-12T03:00:00-00:00,2017-09-12T04:00:00-00:00,2017-09-11,21,0,TH_NP15_GEN-APND,TH_NP15_GEN-APND,TH_NP15_GEN-APND,DAM,LMP,LMP_PRC,TH_NP15_GEN-APND,ALL_APNODES,0,56.41801,205
2017-09-11T12:00:00-00:00,2017-09-11T13:00:00-00:00,2017-09-11,6,0,TH_NP15_GEN-APND,TH_NP15_GEN-APND,TH_NP15_GEN-APND,DAM,LMP,LMP_PRC,TH_NP15_GEN-APND,ALL_APNODES,0,29.67681,205
2017-09-12T05:00:00-00:00,2017-09-12T06:00:00-00:00,2017-09-11,23,0,TH_NP15_GEN-APND,TH_NP15_GEN-APND,TH_NP15_GEN-APND,DAM,LMP,LMP_PRC,TH_NP15_GEN-APND,ALL_APNODES,0,40.75412,205
2017-09-12T02:00:00-00:00,2017-09-12T03:00:00-00:00,2017-09-11,20,0,TH_NP15_GEN-APND,TH_NP15_GEN-APND,TH_NP15_GEN-APND,DAM,LMP,LMP_PRC,TH_NP15_GEN-APND,ALL_APNODES,0,89.85396,205
2017-09-11T07:00:00-00:00,2017-09-11T08:00:00-00:00,2017-09-11,1,0,TH_NP15_GEN-APND,TH_NP15_GEN-APND,TH_NP15_GEN-APND,DAM,LMP,LMP_PRC,TH_NP15_GEN-APND,ALL_APNODES,0,31.30248,205
2017-09-12T00:00:00-00:00,2017-09-12T01:00:00-00:00,2017-09-11,18,0,TH_NP15_GEN-APND,TH_NP15_GEN-APND,TH_NP15_GEN-APND,DAM,LMP,LMP_PRC,TH_NP15_GEN-APND,ALL_APNODES,0,80.51609,205
2017-09-11T22:00:00-00:00,2017-09-11T23:00:00-00:00,2017-09-11,16,0,TH_NP15_GEN-APND,TH_NP15_GEN-APND,TH_NP15_GEN-APND,DAM,LMP,LMP_PRC,TH_NP15_GEN-APND,ALL_APNODES,0,52.73144,205
2017-09-11T15:00:00-00:00,2017-09-11T16:00:00-00:00,2017-09-11,9,0,TH_NP15_GEN-APND,TH_NP15_GEN-APND,TH_NP15_GEN-APND,DAM,LMP,LMP_PRC,TH_NP15_GEN-APND,ALL_APNODES,0,34.56459,205
2017-09-11T19:00:00-00:00,2017-09-11T20:00:00-00:00,2017-09-11,13,0,TH_NP15_GEN-APND,TH_NP15_GEN-APND,TH_NP15_GEN-APND,DAM,LMP,LMP_PRC,TH_NP15_GEN-APND,ALL_APNODES,0,38.33228,205
2017-09-12T02:00:00-00:00,2017-09-12T03:00:00-00:00,2017-09-11,20,0,TH_NP15_GEN-APND,TH_NP15_GEN-APND,TH_NP15_GEN-APND,DAM,MCC,LMP_CONG_PRC,TH_NP15_GEN-APND,ALL_APNODES,0,-0.26604,206
2017-09-12T06:00:00-00:00,2017-09-12T07:00:00-00:00,2017-09-11,24,0,TH_NP15_GEN-APND,TH_NP15_GEN-APND,TH_NP15_GEN-APND,DAM,MCC,LMP_CONG_PRC,TH_NP15_GEN-APND,ALL_APNODES,0,0,206
2017-09-12T00:00:00-00:00,2017-09-12T01:00:00-00:00,2017-09-11,18,0,TH_NP15_GEN-APND,TH_NP15_GEN-APND,TH_NP15_GEN-APND,DAM,MCC,LMP_CONG_PRC,TH_NP15_GEN-APND,ALL_APNODES,0,-0.05391,206
2017-09-11T15:00:00-00:00,2017-09-11T16:00:00-00:00,2017-09-11,9,0,TH_NP15_GEN-APND,TH_NP15_GEN-APND,TH_NP15_GEN-APND,DAM,MCC,LMP_CONG_PRC,TH_NP15_GEN-APND,ALL_APNODES,0,0.7732,206
2017-09-11T14:00:00-00:00,2017-09-11T15:00:00-00:00,2017-09-11,8,0,TH_NP15_GEN-APND,TH_NP15_GEN-APND,TH_NP15_GEN-APND,DAM,MCC,LMP_CONG_PRC,TH_NP15_GEN-APND,ALL_APNODES,0,0,206
2017-09-11T22:00:00-00:00,2017-09-11T23:00:00-00:00,2017-09-11,16,0,TH_NP15_GEN-APND,TH_NP15_GEN-APND,TH_NP15_GEN-APND,DAM,MCC,LMP_CONG_PRC,TH_NP15_GEN-APND,ALL_APNODES,0,0.91874,206
2017-09-11T09:00:00-00:00,2017-09-11T10:00:00-00:00,2017-09-11,3,0,TH_NP15_GEN-APND,TH_NP15_GEN-APND,TH_NP15_GEN-APND,DAM,MCC,LMP_CONG_PRC,TH_NP15_GEN-APND,ALL_APNODES,0,0,206
2017-09-12T04:00:00-00:00,2017-09-12T05:00:00-00:00,2017-09-11,22,0,TH_NP15_GEN-APND,TH_NP15_GEN-APND,TH_NP15_GEN-APND,DAM,MCC,LMP_CONG_PRC,TH_NP15_GEN-APND,ALL_APNODES,0,0,206
2017-09-11T19:00:00-00:00,2017-09-11T20:00:00-00:00,2017-09-11,13,0,TH_NP15_GEN-APND,TH_NP15_GEN-APND,TH_NP15_GEN-APND,DAM,MCC,LMP_CONG_PRC,TH_NP15_GEN-APND,ALL_APNODES,0,-0.01266,206
2017-09-11T13:00:00-00:00,2017-09-11T14:00:00-00:00,2017-09-11,7,0,TH_NP15_GEN-APND,TH_NP15_GEN-APND,TH_NP15_GEN-APND,DAM,MCC,LMP_CONG_PRC,TH_NP15_GEN-APND,ALL_APNODES,0,0,206
2017-09-11T10:00:00-00:00,2017-09-11T11:00:00-00:00,2017-09-11,4,0,TH_NP15_GEN-APND,TH_NP15_GEN-APND,TH_NP15_GEN-APND,DAM,MCC,LMP_CONG_PRC,TH_NP15_GEN-APND,ALL_APNODES,0,0,206
2017-09-11T07:00:00-00:00,2017-09-11T08:00:00-00:00,2017-09-11,1,0,TH_NP15_GEN-APND,TH_NP15_GEN-APND,TH_NP15_GEN-APND,DAM,MCC,LMP_CONG_PRC,TH_NP15_GEN-APND,ALL_APNODES,0,0,206
2017-09-12T05:00:00-00:00,2017-09-12T06:00:00-00:00,2017-09-11,23,0,TH_NP15_GEN-APND,TH_NP15_GEN-APND,TH_NP15_GEN-APND,DAM,MCC,LMP_CONG_PRC,TH_NP15_GEN-APND,ALL_APNODES,0,0,206
2017-09-11T12:00:00-00:00,2017-09-11T13:00:00-00:00,2017-09-11,6,0,TH_NP15_GEN-APND,TH_NP15_GEN-APND,TH_NP15_GEN-APND,DAM,MCC,LMP_CONG_PRC,TH_NP15_GEN-APND,ALL_APNODES,0,0,206
2017-09-11T11:00:00-00:00,2017-09-11T12:00:00-00:00,2017-09-11,5,0,TH_NP15_GEN-APND,TH_NP15_GEN-APND,TH_NP15_GEN-APND,DAM,MCC,LMP_CONG_PRC,TH_NP15_GEN-APND,ALL_APNODES,0,0,206
2017-09-12T01:00:00-00:00,2017-09-12T02:00:00-00:00,2017-09-11,19,0,TH_NP15_GEN-APND,TH_NP15_GEN-APND,TH_NP15_GEN-APND,DAM,MCC,LMP_CONG_PRC,TH_NP15_GEN-APND,ALL_APNODES,0,-0.30097,206
2017-09-11T21:00:00-00:00,2017-09-11T22:00:00-00:00,2017-09-11,15,0,TH_NP15_GEN-APND,TH_NP15_GEN-APND,TH_NP15_GEN-APND,DAM,MCC,LMP_CONG_PRC,TH_NP15_GEN-APND,ALL_APNODES,0,-0.04165,206
2017-09-11T17:00:00-00:00,2017-09-11T18:00:00-00:00,2017-09-11,11,0,TH_NP15_GEN-APND,TH_NP15_GEN-APND,TH_NP15_GEN-APND,DAM,MCC,LMP_CONG_PRC,TH_NP15_GEN-APND,ALL_APNODES,0,0.53207,206
2017-09-11T23:00:00-00:00,2017-09-12T00:00:00-00:00,2017-09-11,17,0,TH_NP15_GEN-APND,TH_NP15_GEN-APND,TH_NP15_GEN-APND,DAM,MCC,LMP_CONG_PRC,TH_NP15_GEN-APND,ALL_APNODES,0,1.16929,206
2017-09-11T20:00:00-00:00,2017-09-11T21:00:00-00:00,2017-09-11,14,0,TH_NP15_GEN-APND,TH_NP15_GEN-APND,TH_NP15_GEN-APND,DAM,MCC,LMP_CONG_PRC,TH_NP15_GEN-APND,ALL_APNODES,0,-0.01776,206
2017-09-11T18:00:00-00:00,2017-09-11T19:00:00-00:00,2017-09-11,12,0,TH_NP15_GEN-APND,TH_NP15_GEN-APND,TH_NP15_GEN-APND,DAM,MCC,LMP_CONG_PRC,TH_NP15_GEN-APND,ALL_APNODES,0,0.95691,206
2017-09-11T16:00:00-00:00,2017-09-11T17:00:00-00:00,2017-09-11,10,0,TH_NP15_GEN-APND,TH_NP15_GEN-APND,TH_NP15_GEN-APND,DAM,MCC,LMP_CONG_PRC,TH_NP15_GEN-APND,ALL_APNODES,0,0.37234,206
2017-09-11T08:00:00-00:00,2017-09-11T09:00:00-00:00,2017-09-11,2,0,TH_NP15_GEN-APND,TH_NP15_GEN-APND,TH_NP15_GEN-APND,DAM,MCC,LMP_CONG_PRC,TH_NP15_GEN-APND,ALL_APNODES,0,0,206
2017-09-12T03:00:00-00:00,2017-09-12T04:00:00-00:00,2017-09-11,21,0,TH_NP15_GEN-APND,TH_NP15_GEN-APND,TH_NP15_GEN-APND,DAM,MCC,LMP_CONG_PRC,TH_NP15_GEN-APND,ALL_APNODES,0,-0.05192,206
2017-09-12T02:00:00-00:00,2017-09-12T03:00:00-00:00,2017-09-11,20,0,TH_NP15_GEN-APND,TH_NP15_GEN-APND,TH_NP15_GEN-APND,DAM,MCE,LMP_ENE_PRC,TH_NP15_GEN-APND,ALL_APNODES,0,90.12,207
2017-09-11T13:00:00-00:00,2017-09-11T14:00:00-00:00,2017-09-11,7,0,TH_NP15_GEN-APND,TH_NP15_GEN-APND,TH_NP15_GEN-APND,DAM,MCE,LMP_ENE_PRC,TH_NP15_GEN-APND,ALL_APNODES,0,35.87214,207
2017-09-11T15:00:00-00:00,2017-09-11T16:00:00-00:00,2017-09-11,9,0,TH_NP15_GEN-APND,TH_NP15_GEN-APND,TH_NP15_GEN-APND,DAM,MCE,LMP_ENE_PRC,TH_NP15_GEN-APND,ALL_APNODES,0,33.71048,207
2017-09-11T16:00:00-00:00,2017-09-11T17:00:00-00:00,2017-09-11,10,0,TH_NP15_GEN-APND,TH_NP15_GEN-APND,TH_NP15_GEN-APND,DAM,MCE,LMP_ENE_PRC,TH_NP15_GEN-APND,ALL_APNODES,0,32.55629,207
2017-09-12T04:00:00-00:00,2017-09-12T05:00:00-00:00,2017-09-11,22,0,TH_NP15_GEN-APND,TH_NP15_GEN-APND,TH_NP15_GEN-APND,DAM,MCE,LMP_ENE_PRC,TH_NP15_GEN-APND,ALL_APNODES,0,47.27236,207
2017-09-11T23:00:00-00:00,2017-09-12T00:00:00-00:00,2017-09-11,17,0,TH_NP15_GEN-APND,TH_NP15_GEN-APND,TH_NP15_GEN-APND,DAM,MCE,LMP_ENE_PRC,TH_NP15_GEN-APND,ALL_APNODES,0,55.12197,207
2017-09-11T14:00:00-00:00,2017-09-11T15:00:00-00:00,2017-09-11,8,0,TH_NP15_GEN-APND,TH_NP15_GEN-APND,TH_NP15_GEN-APND,DAM,MCE,LMP_ENE_PRC,TH_NP15_GEN-APND,ALL_APNODES,0,37.44582,207
2017-09-11T12:00:00-00:00,2017-09-11T13:00:00-00:00,2017-09-11,6,0,TH_NP15_GEN-APND,TH_NP15_GEN-APND,TH_NP15_GEN-APND,DAM,MCE,LMP_ENE_PRC,TH_NP15_GEN-APND,ALL_APNODES,0,29.85294,207
2017-09-11T09:00:00-00:00,2017-09-11T10:00:00-00:00,2017-09-11,3,0,TH_NP15_GEN-APND,TH_NP15_GEN-APND,TH_NP15_GEN-APND,DAM,MCE,LMP_ENE_PRC,TH_NP15_GEN-APND,ALL_APNODES,0,28.17986,207
2017-09-12T05:00:00-00:00,2017-09-12T06:00:00-00:00,2017-09-11,23,0,TH_NP15_GEN-APND,TH_NP15_GEN-APND,TH_NP15_GEN-APND,DAM,MCE,LMP_ENE_PRC,TH_NP15_GEN-APND,ALL_APNODES,0,41.16162,207
2017-09-11T11:00:00-00:00,2017-09-11T12:00:00-00:00,2017-09-11,5,0,TH_NP15_GEN-APND,TH_NP15_GEN-APND,TH_NP15_GEN-APND,DAM,MCE,LMP_ENE_PRC,TH_NP15_GEN-APND,ALL_APNODES,0,28.33402,207
2017-09-11T19:00:00-00:00,2017-09-11T20:00:00-00:00,2017-09-11,13,0,TH_NP15_GEN-APND,TH_NP15_GEN-APND,TH_NP15_GEN-APND,DAM,MCE,LMP_ENE_PRC,TH_NP15_GEN-APND,ALL_APNODES,0,38.46418,207
2017-09-11T22:00:00-00:00,2017-09-11T23:00:00-00:00,2017-09-11,16,0,TH_NP15_GEN-APND,TH_NP15_GEN-APND,TH_NP15_GEN-APND,DAM,MCE,LMP_ENE_PRC,TH_NP15_GEN-APND,ALL_APNODES,0,52.13595,207
2017-09-12T01:00:00-00:00,2017-09-12T02:00:00-00:00,2017-09-11,19,0,TH_NP15_GEN-APND,TH_NP15_GEN-APND,TH_NP15_GEN-APND,DAM,MCE,LMP_ENE_PRC,TH_NP15_GEN-APND,ALL_APNODES,0,121,207
2017-09-12T03:00:00-00:00,2017-09-12T04:00:00-00:00,2017-09-11,21,0,TH_NP15_GEN-APND,TH_NP15_GEN-APND,TH_NP15_GEN-APND,DAM,MCE,LMP_ENE_PRC,TH_NP15_GEN-APND,ALL_APNODES,0,57.27754,207
2017-09-12T06:00:00-00:00,2017-09-12T07:00:00-00:00,2017-09-11,24,0,TH_NP15_GEN-APND,TH_NP15_GEN-APND,TH_NP15_GEN-APND,DAM,MCE,LMP_ENE_PRC,TH_NP15_GEN-APND,ALL_APNODES,0,36.00582,207
2017-09-11T17:00:00-00:00,2017-09-11T18:00:00-00:00,2017-09-11,11,0,TH_NP15_GEN-APND,TH_NP15_GEN-APND,TH_NP15_GEN-APND,DAM,MCE,LMP_ENE_PRC,TH_NP15_GEN-APND,ALL_APNODES,0,34.03801,207
2017-09-11T18:00:00-00:00,2017-09-11T19:00:00-00:00,2017-09-11,12,0,TH_NP15_GEN-APND,TH_NP15_GEN-APND,TH_NP15_GEN-APND,DAM,MCE,LMP_ENE_PRC,TH_NP15_GEN-APND,ALL_APNODES,0,37.14781,207
2017-09-11T07:00:00-00:00,2017-09-11T08:00:00-00:00,2017-09-11,1,0,TH_NP15_GEN-APND,TH_NP15_GEN-APND,TH_NP15_GEN-APND,DAM,MCE,LMP_ENE_PRC,TH_NP15_GEN-APND,ALL_APNODES,0,31.45978,207
2017-09-11T10:00:00-00:00,2017-09-11T11:00:00-00:00,2017-09-11,4,0,TH_NP15_GEN-APND,TH_NP15_GEN-APND,TH_NP15_GEN-APND,DAM,MCE,LMP_ENE_PRC,TH_NP15_GEN-APND,ALL_APNODES,0,27.9273,207
2017-09-12T00:00:00-00:00,2017-09-12T01:00:00-00:00,2017-09-11,18,0,TH_NP15_GEN-APND,TH_NP15_GEN-APND,TH_NP15_GEN-APND,DAM,MCE,LMP_ENE_PRC,TH_NP15_GEN-APND,ALL_APNODES,0,80.57,207
2017-09-11T20:00:00-00:00,2017-09-11T21:00:00-00:00,2017-09-11,14,0,TH_NP15_GEN-APND,TH_NP15_GEN-APND,TH_NP15_GEN-APND,DAM,MCE,LMP_ENE_PRC,TH_NP15_GEN-APND,ALL_APNODES,0,43.724,207
2017-09-11T21:00:00-00:00,2017-09-11T22:00:00-00:00,2017-09-11,15,0,TH_NP15_GEN-APND,TH_NP15_GEN-APND,TH_NP15_GEN-APND,DAM,MCE,LMP_ENE_PRC,TH_NP15_GEN-APND,ALL_APNODES,0,48.44414,207
2017-09-11T08:00:00-00:00,2017-09-11T09:00:00-00:00,2017-09-11,2,0,TH_NP15_GEN-APND,TH_NP15_GEN-APND,TH_NP15_GEN-APND,DAM,MCE,LMP_ENE_PRC,TH_NP15_GEN-APND,ALL_APNODES,0,28.90472,207
2017-09-12T03:00:00-00:00,2017-09-12T04:00:00-00:00,2017-09-11,21,0,TH_NP15_GEN-APND,TH_NP15_GEN-APND,TH_NP15_GEN-APND,DAM,MCL,LMP_LOSS_PRC,TH_NP15_GEN-APND,ALL_APNODES,0,-0.80761,208
2017-09-11T13:00:00-00:00,2017-09-11T14:00:00-00:00,2017-09-11,7,0,TH_NP15_GEN-APND,TH_NP15_GEN-APND,TH_NP15_GEN-APND,DAM,MCL,LMP_LOSS_PRC,TH_NP15_GEN-APND,ALL_APNODES,0,-0.31926,208
2017-09-11T15:00:00-00:00,2017-09-11T16:00:00-00:00,2017-09-11,9,0,TH_NP15_GEN-APND,TH_NP15_GEN-APND,TH_NP15_GEN-APND,DAM,MCL,LMP_LOSS_PRC,TH_NP15_GEN-APND,ALL_APNODES,0,0.08091,208
2017-09-11T17:00:00-00:00,2017-09-11T18:00:00-00:00,2017-09-11,11,0,TH_NP15_GEN-APND,TH_NP15_GEN-APND,TH_NP15_GEN-APND,DAM,MCL,LMP_LOSS_PRC,TH_NP15_GEN-APND,ALL_APNODES,0,0.01021,208
2017-09-12T05:00:00-00:00,2017-09-12T06:00:00-00:00,2017-09-11,23,0,TH_NP15_GEN-APND,TH_NP15_GEN-APND,TH_NP15_GEN-APND,DAM,MCL,LMP_LOSS_PRC,TH_NP15_GEN-APND,ALL_APNODES,0,-0.4075,208
2017-09-11T16:00:00-00:00,2017-09-11T17:00:00-00:00,2017-09-11,10,0,TH_NP15_GEN-APND,TH_NP15_GEN-APND,TH_NP15_GEN-APND,DAM,MCL,LMP_LOSS_PRC,TH_NP15_GEN-APND,ALL_APNODES,0,-0.04558,208
2017-09-11T09:00:00-00:00,2017-09-11T10:00:00-00:00,2017-09-11,3,0,TH_NP15_GEN-APND,TH_NP15_GEN-APND,TH_NP15_GEN-APND,DAM,MCL,LMP_LOSS_PRC,TH_NP15_GEN-APND,ALL_APNODES,0,-0.26489,208
2017-09-12T02:00:00-00:00,2017-09-12T03:00:00-00:00,2017-09-11,20,0,TH_NP15_GEN-APND,TH_NP15_GEN-APND,TH_NP15_GEN-APND,DAM,MCL,LMP_LOSS_PRC,TH_NP15_GEN-APND,ALL_APNODES,0,0,208
2017-09-12T04:00:00-00:00,2017-09-12T05:00:00-00:00,2017-09-11,22,0,TH_NP15_GEN-APND,TH_NP15_GEN-APND,TH_NP15_GEN-APND,DAM,MCL,LMP_LOSS_PRC,TH_NP15_GEN-APND,ALL_APNODES,0,-0.59563,208
2017-09-11T22:00:00-00:00,2017-09-11T23:00:00-00:00,2017-09-11,16,0,TH_NP15_GEN-APND,TH_NP15_GEN-APND,TH_NP15_GEN-APND,DAM,MCL,LMP_LOSS_PRC,TH_NP15_GEN-APND,ALL_APNODES,0,-0.32324,208
2017-09-11T18:00:00-00:00,2017-09-11T19:00:00-00:00,2017-09-11,12,0,TH_NP15_GEN-APND,TH_NP15_GEN-APND,TH_NP15_GEN-APND,DAM,MCL,LMP_LOSS_PRC,TH_NP15_GEN-APND,ALL_APNODES,0,-0.09287,208
2017-09-11T19:00:00-00:00,2017-09-11T20:00:00-00:00,2017-09-11,13,0,TH_NP15_GEN-APND,TH_NP15_GEN-APND,TH_NP15_GEN-APND,DAM,MCL,LMP_LOSS_PRC,TH_NP15_GEN-APND,ALL_APNODES,0,-0.11924,208
2017-09-11T23:00:00-00:00,2017-09-12T00:00:00-00:00,2017-09-11,17,0,TH_NP15_GEN-APND,TH_NP15_GEN-APND,TH_NP15_GEN-APND,DAM,MCL,LMP_LOSS_PRC,TH_NP15_GEN-APND,ALL_APNODES,0,-0.33624,208
2017-09-12T01:00:00-00:00,2017-09-12T02:00:00-00:00,2017-09-11,19,0,TH_NP15_GEN-APND,TH_NP15_GEN-APND,TH_NP15_GEN-APND,DAM,MCL,LMP_LOSS_PRC,TH_NP15_GEN-APND,ALL_APNODES,0,0,208
2017-09-11T14:00:00-00:00,2017-09-11T15:00:00-00:00,2017-09-11,8,0,TH_NP15_GEN-APND,TH_NP15_GEN-APND,TH_NP15_GEN-APND,DAM,MCL,LMP_LOSS_PRC,TH_NP15_GEN-APND,ALL_APNODES,0,-0.27335,208
2017-09-11T20:00:00-00:00,2017-09-11T21:00:00-00:00,2017-09-11,14,0,TH_NP15_GEN-APND,TH_NP15_GEN-APND,TH_NP15_GEN-APND,DAM,MCL,LMP_LOSS_PRC,TH_NP15_GEN-APND,ALL_APNODES,0,-0.29295,208
2017-09-11T21:00:00-00:00,2017-09-11T22:00:00-00:00,2017-09-11,15,0,TH_NP15_GEN-APND,TH_NP15_GEN-APND,TH_NP15_GEN-APND,DAM,MCL,LMP_LOSS_PRC,TH_NP15_GEN-APND,ALL_APNODES,0,-0.01453,208
2017-09-12T00:00:00-00:00,2017-09-12T01:00:00-00:00,2017-09-11,18,0,TH_NP15_GEN-APND,TH_NP15_GEN-APND,TH_NP15_GEN-APND,DAM,MCL,LMP_LOSS_PRC,TH_NP15_GEN-APND,ALL_APNODES,0,0,208
2017-09-11T11:00:00-00:00,2017-09-11T12:00:00-00:00,2017-09-11,5,0,TH_NP15_GEN-APND,TH_NP15_GEN-APND,TH_NP15_GEN-APND,DAM,MCL,LMP_LOSS_PRC,TH_NP15_GEN-APND,ALL_APNODES,0,-0.17284,208
2017-09-11T12:00:00-00:00,2017-09-11T13:00:00-00:00,2017-09-11,6,0,TH_NP15_GEN-APND,TH_NP15_GEN-APND,TH_NP15_GEN-APND,DAM,MCL,LMP_LOSS_PRC,TH_NP15_GEN-APND,ALL_APNODES,0,-0.17613,208
2017-09-11T07:00:00-00:00,2017-09-11T08:00:00-00:00,2017-09-11,1,0,TH_NP15_GEN-APND,TH_NP15_GEN-APND,TH_NP15_GEN-APND,DAM,MCL,LMP_LOSS_PRC,TH_NP15_GEN-APND,ALL_APNODES,0,-0.1573,208
2017-09-11T08:00:00-00:00,2017-09-11T09:00:00-00:00,2017-09-11,2,0,TH_NP15_GEN-APND,TH_NP15_GEN-APND,TH_NP15_GEN-APND,DAM,MCL,LMP_LOSS_PRC,TH_NP15_GEN-APND,ALL_APNODES,0,-0.21679,208
2017-09-11T10:00:00-00:00,2017-09-11T11:00:00-00:00,2017-09-11,4,0,TH_NP15_GEN-APND,TH_NP15_GEN-APND,TH_NP15_GEN-APND,DAM,MCL,LMP_LOSS_PRC,TH_NP15_GEN-APND,ALL_APNODES,0,-0.24855,208
2017-09-12T06:00:00-00:00,2017-09-12T07:00:00-00:00,2017-09-11,24,0,TH_NP15_GEN-APND,TH_NP15_GEN-APND,TH_NP15_GEN-APND,DAM,MCL,LMP_LOSS_PRC,TH_NP15_GEN-APND,ALL_APNODES,0,-0.05401,208
2017-09-12T01:00:00-00:00,2017-09-12T02:00:00-00:00,2017-09-11,19,0,TH_SP15_GEN-APND,TH_SP15_GEN-APND,TH_SP15_GEN-APND,DAM,LMP,LMP_PRC,TH_SP15_GEN-APND,ALL_APNODES,0,121,209
2017-09-12T06:00:00-00:00,2017-09-12T07:00:00-00:00,2017-09-11,24,0,TH_SP15_GEN-APND,TH_SP15_GEN-APND,TH_SP15_GEN-APND,DAM,LMP,LMP_PRC,TH_SP15_GEN-APND,ALL_APNODES,0,34.49717,209
2017-09-11T18:00:00-00:00,2017-09-11T19:00:00-00:00,2017-09-11,12,0,TH_SP15_GEN-APND,TH_SP15_GEN-APND,TH_SP15_GEN-APND,DAM,LMP,LMP_PRC,TH_SP15_GEN-APND,ALL_APNODES,0,34.28904,209
2017-09-12T00:00:00-00:00,2017-09-12T01:00:00-00:00,2017-09-11,18,0,TH_SP15_GEN-APND,TH_SP15_GEN-APND,TH_SP15_GEN-APND,DAM,LMP,LMP_PRC,TH_SP15_GEN-APND,ALL_APNODES,0,80.55786,209
2017-09-11T08:00:00-00:00,2017-09-11T09:00:00-00:00,2017-09-11,2,0,TH_SP15_GEN-APND,TH_SP15_GEN-APND,TH_SP15_GEN-APND,DAM,LMP,LMP_PRC,TH_SP15_GEN-APND,ALL_APNODES,0,28,209
2017-09-12T04:00:00-00:00,2017-09-12T05:00:00-00:00,2017-09-11,22,0,TH_SP15_GEN-APND,TH_SP15_GEN-APND,TH_SP15_GEN-APND,DAM,LMP,LMP_PRC,TH_SP15_GEN-APND,ALL_APNODES,0,45.3011,209
2017-09-11T17:00:00-00:00,2017-09-11T18:00:00-00:00,2017-09-11,11,0,TH_SP15_GEN-APND,TH_SP15_GEN-APND,TH_SP15_GEN-APND,DAM,LMP,LMP_PRC,TH_SP15_GEN-APND,ALL_APNODES,0,31.44646,209
2017-09-11T23:00:00-00:00,2017-09-12T00:00:00-00:00,2017-09-11,17,0,TH_SP15_GEN-APND,TH_SP15_GEN-APND,TH_SP15_GEN-APND,DAM,LMP,LMP_PRC,TH_SP15_GEN-APND,ALL_APNODES,0,51.1401,209
2017-09-11T09:00:00-00:00,2017-09-11T10:00:00-00:00,2017-09-11,3,0,TH_SP15_GEN-APND,TH_SP15_GEN-APND,TH_SP15_GEN-APND,DAM,LMP,LMP_PRC,TH_SP15_GEN-APND,ALL_APNODES,0,27.37673,209
2017-09-11T12:00:00-00:00,2017-09-11T13:00:00-00:00,2017-09-11,6,0,TH_SP15_GEN-APND,TH_SP15_GEN-APND,TH_SP15_GEN-APND,DAM,LMP,LMP_PRC,TH_SP15_GEN-APND,ALL_APNODES,0,28.88272,209
2017-09-11T11:00:00-00:00,2017-09-11T12:00:00-00:00,2017-09-11,5,0,TH_SP15_GEN-APND,TH_SP15_GEN-APND,TH_SP15_GEN-APND,DAM,LMP,LMP_PRC,TH_SP15_GEN-APND,ALL_APNODES,0,27.4585,209
2017-09-11T14:00:00-00:00,2017-09-11T15:00:00-00:00,2017-09-11,8,0,TH_SP15_GEN-APND,TH_SP15_GEN-APND,TH_SP15_GEN-APND,DAM,LMP,LMP_PRC,TH_SP15_GEN-APND,ALL_APNODES,0,35.92927,209
2017-09-12T02:00:00-00:00,2017-09-12T03:00:00-00:00,2017-09-11,20,0,TH_SP15_GEN-APND,TH_SP15_GEN-APND,TH_SP15_GEN-APND,DAM,LMP,LMP_PRC,TH_SP15_GEN-APND,ALL_APNODES,0,90.12,209
2017-09-11T20:00:00-00:00,2017-09-11T21:00:00-00:00,2017-09-11,14,0,TH_SP15_GEN-APND,TH_SP15_GEN-APND,TH_SP15_GEN-APND,DAM,LMP,LMP_PRC,TH_SP15_GEN-APND,ALL_APNODES,0,41.56648,209
2017-09-11T10:00:00-00:00,2017-09-11T11:00:00-00:00,2017-09-11,4,0,TH_SP15_GEN-APND,TH_SP15_GEN-APND,TH_SP15_GEN-APND,DAM,LMP,LMP_PRC,TH_SP15_GEN-APND,ALL_APNODES,0,27.14254,209
2017-09-11T13:00:00-00:00,2017-09-11T14:00:00-00:00,2017-09-11,7,0,TH_SP15_GEN-APND,TH_SP15_GEN-APND,TH_SP15_GEN-APND,DAM,LMP,LMP_PRC,TH_SP15_GEN-APND,ALL_APNODES,0,34.65249,209
2017-09-11T22:00:00-00:00,2017-09-11T23:00:00-00:00,2017-09-11,16,0,TH_SP15_GEN-APND,TH_SP15_GEN-APND,TH_SP15_GEN-APND,DAM,LMP,LMP_PRC,TH_SP15_GEN-APND,ALL_APNODES,0,48.54268,209
2017-09-12T03:00:00-00:00,2017-09-12T04:00:00-00:00,2017-09-11,21,0,TH_SP15_GEN-APND,TH_SP15_GEN-APND,TH_SP15_GEN-APND,DAM,LMP,LMP_PRC,TH_SP15_GEN-APND,ALL_APNODES,0,54.65996,209
2017-09-11T16:00:00-00:00,2017-09-11T17:00:00-00:00,2017-09-11,10,0,TH_SP15_GEN-APND,TH_SP15_GEN-APND,TH_SP15_GEN-APND,DAM,LMP,LMP_PRC,TH_SP15_GEN-APND,ALL_APNODES,0,30.27177,209
2017-09-11T07:00:00-00:00,2017-09-11T08:00:00-00:00,2017-09-11,1,0,TH_SP15_GEN-APND,TH_SP15_GEN-APND,TH_SP15_GEN-APND,DAM,LMP,LMP_PRC,TH_SP15_GEN-APND,ALL_APNODES,0,30.39644,209
2017-09-11T15:00:00-00:00,2017-09-11T16:00:00-00:00,2017-09-11,9,0,TH_SP15_GEN-APND,TH_SP15_GEN-APND,TH_SP15_GEN-APND,DAM,LMP,LMP_PRC,TH_SP15_GEN-APND,ALL_APNODES,0,31.282,209
2017-09-11T19:00:00-00:00,2017-09-11T20:00:00-00:00,2017-09-11,13,0,TH_SP15_GEN-APND,TH_SP15_GEN-APND,TH_SP15_GEN-APND,DAM,LMP,LMP_PRC,TH_SP15_GEN-APND,ALL_APNODES,0,36.50344,209
2017-09-12T05:00:00-00:00,2017-09-12T06:00:00-00:00,2017-09-11,23,0,TH_SP15_GEN-APND,TH_SP15_GEN-APND,TH_SP15_GEN-APND,DAM,LMP,LMP_PRC,TH_SP15_GEN-APND,ALL_APNODES,0,39.42871,209
2017-09-11T21:00:00-00:00,2017-09-11T22:00:00-00:00,2017-09-11,15,0,TH_SP15_GEN-APND,TH_SP15_GEN-APND,TH_SP15_GEN-APND,DAM,LMP,LMP_PRC,TH_SP15_GEN-APND,ALL_APNODES,0,45.60596,209
2017-09-11T11:00:00-00:00,2017-09-11T12:00:00-00:00,2017-09-11,5,0,TH_SP15_GEN-APND,TH_SP15_GEN-APND,TH_SP15_GEN-APND,DAM,MCC,LMP_CONG_PRC,TH_SP15_GEN-APND,ALL_APNODES,0,0,210
2017-09-12T01:00:00-00:00,2017-09-12T02:00:00-00:00,2017-09-11,19,0,TH_SP15_GEN-APND,TH_SP15_GEN-APND,TH_SP15_GEN-APND,DAM,MCC,LMP_CONG_PRC,TH_SP15_GEN-APND,ALL_APNODES,0,0,210
2017-09-12T00:00:00-00:00,2017-09-12T01:00:00-00:00,2017-09-11,18,0,TH_SP15_GEN-APND,TH_SP15_GEN-APND,TH_SP15_GEN-APND,DAM,MCC,LMP_CONG_PRC,TH_SP15_GEN-APND,ALL_APNODES,0,-0.01214,210
2017-09-12T05:00:00-00:00,2017-09-12T06:00:00-00:00,2017-09-11,23,0,TH_SP15_GEN-APND,TH_SP15_GEN-APND,TH_SP15_GEN-APND,DAM,MCC,LMP_CONG_PRC,TH_SP15_GEN-APND,ALL_APNODES,0,0,210
2017-09-11T10:00:00-00:00,2017-09-11T11:00:00-00:00,2017-09-11,4,0,TH_SP15_GEN-APND,TH_SP15_GEN-APND,TH_SP15_GEN-APND,DAM,MCC,LMP_CONG_PRC,TH_SP15_GEN-APND,ALL_APNODES,0,0,210
2017-09-11T16:00:00-00:00,2017-09-11T17:00:00-00:00,2017-09-11,10,0,TH_SP15_GEN-APND,TH_SP15_GEN-APND,TH_SP15_GEN-APND,DAM,MCC,LMP_CONG_PRC,TH_SP15_GEN-APND,ALL_APNODES,0,-0.76089,210
2017-09-12T03:00:00-00:00,2017-09-12T04:00:00-00:00,2017-09-11,21,0,TH_SP15_GEN-APND,TH_SP15_GEN-APND,TH_SP15_GEN-APND,DAM,MCC,LMP_CONG_PRC,TH_SP15_GEN-APND,ALL_APNODES,0,0,210
2017-09-11T12:00:00-00:00,2017-09-11T13:00:00-00:00,2017-09-11,6,0,TH_SP15_GEN-APND,TH_SP15_GEN-APND,TH_SP15_GEN-APND,DAM,MCC,LMP_CONG_PRC,TH_SP15_GEN-APND,ALL_APNODES,0,0,210
2017-09-12T04:00:00-00:00,2017-09-12T05:00:00-00:00,2017-09-11,22,0,TH_SP15_GEN-APND,TH_SP15_GEN-APND,TH_SP15_GEN-APND,DAM,MCC,LMP_CONG_PRC,TH_SP15_GEN-APND,ALL_APNODES,0,0,210
2017-09-11T22:00:00-00:00,2017-09-11T23:00:00-00:00,2017-09-11,16,0,TH_SP15_GEN-APND,TH_SP15_GEN-APND,TH_SP15_GEN-APND,DAM,MCC,LMP_CONG_PRC,TH_SP15_GEN-APND,ALL_APNODES,0,-0.72058,210
2017-09-12T02:00:00-00:00,2017-09-12T03:00:00-00:00,2017-09-11,20,0,TH_SP15_GEN-APND,TH_SP15_GEN-APND,TH_SP15_GEN-APND,DAM,MCC,LMP_CONG_PRC,TH_SP15_GEN-APND,ALL_APNODES,0,0,210
2017-09-11T08:00:00-00:00,2017-09-11T09:00:00-00:00,2017-09-11,2,0,TH_SP15_GEN-APND,TH_SP15_GEN-APND,TH_SP15_GEN-APND,DAM,MCC,LMP_CONG_PRC,TH_SP15_GEN-APND,ALL_APNODES,0,0,210
2017-09-11T09:00:00-00:00,2017-09-11T10:00:00-00:00,2017-09-11,3,0,TH_SP15_GEN-APND,TH_SP15_GEN-APND,TH_SP15_GEN-APND,DAM,MCC,LMP_CONG_PRC,TH_SP15_GEN-APND,ALL_APNODES,0,0,210
2017-09-11T13:00:00-00:00,2017-09-11T14:00:00-00:00,2017-09-11,7,0,TH_SP15_GEN-APND,TH_SP15_GEN-APND,TH_SP15_GEN-APND,DAM,MCC,LMP_CONG_PRC,TH_SP15_GEN-APND,ALL_APNODES,0,0,210
2017-09-11T20:00:00-00:00,2017-09-11T21:00:00-00:00,2017-09-11,14,0,TH_SP15_GEN-APND,TH_SP15_GEN-APND,TH_SP15_GEN-APND,DAM,MCC,LMP_CONG_PRC,TH_SP15_GEN-APND,ALL_APNODES,0,-0.03691,210
2017-09-11T21:00:00-00:00,2017-09-11T22:00:00-00:00,2017-09-11,15,0,TH_SP15_GEN-APND,TH_SP15_GEN-APND,TH_SP15_GEN-APND,DAM,MCC,LMP_CONG_PRC,TH_SP15_GEN-APND,ALL_APNODES,0,-0.04295,210
2017-09-11T15:00:00-00:00,2017-09-11T16:00:00-00:00,2017-09-11,9,0,TH_SP15_GEN-APND,TH_SP15_GEN-APND,TH_SP15_GEN-APND,DAM,MCC,LMP_CONG_PRC,TH_SP15_GEN-APND,ALL_APNODES,0,-0.73959,210
2017-09-11T07:00:00-00:00,2017-09-11T08:00:00-00:00,2017-09-11,1,0,TH_SP15_GEN-APND,TH_SP15_GEN-APND,TH_SP15_GEN-APND,DAM,MCC,LMP_CONG_PRC,TH_SP15_GEN-APND,ALL_APNODES,0,0,210
2017-09-11T23:00:00-00:00,2017-09-12T00:00:00-00:00,2017-09-11,17,0,TH_SP15_GEN-APND,TH_SP15_GEN-APND,TH_SP15_GEN-APND,DAM,MCC,LMP_CONG_PRC,TH_SP15_GEN-APND,ALL_APNODES,0,-0.91709,210
2017-09-11T14:00:00-00:00,2017-09-11T15:00:00-00:00,2017-09-11,8,0,TH_SP15_GEN-APND,TH_SP15_GEN-APND,TH_SP15_GEN-APND,DAM,MCC,LMP_CONG_PRC,TH_SP15_GEN-APND,ALL_APNODES,0,0,210
2017-09-11T18:00:00-00:00,2017-09-11T19:00:00-00:00,2017-09-11,12,0,TH_SP15_GEN-APND,TH_SP15_GEN-APND,TH_SP15_GEN-APND,DAM,MCC,LMP_CONG_PRC,TH_SP15_GEN-APND,ALL_APNODES,0,-1.03852,210
2017-09-12T06:00:00-00:00,2017-09-12T07:00:00-00:00,2017-09-11,24,0,TH_SP15_GEN-APND,TH_SP15_GEN-APND,TH_SP15_GEN-APND,DAM,MCC,LMP_CONG_PRC,TH_SP15_GEN-APND,ALL_APNODES,0,0,210
2017-09-11T19:00:00-00:00,2017-09-11T20:00:00-00:00,2017-09-11,13,0,TH_SP15_GEN-APND,TH_SP15_GEN-APND,TH_SP15_GEN-APND,DAM,MCC,LMP_CONG_PRC,TH_SP15_GEN-APND,ALL_APNODES,0,-0.02983,210
2017-09-11T17:00:00-00:00,2017-09-11T18:00:00-00:00,2017-09-11,11,0,TH_SP15_GEN-APND,TH_SP15_GEN-APND,TH_SP15_GEN-APND,DAM,MCC,LMP_CONG_PRC,TH_SP15_GEN-APND,ALL_APNODES,0,-0.92028,210
2017-09-11T13:00:00-00:00,2017-09-11T14:00:00-00:00,2017-09-11,7,0,TH_SP15_GEN-APND,TH_SP15_GEN-APND,TH_SP15_GEN-APND,DAM,MCE,LMP_ENE_PRC,TH_SP15_GEN-APND,ALL_APNODES,0,35.87214,211
2017-09-11T21:00:00-00:00,2017-09-11T22:00:00-00:00,2017-09-11,15,0,TH_SP15_GEN-APND,TH_SP15_GEN-APND,TH_SP15_GEN-APND,DAM,MCE,LMP_ENE_PRC,TH_SP15_GEN-APND,ALL_APNODES,0,48.44414,211
2017-09-11T15:00:00-00:00,2017-09-11T16:00:00-00:00,2017-09-11,9,0,TH_SP15_GEN-APND,TH_SP15_GEN-APND,TH_SP15_GEN-APND,DAM,MCE,LMP_ENE_PRC,TH_SP15_GEN-APND,ALL_APNODES,0,33.71048,211
2017-09-11T14:00:00-00:00,2017-09-11T15:00:00-00:00,2017-09-11,8,0,TH_SP15_GEN-APND,TH_SP15_GEN-APND,TH_SP15_GEN-APND,DAM,MCE,LMP_ENE_PRC,TH_SP15_GEN-APND,ALL_APNODES,0,37.44582,211
2017-09-11T08:00:00-00:00,2017-09-11T09:00:00-00:00,2017-09-11,2,0,TH_SP15_GEN-APND,TH_SP15_GEN-APND,TH_SP15_GEN-APND,DAM,MCE,LMP_ENE_PRC,TH_SP15_GEN-APND,ALL_APNODES,0,28.90472,211
2017-09-12T00:00:00-00:00,2017-09-12T01:00:00-00:00,2017-09-11,18,0,TH_SP15_GEN-APND,TH_SP15_GEN-APND,TH_SP15_GEN-APND,DAM,MCE,LMP_ENE_PRC,TH_SP15_GEN-APND,ALL_APNODES,0,80.57,211
2017-09-12T06:00:00-00:00,2017-09-12T07:00:00-00:00,2017-09-11,24,0,TH_SP15_GEN-APND,TH_SP15_GEN-APND,TH_SP15_GEN-APND,DAM,MCE,LMP_ENE_PRC,TH_SP15_GEN-APND,ALL_APNODES,0,36.00582,211
2017-09-12T02:00:00-00:00,2017-09-12T03:00:00-00:00,2017-09-11,20,0,TH_SP15_GEN-APND,TH_SP15_GEN-APND,TH_SP15_GEN-APND,DAM,MCE,LMP_ENE_PRC,TH_SP15_GEN-APND,ALL_APNODES,0,90.12,211
2017-09-11T23:00:00-00:00,2017-09-12T00:00:00-00:00,2017-09-11,17,0,TH_SP15_GEN-APND,TH_SP15_GEN-APND,TH_SP15_GEN-APND,DAM,MCE,LMP_ENE_PRC,TH_SP15_GEN-APND,ALL_APNODES,0,55.12197,211
2017-09-11T12:00:00-00:00,2017-09-11T13:00:00-00:00,2017-09-11,6,0,TH_SP15_GEN-APND,TH_SP15_GEN-APND,TH_SP15_GEN-APND,DAM,MCE,LMP_ENE_PRC,TH_SP15_GEN-APND,ALL_APNODES,0,29.85294,211
2017-09-11T11:00:00-00:00,2017-09-11T12:00:00-00:00,2017-09-11,5,0,TH_SP15_GEN-APND,TH_SP15_GEN-APND,TH_SP15_GEN-APND,DAM,MCE,LMP_ENE_PRC,TH_SP15_GEN-APND,ALL_APNODES,0,28.33402,211
2017-09-11T10:00:00-00:00,2017-09-11T11:00:00-00:00,2017-09-11,4,0,TH_SP15_GEN-APND,TH_SP15_GEN-APND,TH_SP15_GEN-APND,DAM,MCE,LMP_ENE_PRC,TH_SP15_GEN-APND,ALL_APNODES,0,27.9273,211
2017-09-11T20:00:00-00:00,2017-09-11T21:00:00-00:00,2017-09-11,14,0,TH_SP15_GEN-APND,TH_SP15_GEN-APND,TH_SP15_GEN-APND,DAM,MCE,LMP_ENE_PRC,TH_SP15_GEN-APND,ALL_APNODES,0,43.724,211
2017-09-11T16:00:00-00:00,2017-09-11T17:00:00-00:00,2017-09-11,10,0,TH_SP15_GEN-APND,TH_SP15_GEN-APND,TH_SP15_GEN-APND,DAM,MCE,LMP_ENE_PRC,TH_SP15_GEN-APND,ALL_APNODES,0,32.55629,211
2017-09-12T04:00:00-00:00,2017-09-12T05:00:00-00:00,2017-09-11,22,0,TH_SP15_GEN-APND,TH_SP15_GEN-APND,TH_SP15_GEN-APND,DAM,MCE,LMP_ENE_PRC,TH_SP15_GEN-APND,ALL_APNODES,0,47.27236,211
2017-09-11T09:00:00-00:00,2017-09-11T10:00:00-00:00,2017-09-11,3,0,TH_SP15_GEN-APND,TH_SP15_GEN-APND,TH_SP15_GEN-APND,DAM,MCE,LMP_ENE_PRC,TH_SP15_GEN-APND,ALL_APNODES,0,28.17986,211
2017-09-11T18:00:00-00:00,2017-09-11T19:00:00-00:00,2017-09-11,12,0,TH_SP15_GEN-APND,TH_SP15_GEN-APND,TH_SP15_GEN-APND,DAM,MCE,LMP_ENE_PRC,TH_SP15_GEN-APND,ALL_APNODES,0,37.14781,211
2017-09-12T05:00:00-00:00,2017-09-12T06:00:00-00:00,2017-09-11,23,0,TH_SP15_GEN-APND,TH_SP15_GEN-APND,TH_SP15_GEN-APND,DAM,MCE,LMP_ENE_PRC,TH_SP15_GEN-APND,ALL_APNODES,0,41.16162,211
2017-09-12T03:00:00-00:00,2017-09-12T04:00:00-00:00,2017-09-11,21,0,TH_SP15_GEN-APND,TH_SP15_GEN-APND,TH_SP15_GEN-APND,DAM,MCE,LMP_ENE_PRC,TH_SP15_GEN-APND,ALL_APNODES,0,57.27754,211
2017-09-12T01:00:00-00:00,2017-09-12T02:00:00-00:00,2017-09-11,19,0,TH_SP15_GEN-APND,TH_SP15_GEN-APND,TH_SP15_GEN-APND,DAM,MCE,LMP_ENE_PRC,TH_SP15_GEN-APND,ALL_APNODES,0,121,211
2017-09-11T07:00:00-00:00,2017-09-11T08:00:00-00:00,2017-09-11,1,0,TH_SP15_GEN-APND,TH_SP15_GEN-APND,TH_SP15_GEN-APND,DAM,MCE,LMP_ENE_PRC,TH_SP15_GEN-APND,ALL_APNODES,0,31.45978,211
2017-09-11T17:00:00-00:00,2017-09-11T18:00:00-00:00,2017-09-11,11,0,TH_SP15_GEN-APND,TH_SP15_GEN-APND,TH_SP15_GEN-APND,DAM,MCE,LMP_ENE_PRC,TH_SP15_GEN-APND,ALL_APNODES,0,34.03801,211
2017-09-11T22:00:00-00:00,2017-09-11T23:00:00-00:00,2017-09-11,16,0,TH_SP15_GEN-APND,TH_SP15_GEN-APND,TH_SP15_GEN-APND,DAM,MCE,LMP_ENE_PRC,TH_SP15_GEN-APND,ALL_APNODES,0,52.13595,211
2017-09-11T19:00:00-00:00,2017-09-11T20:00:00-00:00,2017-09-11,13,0,TH_SP15_GEN-APND,TH_SP15_GEN-APND,TH_SP15_GEN-APND,DAM,MCE,LMP_ENE_PRC,TH_SP15_GEN-APND,ALL_APNODES,0,38.46418,211
2017-09-11T18:00:00-00:00,2017-09-11T19:00:00-00:00,2017-09-11,12,0,TH_SP15_GEN-APND,TH_SP15_GEN-APND,TH_SP15_GEN-APND,DAM,MCL,LMP_LOSS_PRC,TH_SP15_GEN-APND,ALL_APNODES,0,-1.82024,212
2017-09-11T07:00:00-00:00,2017-09-11T08:00:00-00:00,2017-09-11,1,0,TH_SP15_GEN-APND,TH_SP15_GEN-APND,TH_SP15_GEN-APND,DAM,MCL,LMP_LOSS_PRC,TH_SP15_GEN-APND,ALL_APNODES,0,-1.06334,212
2017-09-11T17:00:00-00:00,2017-09-11T18:00:00-00:00,2017-09-11,11,0,TH_SP15_GEN-APND,TH_SP15_GEN-APND,TH_SP15_GEN-APND,DAM,MCL,LMP_LOSS_PRC,TH_SP15_GEN-APND,ALL_APNODES,0,-1.67127,212
2017-09-11T20:00:00-00:00,2017-09-11T21:00:00-00:00,2017-09-11,14,0,TH_SP15_GEN-APND,TH_SP15_GEN-APND,TH_SP15_GEN-APND,DAM,MCL,LMP_LOSS_PRC,TH_SP15_GEN-APND,ALL_APNODES,0,-2.12061,212
2017-09-11T11:00:00-00:00,2017-09-11T12:00:00-00:00,2017-09-11,5,0,TH_SP15_GEN-APND,TH_SP15_GEN-APND,TH_SP15_GEN-APND,DAM,MCL,LMP_LOSS_PRC,TH_SP15_GEN-APND,ALL_APNODES,0,-0.87552,212
2017-09-11T12:00:00-00:00,2017-09-11T13:00:00-00:00,2017-09-11,6,0,TH_SP15_GEN-APND,TH_SP15_GEN-APND,TH_SP15_GEN-APND,DAM,MCL,LMP_LOSS_PRC,TH_SP15_GEN-APND,ALL_APNODES,0,-0.97022,212
2017-09-11T13:00:00-00:00,2017-09-11T14:00:00-00:00,2017-09-11,7,0,TH_SP15_GEN-APND,TH_SP15_GEN-APND,TH_SP15_GEN-APND,DAM,MCL,LMP_LOSS_PRC,TH_SP15_GEN-APND,ALL_APNODES,0,-1.21965,212
2017-09-11T15:00:00-00:00,2017-09-11T16:00:00-00:00,2017-09-11,9,0,TH_SP15_GEN-APND,TH_SP15_GEN-APND,TH_SP15_GEN-APND,DAM,MCL,LMP_LOSS_PRC,TH_SP15_GEN-APND,ALL_APNODES,0,-1.6889,212
2017-09-11T21:00:00-00:00,2017-09-11T22:00:00-00:00,2017-09-11,15,0,TH_SP15_GEN-APND,TH_SP15_GEN-APND,TH_SP15_GEN-APND,DAM,MCL,LMP_LOSS_PRC,TH_SP15_GEN-APND,ALL_APNODES,0,-2.79523,212
2017-09-11T22:00:00-00:00,2017-09-11T23:00:00-00:00,2017-09-11,16,0,TH_SP15_GEN-APND,TH_SP15_GEN-APND,TH_SP15_GEN-APND,DAM,MCL,LMP_LOSS_PRC,TH_SP15_GEN-APND,ALL_APNODES,0,-2.87269,212
2017-09-11T08:00:00-00:00,2017-09-11T09:00:00-00:00,2017-09-11,2,0,TH_SP15_GEN-APND,TH_SP15_GEN-APND,TH_SP15_GEN-APND,DAM,MCL,LMP_LOSS_PRC,TH_SP15_GEN-APND,ALL_APNODES,0,-0.90472,212
2017-09-11T14:00:00-00:00,2017-09-11T15:00:00-00:00,2017-09-11,8,0,TH_SP15_GEN-APND,TH_SP15_GEN-APND,TH_SP15_GEN-APND,DAM,MCL,LMP_LOSS_PRC,TH_SP15_GEN-APND,ALL_APNODES,0,-1.51656,212
2017-09-12T06:00:00-00:00,2017-09-12T07:00:00-00:00,2017-09-11,24,0,TH_SP15_GEN-APND,TH_SP15_GEN-APND,TH_SP15_GEN-APND,DAM,MCL,LMP_LOSS_PRC,TH_SP15_GEN-APND,ALL_APNODES,0,-1.50864,212
2017-09-11T23:00:00-00:00,2017-09-12T00:00:00-00:00,2017-09-11,17,0,TH_SP15_GEN-APND,TH_SP15_GEN-APND,TH_SP15_GEN-APND,DAM,MCL,LMP_LOSS_PRC,TH_SP15_GEN-APND,ALL_APNODES,0,-3.06478,212
2017-09-12T00:00:00-00:00,2017-09-12T01:00:00-00:00,2017-09-11,18,0,TH_SP15_GEN-APND,TH_SP15_GEN-APND,TH_SP15_GEN-APND,DAM,MCL,LMP_LOSS_PRC,TH_SP15_GEN-APND,ALL_APNODES,0,0,212
2017-09-11T09:00:00-00:00,2017-09-11T10:00:00-00:00,2017-09-11,3,0,TH_SP15_GEN-APND,TH_SP15_GEN-APND,TH_SP15_GEN-APND,DAM,MCL,LMP_LOSS_PRC,TH_SP15_GEN-APND,ALL_APNODES,0,-0.80313,212
2017-09-12T03:00:00-00:00,2017-09-12T04:00:00-00:00,2017-09-11,21,0,TH_SP15_GEN-APND,TH_SP15_GEN-APND,TH_SP15_GEN-APND,DAM,MCL,LMP_LOSS_PRC,TH_SP15_GEN-APND,ALL_APNODES,0,-2.61758,212
2017-09-12T04:00:00-00:00,2017-09-12T05:00:00-00:00,2017-09-11,22,0,TH_SP15_GEN-APND,TH_SP15_GEN-APND,TH_SP15_GEN-APND,DAM,MCL,LMP_LOSS_PRC,TH_SP15_GEN-APND,ALL_APNODES,0,-1.97126,212
2017-09-12T05:00:00-00:00,2017-09-12T06:00:00-00:00,2017-09-11,23,0,TH_SP15_GEN-APND,TH_SP15_GEN-APND,TH_SP15_GEN-APND,DAM,MCL,LMP_LOSS_PRC,TH_SP15_GEN-APND,ALL_APNODES,0,-1.7329,212
2017-09-11T19:00:00-00:00,2017-09-11T20:00:00-00:00,2017-09-11,13,0,TH_SP15_GEN-APND,TH_SP15_GEN-APND,TH_SP15_GEN-APND,DAM,MCL,LMP_LOSS_PRC,TH_SP15_GEN-APND,ALL_APNODES,0,-1.9309,212
2017-09-12T02:00:00-00:00,2017-09-12T03:00:00-00:00,2017-09-11,20,0,TH_SP15_GEN-APND,TH_SP15_GEN-APND,TH_SP15_GEN-APND,DAM,MCL,LMP_LOSS_PRC,TH_SP15_GEN-APND,ALL_APNODES,0,0,212
2017-09-11T10:00:00-00:00,2017-09-11T11:00:00-00:00,2017-09-11,4,0,TH_SP15_GEN-APND,TH_SP15_GEN-APND,TH_SP15_GEN-APND,DAM,MCL,LMP_LOSS_PRC,TH_SP15_GEN-APND,ALL_APNODES,0,-0.78476,212
2017-09-12T01:00:00-00:00,2017-09-12T02:00:00-00:00,2017-09-11,19,0,TH_SP15_GEN-APND,TH_SP15_GEN-APND,TH_SP15_GEN-APND,DAM,MCL,LMP_LOSS_PRC,TH_SP15_GEN-APND,ALL_APNODES,0,0,212
2017-09-11T16:00:00-00:00,2017-09-11T17:00:00-00:00,2017-09-11,10,0,TH_SP15_GEN-APND,TH_SP15_GEN-APND,TH_SP15_GEN-APND,DAM,MCL,LMP_LOSS_PRC,TH_SP15_GEN-APND,ALL_APNODES,0,-1.52363,212
2017-09-11T18:00:00-00:00,2017-09-11T19:00:00-00:00,2017-09-11,12,0,TH_ZP26_GEN-APND,TH_ZP26_GEN-APND,TH_ZP26_GEN-APND,DAM,LMP,LMP_PRC,TH_ZP26_GEN-APND,ALL_APNODES,0,33.53163,213
2017-09-12T00:00:00-00:00,2017-09-12T01:00:00-00:00,2017-09-11,18,0,TH_ZP26_GEN-APND,TH_ZP26_GEN-APND,TH_ZP26_GEN-APND,DAM,LMP,LMP_PRC,TH_ZP26_GEN-APND,ALL_APNODES,0,80.57,213
2017-09-11T13:00:00-00:00,2017-09-11T14:00:00-00:00,2017-09-11,7,0,TH_ZP26_GEN-APND,TH_ZP26_GEN-APND,TH_ZP26_GEN-APND,DAM,LMP,LMP_PRC,TH_ZP26_GEN-APND,ALL_APNODES,0,34.55204,213
2017-09-12T02:00:00-00:00,2017-09-12T03:00:00-00:00,2017-09-11,20,0,TH_ZP26_GEN-APND,TH_ZP26_GEN-APND,TH_ZP26_GEN-APND,DAM,LMP,LMP_PRC,TH_ZP26_GEN-APND,ALL_APNODES,0,90.12,213
2017-09-11T19:00:00-00:00,2017-09-11T20:00:00-00:00,2017-09-11,13,0,TH_ZP26_GEN-APND,TH_ZP26_GEN-APND,TH_ZP26_GEN-APND,DAM,LMP,LMP_PRC,TH_ZP26_GEN-APND,ALL_APNODES,0,32.30115,213
2017-09-11T07:00:00-00:00,2017-09-11T08:00:00-00:00,2017-09-11,1,0,TH_ZP26_GEN-APND,TH_ZP26_GEN-APND,TH_ZP26_GEN-APND,DAM,LMP,LMP_PRC,TH_ZP26_GEN-APND,ALL_APNODES,0,30.29892,213
2017-09-12T05:00:00-00:00,2017-09-12T06:00:00-00:00,2017-09-11,23,0,TH_ZP26_GEN-APND,TH_ZP26_GEN-APND,TH_ZP26_GEN-APND,DAM,LMP,LMP_PRC,TH_ZP26_GEN-APND,ALL_APNODES,0,39.46987,213
2017-09-12T04:00:00-00:00,2017-09-12T05:00:00-00:00,2017-09-11,22,0,TH_ZP26_GEN-APND,TH_ZP26_GEN-APND,TH_ZP26_GEN-APND,DAM,LMP,LMP_PRC,TH_ZP26_GEN-APND,ALL_APNODES,0,45.28692,213
2017-09-12T06:00:00-00:00,2017-09-12T07:00:00-00:00,2017-09-11,24,0,TH_ZP26_GEN-APND,TH_ZP26_GEN-APND,TH_ZP26_GEN-APND,DAM,LMP,LMP_PRC,TH_ZP26_GEN-APND,ALL_APNODES,0,34.63399,213
2017-09-11T12:00:00-00:00,2017-09-11T13:00:00-00:00,2017-09-11,6,0,TH_ZP26_GEN-APND,TH_ZP26_GEN-APND,TH_ZP26_GEN-APND,DAM,LMP,LMP_PRC,TH_ZP26_GEN-APND,ALL_APNODES,0,28.74838,213
2017-09-11T21:00:00-00:00,2017-09-11T22:00:00-00:00,2017-09-11,15,0,TH_ZP26_GEN-APND,TH_ZP26_GEN-APND,TH_ZP26_GEN-APND,DAM,LMP,LMP_PRC,TH_ZP26_GEN-APND,ALL_APNODES,0,38.62571,213
2017-09-12T01:00:00-00:00,2017-09-12T02:00:00-00:00,2017-09-11,19,0,TH_ZP26_GEN-APND,TH_ZP26_GEN-APND,TH_ZP26_GEN-APND,DAM,LMP,LMP_PRC,TH_ZP26_GEN-APND,ALL_APNODES,0,121,213
2017-09-11T17:00:00-00:00,2017-09-11T18:00:00-00:00,2017-09-11,11,0,TH_ZP26_GEN-APND,TH_ZP26_GEN-APND,TH_ZP26_GEN-APND,DAM,LMP,LMP_PRC,TH_ZP26_GEN-APND,ALL_APNODES,0,30.49,213
2017-09-11T15:00:00-00:00,2017-09-11T16:00:00-00:00,2017-09-11,9,0,TH_ZP26_GEN-APND,TH_ZP26_GEN-APND,TH_ZP26_GEN-APND,DAM,LMP,LMP_PRC,TH_ZP26_GEN-APND,ALL_APNODES,0,31.13372,213
2017-09-11T14:00:00-00:00,2017-09-11T15:00:00-00:00,2017-09-11,8,0,TH_ZP26_GEN-APND,TH_ZP26_GEN-APND,TH_ZP26_GEN-APND,DAM,LMP,LMP_PRC,TH_ZP26_GEN-APND,ALL_APNODES,0,35.81319,213
2017-09-12T03:00:00-00:00,2017-09-12T04:00:00-00:00,2017-09-11,21,0,TH_ZP26_GEN-APND,TH_ZP26_GEN-APND,TH_ZP26_GEN-APND,DAM,LMP,LMP_PRC,TH_ZP26_GEN-APND,ALL_APNODES,0,54.90052,213
2017-09-11T10:00:00-00:00,2017-09-11T11:00:00-00:00,2017-09-11,4,0,TH_ZP26_GEN-APND,TH_ZP26_GEN-APND,TH_ZP26_GEN-APND,DAM,LMP,LMP_PRC,TH_ZP26_GEN-APND,ALL_APNODES,0,26.91633,213
2017-09-11T23:00:00-00:00,2017-09-12T00:00:00-00:00,2017-09-11,17,0,TH_ZP26_GEN-APND,TH_ZP26_GEN-APND,TH_ZP26_GEN-APND,DAM,LMP,LMP_PRC,TH_ZP26_GEN-APND,ALL_APNODES,0,50.87551,213
2017-09-11T20:00:00-00:00,2017-09-11T21:00:00-00:00,2017-09-11,14,0,TH_ZP26_GEN-APND,TH_ZP26_GEN-APND,TH_ZP26_GEN-APND,DAM,LMP,LMP_PRC,TH_ZP26_GEN-APND,ALL_APNODES,0,35.78779,213
2017-09-11T09:00:00-00:00,2017-09-11T10:00:00-00:00,2017-09-11,3,0,TH_ZP26_GEN-APND,TH_ZP26_GEN-APND,TH_ZP26_GEN-APND,DAM,LMP,LMP_PRC,TH_ZP26_GEN-APND,ALL_APNODES,0,27.16257,213
2017-09-11T08:00:00-00:00,2017-09-11T09:00:00-00:00,2017-09-11,2,0,TH_ZP26_GEN-APND,TH_ZP26_GEN-APND,TH_ZP26_GEN-APND,DAM,LMP,LMP_PRC,TH_ZP26_GEN-APND,ALL_APNODES,0,27.83813,213
2017-09-11T11:00:00-00:00,2017-09-11T12:00:00-00:00,2017-09-11,5,0,TH_ZP26_GEN-APND,TH_ZP26_GEN-APND,TH_ZP26_GEN-APND,DAM,LMP,LMP_PRC,TH_ZP26_GEN-APND,ALL_APNODES,0,27.27716,213
2017-09-11T22:00:00-00:00,2017-09-11T23:00:00-00:00,2017-09-11,16,0,TH_ZP26_GEN-APND,TH_ZP26_GEN-APND,TH_ZP26_GEN-APND,DAM,LMP,LMP_PRC,TH_ZP26_GEN-APND,ALL_APNODES,0,48.11517,213
2017-09-11T16:00:00-00:00,2017-09-11T17:00:00-00:00,2017-09-11,10,0,TH_ZP26_GEN-APND,TH_ZP26_GEN-APND,TH_ZP26_GEN-APND,DAM,LMP,LMP_PRC,TH_ZP26_GEN-APND,ALL_APNODES,0,29.40154,213
2017-09-11T16:00:00-00:00,2017-09-11T17:00:00-00:00,2017-09-11,10,0,TH_ZP26_GEN-APND,TH_ZP26_GEN-APND,TH_ZP26_GEN-APND,DAM,MCC,LMP_CONG_PRC,TH_ZP26_GEN-APND,ALL_APNODES,0,-1.27625,214
2017-09-12T06:00:00-00:00,2017-09-12T07:00:00-00:00,2017-09-11,24,0,TH_ZP26_GEN-APND,TH_ZP26_GEN-APND,TH_ZP26_GEN-APND,DAM,MCC,LMP_CONG_PRC,TH_ZP26_GEN-APND,ALL_APNODES,0,0,214
2017-09-11T08:00:00-00:00,2017-09-11T09:00:00-00:00,2017-09-11,2,0,TH_ZP26_GEN-APND,TH_ZP26_GEN-APND,TH_ZP26_GEN-APND,DAM,MCC,LMP_CONG_PRC,TH_ZP26_GEN-APND,ALL_APNODES,0,0,214
2017-09-11T13:00:00-00:00,2017-09-11T14:00:00-00:00,2017-09-11,7,0,TH_ZP26_GEN-APND,TH_ZP26_GEN-APND,TH_ZP26_GEN-APND,DAM,MCC,LMP_CONG_PRC,TH_ZP26_GEN-APND,ALL_APNODES,0,0,214
2017-09-11T19:00:00-00:00,2017-09-11T20:00:00-00:00,2017-09-11,13,0,TH_ZP26_GEN-APND,TH_ZP26_GEN-APND,TH_ZP26_GEN-APND,DAM,MCC,LMP_CONG_PRC,TH_ZP26_GEN-APND,ALL_APNODES,0,-3.73209,214
2017-09-11T17:00:00-00:00,2017-09-11T18:00:00-00:00,2017-09-11,11,0,TH_ZP26_GEN-APND,TH_ZP26_GEN-APND,TH_ZP26_GEN-APND,DAM,MCC,LMP_CONG_PRC,TH_ZP26_GEN-APND,ALL_APNODES,0,-1.49892,214
2017-09-12T05:00:00-00:00,2017-09-12T06:00:00-00:00,2017-09-11,23,0,TH_ZP26_GEN-APND,TH_ZP26_GEN-APND,TH_ZP26_GEN-APND,DAM,MCC,LMP_CONG_PRC,TH_ZP26_GEN-APND,ALL_APNODES,0,0,214
2017-09-12T04:00:00-00:00,2017-09-12T05:00:00-00:00,2017-09-11,22,0,TH_ZP26_GEN-APND,TH_ZP26_GEN-APND,TH_ZP26_GEN-APND,DAM,MCC,LMP_CONG_PRC,TH_ZP26_GEN-APND,ALL_APNODES,0,0,214
2017-09-11T12:00:00-00:00,2017-09-11T13:00:00-00:00,2017-09-11,6,0,TH_ZP26_GEN-APND,TH_ZP26_GEN-APND,TH_ZP26_GEN-APND,DAM,MCC,LMP_CONG_PRC,TH_ZP26_GEN-APND,ALL_APNODES,0,0,214
2017-09-11T11:00:00-00:00,2017-09-11T12:00:00-00:00,2017-09-11,5,0,TH_ZP26_GEN-APND,TH_ZP26_GEN-APND,TH_ZP26_GEN-APND,DAM,MCC,LMP_CONG_PRC,TH_ZP26_GEN-APND,ALL_APNODES,0,0,214
2017-09-11T07:00:00-00:00,2017-09-11T08:00:00-00:00,2017-09-11,1,0,TH_ZP26_GEN-APND,TH_ZP26_GEN-APND,TH_ZP26_GEN-APND,DAM,MCC,LMP_CONG_PRC,TH_ZP26_GEN-APND,ALL_APNODES,0,0,214
2017-09-11T18:00:00-00:00,2017-09-11T19:00:00-00:00,2017-09-11,12,0,TH_ZP26_GEN-APND,TH_ZP26_GEN-APND,TH_ZP26_GEN-APND,DAM,MCC,LMP_CONG_PRC,TH_ZP26_GEN-APND,ALL_APNODES,0,-1.31672,214
2017-09-11T20:00:00-00:00,2017-09-11T21:00:00-00:00,2017-09-11,14,0,TH_ZP26_GEN-APND,TH_ZP26_GEN-APND,TH_ZP26_GEN-APND,DAM,MCC,LMP_CONG_PRC,TH_ZP26_GEN-APND,ALL_APNODES,0,-5.09852,214
2017-09-12T01:00:00-00:00,2017-09-12T02:00:00-00:00,2017-09-11,19,0,TH_ZP26_GEN-APND,TH_ZP26_GEN-APND,TH_ZP26_GEN-APND,DAM,MCC,LMP_CONG_PRC,TH_ZP26_GEN-APND,ALL_APNODES,0,0,214
2017-09-11T14:00:00-00:00,2017-09-11T15:00:00-00:00,2017-09-11,8,0,TH_ZP26_GEN-APND,TH_ZP26_GEN-APND,TH_ZP26_GEN-APND,DAM,MCC,LMP_CONG_PRC,TH_ZP26_GEN-APND,ALL_APNODES,0,0,214
2017-09-11T10:00:00-00:00,2017-09-11T11:00:00-00:00,2017-09-11,4,0,TH_ZP26_GEN-APND,TH_ZP26_GEN-APND,TH_ZP26_GEN-APND,DAM,MCC,LMP_CONG_PRC,TH_ZP26_GEN-APND,ALL_APNODES,0,0,214
2017-09-11T22:00:00-00:00,2017-09-11T23:00:00-00:00,2017-09-11,16,0,TH_ZP26_GEN-APND,TH_ZP26_GEN-APND,TH_ZP26_GEN-APND,DAM,MCC,LMP_CONG_PRC,TH_ZP26_GEN-APND,ALL_APNODES,0,-0.72058,214
2017-09-11T21:00:00-00:00,2017-09-11T22:00:00-00:00,2017-09-11,15,0,TH_ZP26_GEN-APND,TH_ZP26_GEN-APND,TH_ZP26_GEN-APND,DAM,MCC,LMP_CONG_PRC,TH_ZP26_GEN-APND,ALL_APNODES,0,-6.69862,214
2017-09-11T15:00:00-00:00,2017-09-11T16:00:00-00:00,2017-09-11,9,0,TH_ZP26_GEN-APND,TH_ZP26_GEN-APND,TH_ZP26_GEN-APND,DAM,MCC,LMP_CONG_PRC,TH_ZP26_GEN-APND,ALL_APNODES,0,-0.7564,214
2017-09-12T03:00:00-00:00,2017-09-12T04:00:00-00:00,2017-09-11,21,0,TH_ZP26_GEN-APND,TH_ZP26_GEN-APND,TH_ZP26_GEN-APND,DAM,MCC,LMP_CONG_PRC,TH_ZP26_GEN-APND,ALL_APNODES,0,0,214
2017-09-11T09:00:00-00:00,2017-09-11T10:00:00-00:00,2017-09-11,3,0,TH_ZP26_GEN-APND,TH_ZP26_GEN-APND,TH_ZP26_GEN-APND,DAM,MCC,LMP_CONG_PRC,TH_ZP26_GEN-APND,ALL_APNODES,0,0,214
2017-09-11T23:00:00-00:00,2017-09-12T00:00:00-00:00,2017-09-11,17,0,TH_ZP26_GEN-APND,TH_ZP26_GEN-APND,TH_ZP26_GEN-APND,DAM,MCC,LMP_CONG_PRC,TH_ZP26_GEN-APND,ALL_APNODES,0,-0.91709,214
2017-09-12T00:00:00-00:00,2017-09-12T01:00:00-00:00,2017-09-11,18,0,TH_ZP26_GEN-APND,TH_ZP26_GEN-APND,TH_ZP26_GEN-APND,DAM,MCC,LMP_CONG_PRC,TH_ZP26_GEN-APND,ALL_APNODES,0,0,214
2017-09-12T02:00:00-00:00,2017-09-12T03:00:00-00:00,2017-09-11,20,0,TH_ZP26_GEN-APND,TH_ZP26_GEN-APND,TH_ZP26_GEN-APND,DAM,MCC,LMP_CONG_PRC,TH_ZP26_GEN-APND,ALL_APNODES,0,0,214
2017-09-11T23:00:00-00:00,2017-09-12T00:00:00-00:00,2017-09-11,17,0,TH_ZP26_GEN-APND,TH_ZP26_GEN-APND,TH_ZP26_GEN-APND,DAM,MCE,LMP_ENE_PRC,TH_ZP26_GEN-APND,ALL_APNODES,0,55.12197,215
2017-09-11T09:00:00-00:00,2017-09-11T10:00:00-00:00,2017-09-11,3,0,TH_ZP26_GEN-APND,TH_ZP26_GEN-APND,TH_ZP26_GEN-APND,DAM,MCE,LMP_ENE_PRC,TH_ZP26_GEN-APND,ALL_APNODES,0,28.17986,215
2017-09-11T13:00:00-00:00,2017-09-11T14:00:00-00:00,2017-09-11,7,0,TH_ZP26_GEN-APND,TH_ZP26_GEN-APND,TH_ZP26_GEN-APND,DAM,MCE,LMP_ENE_PRC,TH_ZP26_GEN-APND,ALL_APNODES,0,35.87214,215
2017-09-12T02:00:00-00:00,2017-09-12T03:00:00-00:00,2017-09-11,20,0,TH_ZP26_GEN-APND,TH_ZP26_GEN-APND,TH_ZP26_GEN-APND,DAM,MCE,LMP_ENE_PRC,TH_ZP26_GEN-APND,ALL_APNODES,0,90.12,215
2017-09-11T21:00:00-00:00,2017-09-11T22:00:00-00:00,2017-09-11,15,0,TH_ZP26_GEN-APND,TH_ZP26_GEN-APND,TH_ZP26_GEN-APND,DAM,MCE,LMP_ENE_PRC,TH_ZP26_GEN-APND,ALL_APNODES,0,48.44414,215
2017-09-11T22:00:00-00:00,2017-09-11T23:00:00-00:00,2017-09-11,16,0,TH_ZP26_GEN-APND,TH_ZP26_GEN-APND,TH_ZP26_GEN-APND,DAM,MCE,LMP_ENE_PRC,TH_ZP26_GEN-APND,ALL_APNODES,0,52.13595,215
2017-09-11T07:00:00-00:00,2017-09-11T08:00:00-00:00,2017-09-11,1,0,TH_ZP26_GEN-APND,TH_ZP26_GEN-APND,TH_ZP26_GEN-APND,DAM,MCE,LMP_ENE_PRC,TH_ZP26_GEN-APND,ALL_APNODES,0,31.45978,215
2017-09-11T08:00:00-00:00,2017-09-11T09:00:00-00:00,2017-09-11,2,0,TH_ZP26_GEN-APND,TH_ZP26_GEN-APND,TH_ZP26_GEN-APND,DAM,MCE,LMP_ENE_PRC,TH_ZP26_GEN-APND,ALL_APNODES,0,28.90472,215
2017-09-11T20:00:00-00:00,2017-09-11T21:00:00-00:00,2017-09-11,14,0,TH_ZP26_GEN-APND,TH_ZP26_GEN-APND,TH_ZP26_GEN-APND,DAM,MCE,LMP_ENE_PRC,TH_ZP26_GEN-APND,ALL_APNODES,0,43.724,215
2017-09-12T03:00:00-00:00,2017-09-12T04:00:00-00:00,2017-09-11,21,0,TH_ZP26_GEN-APND,TH_ZP26_GEN-APND,TH_ZP26_GEN-APND,DAM,MCE,LMP_ENE_PRC,TH_ZP26_GEN-APND,ALL_APNODES,0,57.27754,215
2017-09-11T19:00:00-00:00,2017-09-11T20:00:00-00:00,2017-09-11,13,0,TH_ZP26_GEN-APND,TH_ZP26_GEN-APND,TH_ZP26_GEN-APND,DAM,MCE,LMP_ENE_PRC,TH_ZP26_GEN-APND,ALL_APNODES,0,38.46418,215
2017-09-11T11:00:00-00:00,2017-09-11T12:00:00-00:00,2017-09-11,5,0,TH_ZP26_GEN-APND,TH_ZP26_GEN-APND,TH_ZP26_GEN-APND,DAM,MCE,LMP_ENE_PRC,TH_ZP26_GEN-APND,ALL_APNODES,0,28.33402,215
2017-09-11T12:00:00-00:00,2017-09-11T13:00:00-00:00,2017-09-11,6,0,TH_ZP26_GEN-APND,TH_ZP26_GEN-APND,TH_ZP26_GEN-APND,DAM,MCE,LMP_ENE_PRC,TH_ZP26_GEN-APND,ALL_APNODES,0,29.85294,215
2017-09-12T06:00:00-00:00,2017-09-12T07:00:00-00:00,2017-09-11,24,0,TH_ZP26_GEN-APND,TH_ZP26_GEN-APND,TH_ZP26_GEN-APND,DAM,MCE,LMP_ENE_PRC,TH_ZP26_GEN-APND,ALL_APNODES,0,36.00582,215
2017-09-11T14:00:00-00:00,2017-09-11T15:00:00-00:00,2017-09-11,8,0,TH_ZP26_GEN-APND,TH_ZP26_GEN-APND,TH_ZP26_GEN-APND,DAM,MCE,LMP_ENE_PRC,TH_ZP26_GEN-APND,ALL_APNODES,0,37.44582,215
2017-09-12T04:00:00-00:00,2017-09-12T05:00:00-00:00,2017-09-11,22,0,TH_ZP26_GEN-APND,TH_ZP26_GEN-APND,TH_ZP26_GEN-APND,DAM,MCE,LMP_ENE_PRC,TH_ZP26_GEN-APND,ALL_APNODES,0,47.27236,215
2017-09-12T01:00:00-00:00,2017-09-12T02:00:00-00:00,2017-09-11,19,0,TH_ZP26_GEN-APND,TH_ZP26_GEN-APND,TH_ZP26_GEN-APND,DAM,MCE,LMP_ENE_PRC,TH_ZP26_GEN-APND,ALL_APNODES,0,121,215
2017-09-12T05:00:00-00:00,2017-09-12T06:00:00-00:00,2017-09-11,23,0,TH_ZP26_GEN-APND,TH_ZP26_GEN-APND,TH_ZP26_GEN-APND,DAM,MCE,LMP_ENE_PRC,TH_ZP26_GEN-APND,ALL_APNODES,0,41.16162,215
2017-09-11T17:00:00-00:00,2017-09-11T18:00:00-00:00,2017-09-11,11,0,TH_ZP26_GEN-APND,TH_ZP26_GEN-APND,TH_ZP26_GEN-APND,DAM,MCE,LMP_ENE_PRC,TH_ZP26_GEN-APND,ALL_APNODES,0,34.03801,215
2017-09-12T00:00:00-00:00,2017-09-12T01:00:00-00:00,2017-09-11,18,0,TH_ZP26_GEN-APND,TH_ZP26_GEN-APND,TH_ZP26_GEN-APND,DAM,MCE,LMP_ENE_PRC,TH_ZP26_GEN-APND,ALL_APNODES,0,80.57,215
2017-09-11T10:00:00-00:00,2017-09-11T11:00:00-00:00,2017-09-11,4,0,TH_ZP26_GEN-APND,TH_ZP26_GEN-APND,TH_ZP26_GEN-APND,DAM,MCE,LMP_ENE_PRC,TH_ZP26_GEN-APND,ALL_APNODES,0,27.9273,215
2017-09-11T15:00:00-00:00,2017-09-11T16:00:00-00:00,2017-09-11,9,0,TH_ZP26_GEN-APND,TH_ZP26_GEN-APND,TH_ZP26_GEN-APND,DAM,MCE,LMP_ENE_PRC,TH_ZP26_GEN-APND,ALL_APNODES,0,33.71048,215
2017-09-11T16:00:00-00:00,2017-09-11T17:00:00-00:00,2017-09-11,10,0,TH_ZP26_GEN-APND,TH_ZP26_GEN-APND,TH_ZP26_GEN-APND,DAM,MCE,LMP_ENE_PRC,TH_ZP26_GEN-APND,ALL_APNODES,0,32.55629,215
2017-09-11T18:00:00-00:00,2017-09-11T19:00:00-00:00,2017-09-11,12,0,TH_ZP26_GEN-APND,TH_ZP26_GEN-APND,TH_ZP26_GEN-APND,DAM,MCE,LMP_ENE_PRC,TH_ZP26_GEN-APND,ALL_APNODES,0,37.14781,215
2017-09-12T00:00:00-00:00,2017-09-12T01:00:00-00:00,2017-09-11,18,0,TH_ZP26_GEN-APND,TH_ZP26_GEN-APND,TH_ZP26_GEN-APND,DAM,MCL,LMP_LOSS_PRC,TH_ZP26_GEN-APND,ALL_APNODES,0,0,216
2017-09-11T22:00:00-00:00,2017-09-11T23:00:00-00:00,2017-09-11,16,0,TH_ZP26_GEN-APND,TH_ZP26_GEN-APND,TH_ZP26_GEN-APND,DAM,MCL,LMP_LOSS_PRC,TH_ZP26_GEN-APND,ALL_APNODES,0,-3.30021,216
2017-09-11T07:00:00-00:00,2017-09-11T08:00:00-00:00,2017-09-11,1,0,TH_ZP26_GEN-APND,TH_ZP26_GEN-APND,TH_ZP26_GEN-APND,DAM,MCL,LMP_LOSS_PRC,TH_ZP26_GEN-APND,ALL_APNODES,0,-1.16087,216
2017-09-11T08:00:00-00:00,2017-09-11T09:00:00-00:00,2017-09-11,2,0,TH_ZP26_GEN-APND,TH_ZP26_GEN-APND,TH_ZP26_GEN-APND,DAM,MCL,LMP_LOSS_PRC,TH_ZP26_GEN-APND,ALL_APNODES,0,-1.06658,216
2017-09-12T05:00:00-00:00,2017-09-12T06:00:00-00:00,2017-09-11,23,0,TH_ZP26_GEN-APND,TH_ZP26_GEN-APND,TH_ZP26_GEN-APND,DAM,MCL,LMP_LOSS_PRC,TH_ZP26_GEN-APND,ALL_APNODES,0,-1.69174,216
2017-09-11T20:00:00-00:00,2017-09-11T21:00:00-00:00,2017-09-11,14,0,TH_ZP26_GEN-APND,TH_ZP26_GEN-APND,TH_ZP26_GEN-APND,DAM,MCL,LMP_LOSS_PRC,TH_ZP26_GEN-APND,ALL_APNODES,0,-2.83769,216
2017-09-11T09:00:00-00:00,2017-09-11T10:00:00-00:00,2017-09-11,3,0,TH_ZP26_GEN-APND,TH_ZP26_GEN-APND,TH_ZP26_GEN-APND,DAM,MCL,LMP_LOSS_PRC,TH_ZP26_GEN-APND,ALL_APNODES,0,-1.01729,216
2017-09-12T01:00:00-00:00,2017-09-12T02:00:00-00:00,2017-09-11,19,0,TH_ZP26_GEN-APND,TH_ZP26_GEN-APND,TH_ZP26_GEN-APND,DAM,MCL,LMP_LOSS_PRC,TH_ZP26_GEN-APND,ALL_APNODES,0,0,216
2017-09-12T03:00:00-00:00,2017-09-12T04:00:00-00:00,2017-09-11,21,0,TH_ZP26_GEN-APND,TH_ZP26_GEN-APND,TH_ZP26_GEN-APND,DAM,MCL,LMP_LOSS_PRC,TH_ZP26_GEN-APND,ALL_APNODES,0,-2.37702,216
2017-09-12T06:00:00-00:00,2017-09-12T07:00:00-00:00,2017-09-11,24,0,TH_ZP26_GEN-APND,TH_ZP26_GEN-APND,TH_ZP26_GEN-APND,DAM,MCL,LMP_LOSS_PRC,TH_ZP26_GEN-APND,ALL_APNODES,0,-1.37182,216
2017-09-11T11:00:00-00:00,2017-09-11T12:00:00-00:00,2017-09-11,5,0,TH_ZP26_GEN-APND,TH_ZP26_GEN-APND,TH_ZP26_GEN-APND,DAM,MCL,LMP_LOSS_PRC,TH_ZP26_GEN-APND,ALL_APNODES,0,-1.05686,216
2017-09-11T13:00:00-00:00,2017-09-11T14:00:00-00:00,2017-09-11,7,0,TH_ZP26_GEN-APND,TH_ZP26_GEN-APND,TH_ZP26_GEN-APND,DAM,MCL,LMP_LOSS_PRC,TH_ZP26_GEN-APND,ALL_APNODES,0,-1.32009,216
2017-09-11T19:00:00-00:00,2017-09-11T20:00:00-00:00,2017-09-11,13,0,TH_ZP26_GEN-APND,TH_ZP26_GEN-APND,TH_ZP26_GEN-APND,DAM,MCL,LMP_LOSS_PRC,TH_ZP26_GEN-APND,ALL_APNODES,0,-2.43094,216
2017-09-11T12:00:00-00:00,2017-09-11T13:00:00-00:00,2017-09-11,6,0,TH_ZP26_GEN-APND,TH_ZP26_GEN-APND,TH_ZP26_GEN-APND,DAM,MCL,LMP_LOSS_PRC,TH_ZP26_GEN-APND,ALL_APNODES,0,-1.10456,216
2017-09-11T14:00:00-00:00,2017-09-11T15:00:00-00:00,2017-09-11,8,0,TH_ZP26_GEN-APND,TH_ZP26_GEN-APND,TH_ZP26_GEN-APND,DAM,MCL,LMP_LOSS_PRC,TH_ZP26_GEN-APND,ALL_APNODES,0,-1.63264,216
2017-09-12T02:00:00-00:00,2017-09-12T03:00:00-00:00,2017-09-11,20,0,TH_ZP26_GEN-APND,TH_ZP26_GEN-APND,TH_ZP26_GEN-APND,DAM,MCL,LMP_LOSS_PRC,TH_ZP26_GEN-APND,ALL_APNODES,0,0,216
2017-09-12T04:00:00-00:00,2017-09-12T05:00:00-00:00,2017-09-11,22,0,TH_ZP26_GEN-APND,TH_ZP26_GEN-APND,TH_ZP26_GEN-APND,DAM,MCL,LMP_LOSS_PRC,TH_ZP26_GEN-APND,ALL_APNODES,0,-1.98544,216
2017-09-11T16:00:00-00:00,2017-09-11T17:00:00-00:00,2017-09-11,10,0,TH_ZP26_GEN-APND,TH_ZP26_GEN-APND,TH_ZP26_GEN-APND,DAM,MCL,LMP_LOSS_PRC,TH_ZP26_GEN-APND,ALL_APNODES,0,-1.8785,216
2017-09-11T23:00:00-00:00,2017-09-12T00:00:00-00:00,2017-09-11,17,0,TH_ZP26_GEN-APND,TH_ZP26_GEN-APND,TH_ZP26_GEN-APND,DAM,MCL,LMP_LOSS_PRC,TH_ZP26_GEN-APND,ALL_APNODES,0,-3.32937,216
2017-09-11T10:00:00-00:00,2017-09-11T11:00:00-00:00,2017-09-11,4,0,TH_ZP26_GEN-APND,TH_ZP26_GEN-APND,TH_ZP26_GEN-APND,DAM,MCL,LMP_LOSS_PRC,TH_ZP26_GEN-APND,ALL_APNODES,0,-1.01097,216
2017-09-11T17:00:00-00:00,2017-09-11T18:00:00-00:00,2017-09-11,11,0,TH_ZP26_GEN-APND,TH_ZP26_GEN-APND,TH_ZP26_GEN-APND,DAM,MCL,LMP_LOSS_PRC,TH_ZP26_GEN-APND,ALL_APNODES,0,-2.04909,216
2017-09-11T18:00:00-00:00,2017-09-11T19:00:00-00:00,2017-09-11,12,0,TH_ZP26_GEN-APND,TH_ZP26_GEN-APND,TH_ZP26_GEN-APND,DAM,MCL,LMP_LOSS_PRC,TH_ZP26_GEN-APND,ALL_APNODES,0,-2.29945,216
2017-09-11T21:00:00-00:00,2017-09-11T22:00:00-00:00,2017-09-11,15,0,TH_ZP26_GEN-APND,TH_ZP26_GEN-APND,TH_ZP26_GEN-APND,DAM,MCL,LMP_LOSS_PRC,TH_ZP26_GEN-APND,ALL_APNODES,0,-3.1198,216
2017-09-11T15:00:00-00:00,2017-09-11T16:00:00-00:00,2017-09-11,9,0,TH_ZP26_GEN-APND,TH_ZP26_GEN-APND,TH_ZP26_GEN-APND,DAM,MCL,LMP_LOSS_PRC,TH_ZP26_GEN-APND,ALL_APNODES,0,-1.82037,216
2017-09-11T07:00:00-00:00,2017-09-11T08:00:00-00:00,2017-09-11,1,0,URBAN_6_N005,URBAN_6_N005,URBAN_6_N005,DAM,LMP,LMP_PRC,URBAN_6_N005,ALL,1,31.12316,217
2017-09-12T03:00:00-00:00,2017-09-12T04:00:00-00:00,2017-09-11,21,0,URBAN_6_N005,URBAN_6_N005,URBAN_6_N005,DAM,LMP,LMP_PRC,URBAN_6_N005,ALL,1,56.73913,217
2017-09-11T10:00:00-00:00,2017-09-11T11:00:00-00:00,2017-09-11,4,0,URBAN_6_N005,URBAN_6_N005,URBAN_6_N005,DAM,LMP,LMP_PRC,URBAN_6_N005,ALL,1,27.71505,217
2017-09-11T12:00:00-00:00,2017-09-11T13:00:00-00:00,2017-09-11,6,0,URBAN_6_N005,URBAN_6_N005,URBAN_6_N005,DAM,LMP,LMP_PRC,URBAN_6_N005,ALL,1,29.72159,217
2017-09-11T13:00:00-00:00,2017-09-11T14:00:00-00:00,2017-09-11,7,0,URBAN_6_N005,URBAN_6_N005,URBAN_6_N005,DAM,LMP,LMP_PRC,URBAN_6_N005,ALL,1,35.79322,217
2017-09-12T01:00:00-00:00,2017-09-12T02:00:00-00:00,2017-09-11,19,0,URBAN_6_N005,URBAN_6_N005,URBAN_6_N005,DAM,LMP,LMP_PRC,URBAN_6_N005,ALL,1,121,217
2017-09-11T19:00:00-00:00,2017-09-11T20:00:00-00:00,2017-09-11,13,0,URBAN_6_N005,URBAN_6_N005,URBAN_6_N005,DAM,LMP,LMP_PRC,URBAN_6_N005,ALL,1,24.68613,217
2017-09-11T22:00:00-00:00,2017-09-11T23:00:00-00:00,2017-09-11,16,0,URBAN_6_N005,URBAN_6_N005,URBAN_6_N005,DAM,LMP,LMP_PRC,URBAN_6_N005,ALL,1,48.90911,217
2017-09-12T00:00:00-00:00,2017-09-12T01:00:00-00:00,2017-09-11,18,0,URBAN_6_N005,URBAN_6_N005,URBAN_6_N005,DAM,LMP,LMP_PRC,URBAN_6_N005,ALL,1,80.57,217
2017-09-12T05:00:00-00:00,2017-09-12T06:00:00-00:00,2017-09-11,23,0,URBAN_6_N005,URBAN_6_N005,URBAN_6_N005,DAM,LMP,LMP_PRC,URBAN_6_N005,ALL,1,40.6471,217
2017-09-12T06:00:00-00:00,2017-09-12T07:00:00-00:00,2017-09-11,24,0,URBAN_6_N005,URBAN_6_N005,URBAN_6_N005,DAM,LMP,LMP_PRC,URBAN_6_N005,ALL,1,35.35051,217
2017-09-11T17:00:00-00:00,2017-09-11T18:00:00-00:00,2017-09-11,11,0,URBAN_6_N005,URBAN_6_N005,URBAN_6_N005,DAM,LMP,LMP_PRC,URBAN_6_N005,ALL,1,20.75035,217
2017-09-11T21:00:00-00:00,2017-09-11T22:00:00-00:00,2017-09-11,15,0,URBAN_6_N005,URBAN_6_N005,URBAN_6_N005,DAM,LMP,LMP_PRC,URBAN_6_N005,ALL,1,40.96637,217
2017-09-11T09:00:00-00:00,2017-09-11T10:00:00-00:00,2017-09-11,3,0,URBAN_6_N005,URBAN_6_N005,URBAN_6_N005,DAM,LMP,LMP_PRC,URBAN_6_N005,ALL,1,27.9516,217
2017-09-12T02:00:00-00:00,2017-09-12T03:00:00-00:00,2017-09-11,20,0,URBAN_6_N005,URBAN_6_N005,URBAN_6_N005,DAM,LMP,LMP_PRC,URBAN_6_N005,ALL,1,90.12,217
2017-09-11T16:00:00-00:00,2017-09-11T17:00:00-00:00,2017-09-11,10,0,URBAN_6_N005,URBAN_6_N005,URBAN_6_N005,DAM,LMP,LMP_PRC,URBAN_6_N005,ALL,1,19.48808,217
2017-09-11T18:00:00-00:00,2017-09-11T19:00:00-00:00,2017-09-11,12,0,URBAN_6_N005,URBAN_6_N005,URBAN_6_N005,DAM,LMP,LMP_PRC,URBAN_6_N005,ALL,1,23.95833,217
2017-09-11T23:00:00-00:00,2017-09-12T00:00:00-00:00,2017-09-11,17,0,URBAN_6_N005,URBAN_6_N005,URBAN_6_N005,DAM,LMP,LMP_PRC,URBAN_6_N005,ALL,1,50.626,217
2017-09-11T11:00:00-00:00,2017-09-11T12:00:00-00:00,2017-09-11,5,0,URBAN_6_N005,URBAN_6_N005,URBAN_6_N005,DAM,LMP,LMP_PRC,URBAN_6_N005,ALL,1,28.19235,217
2017-09-12T04:00:00-00:00,2017-09-12T05:00:00-00:00,2017-09-11,22,0,URBAN_6_N005,URBAN_6_N005,URBAN_6_N005,DAM,LMP,LMP_PRC,URBAN_6_N005,ALL,1,46.86582,217
2017-09-11T08:00:00-00:00,2017-09-11T09:00:00-00:00,2017-09-11,2,0,URBAN_6_N005,URBAN_6_N005,URBAN_6_N005,DAM,LMP,LMP_PRC,URBAN_6_N005,ALL,1,28.60122,217
2017-09-11T14:00:00-00:00,2017-09-11T15:00:00-00:00,2017-09-11,8,0,URBAN_6_N005,URBAN_6_N005,URBAN_6_N005,DAM,LMP,LMP_PRC,URBAN_6_N005,ALL,1,33.35555,217
2017-09-11T15:00:00-00:00,2017-09-11T16:00:00-00:00,2017-09-11,9,0,URBAN_6_N005,URBAN_6_N005,URBAN_6_N005,DAM,LMP,LMP_PRC,URBAN_6_N005,ALL,1,18.17729,217
2017-09-11T20:00:00-00:00,2017-09-11T21:00:00-00:00,2017-09-11,14,0,URBAN_6_N005,URBAN_6_N005,URBAN_6_N005,DAM,LMP,LMP_PRC,URBAN_6_N005,ALL,1,35.877,217
2017-09-11T13:00:00-00:00,2017-09-11T14:00:00-00:00,2017-09-11,7,0,URBAN_6_N005,URBAN_6_N005,URBAN_6_N005,DAM,MCC,LMP_CONG_PRC,URBAN_6_N005,ALL,1,0,218
2017-09-11T14:00:00-00:00,2017-09-11T15:00:00-00:00,2017-09-11,8,0,URBAN_6_N005,URBAN_6_N005,URBAN_6_N005,DAM,MCC,LMP_CONG_PRC,URBAN_6_N005,ALL,1,-3.80943,218
2017-09-11T15:00:00-00:00,2017-09-11T16:00:00-00:00,2017-09-11,9,0,URBAN_6_N005,URBAN_6_N005,URBAN_6_N005,DAM,MCC,LMP_CONG_PRC,URBAN_6_N005,ALL,1,-15.16237,218
2017-09-11T07:00:00-00:00,2017-09-11T08:00:00-00:00,2017-09-11,1,0,URBAN_6_N005,URBAN_6_N005,URBAN_6_N005,DAM,MCC,LMP_CONG_PRC,URBAN_6_N005,ALL,1,0,218
2017-09-11T10:00:00-00:00,2017-09-11T11:00:00-00:00,2017-09-11,4,0,URBAN_6_N005,URBAN_6_N005,URBAN_6_N005,DAM,MCC,LMP_CONG_PRC,URBAN_6_N005,ALL,1,0,218
2017-09-11T21:00:00-00:00,2017-09-11T22:00:00-00:00,2017-09-11,15,0,URBAN_6_N005,URBAN_6_N005,URBAN_6_N005,DAM,MCC,LMP_CONG_PRC,URBAN_6_N005,ALL,1,-6.39262,218
2017-09-11T23:00:00-00:00,2017-09-12T00:00:00-00:00,2017-09-11,17,0,URBAN_6_N005,URBAN_6_N005,URBAN_6_N005,DAM,MCC,LMP_CONG_PRC,URBAN_6_N005,ALL,1,-3.3329,218
2017-09-12T00:00:00-00:00,2017-09-12T01:00:00-00:00,2017-09-11,18,0,URBAN_6_N005,URBAN_6_N005,URBAN_6_N005,DAM,MCC,LMP_CONG_PRC,URBAN_6_N005,ALL,1,0,218
2017-09-11T09:00:00-00:00,2017-09-11T10:00:00-00:00,2017-09-11,3,0,URBAN_6_N005,URBAN_6_N005,URBAN_6_N005,DAM,MCC,LMP_CONG_PRC,URBAN_6_N005,ALL,1,0,218
2017-09-12T04:00:00-00:00,2017-09-12T05:00:00-00:00,2017-09-11,22,0,URBAN_6_N005,URBAN_6_N005,URBAN_6_N005,DAM,MCC,LMP_CONG_PRC,URBAN_6_N005,ALL,1,0,218
2017-09-11T19:00:00-00:00,2017-09-11T20:00:00-00:00,2017-09-11,13,0,URBAN_6_N005,URBAN_6_N005,URBAN_6_N005,DAM,MCC,LMP_CONG_PRC,URBAN_6_N005,ALL,1,-13.29725,218
2017-09-11T08:00:00-00:00,2017-09-11T09:00:00-00:00,2017-09-11,2,0,URBAN_6_N005,URBAN_6_N005,URBAN_6_N005,DAM,MCC,LMP_CONG_PRC,URBAN_6_N005,ALL,1,0,218
2017-09-11T11:00:00-00:00,2017-09-11T12:00:00-00:00,2017-09-11,5,0,URBAN_6_N005,URBAN_6_N005,URBAN_6_N005,DAM,MCC,LMP_CONG_PRC,URBAN_6_N005,ALL,1,0,218
2017-09-12T01:00:00-00:00,2017-09-12T02:00:00-00:00,2017-09-11,19,0,URBAN_6_N005,URBAN_6_N005,URBAN_6_N005,DAM,MCC,LMP_CONG_PRC,URBAN_6_N005,ALL,1,0,218
2017-09-12T05:00:00-00:00,2017-09-12T06:00:00-00:00,2017-09-11,23,0,URBAN_6_N005,URBAN_6_N005,URBAN_6_N005,DAM,MCC,LMP_CONG_PRC,URBAN_6_N005,ALL,1,0,218
2017-09-12T06:00:00-00:00,2017-09-12T07:00:00-00:00,2017-09-11,24,0,URBAN_6_N005,URBAN_6_N005,URBAN_6_N005,DAM,MCC,LMP_CONG_PRC,URBAN_6_N005,ALL,1,0,218
2017-09-11T12:00:00-00:00,2017-09-11T13:00:00-00:00,2017-09-11,6,0,URBAN_6_N005,URBAN_6_N005,URBAN_6_N005,DAM,MCC,LMP_CONG_PRC,URBAN_6_N005,ALL,1,0,218
2017-09-12T03:00:00-00:00,2017-09-12T04:00:00-00:00,2017-09-11,21,0,URBAN_6_N005,URBAN_6_N005,URBAN_6_N005,DAM,MCC,LMP_CONG_PRC,URBAN_6_N005,ALL,1,0,218
2017-09-11T20:00:00-00:00,2017-09-11T21:00:00-00:00,2017-09-11,14,0,URBAN_6_N005,URBAN_6_N005,URBAN_6_N005,DAM,MCC,LMP_CONG_PRC,URBAN_6_N005,ALL,1,-7.29171,218
2017-09-12T02:00:00-00:00,2017-09-12T03:00:00-00:00,2017-09-11,20,0,URBAN_6_N005,URBAN_6_N005,URBAN_6_N005,DAM,MCC,LMP_CONG_PRC,URBAN_6_N005,ALL,1,0,218
2017-09-11T16:00:00-00:00,2017-09-11T17:00:00-00:00,2017-09-11,10,0,URBAN_6_N005,URBAN_6_N005,URBAN_6_N005,DAM,MCC,LMP_CONG_PRC,URBAN_6_N005,ALL,1,-12.83381,218
2017-09-11T17:00:00-00:00,2017-09-11T18:00:00-00:00,2017-09-11,11,0,URBAN_6_N005,URBAN_6_N005,URBAN_6_N005,DAM,MCC,LMP_CONG_PRC,URBAN_6_N005,ALL,1,-12.89622,218
2017-09-11T18:00:00-00:00,2017-09-11T19:00:00-00:00,2017-09-11,12,0,URBAN_6_N005,URBAN_6_N005,URBAN_6_N005,DAM,MCC,LMP_CONG_PRC,URBAN_6_N005,ALL,1,-12.85143,218
2017-09-11T22:00:00-00:00,2017-09-11T23:00:00-00:00,2017-09-11,16,0,URBAN_6_N005,URBAN_6_N005,URBAN_6_N005,DAM,MCC,LMP_CONG_PRC,URBAN_6_N005,ALL,1,-2.27275,218
2017-09-11T15:00:00-00:00,2017-09-11T16:00:00-00:00,2017-09-11,9,0,URBAN_6_N005,URBAN_6_N005,URBAN_6_N005,DAM,MCE,LMP_ENE_PRC,URBAN_6_N005,ALL,1,33.71048,219
2017-09-12T04:00:00-00:00,2017-09-12T05:00:00-00:00,2017-09-11,22,0,URBAN_6_N005,URBAN_6_N005,URBAN_6_N005,DAM,MCE,LMP_ENE_PRC,URBAN_6_N005,ALL,1,47.27236,219
2017-09-11T14:00:00-00:00,2017-09-11T15:00:00-00:00,2017-09-11,8,0,URBAN_6_N005,URBAN_6_N005,URBAN_6_N005,DAM,MCE,LMP_ENE_PRC,URBAN_6_N005,ALL,1,37.44582,219
2017-09-11T19:00:00-00:00,2017-09-11T20:00:00-00:00,2017-09-11,13,0,URBAN_6_N005,URBAN_6_N005,URBAN_6_N005,DAM,MCE,LMP_ENE_PRC,URBAN_6_N005,ALL,1,38.46418,219
2017-09-11T18:00:00-00:00,2017-09-11T19:00:00-00:00,2017-09-11,12,0,URBAN_6_N005,URBAN_6_N005,URBAN_6_N005,DAM,MCE,LMP_ENE_PRC,URBAN_6_N005,ALL,1,37.14781,219
2017-09-11T09:00:00-00:00,2017-09-11T10:00:00-00:00,2017-09-11,3,0,URBAN_6_N005,URBAN_6_N005,URBAN_6_N005,DAM,MCE,LMP_ENE_PRC,URBAN_6_N005,ALL,1,28.17986,219
2017-09-11T23:00:00-00:00,2017-09-12T00:00:00-00:00,2017-09-11,17,0,URBAN_6_N005,URBAN_6_N005,URBAN_6_N005,DAM,MCE,LMP_ENE_PRC,URBAN_6_N005,ALL,1,55.12197,219
2017-09-11T12:00:00-00:00,2017-09-11T13:00:00-00:00,2017-09-11,6,0,URBAN_6_N005,URBAN_6_N005,URBAN_6_N005,DAM,MCE,LMP_ENE_PRC,URBAN_6_N005,ALL,1,29.85294,219
2017-09-11T11:00:00-00:00,2017-09-11T12:00:00-00:00,2017-09-11,5,0,URBAN_6_N005,URBAN_6_N005,URBAN_6_N005,DAM,MCE,LMP_ENE_PRC,URBAN_6_N005,ALL,1,28.33402,219
2017-09-11T22:00:00-00:00,2017-09-11T23:00:00-00:00,2017-09-11,16,0,URBAN_6_N005,URBAN_6_N005,URBAN_6_N005,DAM,MCE,LMP_ENE_PRC,URBAN_6_N005,ALL,1,52.13595,219
2017-09-11T21:00:00-00:00,2017-09-11T22:00:00-00:00,2017-09-11,15,0,URBAN_6_N005,URBAN_6_N005,URBAN_6_N005,DAM,MCE,LMP_ENE_PRC,URBAN_6_N005,ALL,1,48.44414,219
2017-09-11T17:00:00-00:00,2017-09-11T18:00:00-00:00,2017-09-11,11,0,URBAN_6_N005,URBAN_6_N005,URBAN_6_N005,DAM,MCE,LMP_ENE_PRC,URBAN_6_N005,ALL,1,34.03801,219
2017-09-11T16:00:00-00:00,2017-09-11T17:00:00-00:00,2017-09-11,10,0,URBAN_6_N005,URBAN_6_N005,URBAN_6_N005,DAM,MCE,LMP_ENE_PRC,URBAN_6_N005,ALL,1,32.55629,219
2017-09-12T05:00:00-00:00,2017-09-12T06:00:00-00:00,2017-09-11,23,0,URBAN_6_N005,URBAN_6_N005,URBAN_6_N005,DAM,MCE,LMP_ENE_PRC,URBAN_6_N005,ALL,1,41.16162,219
2017-09-12T03:00:00-00:00,2017-09-12T04:00:00-00:00,2017-09-11,21,0,URBAN_6_N005,URBAN_6_N005,URBAN_6_N005,DAM,MCE,LMP_ENE_PRC,URBAN_6_N005,ALL,1,57.27754,219
2017-09-11T13:00:00-00:00,2017-09-11T14:00:00-00:00,2017-09-11,7,0,URBAN_6_N005,URBAN_6_N005,URBAN_6_N005,DAM,MCE,LMP_ENE_PRC,URBAN_6_N005,ALL,1,35.87214,219
2017-09-11T10:00:00-00:00,2017-09-11T11:00:00-00:00,2017-09-11,4,0,URBAN_6_N005,URBAN_6_N005,URBAN_6_N005,DAM,MCE,LMP_ENE_PRC,URBAN_6_N005,ALL,1,27.9273,219
2017-09-12T02:00:00-00:00,2017-09-12T03:00:00-00:00,2017-09-11,20,0,URBAN_6_N005,URBAN_6_N005,URBAN_6_N005,DAM,MCE,LMP_ENE_PRC,URBAN_6_N005,ALL,1,90.12,219
2017-09-12T00:00:00-00:00,2017-09-12T01:00:00-00:00,2017-09-11,18,0,URBAN_6_N005,URBAN_6_N005,URBAN_6_N005,DAM,MCE,LMP_ENE_PRC,URBAN_6_N005,ALL,1,80.57,219
2017-09-11T07:00:00-00:00,2017-09-11T08:00:00-00:00,2017-09-11,1,0,URBAN_6_N005,URBAN_6_N005,URBAN_6_N005,DAM,MCE,LMP_ENE_PRC,URBAN_6_N005,ALL,1,31.45978,219
2017-09-12T01:00:00-00:00,2017-09-12T02:00:00-00:00,2017-09-11,19,0,URBAN_6_N005,URBAN_6_N005,URBAN_6_N005,DAM,MCE,LMP_ENE_PRC,URBAN_6_N005,ALL,1,121,219
2017-09-11T20:00:00-00:00,2017-09-11T21:00:00-00:00,2017-09-11,14,0,URBAN_6_N005,URBAN_6_N005,URBAN_6_N005,DAM,MCE,LMP_ENE_PRC,URBAN_6_N005,ALL,1,43.724,219
2017-09-12T06:00:00-00:00,2017-09-12T07:00:00-00:00,2017-09-11,24,0,URBAN_6_N005,URBAN_6_N005,URBAN_6_N005,DAM,MCE,LMP_ENE_PRC,URBAN_6_N005,ALL,1,36.00582,219
2017-09-11T08:00:00-00:00,2017-09-11T09:00:00-00:00,2017-09-11,2,0,URBAN_6_N005,URBAN_6_N005,URBAN_6_N005,DAM,MCE,LMP_ENE_PRC,URBAN_6_N005,ALL,1,28.90472,219
2017-09-11T12:00:00-00:00,2017-09-11T13:00:00-00:00,2017-09-11,6,0,URBAN_6_N005,URBAN_6_N005,URBAN_6_N005,DAM,MCL,LMP_LOSS_PRC,URBAN_6_N005,ALL,1,-0.13135,220
2017-09-11T21:00:00-00:00,2017-09-11T22:00:00-00:00,2017-09-11,15,0,URBAN_6_N005,URBAN_6_N005,URBAN_6_N005,DAM,MCL,LMP_LOSS_PRC,URBAN_6_N005,ALL,1,-1.08515,220
2017-09-12T05:00:00-00:00,2017-09-12T06:00:00-00:00,2017-09-11,23,0,URBAN_6_N005,URBAN_6_N005,URBAN_6_N005,DAM,MCL,LMP_LOSS_PRC,URBAN_6_N005,ALL,1,-0.51452,220
2017-09-11T14:00:00-00:00,2017-09-11T15:00:00-00:00,2017-09-11,8,0,URBAN_6_N005,URBAN_6_N005,URBAN_6_N005,DAM,MCL,LMP_LOSS_PRC,URBAN_6_N005,ALL,1,-0.28084,220
2017-09-12T00:00:00-00:00,2017-09-12T01:00:00-00:00,2017-09-11,18,0,URBAN_6_N005,URBAN_6_N005,URBAN_6_N005,DAM,MCL,LMP_LOSS_PRC,URBAN_6_N005,ALL,1,0,220
2017-09-12T01:00:00-00:00,2017-09-12T02:00:00-00:00,2017-09-11,19,0,URBAN_6_N005,URBAN_6_N005,URBAN_6_N005,DAM,MCL,LMP_LOSS_PRC,URBAN_6_N005,ALL,1,0,220
2017-09-11T10:00:00-00:00,2017-09-11T11:00:00-00:00,2017-09-11,4,0,URBAN_6_N005,URBAN_6_N005,URBAN_6_N005,DAM,MCL,LMP_LOSS_PRC,URBAN_6_N005,ALL,1,-0.21225,220
2017-09-11T08:00:00-00:00,2017-09-11T09:00:00-00:00,2017-09-11,2,0,URBAN_6_N005,URBAN_6_N005,URBAN_6_N005,DAM,MCL,LMP_LOSS_PRC,URBAN_6_N005,ALL,1,-0.3035,220
2017-09-11T20:00:00-00:00,2017-09-11T21:00:00-00:00,2017-09-11,14,0,URBAN_6_N005,URBAN_6_N005,URBAN_6_N005,DAM,MCL,LMP_LOSS_PRC,URBAN_6_N005,ALL,1,-0.55529,220
2017-09-11T17:00:00-00:00,2017-09-11T18:00:00-00:00,2017-09-11,11,0,URBAN_6_N005,URBAN_6_N005,URBAN_6_N005,DAM,MCL,LMP_LOSS_PRC,URBAN_6_N005,ALL,1,-0.39144,220
2017-09-12T02:00:00-00:00,2017-09-12T03:00:00-00:00,2017-09-11,20,0,URBAN_6_N005,URBAN_6_N005,URBAN_6_N005,DAM,MCL,LMP_LOSS_PRC,URBAN_6_N005,ALL,1,0,220
2017-09-12T04:00:00-00:00,2017-09-12T05:00:00-00:00,2017-09-11,22,0,URBAN_6_N005,URBAN_6_N005,URBAN_6_N005,DAM,MCL,LMP_LOSS_PRC,URBAN_6_N005,ALL,1,-0.40654,220
2017-09-11T18:00:00-00:00,2017-09-11T19:00:00-00:00,2017-09-11,12,0,URBAN_6_N005,URBAN_6_N005,URBAN_6_N005,DAM,MCL,LMP_LOSS_PRC,URBAN_6_N005,ALL,1,-0.33805,220
2017-09-11T15:00:00-00:00,2017-09-11T16:00:00-00:00,2017-09-11,9,0,URBAN_6_N005,URBAN_6_N005,URBAN_6_N005,DAM,MCL,LMP_LOSS_PRC,URBAN_6_N005,ALL,1,-0.37082,220
2017-09-11T09:00:00-00:00,2017-09-11T10:00:00-00:00,2017-09-11,3,0,URBAN_6_N005,URBAN_6_N005,URBAN_6_N005,DAM,MCL,LMP_LOSS_PRC,URBAN_6_N005,ALL,1,-0.22826,220
2017-09-11T07:00:00-00:00,2017-09-11T08:00:00-00:00,2017-09-11,1,0,URBAN_6_N005,URBAN_6_N005,URBAN_6_N005,DAM,MCL,LMP_LOSS_PRC,URBAN_6_N005,ALL,1,-0.33662,220
2017-09-11T23:00:00-00:00,2017-09-12T00:00:00-00:00,2017-09-11,17,0,URBAN_6_N005,URBAN_6_N005,URBAN_6_N005,DAM,MCL,LMP_LOSS_PRC,URBAN_6_N005,ALL,1,-1.16307,220
2017-09-11T19:00:00-00:00,2017-09-11T20:00:00-00:00,2017-09-11,13,0,URBAN_6_N005,URBAN_6_N005,URBAN_6_N005,DAM,MCL,LMP_LOSS_PRC,URBAN_6_N005,ALL,1,-0.4808,220
2017-09-11T16:00:00-00:00,2017-09-11T17:00:00-00:00,2017-09-11,10,0,URBAN_6_N005,URBAN_6_N005,URBAN_6_N005,DAM,MCL,LMP_LOSS_PRC,URBAN_6_N005,ALL,1,-0.23441,220
2017-09-12T06:00:00-00:00,2017-09-12T07:00:00-00:00,2017-09-11,24,0,URBAN_6_N005,URBAN_6_N005,URBAN_6_N005,DAM,MCL,LMP_LOSS_PRC,URBAN_6_N005,ALL,1,-0.65531,220
2017-09-12T03:00:00-00:00,2017-09-12T04:00:00-00:00,2017-09-11,21,0,URBAN_6_N005,URBAN_6_N005,URBAN_6_N005,DAM,MCL,LMP_LOSS_PRC,URBAN_6_N005,ALL,1,-0.53841,220
2017-09-11T13:00:00-00:00,2017-09-11T14:00:00-00:00,2017-09-11,7,0,URBAN_6_N005,URBAN_6_N005,URBAN_6_N005,DAM,MCL,LMP_LOSS_PRC,URBAN_6_N005,ALL,1,-0.07892,220
2017-09-11T22:00:00-00:00,2017-09-11T23:00:00-00:00,2017-09-11,16,0,URBAN_6_N005,URBAN_6_N005,URBAN_6_N005,DAM,MCL,LMP_LOSS_PRC,URBAN_6_N005,ALL,1,-0.95409,220
2017-09-11T11:00:00-00:00,2017-09-11T12:00:00-00:00,2017-09-11,5,0,URBAN_6_N005,URBAN_6_N005,URBAN_6_N005,DAM,MCL,LMP_LOSS_PRC,URBAN_6_N005,ALL,1,-0.14167,220
2017-09-13T01:00:00-00:00,2017-09-13T02:00:00-00:00,2017-09-12,19,0,BAYSHOR2_1_N001,BAYSHOR2_1_N001,BAYSHOR2_1_N001,DAM,LMP,LMP_PRC,BAYSHOR2_1_N001,ALL,1,88.93457,221
2017-09-12T21:00:00-00:00,2017-09-12T22:00:00-00:00,2017-09-12,15,0,BAYSHOR2_1_N001,BAYSHOR2_1_N001,BAYSHOR2_1_N001,DAM,LMP,LMP_PRC,BAYSHOR2_1_N001,ALL,1,45.87806,221
2017-09-12T07:00:00-00:00,2017-09-12T08:00:00-00:00,2017-09-12,1,0,BAYSHOR2_1_N001,BAYSHOR2_1_N001,BAYSHOR2_1_N001,DAM,LMP,LMP_PRC,BAYSHOR2_1_N001,ALL,1,35.99074,221
2017-09-12T10:00:00-00:00,2017-09-12T11:00:00-00:00,2017-09-12,4,0,BAYSHOR2_1_N001,BAYSHOR2_1_N001,BAYSHOR2_1_N001,DAM,LMP,LMP_PRC,BAYSHOR2_1_N001,ALL,1,29.4691,221
2017-09-13T02:00:00-00:00,2017-09-13T03:00:00-00:00,2017-09-12,20,0,BAYSHOR2_1_N001,BAYSHOR2_1_N001,BAYSHOR2_1_N001,DAM,LMP,LMP_PRC,BAYSHOR2_1_N001,ALL,1,67.77052,221
2017-09-13T05:00:00-00:00,2017-09-13T06:00:00-00:00,2017-09-12,23,0,BAYSHOR2_1_N001,BAYSHOR2_1_N001,BAYSHOR2_1_N001,DAM,LMP,LMP_PRC,BAYSHOR2_1_N001,ALL,1,42.07552,221
2017-09-12T08:00:00-00:00,2017-09-12T09:00:00-00:00,2017-09-12,2,0,BAYSHOR2_1_N001,BAYSHOR2_1_N001,BAYSHOR2_1_N001,DAM,LMP,LMP_PRC,BAYSHOR2_1_N001,ALL,1,33.13727,221
2017-09-12T16:00:00-00:00,2017-09-12T17:00:00-00:00,2017-09-12,10,0,BAYSHOR2_1_N001,BAYSHOR2_1_N001,BAYSHOR2_1_N001,DAM,LMP,LMP_PRC,BAYSHOR2_1_N001,ALL,1,34.41491,221
2017-09-12T11:00:00-00:00,2017-09-12T12:00:00-00:00,2017-09-12,5,0,BAYSHOR2_1_N001,BAYSHOR2_1_N001,BAYSHOR2_1_N001,DAM,LMP,LMP_PRC,BAYSHOR2_1_N001,ALL,1,30.16299,221
2017-09-13T04:00:00-00:00,2017-09-13T05:00:00-00:00,2017-09-12,22,0,BAYSHOR2_1_N001,BAYSHOR2_1_N001,BAYSHOR2_1_N001,DAM,LMP,LMP_PRC,BAYSHOR2_1_N001,ALL,1,47.79977,221
2017-09-13T06:00:00-00:00,2017-09-13T07:00:00-00:00,2017-09-12,24,0,BAYSHOR2_1_N001,BAYSHOR2_1_N001,BAYSHOR2_1_N001,DAM,LMP,LMP_PRC,BAYSHOR2_1_N001,ALL,1,36.89563,221
2017-09-12T14:00:00-00:00,2017-09-12T15:00:00-00:00,2017-09-12,8,0,BAYSHOR2_1_N001,BAYSHOR2_1_N001,BAYSHOR2_1_N001,DAM,LMP,LMP_PRC,BAYSHOR2_1_N001,ALL,1,40.90862,221
2017-09-12T18:00:00-00:00,2017-09-12T19:00:00-00:00,2017-09-12,12,0,BAYSHOR2_1_N001,BAYSHOR2_1_N001,BAYSHOR2_1_N001,DAM,LMP,LMP_PRC,BAYSHOR2_1_N001,ALL,1,39.83573,221
2017-09-12T22:00:00-00:00,2017-09-12T23:00:00-00:00,2017-09-12,16,0,BAYSHOR2_1_N001,BAYSHOR2_1_N001,BAYSHOR2_1_N001,DAM,LMP,LMP_PRC,BAYSHOR2_1_N001,ALL,1,50.04809,221
2017-09-12T12:00:00-00:00,2017-09-12T13:00:00-00:00,2017-09-12,6,0,BAYSHOR2_1_N001,BAYSHOR2_1_N001,BAYSHOR2_1_N001,DAM,LMP,LMP_PRC,BAYSHOR2_1_N001,ALL,1,34.15938,221
2017-09-12T13:00:00-00:00,2017-09-12T14:00:00-00:00,2017-09-12,7,0,BAYSHOR2_1_N001,BAYSHOR2_1_N001,BAYSHOR2_1_N001,DAM,LMP,LMP_PRC,BAYSHOR2_1_N001,ALL,1,40.80411,221
2017-09-12T19:00:00-00:00,2017-09-12T20:00:00-00:00,2017-09-12,13,0,BAYSHOR2_1_N001,BAYSHOR2_1_N001,BAYSHOR2_1_N001,DAM,LMP,LMP_PRC,BAYSHOR2_1_N001,ALL,1,39.65165,221
2017-09-12T09:00:00-00:00,2017-09-12T10:00:00-00:00,2017-09-12,3,0,BAYSHOR2_1_N001,BAYSHOR2_1_N001,BAYSHOR2_1_N001,DAM,LMP,LMP_PRC,BAYSHOR2_1_N001,ALL,1,30.43167,221
2017-09-12T23:00:00-00:00,2017-09-13T00:00:00-00:00,2017-09-12,17,0,BAYSHOR2_1_N001,BAYSHOR2_1_N001,BAYSHOR2_1_N001,DAM,LMP,LMP_PRC,BAYSHOR2_1_N001,ALL,1,52.54867,221
2017-09-13T03:00:00-00:00,2017-09-13T04:00:00-00:00,2017-09-12,21,0,BAYSHOR2_1_N001,BAYSHOR2_1_N001,BAYSHOR2_1_N001,DAM,LMP,LMP_PRC,BAYSHOR2_1_N001,ALL,1,51.46614,221
2017-09-13T00:00:00-00:00,2017-09-13T01:00:00-00:00,2017-09-12,18,0,BAYSHOR2_1_N001,BAYSHOR2_1_N001,BAYSHOR2_1_N001,DAM,LMP,LMP_PRC,BAYSHOR2_1_N001,ALL,1,61.64472,221
2017-09-12T17:00:00-00:00,2017-09-12T18:00:00-00:00,2017-09-12,11,0,BAYSHOR2_1_N001,BAYSHOR2_1_N001,BAYSHOR2_1_N001,DAM,LMP,LMP_PRC,BAYSHOR2_1_N001,ALL,1,34.91408,221
2017-09-12T20:00:00-00:00,2017-09-12T21:00:00-00:00,2017-09-12,14,0,BAYSHOR2_1_N001,BAYSHOR2_1_N001,BAYSHOR2_1_N001,DAM,LMP,LMP_PRC,BAYSHOR2_1_N001,ALL,1,41.44501,221
2017-09-12T15:00:00-00:00,2017-09-12T16:00:00-00:00,2017-09-12,9,0,BAYSHOR2_1_N001,BAYSHOR2_1_N001,BAYSHOR2_1_N001,DAM,LMP,LMP_PRC,BAYSHOR2_1_N001,ALL,1,35.42418,221
2017-09-12T17:00:00-00:00,2017-09-12T18:00:00-00:00,2017-09-12,11,0,BAYSHOR2_1_N001,BAYSHOR2_1_N001,BAYSHOR2_1_N001,DAM,MCC,LMP_CONG_PRC,BAYSHOR2_1_N001,ALL,1,1.30926,222
2017-09-12T23:00:00-00:00,2017-09-13T00:00:00-00:00,2017-09-12,17,0,BAYSHOR2_1_N001,BAYSHOR2_1_N001,BAYSHOR2_1_N001,DAM,MCC,LMP_CONG_PRC,BAYSHOR2_1_N001,ALL,1,0,222
2017-09-13T02:00:00-00:00,2017-09-13T03:00:00-00:00,2017-09-12,20,0,BAYSHOR2_1_N001,BAYSHOR2_1_N001,BAYSHOR2_1_N001,DAM,MCC,LMP_CONG_PRC,BAYSHOR2_1_N001,ALL,1,0,222
2017-09-12T11:00:00-00:00,2017-09-12T12:00:00-00:00,2017-09-12,5,0,BAYSHOR2_1_N001,BAYSHOR2_1_N001,BAYSHOR2_1_N001,DAM,MCC,LMP_CONG_PRC,BAYSHOR2_1_N001,ALL,1,0,222
2017-09-12T12:00:00-00:00,2017-09-12T13:00:00-00:00,2017-09-12,6,0,BAYSHOR2_1_N001,BAYSHOR2_1_N001,BAYSHOR2_1_N001,DAM,MCC,LMP_CONG_PRC,BAYSHOR2_1_N001,ALL,1,0,222
2017-09-12T19:00:00-00:00,2017-09-12T20:00:00-00:00,2017-09-12,13,0,BAYSHOR2_1_N001,BAYSHOR2_1_N001,BAYSHOR2_1_N001,DAM,MCC,LMP_CONG_PRC,BAYSHOR2_1_N001,ALL,1,0.52986,222
2017-09-12T07:00:00-00:00,2017-09-12T08:00:00-00:00,2017-09-12,1,0,BAYSHOR2_1_N001,BAYSHOR2_1_N001,BAYSHOR2_1_N001,DAM,MCC,LMP_CONG_PRC,BAYSHOR2_1_N001,ALL,1,0,222
2017-09-12T22:00:00-00:00,2017-09-12T23:00:00-00:00,2017-09-12,16,0,BAYSHOR2_1_N001,BAYSHOR2_1_N001,BAYSHOR2_1_N001,DAM,MCC,LMP_CONG_PRC,BAYSHOR2_1_N001,ALL,1,0.00303,222
2017-09-12T21:00:00-00:00,2017-09-12T22:00:00-00:00,2017-09-12,15,0,BAYSHOR2_1_N001,BAYSHOR2_1_N001,BAYSHOR2_1_N001,DAM,MCC,LMP_CONG_PRC,BAYSHOR2_1_N001,ALL,1,0.52644,222
2017-09-12T20:00:00-00:00,2017-09-12T21:00:00-00:00,2017-09-12,14,0,BAYSHOR2_1_N001,BAYSHOR2_1_N001,BAYSHOR2_1_N001,DAM,MCC,LMP_CONG_PRC,BAYSHOR2_1_N001,ALL,1,0.02236,222
2017-09-12T13:00:00-00:00,2017-09-12T14:00:00-00:00,2017-09-12,7,0,BAYSHOR2_1_N001,BAYSHOR2_1_N001,BAYSHOR2_1_N001,DAM,MCC,LMP_CONG_PRC,BAYSHOR2_1_N001,ALL,1,0,222
2017-09-12T18:00:00-00:00,2017-09-12T19:00:00-00:00,2017-09-12,12,0,BAYSHOR2_1_N001,BAYSHOR2_1_N001,BAYSHOR2_1_N001,DAM,MCC,LMP_CONG_PRC,BAYSHOR2_1_N001,ALL,1,4.13934,222
2017-09-12T10:00:00-00:00,2017-09-12T11:00:00-00:00,2017-09-12,4,0,BAYSHOR2_1_N001,BAYSHOR2_1_N001,BAYSHOR2_1_N001,DAM,MCC,LMP_CONG_PRC,BAYSHOR2_1_N001,ALL,1,0,222
2017-09-12T09:00:00-00:00,2017-09-12T10:00:00-00:00,2017-09-12,3,0,BAYSHOR2_1_N001,BAYSHOR2_1_N001,BAYSHOR2_1_N001,DAM,MCC,LMP_CONG_PRC,BAYSHOR2_1_N001,ALL,1,0,222
2017-09-12T08:00:00-00:00,2017-09-12T09:00:00-00:00,2017-09-12,2,0,BAYSHOR2_1_N001,BAYSHOR2_1_N001,BAYSHOR2_1_N001,DAM,MCC,LMP_CONG_PRC,BAYSHOR2_1_N001,ALL,1,0,222
2017-09-13T03:00:00-00:00,2017-09-13T04:00:00-00:00,2017-09-12,21,0,BAYSHOR2_1_N001,BAYSHOR2_1_N001,BAYSHOR2_1_N001,DAM,MCC,LMP_CONG_PRC,BAYSHOR2_1_N001,ALL,1,0,222
2017-09-13T04:00:00-00:00,2017-09-13T05:00:00-00:00,2017-09-12,22,0,BAYSHOR2_1_N001,BAYSHOR2_1_N001,BAYSHOR2_1_N001,DAM,MCC,LMP_CONG_PRC,BAYSHOR2_1_N001,ALL,1,0,222
2017-09-13T00:00:00-00:00,2017-09-13T01:00:00-00:00,2017-09-12,18,0,BAYSHOR2_1_N001,BAYSHOR2_1_N001,BAYSHOR2_1_N001,DAM,MCC,LMP_CONG_PRC,BAYSHOR2_1_N001,ALL,1,0,222
2017-09-12T14:00:00-00:00,2017-09-12T15:00:00-00:00,2017-09-12,8,0,BAYSHOR2_1_N001,BAYSHOR2_1_N001,BAYSHOR2_1_N001,DAM,MCC,LMP_CONG_PRC,BAYSHOR2_1_N001,ALL,1,0,222
2017-09-13T06:00:00-00:00,2017-09-13T07:00:00-00:00,2017-09-12,24,0,BAYSHOR2_1_N001,BAYSHOR2_1_N001,BAYSHOR2_1_N001,DAM,MCC,LMP_CONG_PRC,BAYSHOR2_1_N001,ALL,1,0,222
2017-09-13T01:00:00-00:00,2017-09-13T02:00:00-00:00,2017-09-12,19,0,BAYSHOR2_1_N001,BAYSHOR2_1_N001,BAYSHOR2_1_N001,DAM,MCC,LMP_CONG_PRC,BAYSHOR2_1_N001,ALL,1,0,222
2017-09-12T16:00:00-00:00,2017-09-12T17:00:00-00:00,2017-09-12,10,0,BAYSHOR2_1_N001,BAYSHOR2_1_N001,BAYSHOR2_1_N001,DAM,MCC,LMP_CONG_PRC,BAYSHOR2_1_N001,ALL,1,1.07087,222
2017-09-12T15:00:00-00:00,2017-09-12T16:00:00-00:00,2017-09-12,9,0,BAYSHOR2_1_N001,BAYSHOR2_1_N001,BAYSHOR2_1_N001,DAM,MCC,LMP_CONG_PRC,BAYSHOR2_1_N001,ALL,1,0.75903,222
2017-09-13T05:00:00-00:00,2017-09-13T06:00:00-00:00,2017-09-12,23,0,BAYSHOR2_1_N001,BAYSHOR2_1_N001,BAYSHOR2_1_N001,DAM,MCC,LMP_CONG_PRC,BAYSHOR2_1_N001,ALL,1,0,222
2017-09-12T16:00:00-00:00,2017-09-12T17:00:00-00:00,2017-09-12,10,0,BAYSHOR2_1_N001,BAYSHOR2_1_N001,BAYSHOR2_1_N001,DAM,MCE,LMP_ENE_PRC,BAYSHOR2_1_N001,ALL,1,31.35901,223
2017-09-12T10:00:00-00:00,2017-09-12T11:00:00-00:00,2017-09-12,4,0,BAYSHOR2_1_N001,BAYSHOR2_1_N001,BAYSHOR2_1_N001,DAM,MCE,LMP_ENE_PRC,BAYSHOR2_1_N001,ALL,1,28.46431,223
2017-09-12T09:00:00-00:00,2017-09-12T10:00:00-00:00,2017-09-12,3,0,BAYSHOR2_1_N001,BAYSHOR2_1_N001,BAYSHOR2_1_N001,DAM,MCE,LMP_ENE_PRC,BAYSHOR2_1_N001,ALL,1,29.41963,223
2017-09-12T17:00:00-00:00,2017-09-12T18:00:00-00:00,2017-09-12,11,0,BAYSHOR2_1_N001,BAYSHOR2_1_N001,BAYSHOR2_1_N001,DAM,MCE,LMP_ENE_PRC,BAYSHOR2_1_N001,ALL,1,31.50945,223
2017-09-12T15:00:00-00:00,2017-09-12T16:00:00-00:00,2017-09-12,9,0,BAYSHOR2_1_N001,BAYSHOR2_1_N001,BAYSHOR2_1_N001,DAM,MCE,LMP_ENE_PRC,BAYSHOR2_1_N001,ALL,1,32.60147,223
2017-09-13T06:00:00-00:00,2017-09-13T07:00:00-00:00,2017-09-12,24,0,BAYSHOR2_1_N001,BAYSHOR2_1_N001,BAYSHOR2_1_N001,DAM,MCE,LMP_ENE_PRC,BAYSHOR2_1_N001,ALL,1,35.37113,223
2017-09-12T12:00:00-00:00,2017-09-12T13:00:00-00:00,2017-09-12,6,0,BAYSHOR2_1_N001,BAYSHOR2_1_N001,BAYSHOR2_1_N001,DAM,MCE,LMP_ENE_PRC,BAYSHOR2_1_N001,ALL,1,32.98193,223
2017-09-12T22:00:00-00:00,2017-09-12T23:00:00-00:00,2017-09-12,16,0,BAYSHOR2_1_N001,BAYSHOR2_1_N001,BAYSHOR2_1_N001,DAM,MCE,LMP_ENE_PRC,BAYSHOR2_1_N001,ALL,1,47.40912,223
2017-09-12T20:00:00-00:00,2017-09-12T21:00:00-00:00,2017-09-12,14,0,BAYSHOR2_1_N001,BAYSHOR2_1_N001,BAYSHOR2_1_N001,DAM,MCE,LMP_ENE_PRC,BAYSHOR2_1_N001,ALL,1,39.37889,223
2017-09-12T18:00:00-00:00,2017-09-12T19:00:00-00:00,2017-09-12,12,0,BAYSHOR2_1_N001,BAYSHOR2_1_N001,BAYSHOR2_1_N001,DAM,MCE,LMP_ENE_PRC,BAYSHOR2_1_N001,ALL,1,33.50515,223
2017-09-12T13:00:00-00:00,2017-09-12T14:00:00-00:00,2017-09-12,7,0,BAYSHOR2_1_N001,BAYSHOR2_1_N001,BAYSHOR2_1_N001,DAM,MCE,LMP_ENE_PRC,BAYSHOR2_1_N001,ALL,1,39.14439,223
2017-09-13T04:00:00-00:00,2017-09-13T05:00:00-00:00,2017-09-12,22,0,BAYSHOR2_1_N001,BAYSHOR2_1_N001,BAYSHOR2_1_N001,DAM,MCE,LMP_ENE_PRC,BAYSHOR2_1_N001,ALL,1,46.70683,223
2017-09-13T03:00:00-00:00,2017-09-13T04:00:00-00:00,2017-09-12,21,0,BAYSHOR2_1_N001,BAYSHOR2_1_N001,BAYSHOR2_1_N001,DAM,MCE,LMP_ENE_PRC,BAYSHOR2_1_N001,ALL,1,51.46614,223
2017-09-13T02:00:00-00:00,2017-09-13T03:00:00-00:00,2017-09-12,20,0,BAYSHOR2_1_N001,BAYSHOR2_1_N001,BAYSHOR2_1_N001,DAM,MCE,LMP_ENE_PRC,BAYSHOR2_1_N001,ALL,1,67.77052,223
2017-09-13T00:00:00-00:00,2017-09-13T01:00:00-00:00,2017-09-12,18,0,BAYSHOR2_1_N001,BAYSHOR2_1_N001,BAYSHOR2_1_N001,DAM,MCE,LMP_ENE_PRC,BAYSHOR2_1_N001,ALL,1,58.53088,223
2017-09-12T23:00:00-00:00,2017-09-13T00:00:00-00:00,2017-09-12,17,0,BAYSHOR2_1_N001,BAYSHOR2_1_N001,BAYSHOR2_1_N001,DAM,MCE,LMP_ENE_PRC,BAYSHOR2_1_N001,ALL,1,49.86589,223
2017-09-12T14:00:00-00:00,2017-09-12T15:00:00-00:00,2017-09-12,8,0,BAYSHOR2_1_N001,BAYSHOR2_1_N001,BAYSHOR2_1_N001,DAM,MCE,LMP_ENE_PRC,BAYSHOR2_1_N001,ALL,1,38.7833,223
2017-09-13T05:00:00-00:00,2017-09-13T06:00:00-00:00,2017-09-12,23,0,BAYSHOR2_1_N001,BAYSHOR2_1_N001,BAYSHOR2_1_N001,DAM,MCE,LMP_ENE_PRC,BAYSHOR2_1_N001,ALL,1,40.82623,223
2017-09-12T08:00:00-00:00,2017-09-12T09:00:00-00:00,2017-09-12,2,0,BAYSHOR2_1_N001,BAYSHOR2_1_N001,BAYSHOR2_1_N001,DAM,MCE,LMP_ENE_PRC,BAYSHOR2_1_N001,ALL,1,31.93338,223
2017-09-12T21:00:00-00:00,2017-09-12T22:00:00-00:00,2017-09-12,15,0,BAYSHOR2_1_N001,BAYSHOR2_1_N001,BAYSHOR2_1_N001,DAM,MCE,LMP_ENE_PRC,BAYSHOR2_1_N001,ALL,1,42.86947,223
2017-09-12T19:00:00-00:00,2017-09-12T20:00:00-00:00,2017-09-12,13,0,BAYSHOR2_1_N001,BAYSHOR2_1_N001,BAYSHOR2_1_N001,DAM,MCE,LMP_ENE_PRC,BAYSHOR2_1_N001,ALL,1,36.76859,223
2017-09-13T01:00:00-00:00,2017-09-13T02:00:00-00:00,2017-09-12,19,0,BAYSHOR2_1_N001,BAYSHOR2_1_N001,BAYSHOR2_1_N001,DAM,MCE,LMP_ENE_PRC,BAYSHOR2_1_N001,ALL,1,88.93457,223
2017-09-12T11:00:00-00:00,2017-09-12T12:00:00-00:00,2017-09-12,5,0,BAYSHOR2_1_N001,BAYSHOR2_1_N001,BAYSHOR2_1_N001,DAM,MCE,LMP_ENE_PRC,BAYSHOR2_1_N001,ALL,1,29.10081,223
2017-09-12T07:00:00-00:00,2017-09-12T08:00:00-00:00,2017-09-12,1,0,BAYSHOR2_1_N001,BAYSHOR2_1_N001,BAYSHOR2_1_N001,DAM,MCE,LMP_ENE_PRC,BAYSHOR2_1_N001,ALL,1,34.6765,223
2017-09-12T23:00:00-00:00,2017-09-13T00:00:00-00:00,2017-09-12,17,0,BAYSHOR2_1_N001,BAYSHOR2_1_N001,BAYSHOR2_1_N001,DAM,MCL,LMP_LOSS_PRC,BAYSHOR2_1_N001,ALL,1,2.68278,224
2017-09-13T02:00:00-00:00,2017-09-13T03:00:00-00:00,2017-09-12,20,0,BAYSHOR2_1_N001,BAYSHOR2_1_N001,BAYSHOR2_1_N001,DAM,MCL,LMP_LOSS_PRC,BAYSHOR2_1_N001,ALL,1,0,224
2017-09-13T03:00:00-00:00,2017-09-13T04:00:00-00:00,2017-09-12,21,0,BAYSHOR2_1_N001,BAYSHOR2_1_N001,BAYSHOR2_1_N001,DAM,MCL,LMP_LOSS_PRC,BAYSHOR2_1_N001,ALL,1,0,224
2017-09-13T04:00:00-00:00,2017-09-13T05:00:00-00:00,2017-09-12,22,0,BAYSHOR2_1_N001,BAYSHOR2_1_N001,BAYSHOR2_1_N001,DAM,MCL,LMP_LOSS_PRC,BAYSHOR2_1_N001,ALL,1,1.09294,224
2017-09-13T06:00:00-00:00,2017-09-13T07:00:00-00:00,2017-09-12,24,0,BAYSHOR2_1_N001,BAYSHOR2_1_N001,BAYSHOR2_1_N001,DAM,MCL,LMP_LOSS_PRC,BAYSHOR2_1_N001,ALL,1,1.5245,224
2017-09-12T15:00:00-00:00,2017-09-12T16:00:00-00:00,2017-09-12,9,0,BAYSHOR2_1_N001,BAYSHOR2_1_N001,BAYSHOR2_1_N001,DAM,MCL,LMP_LOSS_PRC,BAYSHOR2_1_N001,ALL,1,2.06367,224
2017-09-12T11:00:00-00:00,2017-09-12T12:00:00-00:00,2017-09-12,5,0,BAYSHOR2_1_N001,BAYSHOR2_1_N001,BAYSHOR2_1_N001,DAM,MCL,LMP_LOSS_PRC,BAYSHOR2_1_N001,ALL,1,1.06218,224
2017-09-13T00:00:00-00:00,2017-09-13T01:00:00-00:00,2017-09-12,18,0,BAYSHOR2_1_N001,BAYSHOR2_1_N001,BAYSHOR2_1_N001,DAM,MCL,LMP_LOSS_PRC,BAYSHOR2_1_N001,ALL,1,3.11384,224
2017-09-13T05:00:00-00:00,2017-09-13T06:00:00-00:00,2017-09-12,23,0,BAYSHOR2_1_N001,BAYSHOR2_1_N001,BAYSHOR2_1_N001,DAM,MCL,LMP_LOSS_PRC,BAYSHOR2_1_N001,ALL,1,1.24928,224
2017-09-12T13:00:00-00:00,2017-09-12T14:00:00-00:00,2017-09-12,7,0,BAYSHOR2_1_N001,BAYSHOR2_1_N001,BAYSHOR2_1_N001,DAM,MCL,LMP_LOSS_PRC,BAYSHOR2_1_N001,ALL,1,1.65972,224
2017-09-12T07:00:00-00:00,2017-09-12T08:00:00-00:00,2017-09-12,1,0,BAYSHOR2_1_N001,BAYSHOR2_1_N001,BAYSHOR2_1_N001,DAM,MCL,LMP_LOSS_PRC,BAYSHOR2_1_N001,ALL,1,1.31424,224
2017-09-12T22:00:00-00:00,2017-09-12T23:00:00-00:00,2017-09-12,16,0,BAYSHOR2_1_N001,BAYSHOR2_1_N001,BAYSHOR2_1_N001,DAM,MCL,LMP_LOSS_PRC,BAYSHOR2_1_N001,ALL,1,2.63595,224
2017-09-12T14:00:00-00:00,2017-09-12T15:00:00-00:00,2017-09-12,8,0,BAYSHOR2_1_N001,BAYSHOR2_1_N001,BAYSHOR2_1_N001,DAM,MCL,LMP_LOSS_PRC,BAYSHOR2_1_N001,ALL,1,2.12532,224
2017-09-12T20:00:00-00:00,2017-09-12T21:00:00-00:00,2017-09-12,14,0,BAYSHOR2_1_N001,BAYSHOR2_1_N001,BAYSHOR2_1_N001,DAM,MCL,LMP_LOSS_PRC,BAYSHOR2_1_N001,ALL,1,2.04376,224
2017-09-12T18:00:00-00:00,2017-09-12T19:00:00-00:00,2017-09-12,12,0,BAYSHOR2_1_N001,BAYSHOR2_1_N001,BAYSHOR2_1_N001,DAM,MCL,LMP_LOSS_PRC,BAYSHOR2_1_N001,ALL,1,2.19124,224
2017-09-12T08:00:00-00:00,2017-09-12T09:00:00-00:00,2017-09-12,2,0,BAYSHOR2_1_N001,BAYSHOR2_1_N001,BAYSHOR2_1_N001,DAM,MCL,LMP_LOSS_PRC,BAYSHOR2_1_N001,ALL,1,1.20389,224
2017-09-12T09:00:00-00:00,2017-09-12T10:00:00-00:00,2017-09-12,3,0,BAYSHOR2_1_N001,BAYSHOR2_1_N001,BAYSHOR2_1_N001,DAM,MCL,LMP_LOSS_PRC,BAYSHOR2_1_N001,ALL,1,1.01204,224
2017-09-12T10:00:00-00:00,2017-09-12T11:00:00-00:00,2017-09-12,4,0,BAYSHOR2_1_N001,BAYSHOR2_1_N001,BAYSHOR2_1_N001,DAM,MCL,LMP_LOSS_PRC,BAYSHOR2_1_N001,ALL,1,1.00479,224
2017-09-12T21:00:00-00:00,2017-09-12T22:00:00-00:00,2017-09-12,15,0,BAYSHOR2_1_N001,BAYSHOR2_1_N001,BAYSHOR2_1_N001,DAM,MCL,LMP_LOSS_PRC,BAYSHOR2_1_N001,ALL,1,2.48214,224
2017-09-12T17:00:00-00:00,2017-09-12T18:00:00-00:00,2017-09-12,11,0,BAYSHOR2_1_N001,BAYSHOR2_1_N001,BAYSHOR2_1_N001,DAM,MCL,LMP_LOSS_PRC,BAYSHOR2_1_N001,ALL,1,2.09538,224
2017-09-12T16:00:00-00:00,2017-09-12T17:00:00-00:00,2017-09-12,10,0,BAYSHOR2_1_N001,BAYSHOR2_1_N001,BAYSHOR2_1_N001,DAM,MCL,LMP_LOSS_PRC,BAYSHOR2_1_N001,ALL,1,1.98503,224
2017-09-13T01:00:00-00:00,2017-09-13T02:00:00-00:00,2017-09-12,19,0,BAYSHOR2_1_N001,BAYSHOR2_1_N001,BAYSHOR2_1_N001,DAM,MCL,LMP_LOSS_PRC,BAYSHOR2_1_N001,ALL,1,0,224
2017-09-12T12:00:00-00:00,2017-09-12T13:00:00-00:00,2017-09-12,6,0,BAYSHOR2_1_N001,BAYSHOR2_1_N001,BAYSHOR2_1_N001,DAM,MCL,LMP_LOSS_PRC,BAYSHOR2_1_N001,ALL,1,1.17745,224
2017-09-12T19:00:00-00:00,2017-09-12T20:00:00-00:00,2017-09-12,13,0,BAYSHOR2_1_N001,BAYSHOR2_1_N001,BAYSHOR2_1_N001,DAM,MCL,LMP_LOSS_PRC,BAYSHOR2_1_N001,ALL,1,2.35319,224
2017-09-12T17:00:00-00:00,2017-09-12T18:00:00-00:00,2017-09-12,11,0,TH_NP15_GEN-APND,TH_NP15_GEN-APND,TH_NP15_GEN-APND,DAM,LMP,LMP_PRC,TH_NP15_GEN-APND,ALL_APNODES,0,31.34039,225
2017-09-12T08:00:00-00:00,2017-09-12T09:00:00-00:00,2017-09-12,2,0,TH_NP15_GEN-APND,TH_NP15_GEN-APND,TH_NP15_GEN-APND,DAM,LMP,LMP_PRC,TH_NP15_GEN-APND,ALL_APNODES,0,31.60766,225
2017-09-12T23:00:00-00:00,2017-09-13T00:00:00-00:00,2017-09-12,17,0,TH_NP15_GEN-APND,TH_NP15_GEN-APND,TH_NP15_GEN-APND,DAM,LMP,LMP_PRC,TH_NP15_GEN-APND,ALL_APNODES,0,49.27747,225
2017-09-12T09:00:00-00:00,2017-09-12T10:00:00-00:00,2017-09-12,3,0,TH_NP15_GEN-APND,TH_NP15_GEN-APND,TH_NP15_GEN-APND,DAM,LMP,LMP_PRC,TH_NP15_GEN-APND,ALL_APNODES,0,29.08425,225
2017-09-12T07:00:00-00:00,2017-09-12T08:00:00-00:00,2017-09-12,1,0,TH_NP15_GEN-APND,TH_NP15_GEN-APND,TH_NP15_GEN-APND,DAM,LMP,LMP_PRC,TH_NP15_GEN-APND,ALL_APNODES,0,34.40255,225
2017-09-12T21:00:00-00:00,2017-09-12T22:00:00-00:00,2017-09-12,15,0,TH_NP15_GEN-APND,TH_NP15_GEN-APND,TH_NP15_GEN-APND,DAM,LMP,LMP_PRC,TH_NP15_GEN-APND,ALL_APNODES,0,42.61893,225
2017-09-12T16:00:00-00:00,2017-09-12T17:00:00-00:00,2017-09-12,10,0,TH_NP15_GEN-APND,TH_NP15_GEN-APND,TH_NP15_GEN-APND,DAM,LMP,LMP_PRC,TH_NP15_GEN-APND,ALL_APNODES,0,31.25927,225
2017-09-12T14:00:00-00:00,2017-09-12T15:00:00-00:00,2017-09-12,8,0,TH_NP15_GEN-APND,TH_NP15_GEN-APND,TH_NP15_GEN-APND,DAM,LMP,LMP_PRC,TH_NP15_GEN-APND,ALL_APNODES,0,38.60877,225
2017-09-13T06:00:00-00:00,2017-09-13T07:00:00-00:00,2017-09-12,24,0,TH_NP15_GEN-APND,TH_NP15_GEN-APND,TH_NP15_GEN-APND,DAM,LMP,LMP_PRC,TH_NP15_GEN-APND,ALL_APNODES,0,35.14122,225
2017-09-13T04:00:00-00:00,2017-09-13T05:00:00-00:00,2017-09-12,22,0,TH_NP15_GEN-APND,TH_NP15_GEN-APND,TH_NP15_GEN-APND,DAM,LMP,LMP_PRC,TH_NP15_GEN-APND,ALL_APNODES,0,45.49712,225
2017-09-13T03:00:00-00:00,2017-09-13T04:00:00-00:00,2017-09-12,21,0,TH_NP15_GEN-APND,TH_NP15_GEN-APND,TH_NP15_GEN-APND,DAM,LMP,LMP_PRC,TH_NP15_GEN-APND,ALL_APNODES,0,51.19132,225
2017-09-12T13:00:00-00:00,2017-09-12T14:00:00-00:00,2017-09-12,7,0,TH_NP15_GEN-APND,TH_NP15_GEN-APND,TH_NP15_GEN-APND,DAM,LMP,LMP_PRC,TH_NP15_GEN-APND,ALL_APNODES,0,38.78034,225
2017-09-13T01:00:00-00:00,2017-09-13T02:00:00-00:00,2017-09-12,19,0,TH_NP15_GEN-APND,TH_NP15_GEN-APND,TH_NP15_GEN-APND,DAM,LMP,LMP_PRC,TH_NP15_GEN-APND,ALL_APNODES,0,88.65638,225
2017-09-13T02:00:00-00:00,2017-09-13T03:00:00-00:00,2017-09-12,20,0,TH_NP15_GEN-APND,TH_NP15_GEN-APND,TH_NP15_GEN-APND,DAM,LMP,LMP_PRC,TH_NP15_GEN-APND,ALL_APNODES,0,67.4829,225
2017-09-13T00:00:00-00:00,2017-09-13T01:00:00-00:00,2017-09-12,18,0,TH_NP15_GEN-APND,TH_NP15_GEN-APND,TH_NP15_GEN-APND,DAM,LMP,LMP_PRC,TH_NP15_GEN-APND,ALL_APNODES,0,57.38167,225
2017-09-12T12:00:00-00:00,2017-09-12T13:00:00-00:00,2017-09-12,6,0,TH_NP15_GEN-APND,TH_NP15_GEN-APND,TH_NP15_GEN-APND,DAM,LMP,LMP_PRC,TH_NP15_GEN-APND,ALL_APNODES,0,32.65541,225
2017-09-12T15:00:00-00:00,2017-09-12T16:00:00-00:00,2017-09-12,9,0,TH_NP15_GEN-APND,TH_NP15_GEN-APND,TH_NP15_GEN-APND,DAM,LMP,LMP_PRC,TH_NP15_GEN-APND,ALL_APNODES,0,32.83604,225
2017-09-12T19:00:00-00:00,2017-09-12T20:00:00-00:00,2017-09-12,13,0,TH_NP15_GEN-APND,TH_NP15_GEN-APND,TH_NP15_GEN-APND,DAM,LMP,LMP_PRC,TH_NP15_GEN-APND,ALL_APNODES,0,36.19254,225
2017-09-12T11:00:00-00:00,2017-09-12T12:00:00-00:00,2017-09-12,5,0,TH_NP15_GEN-APND,TH_NP15_GEN-APND,TH_NP15_GEN-APND,DAM,LMP,LMP_PRC,TH_NP15_GEN-APND,ALL_APNODES,0,28.7807,225
2017-09-12T10:00:00-00:00,2017-09-12T11:00:00-00:00,2017-09-12,4,0,TH_NP15_GEN-APND,TH_NP15_GEN-APND,TH_NP15_GEN-APND,DAM,LMP,LMP_PRC,TH_NP15_GEN-APND,ALL_APNODES,0,28.17397,225
2017-09-12T22:00:00-00:00,2017-09-12T23:00:00-00:00,2017-09-12,16,0,TH_NP15_GEN-APND,TH_NP15_GEN-APND,TH_NP15_GEN-APND,DAM,LMP,LMP_PRC,TH_NP15_GEN-APND,ALL_APNODES,0,46.93602,225
2017-09-12T20:00:00-00:00,2017-09-12T21:00:00-00:00,2017-09-12,14,0,TH_NP15_GEN-APND,TH_NP15_GEN-APND,TH_NP15_GEN-APND,DAM,LMP,LMP_PRC,TH_NP15_GEN-APND,ALL_APNODES,0,38.54447,225
2017-09-12T18:00:00-00:00,2017-09-12T19:00:00-00:00,2017-09-12,12,0,TH_NP15_GEN-APND,TH_NP15_GEN-APND,TH_NP15_GEN-APND,DAM,LMP,LMP_PRC,TH_NP15_GEN-APND,ALL_APNODES,0,34.26583,225
2017-09-13T05:00:00-00:00,2017-09-13T06:00:00-00:00,2017-09-12,23,0,TH_NP15_GEN-APND,TH_NP15_GEN-APND,TH_NP15_GEN-APND,DAM,LMP,LMP_PRC,TH_NP15_GEN-APND,ALL_APNODES,0,40.0832,225
2017-09-12T15:00:00-00:00,2017-09-12T16:00:00-00:00,2017-09-12,9,0,TH_NP15_GEN-APND,TH_NP15_GEN-APND,TH_NP15_GEN-APND,DAM,MCC,LMP_CONG_PRC,TH_NP15_GEN-APND,ALL_APNODES,0,0.23783,226
2017-09-12T08:00:00-00:00,2017-09-12T09:00:00-00:00,2017-09-12,2,0,TH_NP15_GEN-APND,TH_NP15_GEN-APND,TH_NP15_GEN-APND,DAM,MCC,LMP_CONG_PRC,TH_NP15_GEN-APND,ALL_APNODES,0,0,226
2017-09-12T23:00:00-00:00,2017-09-13T00:00:00-00:00,2017-09-12,17,0,TH_NP15_GEN-APND,TH_NP15_GEN-APND,TH_NP15_GEN-APND,DAM,MCC,LMP_CONG_PRC,TH_NP15_GEN-APND,ALL_APNODES,0,0,226
2017-09-12T12:00:00-00:00,2017-09-12T13:00:00-00:00,2017-09-12,6,0,TH_NP15_GEN-APND,TH_NP15_GEN-APND,TH_NP15_GEN-APND,DAM,MCC,LMP_CONG_PRC,TH_NP15_GEN-APND,ALL_APNODES,0,0,226
2017-09-12T20:00:00-00:00,2017-09-12T21:00:00-00:00,2017-09-12,14,0,TH_NP15_GEN-APND,TH_NP15_GEN-APND,TH_NP15_GEN-APND,DAM,MCC,LMP_CONG_PRC,TH_NP15_GEN-APND,ALL_APNODES,0,-0.28705,226
2017-09-12T18:00:00-00:00,2017-09-12T19:00:00-00:00,2017-09-12,12,0,TH_NP15_GEN-APND,TH_NP15_GEN-APND,TH_NP15_GEN-APND,DAM,MCC,LMP_CONG_PRC,TH_NP15_GEN-APND,ALL_APNODES,0,0.71712,226
2017-09-13T02:00:00-00:00,2017-09-13T03:00:00-00:00,2017-09-12,20,0,TH_NP15_GEN-APND,TH_NP15_GEN-APND,TH_NP15_GEN-APND,DAM,MCC,LMP_CONG_PRC,TH_NP15_GEN-APND,ALL_APNODES,0,-0.28762,226
2017-09-12T16:00:00-00:00,2017-09-12T17:00:00-00:00,2017-09-12,10,0,TH_NP15_GEN-APND,TH_NP15_GEN-APND,TH_NP15_GEN-APND,DAM,MCC,LMP_CONG_PRC,TH_NP15_GEN-APND,ALL_APNODES,0,-0.20322,226
2017-09-13T05:00:00-00:00,2017-09-13T06:00:00-00:00,2017-09-12,23,0,TH_NP15_GEN-APND,TH_NP15_GEN-APND,TH_NP15_GEN-APND,DAM,MCC,LMP_CONG_PRC,TH_NP15_GEN-APND,ALL_APNODES,0,0,226
2017-09-12T07:00:00-00:00,2017-09-12T08:00:00-00:00,2017-09-12,1,0,TH_NP15_GEN-APND,TH_NP15_GEN-APND,TH_NP15_GEN-APND,DAM,MCC,LMP_CONG_PRC,TH_NP15_GEN-APND,ALL_APNODES,0,0,226
2017-09-13T06:00:00-00:00,2017-09-13T07:00:00-00:00,2017-09-12,24,0,TH_NP15_GEN-APND,TH_NP15_GEN-APND,TH_NP15_GEN-APND,DAM,MCC,LMP_CONG_PRC,TH_NP15_GEN-APND,ALL_APNODES,0,0,226
2017-09-13T04:00:00-00:00,2017-09-13T05:00:00-00:00,2017-09-12,22,0,TH_NP15_GEN-APND,TH_NP15_GEN-APND,TH_NP15_GEN-APND,DAM,MCC,LMP_CONG_PRC,TH_NP15_GEN-APND,ALL_APNODES,0,0,226
2017-09-12T10:00:00-00:00,2017-09-12T11:00:00-00:00,2017-09-12,4,0,TH_NP15_GEN-APND,TH_NP15_GEN-APND,TH_NP15_GEN-APND,DAM,MCC,LMP_CONG_PRC,TH_NP15_GEN-APND,ALL_APNODES,0,0,226
2017-09-12T17:00:00-00:00,2017-09-12T18:00:00-00:00,2017-09-12,11,0,TH_NP15_GEN-APND,TH_NP15_GEN-APND,TH_NP15_GEN-APND,DAM,MCC,LMP_CONG_PRC,TH_NP15_GEN-APND,ALL_APNODES,0,-0.29509,226
2017-09-13T03:00:00-00:00,2017-09-13T04:00:00-00:00,2017-09-12,21,0,TH_NP15_GEN-APND,TH_NP15_GEN-APND,TH_NP15_GEN-APND,DAM,MCC,LMP_CONG_PRC,TH_NP15_GEN-APND,ALL_APNODES,0,-0.27483,226
2017-09-13T01:00:00-00:00,2017-09-13T02:00:00-00:00,2017-09-12,19,0,TH_NP15_GEN-APND,TH_NP15_GEN-APND,TH_NP15_GEN-APND,DAM,MCC,LMP_CONG_PRC,TH_NP15_GEN-APND,ALL_APNODES,0,-0.27819,226
2017-09-13T00:00:00-00:00,2017-09-13T01:00:00-00:00,2017-09-12,18,0,TH_NP15_GEN-APND,TH_NP15_GEN-APND,TH_NP15_GEN-APND,DAM,MCC,LMP_CONG_PRC,TH_NP15_GEN-APND,ALL_APNODES,0,-0.35319,226
2017-09-12T13:00:00-00:00,2017-09-12T14:00:00-00:00,2017-09-12,7,0,TH_NP15_GEN-APND,TH_NP15_GEN-APND,TH_NP15_GEN-APND,DAM,MCC,LMP_CONG_PRC,TH_NP15_GEN-APND,ALL_APNODES,0,0,226
2017-09-12T09:00:00-00:00,2017-09-12T10:00:00-00:00,2017-09-12,3,0,TH_NP15_GEN-APND,TH_NP15_GEN-APND,TH_NP15_GEN-APND,DAM,MCC,LMP_CONG_PRC,TH_NP15_GEN-APND,ALL_APNODES,0,0,226
2017-09-12T11:00:00-00:00,2017-09-12T12:00:00-00:00,2017-09-12,5,0,TH_NP15_GEN-APND,TH_NP15_GEN-APND,TH_NP15_GEN-APND,DAM,MCC,LMP_CONG_PRC,TH_NP15_GEN-APND,ALL_APNODES,0,0,226
2017-09-12T21:00:00-00:00,2017-09-12T22:00:00-00:00,2017-09-12,15,0,TH_NP15_GEN-APND,TH_NP15_GEN-APND,TH_NP15_GEN-APND,DAM,MCC,LMP_CONG_PRC,TH_NP15_GEN-APND,ALL_APNODES,0,0.03668,226
2017-09-12T19:00:00-00:00,2017-09-12T20:00:00-00:00,2017-09-12,13,0,TH_NP15_GEN-APND,TH_NP15_GEN-APND,TH_NP15_GEN-APND,DAM,MCC,LMP_CONG_PRC,TH_NP15_GEN-APND,ALL_APNODES,0,-0.50619,226
2017-09-12T22:00:00-00:00,2017-09-12T23:00:00-00:00,2017-09-12,16,0,TH_NP15_GEN-APND,TH_NP15_GEN-APND,TH_NP15_GEN-APND,DAM,MCC,LMP_CONG_PRC,TH_NP15_GEN-APND,ALL_APNODES,0,0.00099,226
2017-09-12T14:00:00-00:00,2017-09-12T15:00:00-00:00,2017-09-12,8,0,TH_NP15_GEN-APND,TH_NP15_GEN-APND,TH_NP15_GEN-APND,DAM,MCC,LMP_CONG_PRC,TH_NP15_GEN-APND,ALL_APNODES,0,0,226
2017-09-13T06:00:00-00:00,2017-09-13T07:00:00-00:00,2017-09-12,24,0,TH_NP15_GEN-APND,TH_NP15_GEN-APND,TH_NP15_GEN-APND,DAM,MCE,LMP_ENE_PRC,TH_NP15_GEN-APND,ALL_APNODES,0,35.37113,227
2017-09-12T22:00:00-00:00,2017-09-12T23:00:00-00:00,2017-09-12,16,0,TH_NP15_GEN-APND,TH_NP15_GEN-APND,TH_NP15_GEN-APND,DAM,MCE,LMP_ENE_PRC,TH_NP15_GEN-APND,ALL_APNODES,0,47.40912,227
2017-09-12T09:00:00-00:00,2017-09-12T10:00:00-00:00,2017-09-12,3,0,TH_NP15_GEN-APND,TH_NP15_GEN-APND,TH_NP15_GEN-APND,DAM,MCE,LMP_ENE_PRC,TH_NP15_GEN-APND,ALL_APNODES,0,29.41963,227
2017-09-12T18:00:00-00:00,2017-09-12T19:00:00-00:00,2017-09-12,12,0,TH_NP15_GEN-APND,TH_NP15_GEN-APND,TH_NP15_GEN-APND,DAM,MCE,LMP_ENE_PRC,TH_NP15_GEN-APND,ALL_APNODES,0,33.50515,227
2017-09-12T23:00:00-00:00,2017-09-13T00:00:00-00:00,2017-09-12,17,0,TH_NP15_GEN-APND,TH_NP15_GEN-APND,TH_NP15_GEN-APND,DAM,MCE,LMP_ENE_PRC,TH_NP15_GEN-APND,ALL_APNODES,0,49.86589,227
2017-09-13T01:00:00-00:00,2017-09-13T02:00:00-00:00,2017-09-12,19,0,TH_NP15_GEN-APND,TH_NP15_GEN-APND,TH_NP15_GEN-APND,DAM,MCE,LMP_ENE_PRC,TH_NP15_GEN-APND,ALL_APNODES,0,88.93457,227
2017-09-13T03:00:00-00:00,2017-09-13T04:00:00-00:00,2017-09-12,21,0,TH_NP15_GEN-APND,TH_NP15_GEN-APND,TH_NP15_GEN-APND,DAM,MCE,LMP_ENE_PRC,TH_NP15_GEN-APND,ALL_APNODES,0,51.46614,227
2017-09-12T07:00:00-00:00,2017-09-12T08:00:00-00:00,2017-09-12,1,0,TH_NP15_GEN-APND,TH_NP15_GEN-APND,TH_NP15_GEN-APND,DAM,MCE,LMP_ENE_PRC,TH_NP15_GEN-APND,ALL_APNODES,0,34.6765,227
2017-09-12T12:00:00-00:00,2017-09-12T13:00:00-00:00,2017-09-12,6,0,TH_NP15_GEN-APND,TH_NP15_GEN-APND,TH_NP15_GEN-APND,DAM,MCE,LMP_ENE_PRC,TH_NP15_GEN-APND,ALL_APNODES,0,32.98193,227
2017-09-13T00:00:00-00:00,2017-09-13T01:00:00-00:00,2017-09-12,18,0,TH_NP15_GEN-APND,TH_NP15_GEN-APND,TH_NP15_GEN-APND,DAM,MCE,LMP_ENE_PRC,TH_NP15_GEN-APND,ALL_APNODES,0,58.53088,227
2017-09-13T02:00:00-00:00,2017-09-13T03:00:00-00:00,2017-09-12,20,0,TH_NP15_GEN-APND,TH_NP15_GEN-APND,TH_NP15_GEN-APND,DAM,MCE,LMP_ENE_PRC,TH_NP15_GEN-APND,ALL_APNODES,0,67.77052,227
2017-09-12T17:00:00-00:00,2017-09-12T18:00:00-00:00,2017-09-12,11,0,TH_NP15_GEN-APND,TH_NP15_GEN-APND,TH_NP15_GEN-APND,DAM,MCE,LMP_ENE_PRC,TH_NP15_GEN-APND,ALL_APNODES,0,31.50945,227
2017-09-12T11:00:00-00:00,2017-09-12T12:00:00-00:00,2017-09-12,5,0,TH_NP15_GEN-APND,TH_NP15_GEN-APND,TH_NP15_GEN-APND,DAM,MCE,LMP_ENE_PRC,TH_NP15_GEN-APND,ALL_APNODES,0,29.10081,227
2017-09-12T13:00:00-00:00,2017-09-12T14:00:00-00:00,2017-09-12,7,0,TH_NP15_GEN-APND,TH_NP15_GEN-APND,TH_NP15_GEN-APND,DAM,MCE,LMP_ENE_PRC,TH_NP15_GEN-APND,ALL_APNODES,0,39.14439,227
2017-09-13T04:00:00-00:00,2017-09-13T05:00:00-00:00,2017-09-12,22,0,TH_NP15_GEN-APND,TH_NP15_GEN-APND,TH_NP15_GEN-APND,DAM,MCE,LMP_ENE_PRC,TH_NP15_GEN-APND,ALL_APNODES,0,46.70683,227
2017-09-12T14:00:00-00:00,2017-09-12T15:00:00-00:00,2017-09-12,8,0,TH_NP15_GEN-APND,TH_NP15_GEN-APND,TH_NP15_GEN-APND,DAM,MCE,LMP_ENE_PRC,TH_NP15_GEN-APND,ALL_APNODES,0,38.7833,227
2017-09-12T16:00:00-00:00,2017-09-12T17:00:00-00:00,2017-09-12,10,0,TH_NP15_GEN-APND,TH_NP15_GEN-APND,TH_NP15_GEN-APND,DAM,MCE,LMP_ENE_PRC,TH_NP15_GEN-APND,ALL_APNODES,0,31.35901,227
2017-09-12T19:00:00-00:00,2017-09-12T20:00:00-00:00,2017-09-12,13,0,TH_NP15_GEN-APND,TH_NP15_GEN-APND,TH_NP15_GEN-APND,DAM,MCE,LMP_ENE_PRC,TH_NP15_GEN-APND,ALL_APNODES,0,36.76859,227
2017-09-12T20:00:00-00:00,2017-09-12T21:00:00-00:00,2017-09-12,14,0,TH_NP15_GEN-APND,TH_NP15_GEN-APND,TH_NP15_GEN-APND,DAM,MCE,LMP_ENE_PRC,TH_NP15_GEN-APND,ALL_APNODES,0,39.37889,227
2017-09-12T08:00:00-00:00,2017-09-12T09:00:00-00:00,2017-09-12,2,0,TH_NP15_GEN-APND,TH_NP15_GEN-APND,TH_NP15_GEN-APND,DAM,MCE,LMP_ENE_PRC,TH_NP15_GEN-APND,ALL_APNODES,0,31.93338,227
2017-09-13T05:00:00-00:00,2017-09-13T06:00:00-00:00,2017-09-12,23,0,TH_NP15_GEN-APND,TH_NP15_GEN-APND,TH_NP15_GEN-APND,DAM,MCE,LMP_ENE_PRC,TH_NP15_GEN-APND,ALL_APNODES,0,40.82623,227
2017-09-12T15:00:00-00:00,2017-09-12T16:00:00-00:00,2017-09-12,9,0,TH_NP15_GEN-APND,TH_NP15_GEN-APND,TH_NP15_GEN-APND,DAM,MCE,LMP_ENE_PRC,TH_NP15_GEN-APND,ALL_APNODES,0,32.60147,227
2017-09-12T21:00:00-00:00,2017-09-12T22:00:00-00:00,2017-09-12,15,0,TH_NP15_GEN-APND,TH_NP15_GEN-APND,TH_NP15_GEN-APND,DAM,MCE,LMP_ENE_PRC,TH_NP15_GEN-APND,ALL_APNODES,0,42.86947,227
2017-09-12T10:00:00-00:00,2017-09-12T11:00:00-00:00,2017-09-12,4,0,TH_NP15_GEN-APND,TH_NP15_GEN-APND,TH_NP15_GEN-APND,DAM,MCE,LMP_ENE_PRC,TH_NP15_GEN-APND,ALL_APNODES,0,28.46431,227
2017-09-13T02:00:00-00:00,2017-09-13T03:00:00-00:00,2017-09-12,20,0,TH_NP15_GEN-APND,TH_NP15_GEN-APND,TH_NP15_GEN-APND,DAM,MCL,LMP_LOSS_PRC,TH_NP15_GEN-APND,ALL_APNODES,0,0,228
2017-09-12T23:00:00-00:00,2017-09-13T00:00:00-00:00,2017-09-12,17,0,TH_NP15_GEN-APND,TH_NP15_GEN-APND,TH_NP15_GEN-APND,DAM,MCL,LMP_LOSS_PRC,TH_NP15_GEN-APND,ALL_APNODES,0,-0.58842,228
2017-09-12T08:00:00-00:00,2017-09-12T09:00:00-00:00,2017-09-12,2,0,TH_NP15_GEN-APND,TH_NP15_GEN-APND,TH_NP15_GEN-APND,DAM,MCL,LMP_LOSS_PRC,TH_NP15_GEN-APND,ALL_APNODES,0,-0.32572,228
2017-09-13T01:00:00-00:00,2017-09-13T02:00:00-00:00,2017-09-12,19,0,TH_NP15_GEN-APND,TH_NP15_GEN-APND,TH_NP15_GEN-APND,DAM,MCL,LMP_LOSS_PRC,TH_NP15_GEN-APND,ALL_APNODES,0,0,228
2017-09-13T04:00:00-00:00,2017-09-13T05:00:00-00:00,2017-09-12,22,0,TH_NP15_GEN-APND,TH_NP15_GEN-APND,TH_NP15_GEN-APND,DAM,MCL,LMP_LOSS_PRC,TH_NP15_GEN-APND,ALL_APNODES,0,-1.20971,228
2017-09-13T06:00:00-00:00,2017-09-13T07:00:00-00:00,2017-09-12,24,0,TH_NP15_GEN-APND,TH_NP15_GEN-APND,TH_NP15_GEN-APND,DAM,MCL,LMP_LOSS_PRC,TH_NP15_GEN-APND,ALL_APNODES,0,-0.22991,228
2017-09-12T20:00:00-00:00,2017-09-12T21:00:00-00:00,2017-09-12,14,0,TH_NP15_GEN-APND,TH_NP15_GEN-APND,TH_NP15_GEN-APND,DAM,MCL,LMP_LOSS_PRC,TH_NP15_GEN-APND,ALL_APNODES,0,-0.54737,228
2017-09-12T11:00:00-00:00,2017-09-12T12:00:00-00:00,2017-09-12,5,0,TH_NP15_GEN-APND,TH_NP15_GEN-APND,TH_NP15_GEN-APND,DAM,MCL,LMP_LOSS_PRC,TH_NP15_GEN-APND,ALL_APNODES,0,-0.32011,228
2017-09-13T03:00:00-00:00,2017-09-13T04:00:00-00:00,2017-09-12,21,0,TH_NP15_GEN-APND,TH_NP15_GEN-APND,TH_NP15_GEN-APND,DAM,MCL,LMP_LOSS_PRC,TH_NP15_GEN-APND,ALL_APNODES,0,0,228
2017-09-12T18:00:00-00:00,2017-09-12T19:00:00-00:00,2017-09-12,12,0,TH_NP15_GEN-APND,TH_NP15_GEN-APND,TH_NP15_GEN-APND,DAM,MCL,LMP_LOSS_PRC,TH_NP15_GEN-APND,ALL_APNODES,0,0.04356,228
2017-09-12T22:00:00-00:00,2017-09-12T23:00:00-00:00,2017-09-12,16,0,TH_NP15_GEN-APND,TH_NP15_GEN-APND,TH_NP15_GEN-APND,DAM,MCL,LMP_LOSS_PRC,TH_NP15_GEN-APND,ALL_APNODES,0,-0.47409,228
2017-09-12T12:00:00-00:00,2017-09-12T13:00:00-00:00,2017-09-12,6,0,TH_NP15_GEN-APND,TH_NP15_GEN-APND,TH_NP15_GEN-APND,DAM,MCL,LMP_LOSS_PRC,TH_NP15_GEN-APND,ALL_APNODES,0,-0.32652,228
2017-09-12T07:00:00-00:00,2017-09-12T08:00:00-00:00,2017-09-12,1,0,TH_NP15_GEN-APND,TH_NP15_GEN-APND,TH_NP15_GEN-APND,DAM,MCL,LMP_LOSS_PRC,TH_NP15_GEN-APND,ALL_APNODES,0,-0.27394,228
2017-09-12T10:00:00-00:00,2017-09-12T11:00:00-00:00,2017-09-12,4,0,TH_NP15_GEN-APND,TH_NP15_GEN-APND,TH_NP15_GEN-APND,DAM,MCL,LMP_LOSS_PRC,TH_NP15_GEN-APND,ALL_APNODES,0,-0.29034,228
2017-09-13T00:00:00-00:00,2017-09-13T01:00:00-00:00,2017-09-12,18,0,TH_NP15_GEN-APND,TH_NP15_GEN-APND,TH_NP15_GEN-APND,DAM,MCL,LMP_LOSS_PRC,TH_NP15_GEN-APND,ALL_APNODES,0,-0.79602,228
2017-09-13T05:00:00-00:00,2017-09-13T06:00:00-00:00,2017-09-12,23,0,TH_NP15_GEN-APND,TH_NP15_GEN-APND,TH_NP15_GEN-APND,DAM,MCL,LMP_LOSS_PRC,TH_NP15_GEN-APND,ALL_APNODES,0,-0.74304,228
2017-09-12T15:00:00-00:00,2017-09-12T16:00:00-00:00,2017-09-12,9,0,TH_NP15_GEN-APND,TH_NP15_GEN-APND,TH_NP15_GEN-APND,DAM,MCL,LMP_LOSS_PRC,TH_NP15_GEN-APND,ALL_APNODES,0,-0.00326,228
2017-09-12T16:00:00-00:00,2017-09-12T17:00:00-00:00,2017-09-12,10,0,TH_NP15_GEN-APND,TH_NP15_GEN-APND,TH_NP15_GEN-APND,DAM,MCL,LMP_LOSS_PRC,TH_NP15_GEN-APND,ALL_APNODES,0,0.10348,228
2017-09-12T19:00:00-00:00,2017-09-12T20:00:00-00:00,2017-09-12,13,0,TH_NP15_GEN-APND,TH_NP15_GEN-APND,TH_NP15_GEN-APND,DAM,MCL,LMP_LOSS_PRC,TH_NP15_GEN-APND,ALL_APNODES,0,-0.06986,228
2017-09-12T17:00:00-00:00,2017-09-12T18:00:00-00:00,2017-09-12,11,0,TH_NP15_GEN-APND,TH_NP15_GEN-APND,TH_NP15_GEN-APND,DAM,MCL,LMP_LOSS_PRC,TH_NP15_GEN-APND,ALL_APNODES,0,0.12604,228
2017-09-12T21:00:00-00:00,2017-09-12T22:00:00-00:00,2017-09-12,15,0,TH_NP15_GEN-APND,TH_NP15_GEN-APND,TH_NP15_GEN-APND,DAM,MCL,LMP_LOSS_PRC,TH_NP15_GEN-APND,ALL_APNODES,0,-0.28723,228
2017-09-12T13:00:00-00:00,2017-09-12T14:00:00-00:00,2017-09-12,7,0,TH_NP15_GEN-APND,TH_NP15_GEN-APND,TH_NP15_GEN-APND,DAM,MCL,LMP_LOSS_PRC,TH_NP15_GEN-APND,ALL_APNODES,0,-0.36404,228
2017-09-12T09:00:00-00:00,2017-09-12T10:00:00-00:00,2017-09-12,3,0,TH_NP15_GEN-APND,TH_NP15_GEN-APND,TH_NP15_GEN-APND,DAM,MCL,LMP_LOSS_PRC,TH_NP15_GEN-APND,ALL_APNODES,0,-0.33538,228
2017-09-12T14:00:00-00:00,2017-09-12T15:00:00-00:00,2017-09-12,8,0,TH_NP15_GEN-APND,TH_NP15_GEN-APND,TH_NP15_GEN-APND,DAM,MCL,LMP_LOSS_PRC,TH_NP15_GEN-APND,ALL_APNODES,0,-0.17452,228
2017-09-12T08:00:00-00:00,2017-09-12T09:00:00-00:00,2017-09-12,2,0,TH_SP15_GEN-APND,TH_SP15_GEN-APND,TH_SP15_GEN-APND,DAM,LMP,LMP_PRC,TH_SP15_GEN-APND,ALL_APNODES,0,30.92109,229
2017-09-13T05:00:00-00:00,2017-09-13T06:00:00-00:00,2017-09-12,23,0,TH_SP15_GEN-APND,TH_SP15_GEN-APND,TH_SP15_GEN-APND,DAM,LMP,LMP_PRC,TH_SP15_GEN-APND,ALL_APNODES,0,39.30341,229
2017-09-13T01:00:00-00:00,2017-09-13T02:00:00-00:00,2017-09-12,19,0,TH_SP15_GEN-APND,TH_SP15_GEN-APND,TH_SP15_GEN-APND,DAM,LMP,LMP_PRC,TH_SP15_GEN-APND,ALL_APNODES,0,88.62984,229
2017-09-13T00:00:00-00:00,2017-09-13T01:00:00-00:00,2017-09-12,18,0,TH_SP15_GEN-APND,TH_SP15_GEN-APND,TH_SP15_GEN-APND,DAM,LMP,LMP_PRC,TH_SP15_GEN-APND,ALL_APNODES,0,55.58092,229
2017-09-12T12:00:00-00:00,2017-09-12T13:00:00-00:00,2017-09-12,6,0,TH_SP15_GEN-APND,TH_SP15_GEN-APND,TH_SP15_GEN-APND,DAM,LMP,LMP_PRC,TH_SP15_GEN-APND,ALL_APNODES,0,31.91331,229
2017-09-12T19:00:00-00:00,2017-09-12T20:00:00-00:00,2017-09-12,13,0,TH_SP15_GEN-APND,TH_SP15_GEN-APND,TH_SP15_GEN-APND,DAM,LMP,LMP_PRC,TH_SP15_GEN-APND,ALL_APNODES,0,34.63638,229
2017-09-12T17:00:00-00:00,2017-09-12T18:00:00-00:00,2017-09-12,11,0,TH_SP15_GEN-APND,TH_SP15_GEN-APND,TH_SP15_GEN-APND,DAM,LMP,LMP_PRC,TH_SP15_GEN-APND,ALL_APNODES,0,29.2705,229
2017-09-12T16:00:00-00:00,2017-09-12T17:00:00-00:00,2017-09-12,10,0,TH_SP15_GEN-APND,TH_SP15_GEN-APND,TH_SP15_GEN-APND,DAM,LMP,LMP_PRC,TH_SP15_GEN-APND,ALL_APNODES,0,29.36264,229
2017-09-12T11:00:00-00:00,2017-09-12T12:00:00-00:00,2017-09-12,5,0,TH_SP15_GEN-APND,TH_SP15_GEN-APND,TH_SP15_GEN-APND,DAM,LMP,LMP_PRC,TH_SP15_GEN-APND,ALL_APNODES,0,28.22196,229
2017-09-12T21:00:00-00:00,2017-09-12T22:00:00-00:00,2017-09-12,15,0,TH_SP15_GEN-APND,TH_SP15_GEN-APND,TH_SP15_GEN-APND,DAM,LMP,LMP_PRC,TH_SP15_GEN-APND,ALL_APNODES,0,40.51818,229
2017-09-13T04:00:00-00:00,2017-09-13T05:00:00-00:00,2017-09-12,22,0,TH_SP15_GEN-APND,TH_SP15_GEN-APND,TH_SP15_GEN-APND,DAM,LMP,LMP_PRC,TH_SP15_GEN-APND,ALL_APNODES,0,45.1982,229
2017-09-13T03:00:00-00:00,2017-09-13T04:00:00-00:00,2017-09-12,21,0,TH_SP15_GEN-APND,TH_SP15_GEN-APND,TH_SP15_GEN-APND,DAM,LMP,LMP_PRC,TH_SP15_GEN-APND,ALL_APNODES,0,51.46614,229
2017-09-12T09:00:00-00:00,2017-09-12T10:00:00-00:00,2017-09-12,3,0,TH_SP15_GEN-APND,TH_SP15_GEN-APND,TH_SP15_GEN-APND,DAM,LMP,LMP_PRC,TH_SP15_GEN-APND,ALL_APNODES,0,28.53999,229
2017-09-13T02:00:00-00:00,2017-09-13T03:00:00-00:00,2017-09-12,20,0,TH_SP15_GEN-APND,TH_SP15_GEN-APND,TH_SP15_GEN-APND,DAM,LMP,LMP_PRC,TH_SP15_GEN-APND,ALL_APNODES,0,67.5567,229
2017-09-12T20:00:00-00:00,2017-09-12T21:00:00-00:00,2017-09-12,14,0,TH_SP15_GEN-APND,TH_SP15_GEN-APND,TH_SP15_GEN-APND,DAM,LMP,LMP_PRC,TH_SP15_GEN-APND,ALL_APNODES,0,37.60275,229
2017-09-12T23:00:00-00:00,2017-09-13T00:00:00-00:00,2017-09-12,17,0,TH_SP15_GEN-APND,TH_SP15_GEN-APND,TH_SP15_GEN-APND,DAM,LMP,LMP_PRC,TH_SP15_GEN-APND,ALL_APNODES,0,47.45238,229
2017-09-12T07:00:00-00:00,2017-09-12T08:00:00-00:00,2017-09-12,1,0,TH_SP15_GEN-APND,TH_SP15_GEN-APND,TH_SP15_GEN-APND,DAM,LMP,LMP_PRC,TH_SP15_GEN-APND,ALL_APNODES,0,33.46629,229
2017-09-12T22:00:00-00:00,2017-09-12T23:00:00-00:00,2017-09-12,16,0,TH_SP15_GEN-APND,TH_SP15_GEN-APND,TH_SP15_GEN-APND,DAM,LMP,LMP_PRC,TH_SP15_GEN-APND,ALL_APNODES,0,45.09,229
2017-09-12T15:00:00-00:00,2017-09-12T16:00:00-00:00,2017-09-12,9,0,TH_SP15_GEN-APND,TH_SP15_GEN-APND,TH_SP15_GEN-APND,DAM,LMP,LMP_PRC,TH_SP15_GEN-APND,ALL_APNODES,0,30.8759,229
2017-09-12T14:00:00-00:00,2017-09-12T15:00:00-00:00,2017-09-12,8,0,TH_SP15_GEN-APND,TH_SP15_GEN-APND,TH_SP15_GEN-APND,DAM,LMP,LMP_PRC,TH_SP15_GEN-APND,ALL_APNODES,0,37.11561,229
2017-09-12T10:00:00-00:00,2017-09-12T11:00:00-00:00,2017-09-12,4,0,TH_SP15_GEN-APND,TH_SP15_GEN-APND,TH_SP15_GEN-APND,DAM,LMP,LMP_PRC,TH_SP15_GEN-APND,ALL_APNODES,0,27.61038,229
2017-09-12T18:00:00-00:00,2017-09-12T19:00:00-00:00,2017-09-12,12,0,TH_SP15_GEN-APND,TH_SP15_GEN-APND,TH_SP15_GEN-APND,DAM,LMP,LMP_PRC,TH_SP15_GEN-APND,ALL_APNODES,0,30.43745,229
2017-09-12T13:00:00-00:00,2017-09-12T14:00:00-00:00,2017-09-12,7,0,TH_SP15_GEN-APND,TH_SP15_GEN-APND,TH_SP15_GEN-APND,DAM,LMP,LMP_PRC,TH_SP15_GEN-APND,ALL_APNODES,0,37.70387,229
2017-09-13T06:00:00-00:00,2017-09-13T07:00:00-00:00,2017-09-12,24,0,TH_SP15_GEN-APND,TH_SP15_GEN-APND,TH_SP15_GEN-APND,DAM,LMP,LMP_PRC,TH_SP15_GEN-APND,ALL_APNODES,0,33.9669,229
2017-09-13T05:00:00-00:00,2017-09-13T06:00:00-00:00,2017-09-12,23,0,TH_SP15_GEN-APND,TH_SP15_GEN-APND,TH_SP15_GEN-APND,DAM,MCC,LMP_CONG_PRC,TH_SP15_GEN-APND,ALL_APNODES,0,0,230
2017-09-12T19:00:00-00:00,2017-09-12T20:00:00-00:00,2017-09-12,13,0,TH_SP15_GEN-APND,TH_SP15_GEN-APND,TH_SP15_GEN-APND,DAM,MCC,LMP_CONG_PRC,TH_SP15_GEN-APND,ALL_APNODES,0,-0.42247,230
2017-09-12T22:00:00-00:00,2017-09-12T23:00:00-00:00,2017-09-12,16,0,TH_SP15_GEN-APND,TH_SP15_GEN-APND,TH_SP15_GEN-APND,DAM,MCC,LMP_CONG_PRC,TH_SP15_GEN-APND,ALL_APNODES,0,-0.00081,230
2017-09-12T07:00:00-00:00,2017-09-12T08:00:00-00:00,2017-09-12,1,0,TH_SP15_GEN-APND,TH_SP15_GEN-APND,TH_SP15_GEN-APND,DAM,MCC,LMP_CONG_PRC,TH_SP15_GEN-APND,ALL_APNODES,0,0,230
2017-09-12T18:00:00-00:00,2017-09-12T19:00:00-00:00,2017-09-12,12,0,TH_SP15_GEN-APND,TH_SP15_GEN-APND,TH_SP15_GEN-APND,DAM,MCC,LMP_CONG_PRC,TH_SP15_GEN-APND,ALL_APNODES,0,-1.4427,230
2017-09-12T17:00:00-00:00,2017-09-12T18:00:00-00:00,2017-09-12,11,0,TH_SP15_GEN-APND,TH_SP15_GEN-APND,TH_SP15_GEN-APND,DAM,MCC,LMP_CONG_PRC,TH_SP15_GEN-APND,ALL_APNODES,0,-0.66978,230
2017-09-12T13:00:00-00:00,2017-09-12T14:00:00-00:00,2017-09-12,7,0,TH_SP15_GEN-APND,TH_SP15_GEN-APND,TH_SP15_GEN-APND,DAM,MCC,LMP_CONG_PRC,TH_SP15_GEN-APND,ALL_APNODES,0,0,230
2017-09-13T01:00:00-00:00,2017-09-13T02:00:00-00:00,2017-09-12,19,0,TH_SP15_GEN-APND,TH_SP15_GEN-APND,TH_SP15_GEN-APND,DAM,MCC,LMP_CONG_PRC,TH_SP15_GEN-APND,ALL_APNODES,0,-0.30473,230
2017-09-12T09:00:00-00:00,2017-09-12T10:00:00-00:00,2017-09-12,3,0,TH_SP15_GEN-APND,TH_SP15_GEN-APND,TH_SP15_GEN-APND,DAM,MCC,LMP_CONG_PRC,TH_SP15_GEN-APND,ALL_APNODES,0,0,230
2017-09-12T14:00:00-00:00,2017-09-12T15:00:00-00:00,2017-09-12,8,0,TH_SP15_GEN-APND,TH_SP15_GEN-APND,TH_SP15_GEN-APND,DAM,MCC,LMP_CONG_PRC,TH_SP15_GEN-APND,ALL_APNODES,0,0,230
2017-09-13T04:00:00-00:00,2017-09-13T05:00:00-00:00,2017-09-12,22,0,TH_SP15_GEN-APND,TH_SP15_GEN-APND,TH_SP15_GEN-APND,DAM,MCC,LMP_CONG_PRC,TH_SP15_GEN-APND,ALL_APNODES,0,0,230
2017-09-12T16:00:00-00:00,2017-09-12T17:00:00-00:00,2017-09-12,10,0,TH_SP15_GEN-APND,TH_SP15_GEN-APND,TH_SP15_GEN-APND,DAM,MCC,LMP_CONG_PRC,TH_SP15_GEN-APND,ALL_APNODES,0,-0.5319,230
2017-09-13T00:00:00-00:00,2017-09-13T01:00:00-00:00,2017-09-12,18,0,TH_SP15_GEN-APND,TH_SP15_GEN-APND,TH_SP15_GEN-APND,DAM,MCC,LMP_CONG_PRC,TH_SP15_GEN-APND,ALL_APNODES,0,0,230
2017-09-12T21:00:00-00:00,2017-09-12T22:00:00-00:00,2017-09-12,15,0,TH_SP15_GEN-APND,TH_SP15_GEN-APND,TH_SP15_GEN-APND,DAM,MCC,LMP_CONG_PRC,TH_SP15_GEN-APND,ALL_APNODES,0,-0.19495,230
2017-09-13T03:00:00-00:00,2017-09-13T04:00:00-00:00,2017-09-12,21,0,TH_SP15_GEN-APND,TH_SP15_GEN-APND,TH_SP15_GEN-APND,DAM,MCC,LMP_CONG_PRC,TH_SP15_GEN-APND,ALL_APNODES,0,0,230
2017-09-13T06:00:00-00:00,2017-09-13T07:00:00-00:00,2017-09-12,24,0,TH_SP15_GEN-APND,TH_SP15_GEN-APND,TH_SP15_GEN-APND,DAM,MCC,LMP_CONG_PRC,TH_SP15_GEN-APND,ALL_APNODES,0,0,230
2017-09-12T23:00:00-00:00,2017-09-13T00:00:00-00:00,2017-09-12,17,0,TH_SP15_GEN-APND,TH_SP15_GEN-APND,TH_SP15_GEN-APND,DAM,MCC,LMP_CONG_PRC,TH_SP15_GEN-APND,ALL_APNODES,0,0,230
2017-09-12T20:00:00-00:00,2017-09-12T21:00:00-00:00,2017-09-12,14,0,TH_SP15_GEN-APND,TH_SP15_GEN-APND,TH_SP15_GEN-APND,DAM,MCC,LMP_CONG_PRC,TH_SP15_GEN-APND,ALL_APNODES,0,-0.12617,230
2017-09-12T11:00:00-00:00,2017-09-12T12:00:00-00:00,2017-09-12,5,0,TH_SP15_GEN-APND,TH_SP15_GEN-APND,TH_SP15_GEN-APND,DAM,MCC,LMP_CONG_PRC,TH_SP15_GEN-APND,ALL_APNODES,0,0,230
2017-09-12T08:00:00-00:00,2017-09-12T09:00:00-00:00,2017-09-12,2,0,TH_SP15_GEN-APND,TH_SP15_GEN-APND,TH_SP15_GEN-APND,DAM,MCC,LMP_CONG_PRC,TH_SP15_GEN-APND,ALL_APNODES,0,0,230
2017-09-13T02:00:00-00:00,2017-09-13T03:00:00-00:00,2017-09-12,20,0,TH_SP15_GEN-APND,TH_SP15_GEN-APND,TH_SP15_GEN-APND,DAM,MCC,LMP_CONG_PRC,TH_SP15_GEN-APND,ALL_APNODES,0,-0.21381,230
2017-09-12T12:00:00-00:00,2017-09-12T13:00:00-00:00,2017-09-12,6,0,TH_SP15_GEN-APND,TH_SP15_GEN-APND,TH_SP15_GEN-APND,DAM,MCC,LMP_CONG_PRC,TH_SP15_GEN-APND,ALL_APNODES,0,0,230
2017-09-12T15:00:00-00:00,2017-09-12T16:00:00-00:00,2017-09-12,9,0,TH_SP15_GEN-APND,TH_SP15_GEN-APND,TH_SP15_GEN-APND,DAM,MCC,LMP_CONG_PRC,TH_SP15_GEN-APND,ALL_APNODES,0,-0.22265,230
2017-09-12T10:00:00-00:00,2017-09-12T11:00:00-00:00,2017-09-12,4,0,TH_SP15_GEN-APND,TH_SP15_GEN-APND,TH_SP15_GEN-APND,DAM,MCC,LMP_CONG_PRC,TH_SP15_GEN-APND,ALL_APNODES,0,0,230
2017-09-12T23:00:00-00:00,2017-09-13T00:00:00-00:00,2017-09-12,17,0,TH_SP15_GEN-APND,TH_SP15_GEN-APND,TH_SP15_GEN-APND,DAM,MCE,LMP_ENE_PRC,TH_SP15_GEN-APND,ALL_APNODES,0,49.86589,231
2017-09-13T06:00:00-00:00,2017-09-13T07:00:00-00:00,2017-09-12,24,0,TH_SP15_GEN-APND,TH_SP15_GEN-APND,TH_SP15_GEN-APND,DAM,MCE,LMP_ENE_PRC,TH_SP15_GEN-APND,ALL_APNODES,0,35.37113,231
2017-09-12T19:00:00-00:00,2017-09-12T20:00:00-00:00,2017-09-12,13,0,TH_SP15_GEN-APND,TH_SP15_GEN-APND,TH_SP15_GEN-APND,DAM,MCE,LMP_ENE_PRC,TH_SP15_GEN-APND,ALL_APNODES,0,36.76859,231
2017-09-12T07:00:00-00:00,2017-09-12T08:00:00-00:00,2017-09-12,1,0,TH_SP15_GEN-APND,TH_SP15_GEN-APND,TH_SP15_GEN-APND,DAM,MCE,LMP_ENE_PRC,TH_SP15_GEN-APND,ALL_APNODES,0,34.6765,231
2017-09-12T18:00:00-00:00,2017-09-12T19:00:00-00:00,2017-09-12,12,0,TH_SP15_GEN-APND,TH_SP15_GEN-APND,TH_SP15_GEN-APND,DAM,MCE,LMP_ENE_PRC,TH_SP15_GEN-APND,ALL_APNODES,0,33.50515,231
2017-09-12T12:00:00-00:00,2017-09-12T13:00:00-00:00,2017-09-12,6,0,TH_SP15_GEN-APND,TH_SP15_GEN-APND,TH_SP15_GEN-APND,DAM,MCE,LMP_ENE_PRC,TH_SP15_GEN-APND,ALL_APNODES,0,32.98193,231
2017-09-13T01:00:00-00:00,2017-09-13T02:00:00-00:00,2017-09-12,19,0,TH_SP15_GEN-APND,TH_SP15_GEN-APND,TH_SP15_GEN-APND,DAM,MCE,LMP_ENE_PRC,TH_SP15_GEN-APND,ALL_APNODES,0,88.93457,231
2017-09-13T04:00:00-00:00,2017-09-13T05:00:00-00:00,2017-09-12,22,0,TH_SP15_GEN-APND,TH_SP15_GEN-APND,TH_SP15_GEN-APND,DAM,MCE,LMP_ENE_PRC,TH_SP15_GEN-APND,ALL_APNODES,0,46.70683,231
2017-09-12T09:00:00-00:00,2017-09-12T10:00:00-00:00,2017-09-12,3,0,TH_SP15_GEN-APND,TH_SP15_GEN-APND,TH_SP15_GEN-APND,DAM,MCE,LMP_ENE_PRC,TH_SP15_GEN-APND,ALL_APNODES,0,29.41963,231
2017-09-12T10:00:00-00:00,2017-09-12T11:00:00-00:00,2017-09-12,4,0,TH_SP15_GEN-APND,TH_SP15_GEN-APND,TH_SP15_GEN-APND,DAM,MCE,LMP_ENE_PRC,TH_SP15_GEN-APND,ALL_APNODES,0,28.46431,231
2017-09-12T20:00:00-00:00,2017-09-12T21:00:00-00:00,2017-09-12,14,0,TH_SP15_GEN-APND,TH_SP15_GEN-APND,TH_SP15_GEN-APND,DAM,MCE,LMP_ENE_PRC,TH_SP15_GEN-APND,ALL_APNODES,0,39.37889,231
2017-09-12T11:00:00-00:00,2017-09-12T12:00:00-00:00,2017-09-12,5,0,TH_SP15_GEN-APND,TH_SP15_GEN-APND,TH_SP15_GEN-APND,DAM,MCE,LMP_ENE_PRC,TH_SP15_GEN-APND,ALL_APNODES,0,29.10081,231
2017-09-13T02:00:00-00:00,2017-09-13T03:00:00-00:00,2017-09-12,20,0,TH_SP15_GEN-APND,TH_SP15_GEN-APND,TH_SP15_GEN-APND,DAM,MCE,LMP_ENE_PRC,TH_SP15_GEN-APND,ALL_APNODES,0,67.77052,231
2017-09-12T13:00:00-00:00,2017-09-12T14:00:00-00:00,2017-09-12,7,0,TH_SP15_GEN-APND,TH_SP15_GEN-APND,TH_SP15_GEN-APND,DAM,MCE,LMP_ENE_PRC,TH_SP15_GEN-APND,ALL_APNODES,0,39.14439,231
2017-09-12T21:00:00-00:00,2017-09-12T22:00:00-00:00,2017-09-12,15,0,TH_SP15_GEN-APND,TH_SP15_GEN-APND,TH_SP15_GEN-APND,DAM,MCE,LMP_ENE_PRC,TH_SP15_GEN-APND,ALL_APNODES,0,42.86947,231
2017-09-12T22:00:00-00:00,2017-09-12T23:00:00-00:00,2017-09-12,16,0,TH_SP15_GEN-APND,TH_SP15_GEN-APND,TH_SP15_GEN-APND,DAM,MCE,LMP_ENE_PRC,TH_SP15_GEN-APND,ALL_APNODES,0,47.40912,231
2017-09-12T08:00:00-00:00,2017-09-12T09:00:00-00:00,2017-09-12,2,0,TH_SP15_GEN-APND,TH_SP15_GEN-APND,TH_SP15_GEN-APND,DAM,MCE,LMP_ENE_PRC,TH_SP15_GEN-APND,ALL_APNODES,0,31.93338,231
2017-09-13T00:00:00-00:00,2017-09-13T01:00:00-00:00,2017-09-12,18,0,TH_SP15_GEN-APND,TH_SP15_GEN-APND,TH_SP15_GEN-APND,DAM,MCE,LMP_ENE_PRC,TH_SP15_GEN-APND,ALL_APNODES,0,58.53088,231
2017-09-13T03:00:00-00:00,2017-09-13T04:00:00-00:00,2017-09-12,21,0,TH_SP15_GEN-APND,TH_SP15_GEN-APND,TH_SP15_GEN-APND,DAM,MCE,LMP_ENE_PRC,TH_SP15_GEN-APND,ALL_APNODES,0,51.46614,231
2017-09-13T05:00:00-00:00,2017-09-13T06:00:00-00:00,2017-09-12,23,0,TH_SP15_GEN-APND,TH_SP15_GEN-APND,TH_SP15_GEN-APND,DAM,MCE,LMP_ENE_PRC,TH_SP15_GEN-APND,ALL_APNODES,0,40.82623,231
2017-09-12T14:00:00-00:00,2017-09-12T15:00:00-00:00,2017-09-12,8,0,TH_SP15_GEN-APND,TH_SP15_GEN-APND,TH_SP15_GEN-APND,DAM,MCE,LMP_ENE_PRC,TH_SP15_GEN-APND,ALL_APNODES,0,38.7833,231
2017-09-12T15:00:00-00:00,2017-09-12T16:00:00-00:00,2017-09-12,9,0,TH_SP15_GEN-APND,TH_SP15_GEN-APND,TH_SP15_GEN-APND,DAM,MCE,LMP_ENE_PRC,TH_SP15_GEN-APND,ALL_APNODES,0,32.60147,231
2017-09-12T16:00:00-00:00,2017-09-12T17:00:00-00:00,2017-09-12,10,0,TH_SP15_GEN-APND,TH_SP15_GEN-APND,TH_SP15_GEN-APND,DAM,MCE,LMP_ENE_PRC,TH_SP15_GEN-APND,ALL_APNODES,0,31.35901,231
2017-09-12T17:00:00-00:00,2017-09-12T18:00:00-00:00,2017-09-12,11,0,TH_SP15_GEN-APND,TH_SP15_GEN-APND,TH_SP15_GEN-APND,DAM,MCE,LMP_ENE_PRC,TH_SP15_GEN-APND,ALL_APNODES,0,31.50945,231
2017-09-12T19:00:00-00:00,2017-09-12T20:00:00-00:00,2017-09-12,13,0,TH_SP15_GEN-APND,TH_SP15_GEN-APND,TH_SP15_GEN-APND,DAM,MCL,LMP_LOSS_PRC,TH_SP15_GEN-APND,ALL_APNODES,0,-1.70974,232
2017-09-12T11:00:00-00:00,2017-09-12T12:00:00-00:00,2017-09-12,5,0,TH_SP15_GEN-APND,TH_SP15_GEN-APND,TH_SP15_GEN-APND,DAM,MCL,LMP_LOSS_PRC,TH_SP15_GEN-APND,ALL_APNODES,0,-0.87884,232
2017-09-13T05:00:00-00:00,2017-09-13T06:00:00-00:00,2017-09-12,23,0,TH_SP15_GEN-APND,TH_SP15_GEN-APND,TH_SP15_GEN-APND,DAM,MCL,LMP_LOSS_PRC,TH_SP15_GEN-APND,ALL_APNODES,0,-1.52282,232
2017-09-12T23:00:00-00:00,2017-09-13T00:00:00-00:00,2017-09-12,17,0,TH_SP15_GEN-APND,TH_SP15_GEN-APND,TH_SP15_GEN-APND,DAM,MCL,LMP_LOSS_PRC,TH_SP15_GEN-APND,ALL_APNODES,0,-2.41351,232
2017-09-13T04:00:00-00:00,2017-09-13T05:00:00-00:00,2017-09-12,22,0,TH_SP15_GEN-APND,TH_SP15_GEN-APND,TH_SP15_GEN-APND,DAM,MCL,LMP_LOSS_PRC,TH_SP15_GEN-APND,ALL_APNODES,0,-1.50863,232
2017-09-12T18:00:00-00:00,2017-09-12T19:00:00-00:00,2017-09-12,12,0,TH_SP15_GEN-APND,TH_SP15_GEN-APND,TH_SP15_GEN-APND,DAM,MCL,LMP_LOSS_PRC,TH_SP15_GEN-APND,ALL_APNODES,0,-1.625,232
2017-09-12T20:00:00-00:00,2017-09-12T21:00:00-00:00,2017-09-12,14,0,TH_SP15_GEN-APND,TH_SP15_GEN-APND,TH_SP15_GEN-APND,DAM,MCL,LMP_LOSS_PRC,TH_SP15_GEN-APND,ALL_APNODES,0,-1.64998,232
2017-09-12T08:00:00-00:00,2017-09-12T09:00:00-00:00,2017-09-12,2,0,TH_SP15_GEN-APND,TH_SP15_GEN-APND,TH_SP15_GEN-APND,DAM,MCL,LMP_LOSS_PRC,TH_SP15_GEN-APND,ALL_APNODES,0,-1.01229,232
2017-09-13T00:00:00-00:00,2017-09-13T01:00:00-00:00,2017-09-12,18,0,TH_SP15_GEN-APND,TH_SP15_GEN-APND,TH_SP15_GEN-APND,DAM,MCL,LMP_LOSS_PRC,TH_SP15_GEN-APND,ALL_APNODES,0,-2.94996,232
2017-09-12T16:00:00-00:00,2017-09-12T17:00:00-00:00,2017-09-12,10,0,TH_SP15_GEN-APND,TH_SP15_GEN-APND,TH_SP15_GEN-APND,DAM,MCL,LMP_LOSS_PRC,TH_SP15_GEN-APND,ALL_APNODES,0,-1.46447,232
2017-09-13T02:00:00-00:00,2017-09-13T03:00:00-00:00,2017-09-12,20,0,TH_SP15_GEN-APND,TH_SP15_GEN-APND,TH_SP15_GEN-APND,DAM,MCL,LMP_LOSS_PRC,TH_SP15_GEN-APND,ALL_APNODES,0,0,232
2017-09-12T15:00:00-00:00,2017-09-12T16:00:00-00:00,2017-09-12,9,0,TH_SP15_GEN-APND,TH_SP15_GEN-APND,TH_SP15_GEN-APND,DAM,MCL,LMP_LOSS_PRC,TH_SP15_GEN-APND,ALL_APNODES,0,-1.50293,232
2017-09-12T22:00:00-00:00,2017-09-12T23:00:00-00:00,2017-09-12,16,0,TH_SP15_GEN-APND,TH_SP15_GEN-APND,TH_SP15_GEN-APND,DAM,MCL,LMP_LOSS_PRC,TH_SP15_GEN-APND,ALL_APNODES,0,-2.31831,232
2017-09-13T06:00:00-00:00,2017-09-13T07:00:00-00:00,2017-09-12,24,0,TH_SP15_GEN-APND,TH_SP15_GEN-APND,TH_SP15_GEN-APND,DAM,MCL,LMP_LOSS_PRC,TH_SP15_GEN-APND,ALL_APNODES,0,-1.40423,232
2017-09-12T13:00:00-00:00,2017-09-12T14:00:00-00:00,2017-09-12,7,0,TH_SP15_GEN-APND,TH_SP15_GEN-APND,TH_SP15_GEN-APND,DAM,MCL,LMP_LOSS_PRC,TH_SP15_GEN-APND,ALL_APNODES,0,-1.44051,232
2017-09-12T14:00:00-00:00,2017-09-12T15:00:00-00:00,2017-09-12,8,0,TH_SP15_GEN-APND,TH_SP15_GEN-APND,TH_SP15_GEN-APND,DAM,MCL,LMP_LOSS_PRC,TH_SP15_GEN-APND,ALL_APNODES,0,-1.66768,232
2017-09-12T09:00:00-00:00,2017-09-12T10:00:00-00:00,2017-09-12,3,0,TH_SP15_GEN-APND,TH_SP15_GEN-APND,TH_SP15_GEN-APND,DAM,MCL,LMP_LOSS_PRC,TH_SP15_GEN-APND,ALL_APNODES,0,-0.87965,232
2017-09-12T17:00:00-00:00,2017-09-12T18:00:00-00:00,2017-09-12,11,0,TH_SP15_GEN-APND,TH_SP15_GEN-APND,TH_SP15_GEN-APND,DAM,MCL,LMP_LOSS_PRC,TH_SP15_GEN-APND,ALL_APNODES,0,-1.56917,232
2017-09-12T07:00:00-00:00,2017-09-12T08:00:00-00:00,2017-09-12,1,0,TH_SP15_GEN-APND,TH_SP15_GEN-APND,TH_SP15_GEN-APND,DAM,MCL,LMP_LOSS_PRC,TH_SP15_GEN-APND,ALL_APNODES,0,-1.21021,232
2017-09-12T12:00:00-00:00,2017-09-12T13:00:00-00:00,2017-09-12,6,0,TH_SP15_GEN-APND,TH_SP15_GEN-APND,TH_SP15_GEN-APND,DAM,MCL,LMP_LOSS_PRC,TH_SP15_GEN-APND,ALL_APNODES,0,-1.06861,232
2017-09-13T03:00:00-00:00,2017-09-13T04:00:00-00:00,2017-09-12,21,0,TH_SP15_GEN-APND,TH_SP15_GEN-APND,TH_SP15_GEN-APND,DAM,MCL,LMP_LOSS_PRC,TH_SP15_GEN-APND,ALL_APNODES,0,0,232
2017-09-12T21:00:00-00:00,2017-09-12T22:00:00-00:00,2017-09-12,15,0,TH_SP15_GEN-APND,TH_SP15_GEN-APND,TH_SP15_GEN-APND,DAM,MCL,LMP_LOSS_PRC,TH_SP15_GEN-APND,ALL_APNODES,0,-2.15633,232
2017-09-12T10:00:00-00:00,2017-09-12T11:00:00-00:00,2017-09-12,4,0,TH_SP15_GEN-APND,TH_SP15_GEN-APND,TH_SP15_GEN-APND,DAM,MCL,LMP_LOSS_PRC,TH_SP15_GEN-APND,ALL_APNODES,0,-0.85393,232
2017-09-13T01:00:00-00:00,2017-09-13T02:00:00-00:00,2017-09-12,19,0,TH_SP15_GEN-APND,TH_SP15_GEN-APND,TH_SP15_GEN-APND,DAM,MCL,LMP_LOSS_PRC,TH_SP15_GEN-APND,ALL_APNODES,0,0,232
2017-09-12T19:00:00-00:00,2017-09-12T20:00:00-00:00,2017-09-12,13,0,TH_ZP26_GEN-APND,TH_ZP26_GEN-APND,TH_ZP26_GEN-APND,DAM,LMP,LMP_PRC,TH_ZP26_GEN-APND,ALL_APNODES,0,33.12254,233
2017-09-12T08:00:00-00:00,2017-09-12T09:00:00-00:00,2017-09-12,2,0,TH_ZP26_GEN-APND,TH_ZP26_GEN-APND,TH_ZP26_GEN-APND,DAM,LMP,LMP_PRC,TH_ZP26_GEN-APND,ALL_APNODES,0,30.78378,233
2017-09-12T21:00:00-00:00,2017-09-12T22:00:00-00:00,2017-09-12,15,0,TH_ZP26_GEN-APND,TH_ZP26_GEN-APND,TH_ZP26_GEN-APND,DAM,LMP,LMP_PRC,TH_ZP26_GEN-APND,ALL_APNODES,0,39.88367,233
2017-09-12T10:00:00-00:00,2017-09-12T11:00:00-00:00,2017-09-12,4,0,TH_ZP26_GEN-APND,TH_ZP26_GEN-APND,TH_ZP26_GEN-APND,DAM,LMP,LMP_PRC,TH_ZP26_GEN-APND,ALL_APNODES,0,27.46521,233
2017-09-13T03:00:00-00:00,2017-09-13T04:00:00-00:00,2017-09-12,21,0,TH_ZP26_GEN-APND,TH_ZP26_GEN-APND,TH_ZP26_GEN-APND,DAM,LMP,LMP_PRC,TH_ZP26_GEN-APND,ALL_APNODES,0,51.46614,233
2017-09-12T07:00:00-00:00,2017-09-12T08:00:00-00:00,2017-09-12,1,0,TH_ZP26_GEN-APND,TH_ZP26_GEN-APND,TH_ZP26_GEN-APND,DAM,LMP,LMP_PRC,TH_ZP26_GEN-APND,ALL_APNODES,0,33.39,233
2017-09-12T12:00:00-00:00,2017-09-12T13:00:00-00:00,2017-09-12,6,0,TH_ZP26_GEN-APND,TH_ZP26_GEN-APND,TH_ZP26_GEN-APND,DAM,LMP,LMP_PRC,TH_ZP26_GEN-APND,ALL_APNODES,0,31.7616,233
2017-09-13T01:00:00-00:00,2017-09-13T02:00:00-00:00,2017-09-12,19,0,TH_ZP26_GEN-APND,TH_ZP26_GEN-APND,TH_ZP26_GEN-APND,DAM,LMP,LMP_PRC,TH_ZP26_GEN-APND,ALL_APNODES,0,88.93457,233
2017-09-13T04:00:00-00:00,2017-09-13T05:00:00-00:00,2017-09-12,22,0,TH_ZP26_GEN-APND,TH_ZP26_GEN-APND,TH_ZP26_GEN-APND,DAM,LMP,LMP_PRC,TH_ZP26_GEN-APND,ALL_APNODES,0,44.87592,233
2017-09-13T06:00:00-00:00,2017-09-13T07:00:00-00:00,2017-09-12,24,0,TH_ZP26_GEN-APND,TH_ZP26_GEN-APND,TH_ZP26_GEN-APND,DAM,LMP,LMP_PRC,TH_ZP26_GEN-APND,ALL_APNODES,0,34.02703,233
2017-09-12T15:00:00-00:00,2017-09-12T16:00:00-00:00,2017-09-12,9,0,TH_ZP26_GEN-APND,TH_ZP26_GEN-APND,TH_ZP26_GEN-APND,DAM,LMP,LMP_PRC,TH_ZP26_GEN-APND,ALL_APNODES,0,30.70637,233
2017-09-12T23:00:00-00:00,2017-09-13T00:00:00-00:00,2017-09-12,17,0,TH_ZP26_GEN-APND,TH_ZP26_GEN-APND,TH_ZP26_GEN-APND,DAM,LMP,LMP_PRC,TH_ZP26_GEN-APND,ALL_APNODES,0,46.97865,233
2017-09-12T20:00:00-00:00,2017-09-12T21:00:00-00:00,2017-09-12,14,0,TH_ZP26_GEN-APND,TH_ZP26_GEN-APND,TH_ZP26_GEN-APND,DAM,LMP,LMP_PRC,TH_ZP26_GEN-APND,ALL_APNODES,0,36.43276,233
2017-09-12T11:00:00-00:00,2017-09-12T12:00:00-00:00,2017-09-12,5,0,TH_ZP26_GEN-APND,TH_ZP26_GEN-APND,TH_ZP26_GEN-APND,DAM,LMP,LMP_PRC,TH_ZP26_GEN-APND,ALL_APNODES,0,28.059,233
2017-09-12T13:00:00-00:00,2017-09-12T14:00:00-00:00,2017-09-12,7,0,TH_ZP26_GEN-APND,TH_ZP26_GEN-APND,TH_ZP26_GEN-APND,DAM,LMP,LMP_PRC,TH_ZP26_GEN-APND,ALL_APNODES,0,37.78216,233
2017-09-12T18:00:00-00:00,2017-09-12T19:00:00-00:00,2017-09-12,12,0,TH_ZP26_GEN-APND,TH_ZP26_GEN-APND,TH_ZP26_GEN-APND,DAM,LMP,LMP_PRC,TH_ZP26_GEN-APND,ALL_APNODES,0,29.13195,233
2017-09-12T22:00:00-00:00,2017-09-12T23:00:00-00:00,2017-09-12,16,0,TH_ZP26_GEN-APND,TH_ZP26_GEN-APND,TH_ZP26_GEN-APND,DAM,LMP,LMP_PRC,TH_ZP26_GEN-APND,ALL_APNODES,0,44.5448,233
2017-09-12T09:00:00-00:00,2017-09-12T10:00:00-00:00,2017-09-12,3,0,TH_ZP26_GEN-APND,TH_ZP26_GEN-APND,TH_ZP26_GEN-APND,DAM,LMP,LMP_PRC,TH_ZP26_GEN-APND,ALL_APNODES,0,28.37524,233
2017-09-13T05:00:00-00:00,2017-09-13T06:00:00-00:00,2017-09-12,23,0,TH_ZP26_GEN-APND,TH_ZP26_GEN-APND,TH_ZP26_GEN-APND,DAM,LMP,LMP_PRC,TH_ZP26_GEN-APND,ALL_APNODES,0,39.19318,233
2017-09-12T16:00:00-00:00,2017-09-12T17:00:00-00:00,2017-09-12,10,0,TH_ZP26_GEN-APND,TH_ZP26_GEN-APND,TH_ZP26_GEN-APND,DAM,LMP,LMP_PRC,TH_ZP26_GEN-APND,ALL_APNODES,0,28.23889,233
2017-09-13T00:00:00-00:00,2017-09-13T01:00:00-00:00,2017-09-12,18,0,TH_ZP26_GEN-APND,TH_ZP26_GEN-APND,TH_ZP26_GEN-APND,DAM,LMP,LMP_PRC,TH_ZP26_GEN-APND,ALL_APNODES,0,55.78578,233
2017-09-13T02:00:00-00:00,2017-09-13T03:00:00-00:00,2017-09-12,20,0,TH_ZP26_GEN-APND,TH_ZP26_GEN-APND,TH_ZP26_GEN-APND,DAM,LMP,LMP_PRC,TH_ZP26_GEN-APND,ALL_APNODES,0,67.77052,233
2017-09-12T14:00:00-00:00,2017-09-12T15:00:00-00:00,2017-09-12,8,0,TH_ZP26_GEN-APND,TH_ZP26_GEN-APND,TH_ZP26_GEN-APND,DAM,LMP,LMP_PRC,TH_ZP26_GEN-APND,ALL_APNODES,0,37.21645,233
2017-09-12T17:00:00-00:00,2017-09-12T18:00:00-00:00,2017-09-12,11,0,TH_ZP26_GEN-APND,TH_ZP26_GEN-APND,TH_ZP26_GEN-APND,DAM,LMP,LMP_PRC,TH_ZP26_GEN-APND,ALL_APNODES,0,27.91622,233
2017-09-13T03:00:00-00:00,2017-09-13T04:00:00-00:00,2017-09-12,21,0,TH_ZP26_GEN-APND,TH_ZP26_GEN-APND,TH_ZP26_GEN-APND,DAM,MCC,LMP_CONG_PRC,TH_ZP26_GEN-APND,ALL_APNODES,0,0,234
2017-09-13T06:00:00-00:00,2017-09-13T07:00:00-00:00,2017-09-12,24,0,TH_ZP26_GEN-APND,TH_ZP26_GEN-APND,TH_ZP26_GEN-APND,DAM,MCC,LMP_CONG_PRC,TH_ZP26_GEN-APND,ALL_APNODES,0,0,234
2017-09-12T14:00:00-00:00,2017-09-12T15:00:00-00:00,2017-09-12,8,0,TH_ZP26_GEN-APND,TH_ZP26_GEN-APND,TH_ZP26_GEN-APND,DAM,MCC,LMP_CONG_PRC,TH_ZP26_GEN-APND,ALL_APNODES,0,0,234
2017-09-12T15:00:00-00:00,2017-09-12T16:00:00-00:00,2017-09-12,9,0,TH_ZP26_GEN-APND,TH_ZP26_GEN-APND,TH_ZP26_GEN-APND,DAM,MCC,LMP_CONG_PRC,TH_ZP26_GEN-APND,ALL_APNODES,0,-0.22265,234
2017-09-12T23:00:00-00:00,2017-09-13T00:00:00-00:00,2017-09-12,17,0,TH_ZP26_GEN-APND,TH_ZP26_GEN-APND,TH_ZP26_GEN-APND,DAM,MCC,LMP_CONG_PRC,TH_ZP26_GEN-APND,ALL_APNODES,0,0,234
2017-09-13T02:00:00-00:00,2017-09-13T03:00:00-00:00,2017-09-12,20,0,TH_ZP26_GEN-APND,TH_ZP26_GEN-APND,TH_ZP26_GEN-APND,DAM,MCC,LMP_CONG_PRC,TH_ZP26_GEN-APND,ALL_APNODES,0,0,234
2017-09-12T17:00:00-00:00,2017-09-12T18:00:00-00:00,2017-09-12,11,0,TH_ZP26_GEN-APND,TH_ZP26_GEN-APND,TH_ZP26_GEN-APND,DAM,MCC,LMP_CONG_PRC,TH_ZP26_GEN-APND,ALL_APNODES,0,-1.69321,234
2017-09-12T18:00:00-00:00,2017-09-12T19:00:00-00:00,2017-09-12,12,0,TH_ZP26_GEN-APND,TH_ZP26_GEN-APND,TH_ZP26_GEN-APND,DAM,MCC,LMP_CONG_PRC,TH_ZP26_GEN-APND,ALL_APNODES,0,-2.3696,234
2017-09-12T07:00:00-00:00,2017-09-12T08:00:00-00:00,2017-09-12,1,0,TH_ZP26_GEN-APND,TH_ZP26_GEN-APND,TH_ZP26_GEN-APND,DAM,MCC,LMP_CONG_PRC,TH_ZP26_GEN-APND,ALL_APNODES,0,0,234
2017-09-12T10:00:00-00:00,2017-09-12T11:00:00-00:00,2017-09-12,4,0,TH_ZP26_GEN-APND,TH_ZP26_GEN-APND,TH_ZP26_GEN-APND,DAM,MCC,LMP_CONG_PRC,TH_ZP26_GEN-APND,ALL_APNODES,0,0,234
2017-09-13T00:00:00-00:00,2017-09-13T01:00:00-00:00,2017-09-12,18,0,TH_ZP26_GEN-APND,TH_ZP26_GEN-APND,TH_ZP26_GEN-APND,DAM,MCC,LMP_CONG_PRC,TH_ZP26_GEN-APND,ALL_APNODES,0,0,234
2017-09-12T12:00:00-00:00,2017-09-12T13:00:00-00:00,2017-09-12,6,0,TH_ZP26_GEN-APND,TH_ZP26_GEN-APND,TH_ZP26_GEN-APND,DAM,MCC,LMP_CONG_PRC,TH_ZP26_GEN-APND,ALL_APNODES,0,0,234
2017-09-13T01:00:00-00:00,2017-09-13T02:00:00-00:00,2017-09-12,19,0,TH_ZP26_GEN-APND,TH_ZP26_GEN-APND,TH_ZP26_GEN-APND,DAM,MCC,LMP_CONG_PRC,TH_ZP26_GEN-APND,ALL_APNODES,0,0,234
2017-09-12T19:00:00-00:00,2017-09-12T20:00:00-00:00,2017-09-12,13,0,TH_ZP26_GEN-APND,TH_ZP26_GEN-APND,TH_ZP26_GEN-APND,DAM,MCC,LMP_CONG_PRC,TH_ZP26_GEN-APND,ALL_APNODES,0,-1.42155,234
2017-09-12T11:00:00-00:00,2017-09-12T12:00:00-00:00,2017-09-12,5,0,TH_ZP26_GEN-APND,TH_ZP26_GEN-APND,TH_ZP26_GEN-APND,DAM,MCC,LMP_CONG_PRC,TH_ZP26_GEN-APND,ALL_APNODES,0,0,234
2017-09-13T04:00:00-00:00,2017-09-13T05:00:00-00:00,2017-09-12,22,0,TH_ZP26_GEN-APND,TH_ZP26_GEN-APND,TH_ZP26_GEN-APND,DAM,MCC,LMP_CONG_PRC,TH_ZP26_GEN-APND,ALL_APNODES,0,0,234
2017-09-13T05:00:00-00:00,2017-09-13T06:00:00-00:00,2017-09-12,23,0,TH_ZP26_GEN-APND,TH_ZP26_GEN-APND,TH_ZP26_GEN-APND,DAM,MCC,LMP_CONG_PRC,TH_ZP26_GEN-APND,ALL_APNODES,0,0,234
2017-09-12T16:00:00-00:00,2017-09-12T17:00:00-00:00,2017-09-12,10,0,TH_ZP26_GEN-APND,TH_ZP26_GEN-APND,TH_ZP26_GEN-APND,DAM,MCC,LMP_CONG_PRC,TH_ZP26_GEN-APND,ALL_APNODES,0,-1.31384,234
2017-09-12T20:00:00-00:00,2017-09-12T21:00:00-00:00,2017-09-12,14,0,TH_ZP26_GEN-APND,TH_ZP26_GEN-APND,TH_ZP26_GEN-APND,DAM,MCC,LMP_CONG_PRC,TH_ZP26_GEN-APND,ALL_APNODES,0,-0.55189,234
2017-09-12T21:00:00-00:00,2017-09-12T22:00:00-00:00,2017-09-12,15,0,TH_ZP26_GEN-APND,TH_ZP26_GEN-APND,TH_ZP26_GEN-APND,DAM,MCC,LMP_CONG_PRC,TH_ZP26_GEN-APND,ALL_APNODES,0,-0.40077,234
2017-09-12T22:00:00-00:00,2017-09-12T23:00:00-00:00,2017-09-12,16,0,TH_ZP26_GEN-APND,TH_ZP26_GEN-APND,TH_ZP26_GEN-APND,DAM,MCC,LMP_CONG_PRC,TH_ZP26_GEN-APND,ALL_APNODES,0,-0.00081,234
2017-09-12T13:00:00-00:00,2017-09-12T14:00:00-00:00,2017-09-12,7,0,TH_ZP26_GEN-APND,TH_ZP26_GEN-APND,TH_ZP26_GEN-APND,DAM,MCC,LMP_CONG_PRC,TH_ZP26_GEN-APND,ALL_APNODES,0,0,234
2017-09-12T08:00:00-00:00,2017-09-12T09:00:00-00:00,2017-09-12,2,0,TH_ZP26_GEN-APND,TH_ZP26_GEN-APND,TH_ZP26_GEN-APND,DAM,MCC,LMP_CONG_PRC,TH_ZP26_GEN-APND,ALL_APNODES,0,0,234
2017-09-12T09:00:00-00:00,2017-09-12T10:00:00-00:00,2017-09-12,3,0,TH_ZP26_GEN-APND,TH_ZP26_GEN-APND,TH_ZP26_GEN-APND,DAM,MCC,LMP_CONG_PRC,TH_ZP26_GEN-APND,ALL_APNODES,0,0,234
2017-09-12T16:00:00-00:00,2017-09-12T17:00:00-00:00,2017-09-12,10,0,TH_ZP26_GEN-APND,TH_ZP26_GEN-APND,TH_ZP26_GEN-APND,DAM,MCE,LMP_ENE_PRC,TH_ZP26_GEN-APND,ALL_APNODES,0,31.35901,235
2017-09-12T19:00:00-00:00,2017-09-12T20:00:00-00:00,2017-09-12,13,0,TH_ZP26_GEN-APND,TH_ZP26_GEN-APND,TH_ZP26_GEN-APND,DAM,MCE,LMP_ENE_PRC,TH_ZP26_GEN-APND,ALL_APNODES,0,36.76859,235
2017-09-13T01:00:00-00:00,2017-09-13T02:00:00-00:00,2017-09-12,19,0,TH_ZP26_GEN-APND,TH_ZP26_GEN-APND,TH_ZP26_GEN-APND,DAM,MCE,LMP_ENE_PRC,TH_ZP26_GEN-APND,ALL_APNODES,0,88.93457,235
2017-09-13T00:00:00-00:00,2017-09-13T01:00:00-00:00,2017-09-12,18,0,TH_ZP26_GEN-APND,TH_ZP26_GEN-APND,TH_ZP26_GEN-APND,DAM,MCE,LMP_ENE_PRC,TH_ZP26_GEN-APND,ALL_APNODES,0,58.53088,235
2017-09-12T15:00:00-00:00,2017-09-12T16:00:00-00:00,2017-09-12,9,0,TH_ZP26_GEN-APND,TH_ZP26_GEN-APND,TH_ZP26_GEN-APND,DAM,MCE,LMP_ENE_PRC,TH_ZP26_GEN-APND,ALL_APNODES,0,32.60147,235
2017-09-13T04:00:00-00:00,2017-09-13T05:00:00-00:00,2017-09-12,22,0,TH_ZP26_GEN-APND,TH_ZP26_GEN-APND,TH_ZP26_GEN-APND,DAM,MCE,LMP_ENE_PRC,TH_ZP26_GEN-APND,ALL_APNODES,0,46.70683,235
2017-09-12T07:00:00-00:00,2017-09-12T08:00:00-00:00,2017-09-12,1,0,TH_ZP26_GEN-APND,TH_ZP26_GEN-APND,TH_ZP26_GEN-APND,DAM,MCE,LMP_ENE_PRC,TH_ZP26_GEN-APND,ALL_APNODES,0,34.6765,235
2017-09-12T21:00:00-00:00,2017-09-12T22:00:00-00:00,2017-09-12,15,0,TH_ZP26_GEN-APND,TH_ZP26_GEN-APND,TH_ZP26_GEN-APND,DAM,MCE,LMP_ENE_PRC,TH_ZP26_GEN-APND,ALL_APNODES,0,42.86947,235
2017-09-12T13:00:00-00:00,2017-09-12T14:00:00-00:00,2017-09-12,7,0,TH_ZP26_GEN-APND,TH_ZP26_GEN-APND,TH_ZP26_GEN-APND,DAM,MCE,LMP_ENE_PRC,TH_ZP26_GEN-APND,ALL_APNODES,0,39.14439,235
2017-09-12T09:00:00-00:00,2017-09-12T10:00:00-00:00,2017-09-12,3,0,TH_ZP26_GEN-APND,TH_ZP26_GEN-APND,TH_ZP26_GEN-APND,DAM,MCE,LMP_ENE_PRC,TH_ZP26_GEN-APND,ALL_APNODES,0,29.41963,235
2017-09-12T11:00:00-00:00,2017-09-12T12:00:00-00:00,2017-09-12,5,0,TH_ZP26_GEN-APND,TH_ZP26_GEN-APND,TH_ZP26_GEN-APND,DAM,MCE,LMP_ENE_PRC,TH_ZP26_GEN-APND,ALL_APNODES,0,29.10081,235
2017-09-12T14:00:00-00:00,2017-09-12T15:00:00-00:00,2017-09-12,8,0,TH_ZP26_GEN-APND,TH_ZP26_GEN-APND,TH_ZP26_GEN-APND,DAM,MCE,LMP_ENE_PRC,TH_ZP26_GEN-APND,ALL_APNODES,0,38.7833,235
2017-09-13T03:00:00-00:00,2017-09-13T04:00:00-00:00,2017-09-12,21,0,TH_ZP26_GEN-APND,TH_ZP26_GEN-APND,TH_ZP26_GEN-APND,DAM,MCE,LMP_ENE_PRC,TH_ZP26_GEN-APND,ALL_APNODES,0,51.46614,235
2017-09-12T22:00:00-00:00,2017-09-12T23:00:00-00:00,2017-09-12,16,0,TH_ZP26_GEN-APND,TH_ZP26_GEN-APND,TH_ZP26_GEN-APND,DAM,MCE,LMP_ENE_PRC,TH_ZP26_GEN-APND,ALL_APNODES,0,47.40912,235
2017-09-12T20:00:00-00:00,2017-09-12T21:00:00-00:00,2017-09-12,14,0,TH_ZP26_GEN-APND,TH_ZP26_GEN-APND,TH_ZP26_GEN-APND,DAM,MCE,LMP_ENE_PRC,TH_ZP26_GEN-APND,ALL_APNODES,0,39.37889,235
2017-09-12T17:00:00-00:00,2017-09-12T18:00:00-00:00,2017-09-12,11,0,TH_ZP26_GEN-APND,TH_ZP26_GEN-APND,TH_ZP26_GEN-APND,DAM,MCE,LMP_ENE_PRC,TH_ZP26_GEN-APND,ALL_APNODES,0,31.50945,235
2017-09-12T23:00:00-00:00,2017-09-13T00:00:00-00:00,2017-09-12,17,0,TH_ZP26_GEN-APND,TH_ZP26_GEN-APND,TH_ZP26_GEN-APND,DAM,MCE,LMP_ENE_PRC,TH_ZP26_GEN-APND,ALL_APNODES,0,49.86589,235
2017-09-12T08:00:00-00:00,2017-09-12T09:00:00-00:00,2017-09-12,2,0,TH_ZP26_GEN-APND,TH_ZP26_GEN-APND,TH_ZP26_GEN-APND,DAM,MCE,LMP_ENE_PRC,TH_ZP26_GEN-APND,ALL_APNODES,0,31.93338,235
2017-09-12T18:00:00-00:00,2017-09-12T19:00:00-00:00,2017-09-12,12,0,TH_ZP26_GEN-APND,TH_ZP26_GEN-APND,TH_ZP26_GEN-APND,DAM,MCE,LMP_ENE_PRC,TH_ZP26_GEN-APND,ALL_APNODES,0,33.50515,235
2017-09-13T06:00:00-00:00,2017-09-13T07:00:00-00:00,2017-09-12,24,0,TH_ZP26_GEN-APND,TH_ZP26_GEN-APND,TH_ZP26_GEN-APND,DAM,MCE,LMP_ENE_PRC,TH_ZP26_GEN-APND,ALL_APNODES,0,35.37113,235
2017-09-13T05:00:00-00:00,2017-09-13T06:00:00-00:00,2017-09-12,23,0,TH_ZP26_GEN-APND,TH_ZP26_GEN-APND,TH_ZP26_GEN-APND,DAM,MCE,LMP_ENE_PRC,TH_ZP26_GEN-APND,ALL_APNODES,0,40.82623,235
2017-09-13T02:00:00-00:00,2017-09-13T03:00:00-00:00,2017-09-12,20,0,TH_ZP26_GEN-APND,TH_ZP26_GEN-APND,TH_ZP26_GEN-APND,DAM,MCE,LMP_ENE_PRC,TH_ZP26_GEN-APND,ALL_APNODES,0,67.77052,235
2017-09-12T12:00:00-00:00,2017-09-12T13:00:00-00:00,2017-09-12,6,0,TH_ZP26_GEN-APND,TH_ZP26_GEN-APND,TH_ZP26_GEN-APND,DAM,MCE,LMP_ENE_PRC,TH_ZP26_GEN-APND,ALL_APNODES,0,32.98193,235
2017-09-12T10:00:00-00:00,2017-09-12T11:00:00-00:00,2017-09-12,4,0,TH_ZP26_GEN-APND,TH_ZP26_GEN-APND,TH_ZP26_GEN-APND,DAM,MCE,LMP_ENE_PRC,TH_ZP26_GEN-APND,ALL_APNODES,0,28.46431,235
2017-09-12T15:00:00-00:00,2017-09-12T16:00:00-00:00,2017-09-12,9,0,TH_ZP26_GEN-APND,TH_ZP26_GEN-APND,TH_ZP26_GEN-APND,DAM,MCL,LMP_LOSS_PRC,TH_ZP26_GEN-APND,ALL_APNODES,0,-1.67246,236
2017-09-12T18:00:00-00:00,2017-09-12T19:00:00-00:00,2017-09-12,12,0,TH_ZP26_GEN-APND,TH_ZP26_GEN-APND,TH_ZP26_GEN-APND,DAM,MCL,LMP_LOSS_PRC,TH_ZP26_GEN-APND,ALL_APNODES,0,-2.00361,236
2017-09-12T16:00:00-00:00,2017-09-12T17:00:00-00:00,2017-09-12,10,0,TH_ZP26_GEN-APND,TH_ZP26_GEN-APND,TH_ZP26_GEN-APND,DAM,MCL,LMP_LOSS_PRC,TH_ZP26_GEN-APND,ALL_APNODES,0,-1.80628,236
2017-09-12T17:00:00-00:00,2017-09-12T18:00:00-00:00,2017-09-12,11,0,TH_ZP26_GEN-APND,TH_ZP26_GEN-APND,TH_ZP26_GEN-APND,DAM,MCL,LMP_LOSS_PRC,TH_ZP26_GEN-APND,ALL_APNODES,0,-1.90002,236
2017-09-13T04:00:00-00:00,2017-09-13T05:00:00-00:00,2017-09-12,22,0,TH_ZP26_GEN-APND,TH_ZP26_GEN-APND,TH_ZP26_GEN-APND,DAM,MCL,LMP_LOSS_PRC,TH_ZP26_GEN-APND,ALL_APNODES,0,-1.83091,236
2017-09-13T01:00:00-00:00,2017-09-13T02:00:00-00:00,2017-09-12,19,0,TH_ZP26_GEN-APND,TH_ZP26_GEN-APND,TH_ZP26_GEN-APND,DAM,MCL,LMP_LOSS_PRC,TH_ZP26_GEN-APND,ALL_APNODES,0,0,236
2017-09-12T23:00:00-00:00,2017-09-13T00:00:00-00:00,2017-09-12,17,0,TH_ZP26_GEN-APND,TH_ZP26_GEN-APND,TH_ZP26_GEN-APND,DAM,MCL,LMP_LOSS_PRC,TH_ZP26_GEN-APND,ALL_APNODES,0,-2.88723,236
2017-09-12T07:00:00-00:00,2017-09-12T08:00:00-00:00,2017-09-12,1,0,TH_ZP26_GEN-APND,TH_ZP26_GEN-APND,TH_ZP26_GEN-APND,DAM,MCL,LMP_LOSS_PRC,TH_ZP26_GEN-APND,ALL_APNODES,0,-1.2865,236
2017-09-12T21:00:00-00:00,2017-09-12T22:00:00-00:00,2017-09-12,15,0,TH_ZP26_GEN-APND,TH_ZP26_GEN-APND,TH_ZP26_GEN-APND,DAM,MCL,LMP_LOSS_PRC,TH_ZP26_GEN-APND,ALL_APNODES,0,-2.58503,236
2017-09-13T05:00:00-00:00,2017-09-13T06:00:00-00:00,2017-09-12,23,0,TH_ZP26_GEN-APND,TH_ZP26_GEN-APND,TH_ZP26_GEN-APND,DAM,MCL,LMP_LOSS_PRC,TH_ZP26_GEN-APND,ALL_APNODES,0,-1.63305,236
2017-09-12T11:00:00-00:00,2017-09-12T12:00:00-00:00,2017-09-12,5,0,TH_ZP26_GEN-APND,TH_ZP26_GEN-APND,TH_ZP26_GEN-APND,DAM,MCL,LMP_LOSS_PRC,TH_ZP26_GEN-APND,ALL_APNODES,0,-1.04181,236
2017-09-12T10:00:00-00:00,2017-09-12T11:00:00-00:00,2017-09-12,4,0,TH_ZP26_GEN-APND,TH_ZP26_GEN-APND,TH_ZP26_GEN-APND,DAM,MCL,LMP_LOSS_PRC,TH_ZP26_GEN-APND,ALL_APNODES,0,-0.9991,236
2017-09-13T03:00:00-00:00,2017-09-13T04:00:00-00:00,2017-09-12,21,0,TH_ZP26_GEN-APND,TH_ZP26_GEN-APND,TH_ZP26_GEN-APND,DAM,MCL,LMP_LOSS_PRC,TH_ZP26_GEN-APND,ALL_APNODES,0,0,236
2017-09-13T06:00:00-00:00,2017-09-13T07:00:00-00:00,2017-09-12,24,0,TH_ZP26_GEN-APND,TH_ZP26_GEN-APND,TH_ZP26_GEN-APND,DAM,MCL,LMP_LOSS_PRC,TH_ZP26_GEN-APND,ALL_APNODES,0,-1.3441,236
2017-09-13T00:00:00-00:00,2017-09-13T01:00:00-00:00,2017-09-12,18,0,TH_ZP26_GEN-APND,TH_ZP26_GEN-APND,TH_ZP26_GEN-APND,DAM,MCL,LMP_LOSS_PRC,TH_ZP26_GEN-APND,ALL_APNODES,0,-2.7451,236
2017-09-12T08:00:00-00:00,2017-09-12T09:00:00-00:00,2017-09-12,2,0,TH_ZP26_GEN-APND,TH_ZP26_GEN-APND,TH_ZP26_GEN-APND,DAM,MCL,LMP_LOSS_PRC,TH_ZP26_GEN-APND,ALL_APNODES,0,-1.1496,236
2017-09-12T12:00:00-00:00,2017-09-12T13:00:00-00:00,2017-09-12,6,0,TH_ZP26_GEN-APND,TH_ZP26_GEN-APND,TH_ZP26_GEN-APND,DAM,MCL,LMP_LOSS_PRC,TH_ZP26_GEN-APND,ALL_APNODES,0,-1.22033,236
2017-09-12T14:00:00-00:00,2017-09-12T15:00:00-00:00,2017-09-12,8,0,TH_ZP26_GEN-APND,TH_ZP26_GEN-APND,TH_ZP26_GEN-APND,DAM,MCL,LMP_LOSS_PRC,TH_ZP26_GEN-APND,ALL_APNODES,0,-1.56685,236
2017-09-12T13:00:00-00:00,2017-09-12T14:00:00-00:00,2017-09-12,7,0,TH_ZP26_GEN-APND,TH_ZP26_GEN-APND,TH_ZP26_GEN-APND,DAM,MCL,LMP_LOSS_PRC,TH_ZP26_GEN-APND,ALL_APNODES,0,-1.36222,236
2017-09-12T22:00:00-00:00,2017-09-12T23:00:00-00:00,2017-09-12,16,0,TH_ZP26_GEN-APND,TH_ZP26_GEN-APND,TH_ZP26_GEN-APND,DAM,MCL,LMP_LOSS_PRC,TH_ZP26_GEN-APND,ALL_APNODES,0,-2.86351,236
2017-09-12T09:00:00-00:00,2017-09-12T10:00:00-00:00,2017-09-12,3,0,TH_ZP26_GEN-APND,TH_ZP26_GEN-APND,TH_ZP26_GEN-APND,DAM,MCL,LMP_LOSS_PRC,TH_ZP26_GEN-APND,ALL_APNODES,0,-1.0444,236
2017-09-12T20:00:00-00:00,2017-09-12T21:00:00-00:00,2017-09-12,14,0,TH_ZP26_GEN-APND,TH_ZP26_GEN-APND,TH_ZP26_GEN-APND,DAM,MCL,LMP_LOSS_PRC,TH_ZP26_GEN-APND,ALL_APNODES,0,-2.39424,236
2017-09-12T19:00:00-00:00,2017-09-12T20:00:00-00:00,2017-09-12,13,0,TH_ZP26_GEN-APND,TH_ZP26_GEN-APND,TH_ZP26_GEN-APND,DAM,MCL,LMP_LOSS_PRC,TH_ZP26_GEN-APND,ALL_APNODES,0,-2.2245,236
2017-09-13T02:00:00-00:00,2017-09-13T03:00:00-00:00,2017-09-12,20,0,TH_ZP26_GEN-APND,TH_ZP26_GEN-APND,TH_ZP26_GEN-APND,DAM,MCL,LMP_LOSS_PRC,TH_ZP26_GEN-APND,ALL_APNODES,0,0,236
2017-09-12T21:00:00-00:00,2017-09-12T22:00:00-00:00,2017-09-12,15,0,URBAN_6_N005,URBAN_6_N005,URBAN_6_N005,DAM,LMP,LMP_PRC,URBAN_6_N005,ALL,1,24.71405,237
2017-09-13T05:00:00-00:00,2017-09-13T06:00:00-00:00,2017-09-12,23,0,URBAN_6_N005,URBAN_6_N005,URBAN_6_N005,DAM,LMP,LMP_PRC,URBAN_6_N005,ALL,1,40.68334,237
2017-09-13T02:00:00-00:00,2017-09-13T03:00:00-00:00,2017-09-12,20,0,URBAN_6_N005,URBAN_6_N005,URBAN_6_N005,DAM,LMP,LMP_PRC,URBAN_6_N005,ALL,1,67.77052,237
2017-09-12T15:00:00-00:00,2017-09-12T16:00:00-00:00,2017-09-12,9,0,URBAN_6_N005,URBAN_6_N005,URBAN_6_N005,DAM,LMP,LMP_PRC,URBAN_6_N005,ALL,1,11.35907,237
2017-09-12T13:00:00-00:00,2017-09-12T14:00:00-00:00,2017-09-12,7,0,URBAN_6_N005,URBAN_6_N005,URBAN_6_N005,DAM,LMP,LMP_PRC,URBAN_6_N005,ALL,1,39.17179,237
2017-09-12T08:00:00-00:00,2017-09-12T09:00:00-00:00,2017-09-12,2,0,URBAN_6_N005,URBAN_6_N005,URBAN_6_N005,DAM,LMP,LMP_PRC,URBAN_6_N005,ALL,1,31.69069,237
2017-09-13T04:00:00-00:00,2017-09-13T05:00:00-00:00,2017-09-12,22,0,URBAN_6_N005,URBAN_6_N005,URBAN_6_N005,DAM,LMP,LMP_PRC,URBAN_6_N005,ALL,1,46.97773,237
2017-09-12T19:00:00-00:00,2017-09-12T20:00:00-00:00,2017-09-12,13,0,URBAN_6_N005,URBAN_6_N005,URBAN_6_N005,DAM,LMP,LMP_PRC,URBAN_6_N005,ALL,1,21.49752,237
2017-09-13T00:00:00-00:00,2017-09-13T01:00:00-00:00,2017-09-12,18,0,URBAN_6_N005,URBAN_6_N005,URBAN_6_N005,DAM,LMP,LMP_PRC,URBAN_6_N005,ALL,1,57.94557,237
2017-09-13T01:00:00-00:00,2017-09-13T02:00:00-00:00,2017-09-12,19,0,URBAN_6_N005,URBAN_6_N005,URBAN_6_N005,DAM,LMP,LMP_PRC,URBAN_6_N005,ALL,1,88.93457,237
2017-09-12T10:00:00-00:00,2017-09-12T11:00:00-00:00,2017-09-12,4,0,URBAN_6_N005,URBAN_6_N005,URBAN_6_N005,DAM,LMP,LMP_PRC,URBAN_6_N005,ALL,1,28.21667,237
2017-09-12T12:00:00-00:00,2017-09-12T13:00:00-00:00,2017-09-12,6,0,URBAN_6_N005,URBAN_6_N005,URBAN_6_N005,DAM,LMP,LMP_PRC,URBAN_6_N005,ALL,1,32.95884,237
2017-09-12T09:00:00-00:00,2017-09-12T10:00:00-00:00,2017-09-12,3,0,URBAN_6_N005,URBAN_6_N005,URBAN_6_N005,DAM,LMP,LMP_PRC,URBAN_6_N005,ALL,1,29.16368,237
2017-09-13T06:00:00-00:00,2017-09-13T07:00:00-00:00,2017-09-12,24,0,URBAN_6_N005,URBAN_6_N005,URBAN_6_N005,DAM,LMP,LMP_PRC,URBAN_6_N005,ALL,1,34.92546,237
2017-09-12T20:00:00-00:00,2017-09-12T21:00:00-00:00,2017-09-12,14,0,URBAN_6_N005,URBAN_6_N005,URBAN_6_N005,DAM,LMP,LMP_PRC,URBAN_6_N005,ALL,1,24.19474,237
2017-09-12T14:00:00-00:00,2017-09-12T15:00:00-00:00,2017-09-12,8,0,URBAN_6_N005,URBAN_6_N005,URBAN_6_N005,DAM,LMP,LMP_PRC,URBAN_6_N005,ALL,1,32.2583,237
2017-09-12T16:00:00-00:00,2017-09-12T17:00:00-00:00,2017-09-12,10,0,URBAN_6_N005,URBAN_6_N005,URBAN_6_N005,DAM,LMP,LMP_PRC,URBAN_6_N005,ALL,1,12.66889,237
2017-09-12T23:00:00-00:00,2017-09-13T00:00:00-00:00,2017-09-12,17,0,URBAN_6_N005,URBAN_6_N005,URBAN_6_N005,DAM,LMP,LMP_PRC,URBAN_6_N005,ALL,1,45.72254,237
2017-09-12T22:00:00-00:00,2017-09-12T23:00:00-00:00,2017-09-12,16,0,URBAN_6_N005,URBAN_6_N005,URBAN_6_N005,DAM,LMP,LMP_PRC,URBAN_6_N005,ALL,1,34.74832,237
2017-09-12T18:00:00-00:00,2017-09-12T19:00:00-00:00,2017-09-12,12,0,URBAN_6_N005,URBAN_6_N005,URBAN_6_N005,DAM,LMP,LMP_PRC,URBAN_6_N005,ALL,1,9.74383,237
2017-09-13T03:00:00-00:00,2017-09-13T04:00:00-00:00,2017-09-12,21,0,URBAN_6_N005,URBAN_6_N005,URBAN_6_N005,DAM,LMP,LMP_PRC,URBAN_6_N005,ALL,1,51.46614,237
2017-09-12T17:00:00-00:00,2017-09-12T18:00:00-00:00,2017-09-12,11,0,URBAN_6_N005,URBAN_6_N005,URBAN_6_N005,DAM,LMP,LMP_PRC,URBAN_6_N005,ALL,1,12.63769,237
2017-09-12T07:00:00-00:00,2017-09-12T08:00:00-00:00,2017-09-12,1,0,URBAN_6_N005,URBAN_6_N005,URBAN_6_N005,DAM,LMP,LMP_PRC,URBAN_6_N005,ALL,1,34.39562,237
2017-09-12T11:00:00-00:00,2017-09-12T12:00:00-00:00,2017-09-12,5,0,URBAN_6_N005,URBAN_6_N005,URBAN_6_N005,DAM,LMP,LMP_PRC,URBAN_6_N005,ALL,1,29.00186,237
2017-09-12T13:00:00-00:00,2017-09-12T14:00:00-00:00,2017-09-12,7,0,URBAN_6_N005,URBAN_6_N005,URBAN_6_N005,DAM,MCC,LMP_CONG_PRC,URBAN_6_N005,ALL,1,0,238
2017-09-13T05:00:00-00:00,2017-09-13T06:00:00-00:00,2017-09-12,23,0,URBAN_6_N005,URBAN_6_N005,URBAN_6_N005,DAM,MCC,LMP_CONG_PRC,URBAN_6_N005,ALL,1,0,238
2017-09-13T03:00:00-00:00,2017-09-13T04:00:00-00:00,2017-09-12,21,0,URBAN_6_N005,URBAN_6_N005,URBAN_6_N005,DAM,MCC,LMP_CONG_PRC,URBAN_6_N005,ALL,1,0,238
2017-09-13T01:00:00-00:00,2017-09-13T02:00:00-00:00,2017-09-12,19,0,URBAN_6_N005,URBAN_6_N005,URBAN_6_N005,DAM,MCC,LMP_CONG_PRC,URBAN_6_N005,ALL,1,0,238
2017-09-12T12:00:00-00:00,2017-09-12T13:00:00-00:00,2017-09-12,6,0,URBAN_6_N005,URBAN_6_N005,URBAN_6_N005,DAM,MCC,LMP_CONG_PRC,URBAN_6_N005,ALL,1,0,238
2017-09-12T20:00:00-00:00,2017-09-12T21:00:00-00:00,2017-09-12,14,0,URBAN_6_N005,URBAN_6_N005,URBAN_6_N005,DAM,MCC,LMP_CONG_PRC,URBAN_6_N005,ALL,1,-15.06601,238
2017-09-12T23:00:00-00:00,2017-09-13T00:00:00-00:00,2017-09-12,17,0,URBAN_6_N005,URBAN_6_N005,URBAN_6_N005,DAM,MCC,LMP_CONG_PRC,URBAN_6_N005,ALL,1,-3.90399,238
2017-09-12T17:00:00-00:00,2017-09-12T18:00:00-00:00,2017-09-12,11,0,URBAN_6_N005,URBAN_6_N005,URBAN_6_N005,DAM,MCC,LMP_CONG_PRC,URBAN_6_N005,ALL,1,-18.47159,238
2017-09-12T15:00:00-00:00,2017-09-12T16:00:00-00:00,2017-09-12,9,0,URBAN_6_N005,URBAN_6_N005,URBAN_6_N005,DAM,MCC,LMP_CONG_PRC,URBAN_6_N005,ALL,1,-20.874,238
2017-09-13T00:00:00-00:00,2017-09-13T01:00:00-00:00,2017-09-12,18,0,URBAN_6_N005,URBAN_6_N005,URBAN_6_N005,DAM,MCC,LMP_CONG_PRC,URBAN_6_N005,ALL,1,0,238
2017-09-12T10:00:00-00:00,2017-09-12T11:00:00-00:00,2017-09-12,4,0,URBAN_6_N005,URBAN_6_N005,URBAN_6_N005,DAM,MCC,LMP_CONG_PRC,URBAN_6_N005,ALL,1,0,238
2017-09-12T21:00:00-00:00,2017-09-12T22:00:00-00:00,2017-09-12,15,0,URBAN_6_N005,URBAN_6_N005,URBAN_6_N005,DAM,MCC,LMP_CONG_PRC,URBAN_6_N005,ALL,1,-17.73101,238
2017-09-12T16:00:00-00:00,2017-09-12T17:00:00-00:00,2017-09-12,10,0,URBAN_6_N005,URBAN_6_N005,URBAN_6_N005,DAM,MCC,LMP_CONG_PRC,URBAN_6_N005,ALL,1,-18.37966,238
2017-09-12T14:00:00-00:00,2017-09-12T15:00:00-00:00,2017-09-12,8,0,URBAN_6_N005,URBAN_6_N005,URBAN_6_N005,DAM,MCC,LMP_CONG_PRC,URBAN_6_N005,ALL,1,-6.16043,238
2017-09-13T06:00:00-00:00,2017-09-13T07:00:00-00:00,2017-09-12,24,0,URBAN_6_N005,URBAN_6_N005,URBAN_6_N005,DAM,MCC,LMP_CONG_PRC,URBAN_6_N005,ALL,1,0,238
2017-09-12T11:00:00-00:00,2017-09-12T12:00:00-00:00,2017-09-12,5,0,URBAN_6_N005,URBAN_6_N005,URBAN_6_N005,DAM,MCC,LMP_CONG_PRC,URBAN_6_N005,ALL,1,0,238
2017-09-12T09:00:00-00:00,2017-09-12T10:00:00-00:00,2017-09-12,3,0,URBAN_6_N005,URBAN_6_N005,URBAN_6_N005,DAM,MCC,LMP_CONG_PRC,URBAN_6_N005,ALL,1,0,238
2017-09-12T08:00:00-00:00,2017-09-12T09:00:00-00:00,2017-09-12,2,0,URBAN_6_N005,URBAN_6_N005,URBAN_6_N005,DAM,MCC,LMP_CONG_PRC,URBAN_6_N005,ALL,1,0,238
2017-09-12T18:00:00-00:00,2017-09-12T19:00:00-00:00,2017-09-12,12,0,URBAN_6_N005,URBAN_6_N005,URBAN_6_N005,DAM,MCC,LMP_CONG_PRC,URBAN_6_N005,ALL,1,-23.22524,238
2017-09-13T02:00:00-00:00,2017-09-13T03:00:00-00:00,2017-09-12,20,0,URBAN_6_N005,URBAN_6_N005,URBAN_6_N005,DAM,MCC,LMP_CONG_PRC,URBAN_6_N005,ALL,1,0,238
2017-09-12T07:00:00-00:00,2017-09-12T08:00:00-00:00,2017-09-12,1,0,URBAN_6_N005,URBAN_6_N005,URBAN_6_N005,DAM,MCC,LMP_CONG_PRC,URBAN_6_N005,ALL,1,0,238
2017-09-12T19:00:00-00:00,2017-09-12T20:00:00-00:00,2017-09-12,13,0,URBAN_6_N005,URBAN_6_N005,URBAN_6_N005,DAM,MCC,LMP_CONG_PRC,URBAN_6_N005,ALL,1,-14.8372,238
2017-09-12T22:00:00-00:00,2017-09-12T23:00:00-00:00,2017-09-12,16,0,URBAN_6_N005,URBAN_6_N005,URBAN_6_N005,DAM,MCC,LMP_CONG_PRC,URBAN_6_N005,ALL,1,-12.31471,238
2017-09-13T04:00:00-00:00,2017-09-13T05:00:00-00:00,2017-09-12,22,0,URBAN_6_N005,URBAN_6_N005,URBAN_6_N005,DAM,MCC,LMP_CONG_PRC,URBAN_6_N005,ALL,1,0,238
2017-09-12T12:00:00-00:00,2017-09-12T13:00:00-00:00,2017-09-12,6,0,URBAN_6_N005,URBAN_6_N005,URBAN_6_N005,DAM,MCE,LMP_ENE_PRC,URBAN_6_N005,ALL,1,32.98193,239
2017-09-12T16:00:00-00:00,2017-09-12T17:00:00-00:00,2017-09-12,10,0,URBAN_6_N005,URBAN_6_N005,URBAN_6_N005,DAM,MCE,LMP_ENE_PRC,URBAN_6_N005,ALL,1,31.35901,239
2017-09-12T17:00:00-00:00,2017-09-12T18:00:00-00:00,2017-09-12,11,0,URBAN_6_N005,URBAN_6_N005,URBAN_6_N005,DAM,MCE,LMP_ENE_PRC,URBAN_6_N005,ALL,1,31.50945,239
2017-09-12T08:00:00-00:00,2017-09-12T09:00:00-00:00,2017-09-12,2,0,URBAN_6_N005,URBAN_6_N005,URBAN_6_N005,DAM,MCE,LMP_ENE_PRC,URBAN_6_N005,ALL,1,31.93338,239
2017-09-12T10:00:00-00:00,2017-09-12T11:00:00-00:00,2017-09-12,4,0,URBAN_6_N005,URBAN_6_N005,URBAN_6_N005,DAM,MCE,LMP_ENE_PRC,URBAN_6_N005,ALL,1,28.46431,239
2017-09-12T19:00:00-00:00,2017-09-12T20:00:00-00:00,2017-09-12,13,0,URBAN_6_N005,URBAN_6_N005,URBAN_6_N005,DAM,MCE,LMP_ENE_PRC,URBAN_6_N005,ALL,1,36.76859,239
2017-09-12T21:00:00-00:00,2017-09-12T22:00:00-00:00,2017-09-12,15,0,URBAN_6_N005,URBAN_6_N005,URBAN_6_N005,DAM,MCE,LMP_ENE_PRC,URBAN_6_N005,ALL,1,42.86947,239
2017-09-13T02:00:00-00:00,2017-09-13T03:00:00-00:00,2017-09-12,20,0,URBAN_6_N005,URBAN_6_N005,URBAN_6_N005,DAM,MCE,LMP_ENE_PRC,URBAN_6_N005,ALL,1,67.77052,239
2017-09-13T04:00:00-00:00,2017-09-13T05:00:00-00:00,2017-09-12,22,0,URBAN_6_N005,URBAN_6_N005,URBAN_6_N005,DAM,MCE,LMP_ENE_PRC,URBAN_6_N005,ALL,1,46.70683,239
2017-09-12T11:00:00-00:00,2017-09-12T12:00:00-00:00,2017-09-12,5,0,URBAN_6_N005,URBAN_6_N005,URBAN_6_N005,DAM,MCE,LMP_ENE_PRC,URBAN_6_N005,ALL,1,29.10081,239
2017-09-13T06:00:00-00:00,2017-09-13T07:00:00-00:00,2017-09-12,24,0,URBAN_6_N005,URBAN_6_N005,URBAN_6_N005,DAM,MCE,LMP_ENE_PRC,URBAN_6_N005,ALL,1,35.37113,239
2017-09-13T00:00:00-00:00,2017-09-13T01:00:00-00:00,2017-09-12,18,0,URBAN_6_N005,URBAN_6_N005,URBAN_6_N005,DAM,MCE,LMP_ENE_PRC,URBAN_6_N005,ALL,1,58.53088,239
2017-09-13T01:00:00-00:00,2017-09-13T02:00:00-00:00,2017-09-12,19,0,URBAN_6_N005,URBAN_6_N005,URBAN_6_N005,DAM,MCE,LMP_ENE_PRC,URBAN_6_N005,ALL,1,88.93457,239
2017-09-13T03:00:00-00:00,2017-09-13T04:00:00-00:00,2017-09-12,21,0,URBAN_6_N005,URBAN_6_N005,URBAN_6_N005,DAM,MCE,LMP_ENE_PRC,URBAN_6_N005,ALL,1,51.46614,239
2017-09-12T20:00:00-00:00,2017-09-12T21:00:00-00:00,2017-09-12,14,0,URBAN_6_N005,URBAN_6_N005,URBAN_6_N005,DAM,MCE,LMP_ENE_PRC,URBAN_6_N005,ALL,1,39.37889,239
2017-09-12T18:00:00-00:00,2017-09-12T19:00:00-00:00,2017-09-12,12,0,URBAN_6_N005,URBAN_6_N005,URBAN_6_N005,DAM,MCE,LMP_ENE_PRC,URBAN_6_N005,ALL,1,33.50515,239
2017-09-12T07:00:00-00:00,2017-09-12T08:00:00-00:00,2017-09-12,1,0,URBAN_6_N005,URBAN_6_N005,URBAN_6_N005,DAM,MCE,LMP_ENE_PRC,URBAN_6_N005,ALL,1,34.6765,239
2017-09-13T05:00:00-00:00,2017-09-13T06:00:00-00:00,2017-09-12,23,0,URBAN_6_N005,URBAN_6_N005,URBAN_6_N005,DAM,MCE,LMP_ENE_PRC,URBAN_6_N005,ALL,1,40.82623,239
2017-09-12T14:00:00-00:00,2017-09-12T15:00:00-00:00,2017-09-12,8,0,URBAN_6_N005,URBAN_6_N005,URBAN_6_N005,DAM,MCE,LMP_ENE_PRC,URBAN_6_N005,ALL,1,38.7833,239
2017-09-12T13:00:00-00:00,2017-09-12T14:00:00-00:00,2017-09-12,7,0,URBAN_6_N005,URBAN_6_N005,URBAN_6_N005,DAM,MCE,LMP_ENE_PRC,URBAN_6_N005,ALL,1,39.14439,239
2017-09-12T15:00:00-00:00,2017-09-12T16:00:00-00:00,2017-09-12,9,0,URBAN_6_N005,URBAN_6_N005,URBAN_6_N005,DAM,MCE,LMP_ENE_PRC,URBAN_6_N005,ALL,1,32.60147,239
2017-09-12T22:00:00-00:00,2017-09-12T23:00:00-00:00,2017-09-12,16,0,URBAN_6_N005,URBAN_6_N005,URBAN_6_N005,DAM,MCE,LMP_ENE_PRC,URBAN_6_N005,ALL,1,47.40912,239
2017-09-12T23:00:00-00:00,2017-09-13T00:00:00-00:00,2017-09-12,17,0,URBAN_6_N005,URBAN_6_N005,URBAN_6_N005,DAM,MCE,LMP_ENE_PRC,URBAN_6_N005,ALL,1,49.86589,239
2017-09-12T09:00:00-00:00,2017-09-12T10:00:00-00:00,2017-09-12,3,0,URBAN_6_N005,URBAN_6_N005,URBAN_6_N005,DAM,MCE,LMP_ENE_PRC,URBAN_6_N005,ALL,1,29.41963,239
2017-09-12T10:00:00-00:00,2017-09-12T11:00:00-00:00,2017-09-12,4,0,URBAN_6_N005,URBAN_6_N005,URBAN_6_N005,DAM,MCL,LMP_LOSS_PRC,URBAN_6_N005,ALL,1,-0.24764,240
2017-09-12T18:00:00-00:00,2017-09-12T19:00:00-00:00,2017-09-12,12,0,URBAN_6_N005,URBAN_6_N005,URBAN_6_N005,DAM,MCL,LMP_LOSS_PRC,URBAN_6_N005,ALL,1,-0.53608,240
2017-09-12T20:00:00-00:00,2017-09-12T21:00:00-00:00,2017-09-12,14,0,URBAN_6_N005,URBAN_6_N005,URBAN_6_N005,DAM,MCL,LMP_LOSS_PRC,URBAN_6_N005,ALL,1,-0.11814,240
2017-09-12T14:00:00-00:00,2017-09-12T15:00:00-00:00,2017-09-12,8,0,URBAN_6_N005,URBAN_6_N005,URBAN_6_N005,DAM,MCL,LMP_LOSS_PRC,URBAN_6_N005,ALL,1,-0.36456,240
2017-09-12T11:00:00-00:00,2017-09-12T12:00:00-00:00,2017-09-12,5,0,URBAN_6_N005,URBAN_6_N005,URBAN_6_N005,DAM,MCL,LMP_LOSS_PRC,URBAN_6_N005,ALL,1,-0.09894,240
2017-09-13T06:00:00-00:00,2017-09-13T07:00:00-00:00,2017-09-12,24,0,URBAN_6_N005,URBAN_6_N005,URBAN_6_N005,DAM,MCL,LMP_LOSS_PRC,URBAN_6_N005,ALL,1,-0.44568,240
2017-09-12T13:00:00-00:00,2017-09-12T14:00:00-00:00,2017-09-12,7,0,URBAN_6_N005,URBAN_6_N005,URBAN_6_N005,DAM,MCL,LMP_LOSS_PRC,URBAN_6_N005,ALL,1,0.0274,240
2017-09-12T17:00:00-00:00,2017-09-12T18:00:00-00:00,2017-09-12,11,0,URBAN_6_N005,URBAN_6_N005,URBAN_6_N005,DAM,MCL,LMP_LOSS_PRC,URBAN_6_N005,ALL,1,-0.40017,240
2017-09-12T23:00:00-00:00,2017-09-13T00:00:00-00:00,2017-09-12,17,0,URBAN_6_N005,URBAN_6_N005,URBAN_6_N005,DAM,MCL,LMP_LOSS_PRC,URBAN_6_N005,ALL,1,-0.23936,240
2017-09-12T07:00:00-00:00,2017-09-12T08:00:00-00:00,2017-09-12,1,0,URBAN_6_N005,URBAN_6_N005,URBAN_6_N005,DAM,MCL,LMP_LOSS_PRC,URBAN_6_N005,ALL,1,-0.28088,240
2017-09-12T09:00:00-00:00,2017-09-12T10:00:00-00:00,2017-09-12,3,0,URBAN_6_N005,URBAN_6_N005,URBAN_6_N005,DAM,MCL,LMP_LOSS_PRC,URBAN_6_N005,ALL,1,-0.25595,240
2017-09-13T00:00:00-00:00,2017-09-13T01:00:00-00:00,2017-09-12,18,0,URBAN_6_N005,URBAN_6_N005,URBAN_6_N005,DAM,MCL,LMP_LOSS_PRC,URBAN_6_N005,ALL,1,-0.58531,240
2017-09-12T22:00:00-00:00,2017-09-12T23:00:00-00:00,2017-09-12,16,0,URBAN_6_N005,URBAN_6_N005,URBAN_6_N005,DAM,MCL,LMP_LOSS_PRC,URBAN_6_N005,ALL,1,-0.34609,240
2017-09-12T08:00:00-00:00,2017-09-12T09:00:00-00:00,2017-09-12,2,0,URBAN_6_N005,URBAN_6_N005,URBAN_6_N005,DAM,MCL,LMP_LOSS_PRC,URBAN_6_N005,ALL,1,-0.24269,240
2017-09-13T03:00:00-00:00,2017-09-13T04:00:00-00:00,2017-09-12,21,0,URBAN_6_N005,URBAN_6_N005,URBAN_6_N005,DAM,MCL,LMP_LOSS_PRC,URBAN_6_N005,ALL,1,0,240
2017-09-13T04:00:00-00:00,2017-09-13T05:00:00-00:00,2017-09-12,22,0,URBAN_6_N005,URBAN_6_N005,URBAN_6_N005,DAM,MCL,LMP_LOSS_PRC,URBAN_6_N005,ALL,1,0.2709,240
2017-09-13T05:00:00-00:00,2017-09-13T06:00:00-00:00,2017-09-12,23,0,URBAN_6_N005,URBAN_6_N005,URBAN_6_N005,DAM,MCL,LMP_LOSS_PRC,URBAN_6_N005,ALL,1,-0.14289,240
2017-09-12T15:00:00-00:00,2017-09-12T16:00:00-00:00,2017-09-12,9,0,URBAN_6_N005,URBAN_6_N005,URBAN_6_N005,DAM,MCL,LMP_LOSS_PRC,URBAN_6_N005,ALL,1,-0.3684,240
2017-09-12T19:00:00-00:00,2017-09-12T20:00:00-00:00,2017-09-12,13,0,URBAN_6_N005,URBAN_6_N005,URBAN_6_N005,DAM,MCL,LMP_LOSS_PRC,URBAN_6_N005,ALL,1,-0.43387,240
2017-09-13T01:00:00-00:00,2017-09-13T02:00:00-00:00,2017-09-12,19,0,URBAN_6_N005,URBAN_6_N005,URBAN_6_N005,DAM,MCL,LMP_LOSS_PRC,URBAN_6_N005,ALL,1,0,240
2017-09-12T21:00:00-00:00,2017-09-12T22:00:00-00:00,2017-09-12,15,0,URBAN_6_N005,URBAN_6_N005,URBAN_6_N005,DAM,MCL,LMP_LOSS_PRC,URBAN_6_N005,ALL,1,-0.42441,240
2017-09-12T12:00:00-00:00,2017-09-12T13:00:00-00:00,2017-09-12,6,0,URBAN_6_N005,URBAN_6_N005,URBAN_6_N005,DAM,MCL,LMP_LOSS_PRC,URBAN_6_N005,ALL,1,-0.02309,240
2017-09-12T16:00:00-00:00,2017-09-12T17:00:00-00:00,2017-09-12,10,0,URBAN_6_N005,URBAN_6_N005,URBAN_6_N005,DAM,MCL,LMP_LOSS_PRC,URBAN_6_N005,ALL,1,-0.31045,240
2017-09-13T02:00:00-00:00,2017-09-13T03:00:00-00:00,2017-09-12,20,0,URBAN_6_N005,URBAN_6_N005,URBAN_6_N005,DAM,MCL,LMP_LOSS_PRC,URBAN_6_N005,ALL,1,0,240
2017-09-14T05:00:00-00:00,2017-09-14T06:00:00-00:00,2017-09-13,23,0,BAYSHOR2_1_N001,BAYSHOR2_1_N001,BAYSHOR2_1_N001,DAM,LMP,LMP_PRC,BAYSHOR2_1_N001,ALL,1,37.2401,241
2017-09-13T09:00:00-00:00,2017-09-13T10:00:00-00:00,2017-09-13,3,0,BAYSHOR2_1_N001,BAYSHOR2_1_N001,BAYSHOR2_1_N001,DAM,LMP,LMP_PRC,BAYSHOR2_1_N001,ALL,1,28.83865,241
2017-09-14T01:00:00-00:00,2017-09-14T02:00:00-00:00,2017-09-13,19,0,BAYSHOR2_1_N001,BAYSHOR2_1_N001,BAYSHOR2_1_N001,DAM,LMP,LMP_PRC,BAYSHOR2_1_N001,ALL,1,67.00823,241
2017-09-13T12:00:00-00:00,2017-09-13T13:00:00-00:00,2017-09-13,6,0,BAYSHOR2_1_N001,BAYSHOR2_1_N001,BAYSHOR2_1_N001,DAM,LMP,LMP_PRC,BAYSHOR2_1_N001,ALL,1,33.28135,241
2017-09-13T13:00:00-00:00,2017-09-13T14:00:00-00:00,2017-09-13,7,0,BAYSHOR2_1_N001,BAYSHOR2_1_N001,BAYSHOR2_1_N001,DAM,LMP,LMP_PRC,BAYSHOR2_1_N001,ALL,1,43.041,241
2017-09-13T15:00:00-00:00,2017-09-13T16:00:00-00:00,2017-09-13,9,0,BAYSHOR2_1_N001,BAYSHOR2_1_N001,BAYSHOR2_1_N001,DAM,LMP,LMP_PRC,BAYSHOR2_1_N001,ALL,1,33.20826,241
2017-09-13T16:00:00-00:00,2017-09-13T17:00:00-00:00,2017-09-13,10,0,BAYSHOR2_1_N001,BAYSHOR2_1_N001,BAYSHOR2_1_N001,DAM,LMP,LMP_PRC,BAYSHOR2_1_N001,ALL,1,32.81125,241
2017-09-13T20:00:00-00:00,2017-09-13T21:00:00-00:00,2017-09-13,14,0,BAYSHOR2_1_N001,BAYSHOR2_1_N001,BAYSHOR2_1_N001,DAM,LMP,LMP_PRC,BAYSHOR2_1_N001,ALL,1,38.80338,241
2017-09-13T11:00:00-00:00,2017-09-13T12:00:00-00:00,2017-09-13,5,0,BAYSHOR2_1_N001,BAYSHOR2_1_N001,BAYSHOR2_1_N001,DAM,LMP,LMP_PRC,BAYSHOR2_1_N001,ALL,1,29.04378,241
2017-09-13T18:00:00-00:00,2017-09-13T19:00:00-00:00,2017-09-13,12,0,BAYSHOR2_1_N001,BAYSHOR2_1_N001,BAYSHOR2_1_N001,DAM,LMP,LMP_PRC,BAYSHOR2_1_N001,ALL,1,39.57203,241
2017-09-13T22:00:00-00:00,2017-09-13T23:00:00-00:00,2017-09-13,16,0,BAYSHOR2_1_N001,BAYSHOR2_1_N001,BAYSHOR2_1_N001,DAM,LMP,LMP_PRC,BAYSHOR2_1_N001,ALL,1,41.69039,241
2017-09-13T07:00:00-00:00,2017-09-13T08:00:00-00:00,2017-09-13,1,0,BAYSHOR2_1_N001,BAYSHOR2_1_N001,BAYSHOR2_1_N001,DAM,LMP,LMP_PRC,BAYSHOR2_1_N001,ALL,1,33.33253,241
2017-09-13T08:00:00-00:00,2017-09-13T09:00:00-00:00,2017-09-13,2,0,BAYSHOR2_1_N001,BAYSHOR2_1_N001,BAYSHOR2_1_N001,DAM,LMP,LMP_PRC,BAYSHOR2_1_N001,ALL,1,30.33721,241
2017-09-13T14:00:00-00:00,2017-09-13T15:00:00-00:00,2017-09-13,8,0,BAYSHOR2_1_N001,BAYSHOR2_1_N001,BAYSHOR2_1_N001,DAM,LMP,LMP_PRC,BAYSHOR2_1_N001,ALL,1,44.41094,241
2017-09-13T10:00:00-00:00,2017-09-13T11:00:00-00:00,2017-09-13,4,0,BAYSHOR2_1_N001,BAYSHOR2_1_N001,BAYSHOR2_1_N001,DAM,LMP,LMP_PRC,BAYSHOR2_1_N001,ALL,1,28.16729,241
2017-09-14T00:00:00-00:00,2017-09-14T01:00:00-00:00,2017-09-13,18,0,BAYSHOR2_1_N001,BAYSHOR2_1_N001,BAYSHOR2_1_N001,DAM,LMP,LMP_PRC,BAYSHOR2_1_N001,ALL,1,53.96395,241
2017-09-14T02:00:00-00:00,2017-09-14T03:00:00-00:00,2017-09-13,20,0,BAYSHOR2_1_N001,BAYSHOR2_1_N001,BAYSHOR2_1_N001,DAM,LMP,LMP_PRC,BAYSHOR2_1_N001,ALL,1,64.71369,241
2017-09-14T04:00:00-00:00,2017-09-14T05:00:00-00:00,2017-09-13,22,0,BAYSHOR2_1_N001,BAYSHOR2_1_N001,BAYSHOR2_1_N001,DAM,LMP,LMP_PRC,BAYSHOR2_1_N001,ALL,1,43.04682,241
2017-09-14T06:00:00-00:00,2017-09-14T07:00:00-00:00,2017-09-13,24,0,BAYSHOR2_1_N001,BAYSHOR2_1_N001,BAYSHOR2_1_N001,DAM,LMP,LMP_PRC,BAYSHOR2_1_N001,ALL,1,34.39602,241
2017-09-14T03:00:00-00:00,2017-09-14T04:00:00-00:00,2017-09-13,21,0,BAYSHOR2_1_N001,BAYSHOR2_1_N001,BAYSHOR2_1_N001,DAM,LMP,LMP_PRC,BAYSHOR2_1_N001,ALL,1,55.29476,241
2017-09-13T17:00:00-00:00,2017-09-13T18:00:00-00:00,2017-09-13,11,0,BAYSHOR2_1_N001,BAYSHOR2_1_N001,BAYSHOR2_1_N001,DAM,LMP,LMP_PRC,BAYSHOR2_1_N001,ALL,1,33.46928,241
2017-09-13T19:00:00-00:00,2017-09-13T20:00:00-00:00,2017-09-13,13,0,BAYSHOR2_1_N001,BAYSHOR2_1_N001,BAYSHOR2_1_N001,DAM,LMP,LMP_PRC,BAYSHOR2_1_N001,ALL,1,39.08517,241
2017-09-13T21:00:00-00:00,2017-09-13T22:00:00-00:00,2017-09-13,15,0,BAYSHOR2_1_N001,BAYSHOR2_1_N001,BAYSHOR2_1_N001,DAM,LMP,LMP_PRC,BAYSHOR2_1_N001,ALL,1,40.43282,241
2017-09-13T23:00:00-00:00,2017-09-14T00:00:00-00:00,2017-09-13,17,0,BAYSHOR2_1_N001,BAYSHOR2_1_N001,BAYSHOR2_1_N001,DAM,LMP,LMP_PRC,BAYSHOR2_1_N001,ALL,1,47.32585,241
2017-09-13T15:00:00-00:00,2017-09-13T16:00:00-00:00,2017-09-13,9,0,BAYSHOR2_1_N001,BAYSHOR2_1_N001,BAYSHOR2_1_N001,DAM,MCC,LMP_CONG_PRC,BAYSHOR2_1_N001,ALL,1,0.56217,242
2017-09-13T18:00:00-00:00,2017-09-13T19:00:00-00:00,2017-09-13,12,0,BAYSHOR2_1_N001,BAYSHOR2_1_N001,BAYSHOR2_1_N001,DAM,MCC,LMP_CONG_PRC,BAYSHOR2_1_N001,ALL,1,6.3901,242
2017-09-13T22:00:00-00:00,2017-09-13T23:00:00-00:00,2017-09-13,16,0,BAYSHOR2_1_N001,BAYSHOR2_1_N001,BAYSHOR2_1_N001,DAM,MCC,LMP_CONG_PRC,BAYSHOR2_1_N001,ALL,1,1.87116,242
2017-09-13T23:00:00-00:00,2017-09-14T00:00:00-00:00,2017-09-13,17,0,BAYSHOR2_1_N001,BAYSHOR2_1_N001,BAYSHOR2_1_N001,DAM,MCC,LMP_CONG_PRC,BAYSHOR2_1_N001,ALL,1,4.25845,242
2017-09-13T12:00:00-00:00,2017-09-13T13:00:00-00:00,2017-09-13,6,0,BAYSHOR2_1_N001,BAYSHOR2_1_N001,BAYSHOR2_1_N001,DAM,MCC,LMP_CONG_PRC,BAYSHOR2_1_N001,ALL,1,0.23519,242
2017-09-13T16:00:00-00:00,2017-09-13T17:00:00-00:00,2017-09-13,10,0,BAYSHOR2_1_N001,BAYSHOR2_1_N001,BAYSHOR2_1_N001,DAM,MCC,LMP_CONG_PRC,BAYSHOR2_1_N001,ALL,1,2.07574,242
2017-09-13T19:00:00-00:00,2017-09-13T20:00:00-00:00,2017-09-13,13,0,BAYSHOR2_1_N001,BAYSHOR2_1_N001,BAYSHOR2_1_N001,DAM,MCC,LMP_CONG_PRC,BAYSHOR2_1_N001,ALL,1,4.88162,242
2017-09-14T06:00:00-00:00,2017-09-14T07:00:00-00:00,2017-09-13,24,0,BAYSHOR2_1_N001,BAYSHOR2_1_N001,BAYSHOR2_1_N001,DAM,MCC,LMP_CONG_PRC,BAYSHOR2_1_N001,ALL,1,0.08209,242
2017-09-13T10:00:00-00:00,2017-09-13T11:00:00-00:00,2017-09-13,4,0,BAYSHOR2_1_N001,BAYSHOR2_1_N001,BAYSHOR2_1_N001,DAM,MCC,LMP_CONG_PRC,BAYSHOR2_1_N001,ALL,1,0.24741,242
2017-09-14T00:00:00-00:00,2017-09-14T01:00:00-00:00,2017-09-13,18,0,BAYSHOR2_1_N001,BAYSHOR2_1_N001,BAYSHOR2_1_N001,DAM,MCC,LMP_CONG_PRC,BAYSHOR2_1_N001,ALL,1,0,242
2017-09-14T05:00:00-00:00,2017-09-14T06:00:00-00:00,2017-09-13,23,0,BAYSHOR2_1_N001,BAYSHOR2_1_N001,BAYSHOR2_1_N001,DAM,MCC,LMP_CONG_PRC,BAYSHOR2_1_N001,ALL,1,0.09812,242
2017-09-13T13:00:00-00:00,2017-09-13T14:00:00-00:00,2017-09-13,7,0,BAYSHOR2_1_N001,BAYSHOR2_1_N001,BAYSHOR2_1_N001,DAM,MCC,LMP_CONG_PRC,BAYSHOR2_1_N001,ALL,1,0,242
2017-09-13T17:00:00-00:00,2017-09-13T18:00:00-00:00,2017-09-13,11,0,BAYSHOR2_1_N001,BAYSHOR2_1_N001,BAYSHOR2_1_N001,DAM,MCC,LMP_CONG_PRC,BAYSHOR2_1_N001,ALL,1,2.2364,242
2017-09-13T07:00:00-00:00,2017-09-13T08:00:00-00:00,2017-09-13,1,0,BAYSHOR2_1_N001,BAYSHOR2_1_N001,BAYSHOR2_1_N001,DAM,MCC,LMP_CONG_PRC,BAYSHOR2_1_N001,ALL,1,0.22569,242
2017-09-14T02:00:00-00:00,2017-09-14T03:00:00-00:00,2017-09-13,20,0,BAYSHOR2_1_N001,BAYSHOR2_1_N001,BAYSHOR2_1_N001,DAM,MCC,LMP_CONG_PRC,BAYSHOR2_1_N001,ALL,1,0,242
2017-09-13T20:00:00-00:00,2017-09-13T21:00:00-00:00,2017-09-13,14,0,BAYSHOR2_1_N001,BAYSHOR2_1_N001,BAYSHOR2_1_N001,DAM,MCC,LMP_CONG_PRC,BAYSHOR2_1_N001,ALL,1,1.46771,242
2017-09-14T04:00:00-00:00,2017-09-14T05:00:00-00:00,2017-09-13,22,0,BAYSHOR2_1_N001,BAYSHOR2_1_N001,BAYSHOR2_1_N001,DAM,MCC,LMP_CONG_PRC,BAYSHOR2_1_N001,ALL,1,0,242
2017-09-13T14:00:00-00:00,2017-09-13T15:00:00-00:00,2017-09-13,8,0,BAYSHOR2_1_N001,BAYSHOR2_1_N001,BAYSHOR2_1_N001,DAM,MCC,LMP_CONG_PRC,BAYSHOR2_1_N001,ALL,1,0,242
2017-09-13T21:00:00-00:00,2017-09-13T22:00:00-00:00,2017-09-13,15,0,BAYSHOR2_1_N001,BAYSHOR2_1_N001,BAYSHOR2_1_N001,DAM,MCC,LMP_CONG_PRC,BAYSHOR2_1_N001,ALL,1,3.881,242
2017-09-13T08:00:00-00:00,2017-09-13T09:00:00-00:00,2017-09-13,2,0,BAYSHOR2_1_N001,BAYSHOR2_1_N001,BAYSHOR2_1_N001,DAM,MCC,LMP_CONG_PRC,BAYSHOR2_1_N001,ALL,1,0.34357,242
2017-09-13T09:00:00-00:00,2017-09-13T10:00:00-00:00,2017-09-13,3,0,BAYSHOR2_1_N001,BAYSHOR2_1_N001,BAYSHOR2_1_N001,DAM,MCC,LMP_CONG_PRC,BAYSHOR2_1_N001,ALL,1,0.28229,242
2017-09-13T11:00:00-00:00,2017-09-13T12:00:00-00:00,2017-09-13,5,0,BAYSHOR2_1_N001,BAYSHOR2_1_N001,BAYSHOR2_1_N001,DAM,MCC,LMP_CONG_PRC,BAYSHOR2_1_N001,ALL,1,0.25824,242
2017-09-14T01:00:00-00:00,2017-09-14T02:00:00-00:00,2017-09-13,19,0,BAYSHOR2_1_N001,BAYSHOR2_1_N001,BAYSHOR2_1_N001,DAM,MCC,LMP_CONG_PRC,BAYSHOR2_1_N001,ALL,1,0,242
2017-09-14T03:00:00-00:00,2017-09-14T04:00:00-00:00,2017-09-13,21,0,BAYSHOR2_1_N001,BAYSHOR2_1_N001,BAYSHOR2_1_N001,DAM,MCC,LMP_CONG_PRC,BAYSHOR2_1_N001,ALL,1,0,242
2017-09-13T16:00:00-00:00,2017-09-13T17:00:00-00:00,2017-09-13,10,0,BAYSHOR2_1_N001,BAYSHOR2_1_N001,BAYSHOR2_1_N001,DAM,MCE,LMP_ENE_PRC,BAYSHOR2_1_N001,ALL,1,28.81904,243
2017-09-13T21:00:00-00:00,2017-09-13T22:00:00-00:00,2017-09-13,15,0,BAYSHOR2_1_N001,BAYSHOR2_1_N001,BAYSHOR2_1_N001,DAM,MCE,LMP_ENE_PRC,BAYSHOR2_1_N001,ALL,1,34.80793,243
2017-09-13T17:00:00-00:00,2017-09-13T18:00:00-00:00,2017-09-13,11,0,BAYSHOR2_1_N001,BAYSHOR2_1_N001,BAYSHOR2_1_N001,DAM,MCE,LMP_ENE_PRC,BAYSHOR2_1_N001,ALL,1,29.24427,243
2017-09-13T14:00:00-00:00,2017-09-13T15:00:00-00:00,2017-09-13,8,0,BAYSHOR2_1_N001,BAYSHOR2_1_N001,BAYSHOR2_1_N001,DAM,MCE,LMP_ENE_PRC,BAYSHOR2_1_N001,ALL,1,41.84973,243
2017-09-13T15:00:00-00:00,2017-09-13T16:00:00-00:00,2017-09-13,9,0,BAYSHOR2_1_N001,BAYSHOR2_1_N001,BAYSHOR2_1_N001,DAM,MCE,LMP_ENE_PRC,BAYSHOR2_1_N001,ALL,1,30.51037,243
2017-09-13T12:00:00-00:00,2017-09-13T13:00:00-00:00,2017-09-13,6,0,BAYSHOR2_1_N001,BAYSHOR2_1_N001,BAYSHOR2_1_N001,DAM,MCE,LMP_ENE_PRC,BAYSHOR2_1_N001,ALL,1,31.74768,243
2017-09-14T00:00:00-00:00,2017-09-14T01:00:00-00:00,2017-09-13,18,0,BAYSHOR2_1_N001,BAYSHOR2_1_N001,BAYSHOR2_1_N001,DAM,MCE,LMP_ENE_PRC,BAYSHOR2_1_N001,ALL,1,52.18446,243
2017-09-13T09:00:00-00:00,2017-09-13T10:00:00-00:00,2017-09-13,3,0,BAYSHOR2_1_N001,BAYSHOR2_1_N001,BAYSHOR2_1_N001,DAM,MCE,LMP_ENE_PRC,BAYSHOR2_1_N001,ALL,1,27.59602,243
2017-09-14T06:00:00-00:00,2017-09-14T07:00:00-00:00,2017-09-13,24,0,BAYSHOR2_1_N001,BAYSHOR2_1_N001,BAYSHOR2_1_N001,DAM,MCE,LMP_ENE_PRC,BAYSHOR2_1_N001,ALL,1,32.84573,243
2017-09-14T05:00:00-00:00,2017-09-14T06:00:00-00:00,2017-09-13,23,0,BAYSHOR2_1_N001,BAYSHOR2_1_N001,BAYSHOR2_1_N001,DAM,MCE,LMP_ENE_PRC,BAYSHOR2_1_N001,ALL,1,35.43744,243
2017-09-14T02:00:00-00:00,2017-09-14T03:00:00-00:00,2017-09-13,20,0,BAYSHOR2_1_N001,BAYSHOR2_1_N001,BAYSHOR2_1_N001,DAM,MCE,LMP_ENE_PRC,BAYSHOR2_1_N001,ALL,1,62.99395,243
2017-09-13T13:00:00-00:00,2017-09-13T14:00:00-00:00,2017-09-13,7,0,BAYSHOR2_1_N001,BAYSHOR2_1_N001,BAYSHOR2_1_N001,DAM,MCE,LMP_ENE_PRC,BAYSHOR2_1_N001,ALL,1,41.08142,243
2017-09-14T04:00:00-00:00,2017-09-14T05:00:00-00:00,2017-09-13,22,0,BAYSHOR2_1_N001,BAYSHOR2_1_N001,BAYSHOR2_1_N001,DAM,MCE,LMP_ENE_PRC,BAYSHOR2_1_N001,ALL,1,41.75655,243
2017-09-14T01:00:00-00:00,2017-09-14T02:00:00-00:00,2017-09-13,19,0,BAYSHOR2_1_N001,BAYSHOR2_1_N001,BAYSHOR2_1_N001,DAM,MCE,LMP_ENE_PRC,BAYSHOR2_1_N001,ALL,1,65.11976,243
2017-09-13T11:00:00-00:00,2017-09-13T12:00:00-00:00,2017-09-13,5,0,BAYSHOR2_1_N001,BAYSHOR2_1_N001,BAYSHOR2_1_N001,DAM,MCE,LMP_ENE_PRC,BAYSHOR2_1_N001,ALL,1,27.81211,243
2017-09-13T10:00:00-00:00,2017-09-13T11:00:00-00:00,2017-09-13,4,0,BAYSHOR2_1_N001,BAYSHOR2_1_N001,BAYSHOR2_1_N001,DAM,MCE,LMP_ENE_PRC,BAYSHOR2_1_N001,ALL,1,26.97572,243
2017-09-13T08:00:00-00:00,2017-09-13T09:00:00-00:00,2017-09-13,2,0,BAYSHOR2_1_N001,BAYSHOR2_1_N001,BAYSHOR2_1_N001,DAM,MCE,LMP_ENE_PRC,BAYSHOR2_1_N001,ALL,1,28.93184,243
2017-09-13T20:00:00-00:00,2017-09-13T21:00:00-00:00,2017-09-13,14,0,BAYSHOR2_1_N001,BAYSHOR2_1_N001,BAYSHOR2_1_N001,DAM,MCE,LMP_ENE_PRC,BAYSHOR2_1_N001,ALL,1,35.40269,243
2017-09-13T19:00:00-00:00,2017-09-13T20:00:00-00:00,2017-09-13,13,0,BAYSHOR2_1_N001,BAYSHOR2_1_N001,BAYSHOR2_1_N001,DAM,MCE,LMP_ENE_PRC,BAYSHOR2_1_N001,ALL,1,32.27663,243
2017-09-14T03:00:00-00:00,2017-09-14T04:00:00-00:00,2017-09-13,21,0,BAYSHOR2_1_N001,BAYSHOR2_1_N001,BAYSHOR2_1_N001,DAM,MCE,LMP_ENE_PRC,BAYSHOR2_1_N001,ALL,1,54.01989,243
2017-09-13T23:00:00-00:00,2017-09-14T00:00:00-00:00,2017-09-13,17,0,BAYSHOR2_1_N001,BAYSHOR2_1_N001,BAYSHOR2_1_N001,DAM,MCE,LMP_ENE_PRC,BAYSHOR2_1_N001,ALL,1,41.38708,243
2017-09-13T07:00:00-00:00,2017-09-13T08:00:00-00:00,2017-09-13,1,0,BAYSHOR2_1_N001,BAYSHOR2_1_N001,BAYSHOR2_1_N001,DAM,MCE,LMP_ENE_PRC,BAYSHOR2_1_N001,ALL,1,31.92867,243
2017-09-13T22:00:00-00:00,2017-09-13T23:00:00-00:00,2017-09-13,16,0,BAYSHOR2_1_N001,BAYSHOR2_1_N001,BAYSHOR2_1_N001,DAM,MCE,LMP_ENE_PRC,BAYSHOR2_1_N001,ALL,1,38.28036,243
2017-09-13T18:00:00-00:00,2017-09-13T19:00:00-00:00,2017-09-13,12,0,BAYSHOR2_1_N001,BAYSHOR2_1_N001,BAYSHOR2_1_N001,DAM,MCE,LMP_ENE_PRC,BAYSHOR2_1_N001,ALL,1,31.1626,243
2017-09-13T22:00:00-00:00,2017-09-13T23:00:00-00:00,2017-09-13,16,0,BAYSHOR2_1_N001,BAYSHOR2_1_N001,BAYSHOR2_1_N001,DAM,MCL,LMP_LOSS_PRC,BAYSHOR2_1_N001,ALL,1,1.53887,244
2017-09-13T19:00:00-00:00,2017-09-13T20:00:00-00:00,2017-09-13,13,0,BAYSHOR2_1_N001,BAYSHOR2_1_N001,BAYSHOR2_1_N001,DAM,MCL,LMP_LOSS_PRC,BAYSHOR2_1_N001,ALL,1,1.92691,244
2017-09-13T12:00:00-00:00,2017-09-13T13:00:00-00:00,2017-09-13,6,0,BAYSHOR2_1_N001,BAYSHOR2_1_N001,BAYSHOR2_1_N001,DAM,MCL,LMP_LOSS_PRC,BAYSHOR2_1_N001,ALL,1,1.29848,244
2017-09-14T03:00:00-00:00,2017-09-14T04:00:00-00:00,2017-09-13,21,0,BAYSHOR2_1_N001,BAYSHOR2_1_N001,BAYSHOR2_1_N001,DAM,MCL,LMP_LOSS_PRC,BAYSHOR2_1_N001,ALL,1,1.27487,244
2017-09-14T02:00:00-00:00,2017-09-14T03:00:00-00:00,2017-09-13,20,0,BAYSHOR2_1_N001,BAYSHOR2_1_N001,BAYSHOR2_1_N001,DAM,MCL,LMP_LOSS_PRC,BAYSHOR2_1_N001,ALL,1,1.71973,244
2017-09-14T01:00:00-00:00,2017-09-14T02:00:00-00:00,2017-09-13,19,0,BAYSHOR2_1_N001,BAYSHOR2_1_N001,BAYSHOR2_1_N001,DAM,MCL,LMP_LOSS_PRC,BAYSHOR2_1_N001,ALL,1,1.88847,244
2017-09-13T17:00:00-00:00,2017-09-13T18:00:00-00:00,2017-09-13,11,0,BAYSHOR2_1_N001,BAYSHOR2_1_N001,BAYSHOR2_1_N001,DAM,MCL,LMP_LOSS_PRC,BAYSHOR2_1_N001,ALL,1,1.98861,244
2017-09-13T10:00:00-00:00,2017-09-13T11:00:00-00:00,2017-09-13,4,0,BAYSHOR2_1_N001,BAYSHOR2_1_N001,BAYSHOR2_1_N001,DAM,MCL,LMP_LOSS_PRC,BAYSHOR2_1_N001,ALL,1,0.94415,244
2017-09-13T11:00:00-00:00,2017-09-13T12:00:00-00:00,2017-09-13,5,0,BAYSHOR2_1_N001,BAYSHOR2_1_N001,BAYSHOR2_1_N001,DAM,MCL,LMP_LOSS_PRC,BAYSHOR2_1_N001,ALL,1,0.97342,244
2017-09-13T18:00:00-00:00,2017-09-13T19:00:00-00:00,2017-09-13,12,0,BAYSHOR2_1_N001,BAYSHOR2_1_N001,BAYSHOR2_1_N001,DAM,MCL,LMP_LOSS_PRC,BAYSHOR2_1_N001,ALL,1,2.01934,244
2017-09-13T13:00:00-00:00,2017-09-13T14:00:00-00:00,2017-09-13,7,0,BAYSHOR2_1_N001,BAYSHOR2_1_N001,BAYSHOR2_1_N001,DAM,MCL,LMP_LOSS_PRC,BAYSHOR2_1_N001,ALL,1,1.95958,244
2017-09-14T05:00:00-00:00,2017-09-14T06:00:00-00:00,2017-09-13,23,0,BAYSHOR2_1_N001,BAYSHOR2_1_N001,BAYSHOR2_1_N001,DAM,MCL,LMP_LOSS_PRC,BAYSHOR2_1_N001,ALL,1,1.70454,244
2017-09-14T04:00:00-00:00,2017-09-14T05:00:00-00:00,2017-09-13,22,0,BAYSHOR2_1_N001,BAYSHOR2_1_N001,BAYSHOR2_1_N001,DAM,MCL,LMP_LOSS_PRC,BAYSHOR2_1_N001,ALL,1,1.29028,244
2017-09-13T08:00:00-00:00,2017-09-13T09:00:00-00:00,2017-09-13,2,0,BAYSHOR2_1_N001,BAYSHOR2_1_N001,BAYSHOR2_1_N001,DAM,MCL,LMP_LOSS_PRC,BAYSHOR2_1_N001,ALL,1,1.0618,244
2017-09-14T00:00:00-00:00,2017-09-14T01:00:00-00:00,2017-09-13,18,0,BAYSHOR2_1_N001,BAYSHOR2_1_N001,BAYSHOR2_1_N001,DAM,MCL,LMP_LOSS_PRC,BAYSHOR2_1_N001,ALL,1,1.77949,244
2017-09-13T23:00:00-00:00,2017-09-14T00:00:00-00:00,2017-09-13,17,0,BAYSHOR2_1_N001,BAYSHOR2_1_N001,BAYSHOR2_1_N001,DAM,MCL,LMP_LOSS_PRC,BAYSHOR2_1_N001,ALL,1,1.68032,244
2017-09-13T09:00:00-00:00,2017-09-13T10:00:00-00:00,2017-09-13,3,0,BAYSHOR2_1_N001,BAYSHOR2_1_N001,BAYSHOR2_1_N001,DAM,MCL,LMP_LOSS_PRC,BAYSHOR2_1_N001,ALL,1,0.96034,244
2017-09-13T20:00:00-00:00,2017-09-13T21:00:00-00:00,2017-09-13,14,0,BAYSHOR2_1_N001,BAYSHOR2_1_N001,BAYSHOR2_1_N001,DAM,MCL,LMP_LOSS_PRC,BAYSHOR2_1_N001,ALL,1,1.93299,244
2017-09-13T21:00:00-00:00,2017-09-13T22:00:00-00:00,2017-09-13,15,0,BAYSHOR2_1_N001,BAYSHOR2_1_N001,BAYSHOR2_1_N001,DAM,MCL,LMP_LOSS_PRC,BAYSHOR2_1_N001,ALL,1,1.74388,244
2017-09-13T16:00:00-00:00,2017-09-13T17:00:00-00:00,2017-09-13,10,0,BAYSHOR2_1_N001,BAYSHOR2_1_N001,BAYSHOR2_1_N001,DAM,MCL,LMP_LOSS_PRC,BAYSHOR2_1_N001,ALL,1,1.91647,244
2017-09-13T14:00:00-00:00,2017-09-13T15:00:00-00:00,2017-09-13,8,0,BAYSHOR2_1_N001,BAYSHOR2_1_N001,BAYSHOR2_1_N001,DAM,MCL,LMP_LOSS_PRC,BAYSHOR2_1_N001,ALL,1,2.5612,244
2017-09-14T06:00:00-00:00,2017-09-14T07:00:00-00:00,2017-09-13,24,0,BAYSHOR2_1_N001,BAYSHOR2_1_N001,BAYSHOR2_1_N001,DAM,MCL,LMP_LOSS_PRC,BAYSHOR2_1_N001,ALL,1,1.4682,244
2017-09-13T07:00:00-00:00,2017-09-13T08:00:00-00:00,2017-09-13,1,0,BAYSHOR2_1_N001,BAYSHOR2_1_N001,BAYSHOR2_1_N001,DAM,MCL,LMP_LOSS_PRC,BAYSHOR2_1_N001,ALL,1,1.17817,244
2017-09-13T15:00:00-00:00,2017-09-13T16:00:00-00:00,2017-09-13,9,0,BAYSHOR2_1_N001,BAYSHOR2_1_N001,BAYSHOR2_1_N001,DAM,MCL,LMP_LOSS_PRC,BAYSHOR2_1_N001,ALL,1,2.13573,244
2017-09-13T20:00:00-00:00,2017-09-13T21:00:00-00:00,2017-09-13,14,0,TH_NP15_GEN-APND,TH_NP15_GEN-APND,TH_NP15_GEN-APND,DAM,LMP,LMP_PRC,TH_NP15_GEN-APND,ALL_APNODES,0,34.83271,245
2017-09-13T21:00:00-00:00,2017-09-13T22:00:00-00:00,2017-09-13,15,0,TH_NP15_GEN-APND,TH_NP15_GEN-APND,TH_NP15_GEN-APND,DAM,LMP,LMP_PRC,TH_NP15_GEN-APND,ALL_APNODES,0,35.21797,245
2017-09-14T01:00:00-00:00,2017-09-14T02:00:00-00:00,2017-09-13,19,0,TH_NP15_GEN-APND,TH_NP15_GEN-APND,TH_NP15_GEN-APND,DAM,LMP,LMP_PRC,TH_NP15_GEN-APND,ALL_APNODES,0,63.25572,245
2017-09-14T02:00:00-00:00,2017-09-14T03:00:00-00:00,2017-09-13,20,0,TH_NP15_GEN-APND,TH_NP15_GEN-APND,TH_NP15_GEN-APND,DAM,LMP,LMP_PRC,TH_NP15_GEN-APND,ALL_APNODES,0,61.4,245
2017-09-13T19:00:00-00:00,2017-09-13T20:00:00-00:00,2017-09-13,13,0,TH_NP15_GEN-APND,TH_NP15_GEN-APND,TH_NP15_GEN-APND,DAM,LMP,LMP_PRC,TH_NP15_GEN-APND,ALL_APNODES,0,32.85897,245
2017-09-13T22:00:00-00:00,2017-09-13T23:00:00-00:00,2017-09-13,16,0,TH_NP15_GEN-APND,TH_NP15_GEN-APND,TH_NP15_GEN-APND,DAM,LMP,LMP_PRC,TH_NP15_GEN-APND,ALL_APNODES,0,37.68211,245
2017-09-13T23:00:00-00:00,2017-09-14T00:00:00-00:00,2017-09-13,17,0,TH_NP15_GEN-APND,TH_NP15_GEN-APND,TH_NP15_GEN-APND,DAM,LMP,LMP_PRC,TH_NP15_GEN-APND,ALL_APNODES,0,41.64382,245
2017-09-14T00:00:00-00:00,2017-09-14T01:00:00-00:00,2017-09-13,18,0,TH_NP15_GEN-APND,TH_NP15_GEN-APND,TH_NP15_GEN-APND,DAM,LMP,LMP_PRC,TH_NP15_GEN-APND,ALL_APNODES,0,50.79906,245
2017-09-13T07:00:00-00:00,2017-09-13T08:00:00-00:00,2017-09-13,1,0,TH_NP15_GEN-APND,TH_NP15_GEN-APND,TH_NP15_GEN-APND,DAM,LMP,LMP_PRC,TH_NP15_GEN-APND,ALL_APNODES,0,31.52258,245
2017-09-14T05:00:00-00:00,2017-09-14T06:00:00-00:00,2017-09-13,23,0,TH_NP15_GEN-APND,TH_NP15_GEN-APND,TH_NP15_GEN-APND,DAM,LMP,LMP_PRC,TH_NP15_GEN-APND,ALL_APNODES,0,35.07225,245
2017-09-13T16:00:00-00:00,2017-09-13T17:00:00-00:00,2017-09-13,10,0,TH_NP15_GEN-APND,TH_NP15_GEN-APND,TH_NP15_GEN-APND,DAM,LMP,LMP_PRC,TH_NP15_GEN-APND,ALL_APNODES,0,29.36036,245
2017-09-13T12:00:00-00:00,2017-09-13T13:00:00-00:00,2017-09-13,6,0,TH_NP15_GEN-APND,TH_NP15_GEN-APND,TH_NP15_GEN-APND,DAM,LMP,LMP_PRC,TH_NP15_GEN-APND,ALL_APNODES,0,31.45038,245
2017-09-13T15:00:00-00:00,2017-09-13T16:00:00-00:00,2017-09-13,9,0,TH_NP15_GEN-APND,TH_NP15_GEN-APND,TH_NP15_GEN-APND,DAM,LMP,LMP_PRC,TH_NP15_GEN-APND,ALL_APNODES,0,30.88529,245
2017-09-13T18:00:00-00:00,2017-09-13T19:00:00-00:00,2017-09-13,12,0,TH_NP15_GEN-APND,TH_NP15_GEN-APND,TH_NP15_GEN-APND,DAM,LMP,LMP_PRC,TH_NP15_GEN-APND,ALL_APNODES,0,32.22872,245
2017-09-13T08:00:00-00:00,2017-09-13T09:00:00-00:00,2017-09-13,2,0,TH_NP15_GEN-APND,TH_NP15_GEN-APND,TH_NP15_GEN-APND,DAM,LMP,LMP_PRC,TH_NP15_GEN-APND,ALL_APNODES,0,28.37637,245
2017-09-13T09:00:00-00:00,2017-09-13T10:00:00-00:00,2017-09-13,3,0,TH_NP15_GEN-APND,TH_NP15_GEN-APND,TH_NP15_GEN-APND,DAM,LMP,LMP_PRC,TH_NP15_GEN-APND,ALL_APNODES,0,27.09356,245
2017-09-13T10:00:00-00:00,2017-09-13T11:00:00-00:00,2017-09-13,4,0,TH_NP15_GEN-APND,TH_NP15_GEN-APND,TH_NP15_GEN-APND,DAM,LMP,LMP_PRC,TH_NP15_GEN-APND,ALL_APNODES,0,26.51601,245
2017-09-14T06:00:00-00:00,2017-09-14T07:00:00-00:00,2017-09-13,24,0,TH_NP15_GEN-APND,TH_NP15_GEN-APND,TH_NP15_GEN-APND,DAM,LMP,LMP_PRC,TH_NP15_GEN-APND,ALL_APNODES,0,32.67133,245
2017-09-13T14:00:00-00:00,2017-09-13T15:00:00-00:00,2017-09-13,8,0,TH_NP15_GEN-APND,TH_NP15_GEN-APND,TH_NP15_GEN-APND,DAM,LMP,LMP_PRC,TH_NP15_GEN-APND,ALL_APNODES,0,42.01713,245
2017-09-13T11:00:00-00:00,2017-09-13T12:00:00-00:00,2017-09-13,5,0,TH_NP15_GEN-APND,TH_NP15_GEN-APND,TH_NP15_GEN-APND,DAM,LMP,LMP_PRC,TH_NP15_GEN-APND,ALL_APNODES,0,27.33309,245
2017-09-14T03:00:00-00:00,2017-09-14T04:00:00-00:00,2017-09-13,21,0,TH_NP15_GEN-APND,TH_NP15_GEN-APND,TH_NP15_GEN-APND,DAM,LMP,LMP_PRC,TH_NP15_GEN-APND,ALL_APNODES,0,52.43946,245
2017-09-14T04:00:00-00:00,2017-09-14T05:00:00-00:00,2017-09-13,22,0,TH_NP15_GEN-APND,TH_NP15_GEN-APND,TH_NP15_GEN-APND,DAM,LMP,LMP_PRC,TH_NP15_GEN-APND,ALL_APNODES,0,40.74074,245
2017-09-13T17:00:00-00:00,2017-09-13T18:00:00-00:00,2017-09-13,11,0,TH_NP15_GEN-APND,TH_NP15_GEN-APND,TH_NP15_GEN-APND,DAM,LMP,LMP_PRC,TH_NP15_GEN-APND,ALL_APNODES,0,29.45269,245
2017-09-13T13:00:00-00:00,2017-09-13T14:00:00-00:00,2017-09-13,7,0,TH_NP15_GEN-APND,TH_NP15_GEN-APND,TH_NP15_GEN-APND,DAM,LMP,LMP_PRC,TH_NP15_GEN-APND,ALL_APNODES,0,40.99925,245
2017-09-13T23:00:00-00:00,2017-09-14T00:00:00-00:00,2017-09-13,17,0,TH_NP15_GEN-APND,TH_NP15_GEN-APND,TH_NP15_GEN-APND,DAM,MCC,LMP_CONG_PRC,TH_NP15_GEN-APND,ALL_APNODES,0,1.16312,246
2017-09-13T13:00:00-00:00,2017-09-13T14:00:00-00:00,2017-09-13,7,0,TH_NP15_GEN-APND,TH_NP15_GEN-APND,TH_NP15_GEN-APND,DAM,MCC,LMP_CONG_PRC,TH_NP15_GEN-APND,ALL_APNODES,0,0,246
2017-09-14T00:00:00-00:00,2017-09-14T01:00:00-00:00,2017-09-13,18,0,TH_NP15_GEN-APND,TH_NP15_GEN-APND,TH_NP15_GEN-APND,DAM,MCC,LMP_CONG_PRC,TH_NP15_GEN-APND,ALL_APNODES,0,-0.13297,246
2017-09-14T04:00:00-00:00,2017-09-14T05:00:00-00:00,2017-09-13,22,0,TH_NP15_GEN-APND,TH_NP15_GEN-APND,TH_NP15_GEN-APND,DAM,MCC,LMP_CONG_PRC,TH_NP15_GEN-APND,ALL_APNODES,0,-0.11386,246
2017-09-13T20:00:00-00:00,2017-09-13T21:00:00-00:00,2017-09-13,14,0,TH_NP15_GEN-APND,TH_NP15_GEN-APND,TH_NP15_GEN-APND,DAM,MCC,LMP_CONG_PRC,TH_NP15_GEN-APND,ALL_APNODES,0,-0.34694,246
2017-09-13T22:00:00-00:00,2017-09-13T23:00:00-00:00,2017-09-13,16,0,TH_NP15_GEN-APND,TH_NP15_GEN-APND,TH_NP15_GEN-APND,DAM,MCC,LMP_CONG_PRC,TH_NP15_GEN-APND,ALL_APNODES,0,0.08697,246
2017-09-13T08:00:00-00:00,2017-09-13T09:00:00-00:00,2017-09-13,2,0,TH_NP15_GEN-APND,TH_NP15_GEN-APND,TH_NP15_GEN-APND,DAM,MCC,LMP_CONG_PRC,TH_NP15_GEN-APND,ALL_APNODES,0,-0.24879,246
2017-09-13T09:00:00-00:00,2017-09-13T10:00:00-00:00,2017-09-13,3,0,TH_NP15_GEN-APND,TH_NP15_GEN-APND,TH_NP15_GEN-APND,DAM,MCC,LMP_CONG_PRC,TH_NP15_GEN-APND,ALL_APNODES,0,-0.20442,246
2017-09-14T02:00:00-00:00,2017-09-14T03:00:00-00:00,2017-09-13,20,0,TH_NP15_GEN-APND,TH_NP15_GEN-APND,TH_NP15_GEN-APND,DAM,MCC,LMP_CONG_PRC,TH_NP15_GEN-APND,ALL_APNODES,0,-0.18289,246
2017-09-13T15:00:00-00:00,2017-09-13T16:00:00-00:00,2017-09-13,9,0,TH_NP15_GEN-APND,TH_NP15_GEN-APND,TH_NP15_GEN-APND,DAM,MCC,LMP_CONG_PRC,TH_NP15_GEN-APND,ALL_APNODES,0,0.17356,246
2017-09-13T17:00:00-00:00,2017-09-13T18:00:00-00:00,2017-09-13,11,0,TH_NP15_GEN-APND,TH_NP15_GEN-APND,TH_NP15_GEN-APND,DAM,MCC,LMP_CONG_PRC,TH_NP15_GEN-APND,ALL_APNODES,0,0.0271,246
2017-09-14T03:00:00-00:00,2017-09-14T04:00:00-00:00,2017-09-13,21,0,TH_NP15_GEN-APND,TH_NP15_GEN-APND,TH_NP15_GEN-APND,DAM,MCC,LMP_CONG_PRC,TH_NP15_GEN-APND,ALL_APNODES,0,-0.25154,246
2017-09-13T10:00:00-00:00,2017-09-13T11:00:00-00:00,2017-09-13,4,0,TH_NP15_GEN-APND,TH_NP15_GEN-APND,TH_NP15_GEN-APND,DAM,MCC,LMP_CONG_PRC,TH_NP15_GEN-APND,ALL_APNODES,0,-0.17916,246
2017-09-13T16:00:00-00:00,2017-09-13T17:00:00-00:00,2017-09-13,10,0,TH_NP15_GEN-APND,TH_NP15_GEN-APND,TH_NP15_GEN-APND,DAM,MCC,LMP_CONG_PRC,TH_NP15_GEN-APND,ALL_APNODES,0,0.31365,246
2017-09-13T21:00:00-00:00,2017-09-13T22:00:00-00:00,2017-09-13,15,0,TH_NP15_GEN-APND,TH_NP15_GEN-APND,TH_NP15_GEN-APND,DAM,MCC,LMP_CONG_PRC,TH_NP15_GEN-APND,ALL_APNODES,0,0.76508,246
2017-09-13T07:00:00-00:00,2017-09-13T08:00:00-00:00,2017-09-13,1,0,TH_NP15_GEN-APND,TH_NP15_GEN-APND,TH_NP15_GEN-APND,DAM,MCC,LMP_CONG_PRC,TH_NP15_GEN-APND,ALL_APNODES,0,-0.16343,246
2017-09-14T06:00:00-00:00,2017-09-14T07:00:00-00:00,2017-09-13,24,0,TH_NP15_GEN-APND,TH_NP15_GEN-APND,TH_NP15_GEN-APND,DAM,MCC,LMP_CONG_PRC,TH_NP15_GEN-APND,ALL_APNODES,0,-0.05944,246
2017-09-13T19:00:00-00:00,2017-09-13T20:00:00-00:00,2017-09-13,13,0,TH_NP15_GEN-APND,TH_NP15_GEN-APND,TH_NP15_GEN-APND,DAM,MCC,LMP_CONG_PRC,TH_NP15_GEN-APND,ALL_APNODES,0,0.72436,246
2017-09-14T05:00:00-00:00,2017-09-14T06:00:00-00:00,2017-09-13,23,0,TH_NP15_GEN-APND,TH_NP15_GEN-APND,TH_NP15_GEN-APND,DAM,MCC,LMP_CONG_PRC,TH_NP15_GEN-APND,ALL_APNODES,0,-0.07105,246
2017-09-13T14:00:00-00:00,2017-09-13T15:00:00-00:00,2017-09-13,8,0,TH_NP15_GEN-APND,TH_NP15_GEN-APND,TH_NP15_GEN-APND,DAM,MCC,LMP_CONG_PRC,TH_NP15_GEN-APND,ALL_APNODES,0,0,246
2017-09-13T18:00:00-00:00,2017-09-13T19:00:00-00:00,2017-09-13,12,0,TH_NP15_GEN-APND,TH_NP15_GEN-APND,TH_NP15_GEN-APND,DAM,MCC,LMP_CONG_PRC,TH_NP15_GEN-APND,ALL_APNODES,0,1.00068,246
2017-09-13T11:00:00-00:00,2017-09-13T12:00:00-00:00,2017-09-13,5,0,TH_NP15_GEN-APND,TH_NP15_GEN-APND,TH_NP15_GEN-APND,DAM,MCC,LMP_CONG_PRC,TH_NP15_GEN-APND,ALL_APNODES,0,-0.187,246
2017-09-13T12:00:00-00:00,2017-09-13T13:00:00-00:00,2017-09-13,6,0,TH_NP15_GEN-APND,TH_NP15_GEN-APND,TH_NP15_GEN-APND,DAM,MCC,LMP_CONG_PRC,TH_NP15_GEN-APND,ALL_APNODES,0,-0.17031,246
2017-09-14T01:00:00-00:00,2017-09-14T02:00:00-00:00,2017-09-13,19,0,TH_NP15_GEN-APND,TH_NP15_GEN-APND,TH_NP15_GEN-APND,DAM,MCC,LMP_CONG_PRC,TH_NP15_GEN-APND,ALL_APNODES,0,-0.2621,246
2017-09-13T10:00:00-00:00,2017-09-13T11:00:00-00:00,2017-09-13,4,0,TH_NP15_GEN-APND,TH_NP15_GEN-APND,TH_NP15_GEN-APND,DAM,MCE,LMP_ENE_PRC,TH_NP15_GEN-APND,ALL_APNODES,0,26.97572,247
2017-09-14T02:00:00-00:00,2017-09-14T03:00:00-00:00,2017-09-13,20,0,TH_NP15_GEN-APND,TH_NP15_GEN-APND,TH_NP15_GEN-APND,DAM,MCE,LMP_ENE_PRC,TH_NP15_GEN-APND,ALL_APNODES,0,62.99395,247
2017-09-13T21:00:00-00:00,2017-09-13T22:00:00-00:00,2017-09-13,15,0,TH_NP15_GEN-APND,TH_NP15_GEN-APND,TH_NP15_GEN-APND,DAM,MCE,LMP_ENE_PRC,TH_NP15_GEN-APND,ALL_APNODES,0,34.80793,247
2017-09-14T01:00:00-00:00,2017-09-14T02:00:00-00:00,2017-09-13,19,0,TH_NP15_GEN-APND,TH_NP15_GEN-APND,TH_NP15_GEN-APND,DAM,MCE,LMP_ENE_PRC,TH_NP15_GEN-APND,ALL_APNODES,0,65.11976,247
2017-09-13T11:00:00-00:00,2017-09-13T12:00:00-00:00,2017-09-13,5,0,TH_NP15_GEN-APND,TH_NP15_GEN-APND,TH_NP15_GEN-APND,DAM,MCE,LMP_ENE_PRC,TH_NP15_GEN-APND,ALL_APNODES,0,27.81211,247
2017-09-13T17:00:00-00:00,2017-09-13T18:00:00-00:00,2017-09-13,11,0,TH_NP15_GEN-APND,TH_NP15_GEN-APND,TH_NP15_GEN-APND,DAM,MCE,LMP_ENE_PRC,TH_NP15_GEN-APND,ALL_APNODES,0,29.24427,247
2017-09-14T06:00:00-00:00,2017-09-14T07:00:00-00:00,2017-09-13,24,0,TH_NP15_GEN-APND,TH_NP15_GEN-APND,TH_NP15_GEN-APND,DAM,MCE,LMP_ENE_PRC,TH_NP15_GEN-APND,ALL_APNODES,0,32.84573,247
2017-09-14T05:00:00-00:00,2017-09-14T06:00:00-00:00,2017-09-13,23,0,TH_NP15_GEN-APND,TH_NP15_GEN-APND,TH_NP15_GEN-APND,DAM,MCE,LMP_ENE_PRC,TH_NP15_GEN-APND,ALL_APNODES,0,35.43744,247
2017-09-13T09:00:00-00:00,2017-09-13T10:00:00-00:00,2017-09-13,3,0,TH_NP15_GEN-APND,TH_NP15_GEN-APND,TH_NP15_GEN-APND,DAM,MCE,LMP_ENE_PRC,TH_NP15_GEN-APND,ALL_APNODES,0,27.59602,247
2017-09-13T12:00:00-00:00,2017-09-13T13:00:00-00:00,2017-09-13,6,0,TH_NP15_GEN-APND,TH_NP15_GEN-APND,TH_NP15_GEN-APND,DAM,MCE,LMP_ENE_PRC,TH_NP15_GEN-APND,ALL_APNODES,0,31.74768,247
2017-09-13T20:00:00-00:00,2017-09-13T21:00:00-00:00,2017-09-13,14,0,TH_NP15_GEN-APND,TH_NP15_GEN-APND,TH_NP15_GEN-APND,DAM,MCE,LMP_ENE_PRC,TH_NP15_GEN-APND,ALL_APNODES,0,35.40269,247
2017-09-13T22:00:00-00:00,2017-09-13T23:00:00-00:00,2017-09-13,16,0,TH_NP15_GEN-APND,TH_NP15_GEN-APND,TH_NP15_GEN-APND,DAM,MCE,LMP_ENE_PRC,TH_NP15_GEN-APND,ALL_APNODES,0,38.28036,247
2017-09-13T19:00:00-00:00,2017-09-13T20:00:00-00:00,2017-09-13,13,0,TH_NP15_GEN-APND,TH_NP15_GEN-APND,TH_NP15_GEN-APND,DAM,MCE,LMP_ENE_PRC,TH_NP15_GEN-APND,ALL_APNODES,0,32.27663,247
2017-09-13T16:00:00-00:00,2017-09-13T17:00:00-00:00,2017-09-13,10,0,TH_NP15_GEN-APND,TH_NP15_GEN-APND,TH_NP15_GEN-APND,DAM,MCE,LMP_ENE_PRC,TH_NP15_GEN-APND,ALL_APNODES,0,28.81904,247
2017-09-13T07:00:00-00:00,2017-09-13T08:00:00-00:00,2017-09-13,1,0,TH_NP15_GEN-APND,TH_NP15_GEN-APND,TH_NP15_GEN-APND,DAM,MCE,LMP_ENE_PRC,TH_NP15_GEN-APND,ALL_APNODES,0,31.92867,247
2017-09-13T15:00:00-00:00,2017-09-13T16:00:00-00:00,2017-09-13,9,0,TH_NP15_GEN-APND,TH_NP15_GEN-APND,TH_NP15_GEN-APND,DAM,MCE,LMP_ENE_PRC,TH_NP15_GEN-APND,ALL_APNODES,0,30.51037,247
2017-09-14T04:00:00-00:00,2017-09-14T05:00:00-00:00,2017-09-13,22,0,TH_NP15_GEN-APND,TH_NP15_GEN-APND,TH_NP15_GEN-APND,DAM,MCE,LMP_ENE_PRC,TH_NP15_GEN-APND,ALL_APNODES,0,41.75655,247
2017-09-13T23:00:00-00:00,2017-09-14T00:00:00-00:00,2017-09-13,17,0,TH_NP15_GEN-APND,TH_NP15_GEN-APND,TH_NP15_GEN-APND,DAM,MCE,LMP_ENE_PRC,TH_NP15_GEN-APND,ALL_APNODES,0,41.38708,247
2017-09-14T03:00:00-00:00,2017-09-14T04:00:00-00:00,2017-09-13,21,0,TH_NP15_GEN-APND,TH_NP15_GEN-APND,TH_NP15_GEN-APND,DAM,MCE,LMP_ENE_PRC,TH_NP15_GEN-APND,ALL_APNODES,0,54.01989,247
2017-09-13T18:00:00-00:00,2017-09-13T19:00:00-00:00,2017-09-13,12,0,TH_NP15_GEN-APND,TH_NP15_GEN-APND,TH_NP15_GEN-APND,DAM,MCE,LMP_ENE_PRC,TH_NP15_GEN-APND,ALL_APNODES,0,31.1626,247
2017-09-13T13:00:00-00:00,2017-09-13T14:00:00-00:00,2017-09-13,7,0,TH_NP15_GEN-APND,TH_NP15_GEN-APND,TH_NP15_GEN-APND,DAM,MCE,LMP_ENE_PRC,TH_NP15_GEN-APND,ALL_APNODES,0,41.08142,247
2017-09-13T14:00:00-00:00,2017-09-13T15:00:00-00:00,2017-09-13,8,0,TH_NP15_GEN-APND,TH_NP15_GEN-APND,TH_NP15_GEN-APND,DAM,MCE,LMP_ENE_PRC,TH_NP15_GEN-APND,ALL_APNODES,0,41.84973,247
2017-09-14T00:00:00-00:00,2017-09-14T01:00:00-00:00,2017-09-13,18,0,TH_NP15_GEN-APND,TH_NP15_GEN-APND,TH_NP15_GEN-APND,DAM,MCE,LMP_ENE_PRC,TH_NP15_GEN-APND,ALL_APNODES,0,52.18446,247
2017-09-13T08:00:00-00:00,2017-09-13T09:00:00-00:00,2017-09-13,2,0,TH_NP15_GEN-APND,TH_NP15_GEN-APND,TH_NP15_GEN-APND,DAM,MCE,LMP_ENE_PRC,TH_NP15_GEN-APND,ALL_APNODES,0,28.93184,247
2017-09-13T10:00:00-00:00,2017-09-13T11:00:00-00:00,2017-09-13,4,0,TH_NP15_GEN-APND,TH_NP15_GEN-APND,TH_NP15_GEN-APND,DAM,MCL,LMP_LOSS_PRC,TH_NP15_GEN-APND,ALL_APNODES,0,-0.28055,248
2017-09-13T08:00:00-00:00,2017-09-13T09:00:00-00:00,2017-09-13,2,0,TH_NP15_GEN-APND,TH_NP15_GEN-APND,TH_NP15_GEN-APND,DAM,MCL,LMP_LOSS_PRC,TH_NP15_GEN-APND,ALL_APNODES,0,-0.30668,248
2017-09-13T21:00:00-00:00,2017-09-13T22:00:00-00:00,2017-09-13,15,0,TH_NP15_GEN-APND,TH_NP15_GEN-APND,TH_NP15_GEN-APND,DAM,MCL,LMP_LOSS_PRC,TH_NP15_GEN-APND,ALL_APNODES,0,-0.35504,248
2017-09-13T18:00:00-00:00,2017-09-13T19:00:00-00:00,2017-09-13,12,0,TH_NP15_GEN-APND,TH_NP15_GEN-APND,TH_NP15_GEN-APND,DAM,MCL,LMP_LOSS_PRC,TH_NP15_GEN-APND,ALL_APNODES,0,0.06544,248
2017-09-13T23:00:00-00:00,2017-09-14T00:00:00-00:00,2017-09-13,17,0,TH_NP15_GEN-APND,TH_NP15_GEN-APND,TH_NP15_GEN-APND,DAM,MCL,LMP_LOSS_PRC,TH_NP15_GEN-APND,ALL_APNODES,0,-0.90638,248
2017-09-13T12:00:00-00:00,2017-09-13T13:00:00-00:00,2017-09-13,6,0,TH_NP15_GEN-APND,TH_NP15_GEN-APND,TH_NP15_GEN-APND,DAM,MCL,LMP_LOSS_PRC,TH_NP15_GEN-APND,ALL_APNODES,0,-0.12699,248
2017-09-13T14:00:00-00:00,2017-09-13T15:00:00-00:00,2017-09-13,8,0,TH_NP15_GEN-APND,TH_NP15_GEN-APND,TH_NP15_GEN-APND,DAM,MCL,LMP_LOSS_PRC,TH_NP15_GEN-APND,ALL_APNODES,0,0.1674,248
2017-09-14T06:00:00-00:00,2017-09-14T07:00:00-00:00,2017-09-13,24,0,TH_NP15_GEN-APND,TH_NP15_GEN-APND,TH_NP15_GEN-APND,DAM,MCL,LMP_LOSS_PRC,TH_NP15_GEN-APND,ALL_APNODES,0,-0.11496,248
2017-09-13T07:00:00-00:00,2017-09-13T08:00:00-00:00,2017-09-13,1,0,TH_NP15_GEN-APND,TH_NP15_GEN-APND,TH_NP15_GEN-APND,DAM,MCL,LMP_LOSS_PRC,TH_NP15_GEN-APND,ALL_APNODES,0,-0.24266,248
2017-09-14T05:00:00-00:00,2017-09-14T06:00:00-00:00,2017-09-13,23,0,TH_NP15_GEN-APND,TH_NP15_GEN-APND,TH_NP15_GEN-APND,DAM,MCL,LMP_LOSS_PRC,TH_NP15_GEN-APND,ALL_APNODES,0,-0.29413,248
2017-09-13T09:00:00-00:00,2017-09-13T10:00:00-00:00,2017-09-13,3,0,TH_NP15_GEN-APND,TH_NP15_GEN-APND,TH_NP15_GEN-APND,DAM,MCL,LMP_LOSS_PRC,TH_NP15_GEN-APND,ALL_APNODES,0,-0.29804,248
2017-09-13T16:00:00-00:00,2017-09-13T17:00:00-00:00,2017-09-13,10,0,TH_NP15_GEN-APND,TH_NP15_GEN-APND,TH_NP15_GEN-APND,DAM,MCL,LMP_LOSS_PRC,TH_NP15_GEN-APND,ALL_APNODES,0,0.22767,248
2017-09-13T15:00:00-00:00,2017-09-13T16:00:00-00:00,2017-09-13,9,0,TH_NP15_GEN-APND,TH_NP15_GEN-APND,TH_NP15_GEN-APND,DAM,MCL,LMP_LOSS_PRC,TH_NP15_GEN-APND,ALL_APNODES,0,0.20137,248
2017-09-13T22:00:00-00:00,2017-09-13T23:00:00-00:00,2017-09-13,16,0,TH_NP15_GEN-APND,TH_NP15_GEN-APND,TH_NP15_GEN-APND,DAM,MCL,LMP_LOSS_PRC,TH_NP15_GEN-APND,ALL_APNODES,0,-0.68522,248
2017-09-13T20:00:00-00:00,2017-09-13T21:00:00-00:00,2017-09-13,14,0,TH_NP15_GEN-APND,TH_NP15_GEN-APND,TH_NP15_GEN-APND,DAM,MCL,LMP_LOSS_PRC,TH_NP15_GEN-APND,ALL_APNODES,0,-0.22304,248
2017-09-14T04:00:00-00:00,2017-09-14T05:00:00-00:00,2017-09-13,22,0,TH_NP15_GEN-APND,TH_NP15_GEN-APND,TH_NP15_GEN-APND,DAM,MCL,LMP_LOSS_PRC,TH_NP15_GEN-APND,ALL_APNODES,0,-0.90194,248
2017-09-14T03:00:00-00:00,2017-09-14T04:00:00-00:00,2017-09-13,21,0,TH_NP15_GEN-APND,TH_NP15_GEN-APND,TH_NP15_GEN-APND,DAM,MCL,LMP_LOSS_PRC,TH_NP15_GEN-APND,ALL_APNODES,0,-1.32889,248
2017-09-14T01:00:00-00:00,2017-09-14T02:00:00-00:00,2017-09-13,19,0,TH_NP15_GEN-APND,TH_NP15_GEN-APND,TH_NP15_GEN-APND,DAM,MCL,LMP_LOSS_PRC,TH_NP15_GEN-APND,ALL_APNODES,0,-1.60195,248
2017-09-14T00:00:00-00:00,2017-09-14T01:00:00-00:00,2017-09-13,18,0,TH_NP15_GEN-APND,TH_NP15_GEN-APND,TH_NP15_GEN-APND,DAM,MCL,LMP_LOSS_PRC,TH_NP15_GEN-APND,ALL_APNODES,0,-1.25243,248
2017-09-13T17:00:00-00:00,2017-09-13T18:00:00-00:00,2017-09-13,11,0,TH_NP15_GEN-APND,TH_NP15_GEN-APND,TH_NP15_GEN-APND,DAM,MCL,LMP_LOSS_PRC,TH_NP15_GEN-APND,ALL_APNODES,0,0.18131,248
2017-09-13T11:00:00-00:00,2017-09-13T12:00:00-00:00,2017-09-13,5,0,TH_NP15_GEN-APND,TH_NP15_GEN-APND,TH_NP15_GEN-APND,DAM,MCL,LMP_LOSS_PRC,TH_NP15_GEN-APND,ALL_APNODES,0,-0.29203,248
2017-09-13T19:00:00-00:00,2017-09-13T20:00:00-00:00,2017-09-13,13,0,TH_NP15_GEN-APND,TH_NP15_GEN-APND,TH_NP15_GEN-APND,DAM,MCL,LMP_LOSS_PRC,TH_NP15_GEN-APND,ALL_APNODES,0,-0.14202,248
2017-09-14T02:00:00-00:00,2017-09-14T03:00:00-00:00,2017-09-13,20,0,TH_NP15_GEN-APND,TH_NP15_GEN-APND,TH_NP15_GEN-APND,DAM,MCL,LMP_LOSS_PRC,TH_NP15_GEN-APND,ALL_APNODES,0,-1.41106,248
2017-09-13T13:00:00-00:00,2017-09-13T14:00:00-00:00,2017-09-13,7,0,TH_NP15_GEN-APND,TH_NP15_GEN-APND,TH_NP15_GEN-APND,DAM,MCL,LMP_LOSS_PRC,TH_NP15_GEN-APND,ALL_APNODES,0,-0.08216,248
2017-09-13T07:00:00-00:00,2017-09-13T08:00:00-00:00,2017-09-13,1,0,TH_SP15_GEN-APND,TH_SP15_GEN-APND,TH_SP15_GEN-APND,DAM,LMP,LMP_PRC,TH_SP15_GEN-APND,ALL_APNODES,0,30.81755,249
2017-09-13T13:00:00-00:00,2017-09-13T14:00:00-00:00,2017-09-13,7,0,TH_SP15_GEN-APND,TH_SP15_GEN-APND,TH_SP15_GEN-APND,DAM,LMP,LMP_PRC,TH_SP15_GEN-APND,ALL_APNODES,0,39.37243,249
2017-09-13T23:00:00-00:00,2017-09-14T00:00:00-00:00,2017-09-13,17,0,TH_SP15_GEN-APND,TH_SP15_GEN-APND,TH_SP15_GEN-APND,DAM,LMP,LMP_PRC,TH_SP15_GEN-APND,ALL_APNODES,0,38.54664,249
2017-09-14T05:00:00-00:00,2017-09-14T06:00:00-00:00,2017-09-13,23,0,TH_SP15_GEN-APND,TH_SP15_GEN-APND,TH_SP15_GEN-APND,DAM,LMP,LMP_PRC,TH_SP15_GEN-APND,ALL_APNODES,0,33.91363,249
2017-09-13T10:00:00-00:00,2017-09-13T11:00:00-00:00,2017-09-13,4,0,TH_SP15_GEN-APND,TH_SP15_GEN-APND,TH_SP15_GEN-APND,DAM,LMP,LMP_PRC,TH_SP15_GEN-APND,ALL_APNODES,0,26.20961,249
2017-09-13T08:00:00-00:00,2017-09-13T09:00:00-00:00,2017-09-13,2,0,TH_SP15_GEN-APND,TH_SP15_GEN-APND,TH_SP15_GEN-APND,DAM,LMP,LMP_PRC,TH_SP15_GEN-APND,ALL_APNODES,0,28.01181,249
2017-09-13T12:00:00-00:00,2017-09-13T13:00:00-00:00,2017-09-13,6,0,TH_SP15_GEN-APND,TH_SP15_GEN-APND,TH_SP15_GEN-APND,DAM,LMP,LMP_PRC,TH_SP15_GEN-APND,ALL_APNODES,0,30.57619,249
2017-09-14T04:00:00-00:00,2017-09-14T05:00:00-00:00,2017-09-13,22,0,TH_SP15_GEN-APND,TH_SP15_GEN-APND,TH_SP15_GEN-APND,DAM,LMP,LMP_PRC,TH_SP15_GEN-APND,ALL_APNODES,0,40.29507,249
2017-09-14T06:00:00-00:00,2017-09-14T07:00:00-00:00,2017-09-13,24,0,TH_SP15_GEN-APND,TH_SP15_GEN-APND,TH_SP15_GEN-APND,DAM,LMP,LMP_PRC,TH_SP15_GEN-APND,ALL_APNODES,0,31.52533,249
2017-09-13T14:00:00-00:00,2017-09-13T15:00:00-00:00,2017-09-13,8,0,TH_SP15_GEN-APND,TH_SP15_GEN-APND,TH_SP15_GEN-APND,DAM,LMP,LMP_PRC,TH_SP15_GEN-APND,ALL_APNODES,0,39.83676,249
2017-09-13T20:00:00-00:00,2017-09-13T21:00:00-00:00,2017-09-13,14,0,TH_SP15_GEN-APND,TH_SP15_GEN-APND,TH_SP15_GEN-APND,DAM,LMP,LMP_PRC,TH_SP15_GEN-APND,ALL_APNODES,0,33.17591,249
2017-09-13T22:00:00-00:00,2017-09-13T23:00:00-00:00,2017-09-13,16,0,TH_SP15_GEN-APND,TH_SP15_GEN-APND,TH_SP15_GEN-APND,DAM,LMP,LMP_PRC,TH_SP15_GEN-APND,ALL_APNODES,0,36.06755,249
2017-09-14T03:00:00-00:00,2017-09-14T04:00:00-00:00,2017-09-13,21,0,TH_SP15_GEN-APND,TH_SP15_GEN-APND,TH_SP15_GEN-APND,DAM,LMP,LMP_PRC,TH_SP15_GEN-APND,ALL_APNODES,0,52.1508,249
2017-09-13T15:00:00-00:00,2017-09-13T16:00:00-00:00,2017-09-13,9,0,TH_SP15_GEN-APND,TH_SP15_GEN-APND,TH_SP15_GEN-APND,DAM,LMP,LMP_PRC,TH_SP15_GEN-APND,ALL_APNODES,0,28.8883,249
2017-09-13T17:00:00-00:00,2017-09-13T18:00:00-00:00,2017-09-13,11,0,TH_SP15_GEN-APND,TH_SP15_GEN-APND,TH_SP15_GEN-APND,DAM,LMP,LMP_PRC,TH_SP15_GEN-APND,ALL_APNODES,0,26.91724,249
2017-09-14T01:00:00-00:00,2017-09-14T02:00:00-00:00,2017-09-13,19,0,TH_SP15_GEN-APND,TH_SP15_GEN-APND,TH_SP15_GEN-APND,DAM,LMP,LMP_PRC,TH_SP15_GEN-APND,ALL_APNODES,0,62.87964,249
2017-09-13T19:00:00-00:00,2017-09-13T20:00:00-00:00,2017-09-13,13,0,TH_SP15_GEN-APND,TH_SP15_GEN-APND,TH_SP15_GEN-APND,DAM,LMP,LMP_PRC,TH_SP15_GEN-APND,ALL_APNODES,0,29.21128,249
2017-09-13T09:00:00-00:00,2017-09-13T10:00:00-00:00,2017-09-13,3,0,TH_SP15_GEN-APND,TH_SP15_GEN-APND,TH_SP15_GEN-APND,DAM,LMP,LMP_PRC,TH_SP15_GEN-APND,ALL_APNODES,0,26.79297,249
2017-09-13T16:00:00-00:00,2017-09-13T17:00:00-00:00,2017-09-13,10,0,TH_SP15_GEN-APND,TH_SP15_GEN-APND,TH_SP15_GEN-APND,DAM,LMP,LMP_PRC,TH_SP15_GEN-APND,ALL_APNODES,0,26.6974,249
2017-09-13T18:00:00-00:00,2017-09-13T19:00:00-00:00,2017-09-13,12,0,TH_SP15_GEN-APND,TH_SP15_GEN-APND,TH_SP15_GEN-APND,DAM,LMP,LMP_PRC,TH_SP15_GEN-APND,ALL_APNODES,0,27.4767,249
2017-09-13T21:00:00-00:00,2017-09-13T22:00:00-00:00,2017-09-13,15,0,TH_SP15_GEN-APND,TH_SP15_GEN-APND,TH_SP15_GEN-APND,DAM,LMP,LMP_PRC,TH_SP15_GEN-APND,ALL_APNODES,0,32.10328,249
2017-09-13T11:00:00-00:00,2017-09-13T12:00:00-00:00,2017-09-13,5,0,TH_SP15_GEN-APND,TH_SP15_GEN-APND,TH_SP15_GEN-APND,DAM,LMP,LMP_PRC,TH_SP15_GEN-APND,ALL_APNODES,0,27,249
2017-09-14T00:00:00-00:00,2017-09-14T01:00:00-00:00,2017-09-13,18,0,TH_SP15_GEN-APND,TH_SP15_GEN-APND,TH_SP15_GEN-APND,DAM,LMP,LMP_PRC,TH_SP15_GEN-APND,ALL_APNODES,0,50.21711,249
2017-09-14T02:00:00-00:00,2017-09-14T03:00:00-00:00,2017-09-13,20,0,TH_SP15_GEN-APND,TH_SP15_GEN-APND,TH_SP15_GEN-APND,DAM,LMP,LMP_PRC,TH_SP15_GEN-APND,ALL_APNODES,0,60.79546,249
2017-09-13T10:00:00-00:00,2017-09-13T11:00:00-00:00,2017-09-13,4,0,TH_SP15_GEN-APND,TH_SP15_GEN-APND,TH_SP15_GEN-APND,DAM,MCC,LMP_CONG_PRC,TH_SP15_GEN-APND,ALL_APNODES,0,0,250
2017-09-13T19:00:00-00:00,2017-09-13T20:00:00-00:00,2017-09-13,13,0,TH_SP15_GEN-APND,TH_SP15_GEN-APND,TH_SP15_GEN-APND,DAM,MCC,LMP_CONG_PRC,TH_SP15_GEN-APND,ALL_APNODES,0,-1.73556,250
2017-09-13T20:00:00-00:00,2017-09-13T21:00:00-00:00,2017-09-13,14,0,TH_SP15_GEN-APND,TH_SP15_GEN-APND,TH_SP15_GEN-APND,DAM,MCC,LMP_CONG_PRC,TH_SP15_GEN-APND,ALL_APNODES,0,-0.75757,250
2017-09-13T18:00:00-00:00,2017-09-13T19:00:00-00:00,2017-09-13,12,0,TH_SP15_GEN-APND,TH_SP15_GEN-APND,TH_SP15_GEN-APND,DAM,MCC,LMP_CONG_PRC,TH_SP15_GEN-APND,ALL_APNODES,0,-2.30227,250
2017-09-13T09:00:00-00:00,2017-09-13T10:00:00-00:00,2017-09-13,3,0,TH_SP15_GEN-APND,TH_SP15_GEN-APND,TH_SP15_GEN-APND,DAM,MCC,LMP_CONG_PRC,TH_SP15_GEN-APND,ALL_APNODES,0,0,250
2017-09-14T03:00:00-00:00,2017-09-14T04:00:00-00:00,2017-09-13,21,0,TH_SP15_GEN-APND,TH_SP15_GEN-APND,TH_SP15_GEN-APND,DAM,MCC,LMP_CONG_PRC,TH_SP15_GEN-APND,ALL_APNODES,0,0,250
2017-09-13T17:00:00-00:00,2017-09-13T18:00:00-00:00,2017-09-13,11,0,TH_SP15_GEN-APND,TH_SP15_GEN-APND,TH_SP15_GEN-APND,DAM,MCC,LMP_CONG_PRC,TH_SP15_GEN-APND,ALL_APNODES,0,-0.94378,250
2017-09-13T15:00:00-00:00,2017-09-13T16:00:00-00:00,2017-09-13,9,0,TH_SP15_GEN-APND,TH_SP15_GEN-APND,TH_SP15_GEN-APND,DAM,MCC,LMP_CONG_PRC,TH_SP15_GEN-APND,ALL_APNODES,0,-0.16978,250
2017-09-13T14:00:00-00:00,2017-09-13T15:00:00-00:00,2017-09-13,8,0,TH_SP15_GEN-APND,TH_SP15_GEN-APND,TH_SP15_GEN-APND,DAM,MCC,LMP_CONG_PRC,TH_SP15_GEN-APND,ALL_APNODES,0,0,250
2017-09-14T02:00:00-00:00,2017-09-14T03:00:00-00:00,2017-09-13,20,0,TH_SP15_GEN-APND,TH_SP15_GEN-APND,TH_SP15_GEN-APND,DAM,MCC,LMP_CONG_PRC,TH_SP15_GEN-APND,ALL_APNODES,0,0,250
2017-09-14T04:00:00-00:00,2017-09-14T05:00:00-00:00,2017-09-13,22,0,TH_SP15_GEN-APND,TH_SP15_GEN-APND,TH_SP15_GEN-APND,DAM,MCC,LMP_CONG_PRC,TH_SP15_GEN-APND,ALL_APNODES,0,0,250
2017-09-14T01:00:00-00:00,2017-09-14T02:00:00-00:00,2017-09-13,19,0,TH_SP15_GEN-APND,TH_SP15_GEN-APND,TH_SP15_GEN-APND,DAM,MCC,LMP_CONG_PRC,TH_SP15_GEN-APND,ALL_APNODES,0,0,250
2017-09-13T23:00:00-00:00,2017-09-14T00:00:00-00:00,2017-09-13,17,0,TH_SP15_GEN-APND,TH_SP15_GEN-APND,TH_SP15_GEN-APND,DAM,MCC,LMP_CONG_PRC,TH_SP15_GEN-APND,ALL_APNODES,0,-1.17668,250
2017-09-13T13:00:00-00:00,2017-09-13T14:00:00-00:00,2017-09-13,7,0,TH_SP15_GEN-APND,TH_SP15_GEN-APND,TH_SP15_GEN-APND,DAM,MCC,LMP_CONG_PRC,TH_SP15_GEN-APND,ALL_APNODES,0,0,250
2017-09-13T12:00:00-00:00,2017-09-13T13:00:00-00:00,2017-09-13,6,0,TH_SP15_GEN-APND,TH_SP15_GEN-APND,TH_SP15_GEN-APND,DAM,MCC,LMP_CONG_PRC,TH_SP15_GEN-APND,ALL_APNODES,0,0,250
2017-09-14T00:00:00-00:00,2017-09-14T01:00:00-00:00,2017-09-13,18,0,TH_SP15_GEN-APND,TH_SP15_GEN-APND,TH_SP15_GEN-APND,DAM,MCC,LMP_CONG_PRC,TH_SP15_GEN-APND,ALL_APNODES,0,0,250
2017-09-13T11:00:00-00:00,2017-09-13T12:00:00-00:00,2017-09-13,5,0,TH_SP15_GEN-APND,TH_SP15_GEN-APND,TH_SP15_GEN-APND,DAM,MCC,LMP_CONG_PRC,TH_SP15_GEN-APND,ALL_APNODES,0,0,250
2017-09-14T06:00:00-00:00,2017-09-14T07:00:00-00:00,2017-09-13,24,0,TH_SP15_GEN-APND,TH_SP15_GEN-APND,TH_SP15_GEN-APND,DAM,MCC,LMP_CONG_PRC,TH_SP15_GEN-APND,ALL_APNODES,0,0,250
2017-09-13T08:00:00-00:00,2017-09-13T09:00:00-00:00,2017-09-13,2,0,TH_SP15_GEN-APND,TH_SP15_GEN-APND,TH_SP15_GEN-APND,DAM,MCC,LMP_CONG_PRC,TH_SP15_GEN-APND,ALL_APNODES,0,0,250
2017-09-13T22:00:00-00:00,2017-09-13T23:00:00-00:00,2017-09-13,16,0,TH_SP15_GEN-APND,TH_SP15_GEN-APND,TH_SP15_GEN-APND,DAM,MCC,LMP_CONG_PRC,TH_SP15_GEN-APND,ALL_APNODES,0,-0.72753,250
2017-09-13T16:00:00-00:00,2017-09-13T17:00:00-00:00,2017-09-13,10,0,TH_SP15_GEN-APND,TH_SP15_GEN-APND,TH_SP15_GEN-APND,DAM,MCC,LMP_CONG_PRC,TH_SP15_GEN-APND,ALL_APNODES,0,-0.75274,250
2017-09-13T07:00:00-00:00,2017-09-13T08:00:00-00:00,2017-09-13,1,0,TH_SP15_GEN-APND,TH_SP15_GEN-APND,TH_SP15_GEN-APND,DAM,MCC,LMP_CONG_PRC,TH_SP15_GEN-APND,ALL_APNODES,0,0,250
2017-09-14T05:00:00-00:00,2017-09-14T06:00:00-00:00,2017-09-13,23,0,TH_SP15_GEN-APND,TH_SP15_GEN-APND,TH_SP15_GEN-APND,DAM,MCC,LMP_CONG_PRC,TH_SP15_GEN-APND,ALL_APNODES,0,0,250
2017-09-13T21:00:00-00:00,2017-09-13T22:00:00-00:00,2017-09-13,15,0,TH_SP15_GEN-APND,TH_SP15_GEN-APND,TH_SP15_GEN-APND,DAM,MCC,LMP_CONG_PRC,TH_SP15_GEN-APND,ALL_APNODES,0,-1.27057,250
2017-09-14T04:00:00-00:00,2017-09-14T05:00:00-00:00,2017-09-13,22,0,TH_SP15_GEN-APND,TH_SP15_GEN-APND,TH_SP15_GEN-APND,DAM,MCE,LMP_ENE_PRC,TH_SP15_GEN-APND,ALL_APNODES,0,41.75655,251
2017-09-13T18:00:00-00:00,2017-09-13T19:00:00-00:00,2017-09-13,12,0,TH_SP15_GEN-APND,TH_SP15_GEN-APND,TH_SP15_GEN-APND,DAM,MCE,LMP_ENE_PRC,TH_SP15_GEN-APND,ALL_APNODES,0,31.1626,251
2017-09-13T17:00:00-00:00,2017-09-13T18:00:00-00:00,2017-09-13,11,0,TH_SP15_GEN-APND,TH_SP15_GEN-APND,TH_SP15_GEN-APND,DAM,MCE,LMP_ENE_PRC,TH_SP15_GEN-APND,ALL_APNODES,0,29.24427,251
2017-09-13T16:00:00-00:00,2017-09-13T17:00:00-00:00,2017-09-13,10,0,TH_SP15_GEN-APND,TH_SP15_GEN-APND,TH_SP15_GEN-APND,DAM,MCE,LMP_ENE_PRC,TH_SP15_GEN-APND,ALL_APNODES,0,28.81904,251
2017-09-14T00:00:00-00:00,2017-09-14T01:00:00-00:00,2017-09-13,18,0,TH_SP15_GEN-APND,TH_SP15_GEN-APND,TH_SP15_GEN-APND,DAM,MCE,LMP_ENE_PRC,TH_SP15_GEN-APND,ALL_APNODES,0,52.18446,251
2017-09-13T23:00:00-00:00,2017-09-14T00:00:00-00:00,2017-09-13,17,0,TH_SP15_GEN-APND,TH_SP15_GEN-APND,TH_SP15_GEN-APND,DAM,MCE,LMP_ENE_PRC,TH_SP15_GEN-APND,ALL_APNODES,0,41.38708,251
2017-09-13T13:00:00-00:00,2017-09-13T14:00:00-00:00,2017-09-13,7,0,TH_SP15_GEN-APND,TH_SP15_GEN-APND,TH_SP15_GEN-APND,DAM,MCE,LMP_ENE_PRC,TH_SP15_GEN-APND,ALL_APNODES,0,41.08142,251
2017-09-13T15:00:00-00:00,2017-09-13T16:00:00-00:00,2017-09-13,9,0,TH_SP15_GEN-APND,TH_SP15_GEN-APND,TH_SP15_GEN-APND,DAM,MCE,LMP_ENE_PRC,TH_SP15_GEN-APND,ALL_APNODES,0,30.51037,251
2017-09-14T02:00:00-00:00,2017-09-14T03:00:00-00:00,2017-09-13,20,0,TH_SP15_GEN-APND,TH_SP15_GEN-APND,TH_SP15_GEN-APND,DAM,MCE,LMP_ENE_PRC,TH_SP15_GEN-APND,ALL_APNODES,0,62.99395,251
2017-09-13T09:00:00-00:00,2017-09-13T10:00:00-00:00,2017-09-13,3,0,TH_SP15_GEN-APND,TH_SP15_GEN-APND,TH_SP15_GEN-APND,DAM,MCE,LMP_ENE_PRC,TH_SP15_GEN-APND,ALL_APNODES,0,27.59602,251
2017-09-13T11:00:00-00:00,2017-09-13T12:00:00-00:00,2017-09-13,5,0,TH_SP15_GEN-APND,TH_SP15_GEN-APND,TH_SP15_GEN-APND,DAM,MCE,LMP_ENE_PRC,TH_SP15_GEN-APND,ALL_APNODES,0,27.81211,251
2017-09-13T07:00:00-00:00,2017-09-13T08:00:00-00:00,2017-09-13,1,0,TH_SP15_GEN-APND,TH_SP15_GEN-APND,TH_SP15_GEN-APND,DAM,MCE,LMP_ENE_PRC,TH_SP15_GEN-APND,ALL_APNODES,0,31.92867,251
2017-09-13T22:00:00-00:00,2017-09-13T23:00:00-00:00,2017-09-13,16,0,TH_SP15_GEN-APND,TH_SP15_GEN-APND,TH_SP15_GEN-APND,DAM,MCE,LMP_ENE_PRC,TH_SP15_GEN-APND,ALL_APNODES,0,38.28036,251
2017-09-13T14:00:00-00:00,2017-09-13T15:00:00-00:00,2017-09-13,8,0,TH_SP15_GEN-APND,TH_SP15_GEN-APND,TH_SP15_GEN-APND,DAM,MCE,LMP_ENE_PRC,TH_SP15_GEN-APND,ALL_APNODES,0,41.84973,251
2017-09-14T05:00:00-00:00,2017-09-14T06:00:00-00:00,2017-09-13,23,0,TH_SP15_GEN-APND,TH_SP15_GEN-APND,TH_SP15_GEN-APND,DAM,MCE,LMP_ENE_PRC,TH_SP15_GEN-APND,ALL_APNODES,0,35.43744,251
2017-09-14T06:00:00-00:00,2017-09-14T07:00:00-00:00,2017-09-13,24,0,TH_SP15_GEN-APND,TH_SP15_GEN-APND,TH_SP15_GEN-APND,DAM,MCE,LMP_ENE_PRC,TH_SP15_GEN-APND,ALL_APNODES,0,32.84573,251
2017-09-14T03:00:00-00:00,2017-09-14T04:00:00-00:00,2017-09-13,21,0,TH_SP15_GEN-APND,TH_SP15_GEN-APND,TH_SP15_GEN-APND,DAM,MCE,LMP_ENE_PRC,TH_SP15_GEN-APND,ALL_APNODES,0,54.01989,251
2017-09-14T01:00:00-00:00,2017-09-14T02:00:00-00:00,2017-09-13,19,0,TH_SP15_GEN-APND,TH_SP15_GEN-APND,TH_SP15_GEN-APND,DAM,MCE,LMP_ENE_PRC,TH_SP15_GEN-APND,ALL_APNODES,0,65.11976,251
2017-09-13T08:00:00-00:00,2017-09-13T09:00:00-00:00,2017-09-13,2,0,TH_SP15_GEN-APND,TH_SP15_GEN-APND,TH_SP15_GEN-APND,DAM,MCE,LMP_ENE_PRC,TH_SP15_GEN-APND,ALL_APNODES,0,28.93184,251
2017-09-13T21:00:00-00:00,2017-09-13T22:00:00-00:00,2017-09-13,15,0,TH_SP15_GEN-APND,TH_SP15_GEN-APND,TH_SP15_GEN-APND,DAM,MCE,LMP_ENE_PRC,TH_SP15_GEN-APND,ALL_APNODES,0,34.80793,251
2017-09-13T19:00:00-00:00,2017-09-13T20:00:00-00:00,2017-09-13,13,0,TH_SP15_GEN-APND,TH_SP15_GEN-APND,TH_SP15_GEN-APND,DAM,MCE,LMP_ENE_PRC,TH_SP15_GEN-APND,ALL_APNODES,0,32.27663,251
2017-09-13T10:00:00-00:00,2017-09-13T11:00:00-00:00,2017-09-13,4,0,TH_SP15_GEN-APND,TH_SP15_GEN-APND,TH_SP15_GEN-APND,DAM,MCE,LMP_ENE_PRC,TH_SP15_GEN-APND,ALL_APNODES,0,26.97572,251
2017-09-13T12:00:00-00:00,2017-09-13T13:00:00-00:00,2017-09-13,6,0,TH_SP15_GEN-APND,TH_SP15_GEN-APND,TH_SP15_GEN-APND,DAM,MCE,LMP_ENE_PRC,TH_SP15_GEN-APND,ALL_APNODES,0,31.74768,251
2017-09-13T20:00:00-00:00,2017-09-13T21:00:00-00:00,2017-09-13,14,0,TH_SP15_GEN-APND,TH_SP15_GEN-APND,TH_SP15_GEN-APND,DAM,MCE,LMP_ENE_PRC,TH_SP15_GEN-APND,ALL_APNODES,0,35.40269,251
2017-09-13T08:00:00-00:00,2017-09-13T09:00:00-00:00,2017-09-13,2,0,TH_SP15_GEN-APND,TH_SP15_GEN-APND,TH_SP15_GEN-APND,DAM,MCL,LMP_LOSS_PRC,TH_SP15_GEN-APND,ALL_APNODES,0,-0.92003,252
2017-09-13T09:00:00-00:00,2017-09-13T10:00:00-00:00,2017-09-13,3,0,TH_SP15_GEN-APND,TH_SP15_GEN-APND,TH_SP15_GEN-APND,DAM,MCL,LMP_LOSS_PRC,TH_SP15_GEN-APND,ALL_APNODES,0,-0.80304,252
2017-09-13T11:00:00-00:00,2017-09-13T12:00:00-00:00,2017-09-13,5,0,TH_SP15_GEN-APND,TH_SP15_GEN-APND,TH_SP15_GEN-APND,DAM,MCL,LMP_LOSS_PRC,TH_SP15_GEN-APND,ALL_APNODES,0,-0.81211,252
2017-09-14T04:00:00-00:00,2017-09-14T05:00:00-00:00,2017-09-13,22,0,TH_SP15_GEN-APND,TH_SP15_GEN-APND,TH_SP15_GEN-APND,DAM,MCL,LMP_LOSS_PRC,TH_SP15_GEN-APND,ALL_APNODES,0,-1.46148,252
2017-09-13T20:00:00-00:00,2017-09-13T21:00:00-00:00,2017-09-13,14,0,TH_SP15_GEN-APND,TH_SP15_GEN-APND,TH_SP15_GEN-APND,DAM,MCL,LMP_LOSS_PRC,TH_SP15_GEN-APND,ALL_APNODES,0,-1.46921,252
2017-09-13T23:00:00-00:00,2017-09-14T00:00:00-00:00,2017-09-13,17,0,TH_SP15_GEN-APND,TH_SP15_GEN-APND,TH_SP15_GEN-APND,DAM,MCL,LMP_LOSS_PRC,TH_SP15_GEN-APND,ALL_APNODES,0,-1.66376,252
2017-09-14T01:00:00-00:00,2017-09-14T02:00:00-00:00,2017-09-13,19,0,TH_SP15_GEN-APND,TH_SP15_GEN-APND,TH_SP15_GEN-APND,DAM,MCL,LMP_LOSS_PRC,TH_SP15_GEN-APND,ALL_APNODES,0,-2.24012,252
2017-09-14T02:00:00-00:00,2017-09-14T03:00:00-00:00,2017-09-13,20,0,TH_SP15_GEN-APND,TH_SP15_GEN-APND,TH_SP15_GEN-APND,DAM,MCL,LMP_LOSS_PRC,TH_SP15_GEN-APND,ALL_APNODES,0,-2.19849,252
2017-09-13T18:00:00-00:00,2017-09-13T19:00:00-00:00,2017-09-13,12,0,TH_SP15_GEN-APND,TH_SP15_GEN-APND,TH_SP15_GEN-APND,DAM,MCL,LMP_LOSS_PRC,TH_SP15_GEN-APND,ALL_APNODES,0,-1.38362,252
2017-09-13T21:00:00-00:00,2017-09-13T22:00:00-00:00,2017-09-13,15,0,TH_SP15_GEN-APND,TH_SP15_GEN-APND,TH_SP15_GEN-APND,DAM,MCL,LMP_LOSS_PRC,TH_SP15_GEN-APND,ALL_APNODES,0,-1.43409,252
2017-09-13T17:00:00-00:00,2017-09-13T18:00:00-00:00,2017-09-13,11,0,TH_SP15_GEN-APND,TH_SP15_GEN-APND,TH_SP15_GEN-APND,DAM,MCL,LMP_LOSS_PRC,TH_SP15_GEN-APND,ALL_APNODES,0,-1.38325,252
2017-09-14T06:00:00-00:00,2017-09-14T07:00:00-00:00,2017-09-13,24,0,TH_SP15_GEN-APND,TH_SP15_GEN-APND,TH_SP15_GEN-APND,DAM,MCL,LMP_LOSS_PRC,TH_SP15_GEN-APND,ALL_APNODES,0,-1.3204,252
2017-09-13T15:00:00-00:00,2017-09-13T16:00:00-00:00,2017-09-13,9,0,TH_SP15_GEN-APND,TH_SP15_GEN-APND,TH_SP15_GEN-APND,DAM,MCL,LMP_LOSS_PRC,TH_SP15_GEN-APND,ALL_APNODES,0,-1.45229,252
2017-09-13T12:00:00-00:00,2017-09-13T13:00:00-00:00,2017-09-13,6,0,TH_SP15_GEN-APND,TH_SP15_GEN-APND,TH_SP15_GEN-APND,DAM,MCL,LMP_LOSS_PRC,TH_SP15_GEN-APND,ALL_APNODES,0,-1.17149,252
2017-09-13T22:00:00-00:00,2017-09-13T23:00:00-00:00,2017-09-13,16,0,TH_SP15_GEN-APND,TH_SP15_GEN-APND,TH_SP15_GEN-APND,DAM,MCL,LMP_LOSS_PRC,TH_SP15_GEN-APND,ALL_APNODES,0,-1.48528,252
2017-09-14T00:00:00-00:00,2017-09-14T01:00:00-00:00,2017-09-13,18,0,TH_SP15_GEN-APND,TH_SP15_GEN-APND,TH_SP15_GEN-APND,DAM,MCL,LMP_LOSS_PRC,TH_SP15_GEN-APND,ALL_APNODES,0,-1.96735,252
2017-09-13T07:00:00-00:00,2017-09-13T08:00:00-00:00,2017-09-13,1,0,TH_SP15_GEN-APND,TH_SP15_GEN-APND,TH_SP15_GEN-APND,DAM,MCL,LMP_LOSS_PRC,TH_SP15_GEN-APND,ALL_APNODES,0,-1.11112,252
2017-09-14T03:00:00-00:00,2017-09-14T04:00:00-00:00,2017-09-13,21,0,TH_SP15_GEN-APND,TH_SP15_GEN-APND,TH_SP15_GEN-APND,DAM,MCL,LMP_LOSS_PRC,TH_SP15_GEN-APND,ALL_APNODES,0,-1.86909,252
2017-09-13T10:00:00-00:00,2017-09-13T11:00:00-00:00,2017-09-13,4,0,TH_SP15_GEN-APND,TH_SP15_GEN-APND,TH_SP15_GEN-APND,DAM,MCL,LMP_LOSS_PRC,TH_SP15_GEN-APND,ALL_APNODES,0,-0.76611,252
2017-09-13T13:00:00-00:00,2017-09-13T14:00:00-00:00,2017-09-13,7,0,TH_SP15_GEN-APND,TH_SP15_GEN-APND,TH_SP15_GEN-APND,DAM,MCL,LMP_LOSS_PRC,TH_SP15_GEN-APND,ALL_APNODES,0,-1.70899,252
2017-09-14T05:00:00-00:00,2017-09-14T06:00:00-00:00,2017-09-13,23,0,TH_SP15_GEN-APND,TH_SP15_GEN-APND,TH_SP15_GEN-APND,DAM,MCL,LMP_LOSS_PRC,TH_SP15_GEN-APND,ALL_APNODES,0,-1.52381,252
2017-09-13T19:00:00-00:00,2017-09-13T20:00:00-00:00,2017-09-13,13,0,TH_SP15_GEN-APND,TH_SP15_GEN-APND,TH_SP15_GEN-APND,DAM,MCL,LMP_LOSS_PRC,TH_SP15_GEN-APND,ALL_APNODES,0,-1.3298,252
2017-09-13T14:00:00-00:00,2017-09-13T15:00:00-00:00,2017-09-13,8,0,TH_SP15_GEN-APND,TH_SP15_GEN-APND,TH_SP15_GEN-APND,DAM,MCL,LMP_LOSS_PRC,TH_SP15_GEN-APND,ALL_APNODES,0,-2.01297,252
2017-09-13T16:00:00-00:00,2017-09-13T17:00:00-00:00,2017-09-13,10,0,TH_SP15_GEN-APND,TH_SP15_GEN-APND,TH_SP15_GEN-APND,DAM,MCL,LMP_LOSS_PRC,TH_SP15_GEN-APND,ALL_APNODES,0,-1.3689,252
2017-09-13T17:00:00-00:00,2017-09-13T18:00:00-00:00,2017-09-13,11,0,TH_ZP26_GEN-APND,TH_ZP26_GEN-APND,TH_ZP26_GEN-APND,DAM,LMP,LMP_PRC,TH_ZP26_GEN-APND,ALL_APNODES,0,25.57944,253
2017-09-13T11:00:00-00:00,2017-09-13T12:00:00-00:00,2017-09-13,5,0,TH_ZP26_GEN-APND,TH_ZP26_GEN-APND,TH_ZP26_GEN-APND,DAM,LMP,LMP_PRC,TH_ZP26_GEN-APND,ALL_APNODES,0,26.83313,253
2017-09-14T04:00:00-00:00,2017-09-14T05:00:00-00:00,2017-09-13,22,0,TH_ZP26_GEN-APND,TH_ZP26_GEN-APND,TH_ZP26_GEN-APND,DAM,LMP,LMP_PRC,TH_ZP26_GEN-APND,ALL_APNODES,0,40.14474,253
2017-09-13T20:00:00-00:00,2017-09-13T21:00:00-00:00,2017-09-13,14,0,TH_ZP26_GEN-APND,TH_ZP26_GEN-APND,TH_ZP26_GEN-APND,DAM,LMP,LMP_PRC,TH_ZP26_GEN-APND,ALL_APNODES,0,31.4027,253
2017-09-13T21:00:00-00:00,2017-09-13T22:00:00-00:00,2017-09-13,15,0,TH_ZP26_GEN-APND,TH_ZP26_GEN-APND,TH_ZP26_GEN-APND,DAM,LMP,LMP_PRC,TH_ZP26_GEN-APND,ALL_APNODES,0,30.81,253
2017-09-13T08:00:00-00:00,2017-09-13T09:00:00-00:00,2017-09-13,2,0,TH_ZP26_GEN-APND,TH_ZP26_GEN-APND,TH_ZP26_GEN-APND,DAM,LMP,LMP_PRC,TH_ZP26_GEN-APND,ALL_APNODES,0,27.95105,253
2017-09-13T09:00:00-00:00,2017-09-13T10:00:00-00:00,2017-09-13,3,0,TH_ZP26_GEN-APND,TH_ZP26_GEN-APND,TH_ZP26_GEN-APND,DAM,LMP,LMP_PRC,TH_ZP26_GEN-APND,ALL_APNODES,0,26.66327,253
2017-09-14T02:00:00-00:00,2017-09-14T03:00:00-00:00,2017-09-13,20,0,TH_ZP26_GEN-APND,TH_ZP26_GEN-APND,TH_ZP26_GEN-APND,DAM,LMP,LMP_PRC,TH_ZP26_GEN-APND,ALL_APNODES,0,60.63168,253
2017-09-13T18:00:00-00:00,2017-09-13T19:00:00-00:00,2017-09-13,12,0,TH_ZP26_GEN-APND,TH_ZP26_GEN-APND,TH_ZP26_GEN-APND,DAM,LMP,LMP_PRC,TH_ZP26_GEN-APND,ALL_APNODES,0,25.58134,253
2017-09-13T19:00:00-00:00,2017-09-13T20:00:00-00:00,2017-09-13,13,0,TH_ZP26_GEN-APND,TH_ZP26_GEN-APND,TH_ZP26_GEN-APND,DAM,LMP,LMP_PRC,TH_ZP26_GEN-APND,ALL_APNODES,0,27.44062,253
2017-09-13T10:00:00-00:00,2017-09-13T11:00:00-00:00,2017-09-13,4,0,TH_ZP26_GEN-APND,TH_ZP26_GEN-APND,TH_ZP26_GEN-APND,DAM,LMP,LMP_PRC,TH_ZP26_GEN-APND,ALL_APNODES,0,26.06124,253
2017-09-13T12:00:00-00:00,2017-09-13T13:00:00-00:00,2017-09-13,6,0,TH_ZP26_GEN-APND,TH_ZP26_GEN-APND,TH_ZP26_GEN-APND,DAM,LMP,LMP_PRC,TH_ZP26_GEN-APND,ALL_APNODES,0,30.63017,253
2017-09-13T16:00:00-00:00,2017-09-13T17:00:00-00:00,2017-09-13,10,0,TH_ZP26_GEN-APND,TH_ZP26_GEN-APND,TH_ZP26_GEN-APND,DAM,LMP,LMP_PRC,TH_ZP26_GEN-APND,ALL_APNODES,0,25.93094,253
2017-09-13T13:00:00-00:00,2017-09-13T14:00:00-00:00,2017-09-13,7,0,TH_ZP26_GEN-APND,TH_ZP26_GEN-APND,TH_ZP26_GEN-APND,DAM,LMP,LMP_PRC,TH_ZP26_GEN-APND,ALL_APNODES,0,39.65178,253
2017-09-14T00:00:00-00:00,2017-09-14T01:00:00-00:00,2017-09-13,18,0,TH_ZP26_GEN-APND,TH_ZP26_GEN-APND,TH_ZP26_GEN-APND,DAM,LMP,LMP_PRC,TH_ZP26_GEN-APND,ALL_APNODES,0,49.65873,253
2017-09-14T01:00:00-00:00,2017-09-14T02:00:00-00:00,2017-09-13,19,0,TH_ZP26_GEN-APND,TH_ZP26_GEN-APND,TH_ZP26_GEN-APND,DAM,LMP,LMP_PRC,TH_ZP26_GEN-APND,ALL_APNODES,0,62.51497,253
2017-09-14T05:00:00-00:00,2017-09-14T06:00:00-00:00,2017-09-13,23,0,TH_ZP26_GEN-APND,TH_ZP26_GEN-APND,TH_ZP26_GEN-APND,DAM,LMP,LMP_PRC,TH_ZP26_GEN-APND,ALL_APNODES,0,34.06246,253
2017-09-13T14:00:00-00:00,2017-09-13T15:00:00-00:00,2017-09-13,8,0,TH_ZP26_GEN-APND,TH_ZP26_GEN-APND,TH_ZP26_GEN-APND,DAM,LMP,LMP_PRC,TH_ZP26_GEN-APND,ALL_APNODES,0,40.17574,253
2017-09-13T15:00:00-00:00,2017-09-13T16:00:00-00:00,2017-09-13,9,0,TH_ZP26_GEN-APND,TH_ZP26_GEN-APND,TH_ZP26_GEN-APND,DAM,LMP,LMP_PRC,TH_ZP26_GEN-APND,ALL_APNODES,0,28.74795,253
2017-09-13T23:00:00-00:00,2017-09-14T00:00:00-00:00,2017-09-13,17,0,TH_ZP26_GEN-APND,TH_ZP26_GEN-APND,TH_ZP26_GEN-APND,DAM,LMP,LMP_PRC,TH_ZP26_GEN-APND,ALL_APNODES,0,37.94748,253
2017-09-14T03:00:00-00:00,2017-09-14T04:00:00-00:00,2017-09-13,21,0,TH_ZP26_GEN-APND,TH_ZP26_GEN-APND,TH_ZP26_GEN-APND,DAM,LMP,LMP_PRC,TH_ZP26_GEN-APND,ALL_APNODES,0,51.88611,253
2017-09-14T06:00:00-00:00,2017-09-14T07:00:00-00:00,2017-09-13,24,0,TH_ZP26_GEN-APND,TH_ZP26_GEN-APND,TH_ZP26_GEN-APND,DAM,LMP,LMP_PRC,TH_ZP26_GEN-APND,ALL_APNODES,0,31.55161,253
2017-09-13T07:00:00-00:00,2017-09-13T08:00:00-00:00,2017-09-13,1,0,TH_ZP26_GEN-APND,TH_ZP26_GEN-APND,TH_ZP26_GEN-APND,DAM,LMP,LMP_PRC,TH_ZP26_GEN-APND,ALL_APNODES,0,30.82713,253
2017-09-13T22:00:00-00:00,2017-09-13T23:00:00-00:00,2017-09-13,16,0,TH_ZP26_GEN-APND,TH_ZP26_GEN-APND,TH_ZP26_GEN-APND,DAM,LMP,LMP_PRC,TH_ZP26_GEN-APND,ALL_APNODES,0,34.62872,253
2017-09-14T06:00:00-00:00,2017-09-14T07:00:00-00:00,2017-09-13,24,0,TH_ZP26_GEN-APND,TH_ZP26_GEN-APND,TH_ZP26_GEN-APND,DAM,MCC,LMP_CONG_PRC,TH_ZP26_GEN-APND,ALL_APNODES,0,0,254
2017-09-13T17:00:00-00:00,2017-09-13T18:00:00-00:00,2017-09-13,11,0,TH_ZP26_GEN-APND,TH_ZP26_GEN-APND,TH_ZP26_GEN-APND,DAM,MCC,LMP_CONG_PRC,TH_ZP26_GEN-APND,ALL_APNODES,0,-1.9248,254
2017-09-13T19:00:00-00:00,2017-09-13T20:00:00-00:00,2017-09-13,13,0,TH_ZP26_GEN-APND,TH_ZP26_GEN-APND,TH_ZP26_GEN-APND,DAM,MCC,LMP_CONG_PRC,TH_ZP26_GEN-APND,ALL_APNODES,0,-2.92523,254
2017-09-13T12:00:00-00:00,2017-09-13T13:00:00-00:00,2017-09-13,6,0,TH_ZP26_GEN-APND,TH_ZP26_GEN-APND,TH_ZP26_GEN-APND,DAM,MCC,LMP_CONG_PRC,TH_ZP26_GEN-APND,ALL_APNODES,0,0,254
2017-09-13T16:00:00-00:00,2017-09-13T17:00:00-00:00,2017-09-13,10,0,TH_ZP26_GEN-APND,TH_ZP26_GEN-APND,TH_ZP26_GEN-APND,DAM,MCC,LMP_CONG_PRC,TH_ZP26_GEN-APND,ALL_APNODES,0,-1.23389,254
2017-09-13T09:00:00-00:00,2017-09-13T10:00:00-00:00,2017-09-13,3,0,TH_ZP26_GEN-APND,TH_ZP26_GEN-APND,TH_ZP26_GEN-APND,DAM,MCC,LMP_CONG_PRC,TH_ZP26_GEN-APND,ALL_APNODES,0,0,254
2017-09-13T23:00:00-00:00,2017-09-14T00:00:00-00:00,2017-09-13,17,0,TH_ZP26_GEN-APND,TH_ZP26_GEN-APND,TH_ZP26_GEN-APND,DAM,MCC,LMP_CONG_PRC,TH_ZP26_GEN-APND,ALL_APNODES,0,-1.20469,254
2017-09-14T00:00:00-00:00,2017-09-14T01:00:00-00:00,2017-09-13,18,0,TH_ZP26_GEN-APND,TH_ZP26_GEN-APND,TH_ZP26_GEN-APND,DAM,MCC,LMP_CONG_PRC,TH_ZP26_GEN-APND,ALL_APNODES,0,0,254
2017-09-14T03:00:00-00:00,2017-09-14T04:00:00-00:00,2017-09-13,21,0,TH_ZP26_GEN-APND,TH_ZP26_GEN-APND,TH_ZP26_GEN-APND,DAM,MCC,LMP_CONG_PRC,TH_ZP26_GEN-APND,ALL_APNODES,0,0,254
2017-09-14T04:00:00-00:00,2017-09-14T05:00:00-00:00,2017-09-13,22,0,TH_ZP26_GEN-APND,TH_ZP26_GEN-APND,TH_ZP26_GEN-APND,DAM,MCC,LMP_CONG_PRC,TH_ZP26_GEN-APND,ALL_APNODES,0,0,254
2017-09-14T05:00:00-00:00,2017-09-14T06:00:00-00:00,2017-09-13,23,0,TH_ZP26_GEN-APND,TH_ZP26_GEN-APND,TH_ZP26_GEN-APND,DAM,MCC,LMP_CONG_PRC,TH_ZP26_GEN-APND,ALL_APNODES,0,0,254
2017-09-13T18:00:00-00:00,2017-09-13T19:00:00-00:00,2017-09-13,12,0,TH_ZP26_GEN-APND,TH_ZP26_GEN-APND,TH_ZP26_GEN-APND,DAM,MCC,LMP_CONG_PRC,TH_ZP26_GEN-APND,ALL_APNODES,0,-3.73332,254
2017-09-13T11:00:00-00:00,2017-09-13T12:00:00-00:00,2017-09-13,5,0,TH_ZP26_GEN-APND,TH_ZP26_GEN-APND,TH_ZP26_GEN-APND,DAM,MCC,LMP_CONG_PRC,TH_ZP26_GEN-APND,ALL_APNODES,0,0,254
2017-09-13T13:00:00-00:00,2017-09-13T14:00:00-00:00,2017-09-13,7,0,TH_ZP26_GEN-APND,TH_ZP26_GEN-APND,TH_ZP26_GEN-APND,DAM,MCC,LMP_CONG_PRC,TH_ZP26_GEN-APND,ALL_APNODES,0,0,254
2017-09-14T01:00:00-00:00,2017-09-14T02:00:00-00:00,2017-09-13,19,0,TH_ZP26_GEN-APND,TH_ZP26_GEN-APND,TH_ZP26_GEN-APND,DAM,MCC,LMP_CONG_PRC,TH_ZP26_GEN-APND,ALL_APNODES,0,0,254
2017-09-13T14:00:00-00:00,2017-09-13T15:00:00-00:00,2017-09-13,8,0,TH_ZP26_GEN-APND,TH_ZP26_GEN-APND,TH_ZP26_GEN-APND,DAM,MCC,LMP_CONG_PRC,TH_ZP26_GEN-APND,ALL_APNODES,0,0,254
2017-09-13T20:00:00-00:00,2017-09-13T21:00:00-00:00,2017-09-13,14,0,TH_ZP26_GEN-APND,TH_ZP26_GEN-APND,TH_ZP26_GEN-APND,DAM,MCC,LMP_CONG_PRC,TH_ZP26_GEN-APND,ALL_APNODES,0,-1.95017,254
2017-09-13T21:00:00-00:00,2017-09-13T22:00:00-00:00,2017-09-13,15,0,TH_ZP26_GEN-APND,TH_ZP26_GEN-APND,TH_ZP26_GEN-APND,DAM,MCC,LMP_CONG_PRC,TH_ZP26_GEN-APND,ALL_APNODES,0,-2.00344,254
2017-09-13T07:00:00-00:00,2017-09-13T08:00:00-00:00,2017-09-13,1,0,TH_ZP26_GEN-APND,TH_ZP26_GEN-APND,TH_ZP26_GEN-APND,DAM,MCC,LMP_CONG_PRC,TH_ZP26_GEN-APND,ALL_APNODES,0,0,254
2017-09-13T10:00:00-00:00,2017-09-13T11:00:00-00:00,2017-09-13,4,0,TH_ZP26_GEN-APND,TH_ZP26_GEN-APND,TH_ZP26_GEN-APND,DAM,MCC,LMP_CONG_PRC,TH_ZP26_GEN-APND,ALL_APNODES,0,0,254
2017-09-14T02:00:00-00:00,2017-09-14T03:00:00-00:00,2017-09-13,20,0,TH_ZP26_GEN-APND,TH_ZP26_GEN-APND,TH_ZP26_GEN-APND,DAM,MCC,LMP_CONG_PRC,TH_ZP26_GEN-APND,ALL_APNODES,0,0,254
2017-09-13T08:00:00-00:00,2017-09-13T09:00:00-00:00,2017-09-13,2,0,TH_ZP26_GEN-APND,TH_ZP26_GEN-APND,TH_ZP26_GEN-APND,DAM,MCC,LMP_CONG_PRC,TH_ZP26_GEN-APND,ALL_APNODES,0,0,254
2017-09-13T15:00:00-00:00,2017-09-13T16:00:00-00:00,2017-09-13,9,0,TH_ZP26_GEN-APND,TH_ZP26_GEN-APND,TH_ZP26_GEN-APND,DAM,MCC,LMP_CONG_PRC,TH_ZP26_GEN-APND,ALL_APNODES,0,-0.16978,254
2017-09-13T22:00:00-00:00,2017-09-13T23:00:00-00:00,2017-09-13,16,0,TH_ZP26_GEN-APND,TH_ZP26_GEN-APND,TH_ZP26_GEN-APND,DAM,MCC,LMP_CONG_PRC,TH_ZP26_GEN-APND,ALL_APNODES,0,-1.47349,254
2017-09-13T10:00:00-00:00,2017-09-13T11:00:00-00:00,2017-09-13,4,0,TH_ZP26_GEN-APND,TH_ZP26_GEN-APND,TH_ZP26_GEN-APND,DAM,MCE,LMP_ENE_PRC,TH_ZP26_GEN-APND,ALL_APNODES,0,26.97572,255
2017-09-13T12:00:00-00:00,2017-09-13T13:00:00-00:00,2017-09-13,6,0,TH_ZP26_GEN-APND,TH_ZP26_GEN-APND,TH_ZP26_GEN-APND,DAM,MCE,LMP_ENE_PRC,TH_ZP26_GEN-APND,ALL_APNODES,0,31.74768,255
2017-09-13T21:00:00-00:00,2017-09-13T22:00:00-00:00,2017-09-13,15,0,TH_ZP26_GEN-APND,TH_ZP26_GEN-APND,TH_ZP26_GEN-APND,DAM,MCE,LMP_ENE_PRC,TH_ZP26_GEN-APND,ALL_APNODES,0,34.80793,255
2017-09-14T06:00:00-00:00,2017-09-14T07:00:00-00:00,2017-09-13,24,0,TH_ZP26_GEN-APND,TH_ZP26_GEN-APND,TH_ZP26_GEN-APND,DAM,MCE,LMP_ENE_PRC,TH_ZP26_GEN-APND,ALL_APNODES,0,32.84573,255
2017-09-13T15:00:00-00:00,2017-09-13T16:00:00-00:00,2017-09-13,9,0,TH_ZP26_GEN-APND,TH_ZP26_GEN-APND,TH_ZP26_GEN-APND,DAM,MCE,LMP_ENE_PRC,TH_ZP26_GEN-APND,ALL_APNODES,0,30.51037,255
2017-09-13T13:00:00-00:00,2017-09-13T14:00:00-00:00,2017-09-13,7,0,TH_ZP26_GEN-APND,TH_ZP26_GEN-APND,TH_ZP26_GEN-APND,DAM,MCE,LMP_ENE_PRC,TH_ZP26_GEN-APND,ALL_APNODES,0,41.08142,255
2017-09-14T03:00:00-00:00,2017-09-14T04:00:00-00:00,2017-09-13,21,0,TH_ZP26_GEN-APND,TH_ZP26_GEN-APND,TH_ZP26_GEN-APND,DAM,MCE,LMP_ENE_PRC,TH_ZP26_GEN-APND,ALL_APNODES,0,54.01989,255
2017-09-13T09:00:00-00:00,2017-09-13T10:00:00-00:00,2017-09-13,3,0,TH_ZP26_GEN-APND,TH_ZP26_GEN-APND,TH_ZP26_GEN-APND,DAM,MCE,LMP_ENE_PRC,TH_ZP26_GEN-APND,ALL_APNODES,0,27.59602,255
2017-09-14T01:00:00-00:00,2017-09-14T02:00:00-00:00,2017-09-13,19,0,TH_ZP26_GEN-APND,TH_ZP26_GEN-APND,TH_ZP26_GEN-APND,DAM,MCE,LMP_ENE_PRC,TH_ZP26_GEN-APND,ALL_APNODES,0,65.11976,255
2017-09-13T08:00:00-00:00,2017-09-13T09:00:00-00:00,2017-09-13,2,0,TH_ZP26_GEN-APND,TH_ZP26_GEN-APND,TH_ZP26_GEN-APND,DAM,MCE,LMP_ENE_PRC,TH_ZP26_GEN-APND,ALL_APNODES,0,28.93184,255
2017-09-13T22:00:00-00:00,2017-09-13T23:00:00-00:00,2017-09-13,16,0,TH_ZP26_GEN-APND,TH_ZP26_GEN-APND,TH_ZP26_GEN-APND,DAM,MCE,LMP_ENE_PRC,TH_ZP26_GEN-APND,ALL_APNODES,0,38.28036,255
2017-09-13T20:00:00-00:00,2017-09-13T21:00:00-00:00,2017-09-13,14,0,TH_ZP26_GEN-APND,TH_ZP26_GEN-APND,TH_ZP26_GEN-APND,DAM,MCE,LMP_ENE_PRC,TH_ZP26_GEN-APND,ALL_APNODES,0,35.40269,255
2017-09-14T05:00:00-00:00,2017-09-14T06:00:00-00:00,2017-09-13,23,0,TH_ZP26_GEN-APND,TH_ZP26_GEN-APND,TH_ZP26_GEN-APND,DAM,MCE,LMP_ENE_PRC,TH_ZP26_GEN-APND,ALL_APNODES,0,35.43744,255
2017-09-13T14:00:00-00:00,2017-09-13T15:00:00-00:00,2017-09-13,8,0,TH_ZP26_GEN-APND,TH_ZP26_GEN-APND,TH_ZP26_GEN-APND,DAM,MCE,LMP_ENE_PRC,TH_ZP26_GEN-APND,ALL_APNODES,0,41.84973,255
2017-09-14T04:00:00-00:00,2017-09-14T05:00:00-00:00,2017-09-13,22,0,TH_ZP26_GEN-APND,TH_ZP26_GEN-APND,TH_ZP26_GEN-APND,DAM,MCE,LMP_ENE_PRC,TH_ZP26_GEN-APND,ALL_APNODES,0,41.75655,255
2017-09-13T11:00:00-00:00,2017-09-13T12:00:00-00:00,2017-09-13,5,0,TH_ZP26_GEN-APND,TH_ZP26_GEN-APND,TH_ZP26_GEN-APND,DAM,MCE,LMP_ENE_PRC,TH_ZP26_GEN-APND,ALL_APNODES,0,27.81211,255
2017-09-14T00:00:00-00:00,2017-09-14T01:00:00-00:00,2017-09-13,18,0,TH_ZP26_GEN-APND,TH_ZP26_GEN-APND,TH_ZP26_GEN-APND,DAM,MCE,LMP_ENE_PRC,TH_ZP26_GEN-APND,ALL_APNODES,0,52.18446,255
2017-09-13T23:00:00-00:00,2017-09-14T00:00:00-00:00,2017-09-13,17,0,TH_ZP26_GEN-APND,TH_ZP26_GEN-APND,TH_ZP26_GEN-APND,DAM,MCE,LMP_ENE_PRC,TH_ZP26_GEN-APND,ALL_APNODES,0,41.38708,255
2017-09-13T07:00:00-00:00,2017-09-13T08:00:00-00:00,2017-09-13,1,0,TH_ZP26_GEN-APND,TH_ZP26_GEN-APND,TH_ZP26_GEN-APND,DAM,MCE,LMP_ENE_PRC,TH_ZP26_GEN-APND,ALL_APNODES,0,31.92867,255
2017-09-13T17:00:00-00:00,2017-09-13T18:00:00-00:00,2017-09-13,11,0,TH_ZP26_GEN-APND,TH_ZP26_GEN-APND,TH_ZP26_GEN-APND,DAM,MCE,LMP_ENE_PRC,TH_ZP26_GEN-APND,ALL_APNODES,0,29.24427,255
2017-09-13T16:00:00-00:00,2017-09-13T17:00:00-00:00,2017-09-13,10,0,TH_ZP26_GEN-APND,TH_ZP26_GEN-APND,TH_ZP26_GEN-APND,DAM,MCE,LMP_ENE_PRC,TH_ZP26_GEN-APND,ALL_APNODES,0,28.81904,255
2017-09-13T18:00:00-00:00,2017-09-13T19:00:00-00:00,2017-09-13,12,0,TH_ZP26_GEN-APND,TH_ZP26_GEN-APND,TH_ZP26_GEN-APND,DAM,MCE,LMP_ENE_PRC,TH_ZP26_GEN-APND,ALL_APNODES,0,31.1626,255
2017-09-14T02:00:00-00:00,2017-09-14T03:00:00-00:00,2017-09-13,20,0,TH_ZP26_GEN-APND,TH_ZP26_GEN-APND,TH_ZP26_GEN-APND,DAM,MCE,LMP_ENE_PRC,TH_ZP26_GEN-APND,ALL_APNODES,0,62.99395,255
2017-09-13T19:00:00-00:00,2017-09-13T20:00:00-00:00,2017-09-13,13,0,TH_ZP26_GEN-APND,TH_ZP26_GEN-APND,TH_ZP26_GEN-APND,DAM,MCE,LMP_ENE_PRC,TH_ZP26_GEN-APND,ALL_APNODES,0,32.27663,255
2017-09-13T14:00:00-00:00,2017-09-13T15:00:00-00:00,2017-09-13,8,0,TH_ZP26_GEN-APND,TH_ZP26_GEN-APND,TH_ZP26_GEN-APND,DAM,MCL,LMP_LOSS_PRC,TH_ZP26_GEN-APND,ALL_APNODES,0,-1.67399,256
2017-09-13T12:00:00-00:00,2017-09-13T13:00:00-00:00,2017-09-13,6,0,TH_ZP26_GEN-APND,TH_ZP26_GEN-APND,TH_ZP26_GEN-APND,DAM,MCL,LMP_LOSS_PRC,TH_ZP26_GEN-APND,ALL_APNODES,0,-1.11752,256
2017-09-13T21:00:00-00:00,2017-09-13T22:00:00-00:00,2017-09-13,15,0,TH_ZP26_GEN-APND,TH_ZP26_GEN-APND,TH_ZP26_GEN-APND,DAM,MCL,LMP_LOSS_PRC,TH_ZP26_GEN-APND,ALL_APNODES,0,-1.99449,256
2017-09-13T20:00:00-00:00,2017-09-13T21:00:00-00:00,2017-09-13,14,0,TH_ZP26_GEN-APND,TH_ZP26_GEN-APND,TH_ZP26_GEN-APND,DAM,MCL,LMP_LOSS_PRC,TH_ZP26_GEN-APND,ALL_APNODES,0,-2.04982,256
2017-09-13T11:00:00-00:00,2017-09-13T12:00:00-00:00,2017-09-13,5,0,TH_ZP26_GEN-APND,TH_ZP26_GEN-APND,TH_ZP26_GEN-APND,DAM,MCL,LMP_LOSS_PRC,TH_ZP26_GEN-APND,ALL_APNODES,0,-0.97899,256
2017-09-13T09:00:00-00:00,2017-09-13T10:00:00-00:00,2017-09-13,3,0,TH_ZP26_GEN-APND,TH_ZP26_GEN-APND,TH_ZP26_GEN-APND,DAM,MCL,LMP_LOSS_PRC,TH_ZP26_GEN-APND,ALL_APNODES,0,-0.93275,256
2017-09-13T18:00:00-00:00,2017-09-13T19:00:00-00:00,2017-09-13,12,0,TH_ZP26_GEN-APND,TH_ZP26_GEN-APND,TH_ZP26_GEN-APND,DAM,MCL,LMP_LOSS_PRC,TH_ZP26_GEN-APND,ALL_APNODES,0,-1.84794,256
2017-09-14T02:00:00-00:00,2017-09-14T03:00:00-00:00,2017-09-13,20,0,TH_ZP26_GEN-APND,TH_ZP26_GEN-APND,TH_ZP26_GEN-APND,DAM,MCL,LMP_LOSS_PRC,TH_ZP26_GEN-APND,ALL_APNODES,0,-2.36227,256
2017-09-14T05:00:00-00:00,2017-09-14T06:00:00-00:00,2017-09-13,23,0,TH_ZP26_GEN-APND,TH_ZP26_GEN-APND,TH_ZP26_GEN-APND,DAM,MCL,LMP_LOSS_PRC,TH_ZP26_GEN-APND,ALL_APNODES,0,-1.37497,256
2017-09-14T01:00:00-00:00,2017-09-14T02:00:00-00:00,2017-09-13,19,0,TH_ZP26_GEN-APND,TH_ZP26_GEN-APND,TH_ZP26_GEN-APND,DAM,MCL,LMP_LOSS_PRC,TH_ZP26_GEN-APND,ALL_APNODES,0,-2.60479,256
2017-09-13T08:00:00-00:00,2017-09-13T09:00:00-00:00,2017-09-13,2,0,TH_ZP26_GEN-APND,TH_ZP26_GEN-APND,TH_ZP26_GEN-APND,DAM,MCL,LMP_LOSS_PRC,TH_ZP26_GEN-APND,ALL_APNODES,0,-0.98079,256
2017-09-14T06:00:00-00:00,2017-09-14T07:00:00-00:00,2017-09-13,24,0,TH_ZP26_GEN-APND,TH_ZP26_GEN-APND,TH_ZP26_GEN-APND,DAM,MCL,LMP_LOSS_PRC,TH_ZP26_GEN-APND,ALL_APNODES,0,-1.29412,256
2017-09-14T00:00:00-00:00,2017-09-14T01:00:00-00:00,2017-09-13,18,0,TH_ZP26_GEN-APND,TH_ZP26_GEN-APND,TH_ZP26_GEN-APND,DAM,MCL,LMP_LOSS_PRC,TH_ZP26_GEN-APND,ALL_APNODES,0,-2.52573,256
2017-09-13T17:00:00-00:00,2017-09-13T18:00:00-00:00,2017-09-13,11,0,TH_ZP26_GEN-APND,TH_ZP26_GEN-APND,TH_ZP26_GEN-APND,DAM,MCL,LMP_LOSS_PRC,TH_ZP26_GEN-APND,ALL_APNODES,0,-1.74003,256
2017-09-14T04:00:00-00:00,2017-09-14T05:00:00-00:00,2017-09-13,22,0,TH_ZP26_GEN-APND,TH_ZP26_GEN-APND,TH_ZP26_GEN-APND,DAM,MCL,LMP_LOSS_PRC,TH_ZP26_GEN-APND,ALL_APNODES,0,-1.6118,256
2017-09-14T03:00:00-00:00,2017-09-14T04:00:00-00:00,2017-09-13,21,0,TH_ZP26_GEN-APND,TH_ZP26_GEN-APND,TH_ZP26_GEN-APND,DAM,MCL,LMP_LOSS_PRC,TH_ZP26_GEN-APND,ALL_APNODES,0,-2.13379,256
2017-09-13T23:00:00-00:00,2017-09-14T00:00:00-00:00,2017-09-13,17,0,TH_ZP26_GEN-APND,TH_ZP26_GEN-APND,TH_ZP26_GEN-APND,DAM,MCL,LMP_LOSS_PRC,TH_ZP26_GEN-APND,ALL_APNODES,0,-2.2349,256
2017-09-13T13:00:00-00:00,2017-09-13T14:00:00-00:00,2017-09-13,7,0,TH_ZP26_GEN-APND,TH_ZP26_GEN-APND,TH_ZP26_GEN-APND,DAM,MCL,LMP_LOSS_PRC,TH_ZP26_GEN-APND,ALL_APNODES,0,-1.42963,256
2017-09-13T10:00:00-00:00,2017-09-13T11:00:00-00:00,2017-09-13,4,0,TH_ZP26_GEN-APND,TH_ZP26_GEN-APND,TH_ZP26_GEN-APND,DAM,MCL,LMP_LOSS_PRC,TH_ZP26_GEN-APND,ALL_APNODES,0,-0.91448,256
2017-09-13T07:00:00-00:00,2017-09-13T08:00:00-00:00,2017-09-13,1,0,TH_ZP26_GEN-APND,TH_ZP26_GEN-APND,TH_ZP26_GEN-APND,DAM,MCL,LMP_LOSS_PRC,TH_ZP26_GEN-APND,ALL_APNODES,0,-1.10154,256
2017-09-13T19:00:00-00:00,2017-09-13T20:00:00-00:00,2017-09-13,13,0,TH_ZP26_GEN-APND,TH_ZP26_GEN-APND,TH_ZP26_GEN-APND,DAM,MCL,LMP_LOSS_PRC,TH_ZP26_GEN-APND,ALL_APNODES,0,-1.91078,256
2017-09-13T16:00:00-00:00,2017-09-13T17:00:00-00:00,2017-09-13,10,0,TH_ZP26_GEN-APND,TH_ZP26_GEN-APND,TH_ZP26_GEN-APND,DAM,MCL,LMP_LOSS_PRC,TH_ZP26_GEN-APND,ALL_APNODES,0,-1.65421,256
2017-09-13T22:00:00-00:00,2017-09-13T23:00:00-00:00,2017-09-13,16,0,TH_ZP26_GEN-APND,TH_ZP26_GEN-APND,TH_ZP26_GEN-APND,DAM,MCL,LMP_LOSS_PRC,TH_ZP26_GEN-APND,ALL_APNODES,0,-2.17815,256
2017-09-13T15:00:00-00:00,2017-09-13T16:00:00-00:00,2017-09-13,9,0,TH_ZP26_GEN-APND,TH_ZP26_GEN-APND,TH_ZP26_GEN-APND,DAM,MCL,LMP_LOSS_PRC,TH_ZP26_GEN-APND,ALL_APNODES,0,-1.59264,256
2017-09-13T07:00:00-00:00,2017-09-13T08:00:00-00:00,2017-09-13,1,0,URBAN_6_N005,URBAN_6_N005,URBAN_6_N005,DAM,LMP,LMP_PRC,URBAN_6_N005,ALL,1,31.55191,257
2017-09-13T14:00:00-00:00,2017-09-13T15:00:00-00:00,2017-09-13,8,0,URBAN_6_N005,URBAN_6_N005,URBAN_6_N005,DAM,LMP,LMP_PRC,URBAN_6_N005,ALL,1,37.94329,257
2017-09-13T13:00:00-00:00,2017-09-13T14:00:00-00:00,2017-09-13,7,0,URBAN_6_N005,URBAN_6_N005,URBAN_6_N005,DAM,LMP,LMP_PRC,URBAN_6_N005,ALL,1,40.87601,257
2017-09-14T05:00:00-00:00,2017-09-14T06:00:00-00:00,2017-09-13,23,0,URBAN_6_N005,URBAN_6_N005,URBAN_6_N005,DAM,LMP,LMP_PRC,URBAN_6_N005,ALL,1,35.0618,257
2017-09-14T03:00:00-00:00,2017-09-14T04:00:00-00:00,2017-09-13,21,0,URBAN_6_N005,URBAN_6_N005,URBAN_6_N005,DAM,LMP,LMP_PRC,URBAN_6_N005,ALL,1,54.13333,257
2017-09-13T10:00:00-00:00,2017-09-13T11:00:00-00:00,2017-09-13,4,0,URBAN_6_N005,URBAN_6_N005,URBAN_6_N005,DAM,LMP,LMP_PRC,URBAN_6_N005,ALL,1,26.76531,257
2017-09-13T15:00:00-00:00,2017-09-13T16:00:00-00:00,2017-09-13,9,0,URBAN_6_N005,URBAN_6_N005,URBAN_6_N005,DAM,LMP,LMP_PRC,URBAN_6_N005,ALL,1,25.93608,257
2017-09-14T04:00:00-00:00,2017-09-14T05:00:00-00:00,2017-09-13,22,0,URBAN_6_N005,URBAN_6_N005,URBAN_6_N005,DAM,LMP,LMP_PRC,URBAN_6_N005,ALL,1,41.70644,257
2017-09-14T02:00:00-00:00,2017-09-14T03:00:00-00:00,2017-09-13,20,0,URBAN_6_N005,URBAN_6_N005,URBAN_6_N005,DAM,LMP,LMP_PRC,URBAN_6_N005,ALL,1,62.4522,257
2017-09-14T00:00:00-00:00,2017-09-14T01:00:00-00:00,2017-09-13,18,0,URBAN_6_N005,URBAN_6_N005,URBAN_6_N005,DAM,LMP,LMP_PRC,URBAN_6_N005,ALL,1,52.36189,257
2017-09-14T06:00:00-00:00,2017-09-14T07:00:00-00:00,2017-09-13,24,0,URBAN_6_N005,URBAN_6_N005,URBAN_6_N005,DAM,LMP,LMP_PRC,URBAN_6_N005,ALL,1,32.34319,257
2017-09-13T23:00:00-00:00,2017-09-14T00:00:00-00:00,2017-09-13,17,0,URBAN_6_N005,URBAN_6_N005,URBAN_6_N005,DAM,LMP,LMP_PRC,URBAN_6_N005,ALL,1,16.23093,257
2017-09-13T18:00:00-00:00,2017-09-13T19:00:00-00:00,2017-09-13,12,0,URBAN_6_N005,URBAN_6_N005,URBAN_6_N005,DAM,LMP,LMP_PRC,URBAN_6_N005,ALL,1,14.35199,257
2017-09-13T12:00:00-00:00,2017-09-13T13:00:00-00:00,2017-09-13,6,0,URBAN_6_N005,URBAN_6_N005,URBAN_6_N005,DAM,LMP,LMP_PRC,URBAN_6_N005,ALL,1,31.51593,257
2017-09-13T22:00:00-00:00,2017-09-13T23:00:00-00:00,2017-09-13,16,0,URBAN_6_N005,URBAN_6_N005,URBAN_6_N005,DAM,LMP,LMP_PRC,URBAN_6_N005,ALL,1,22.9554,257
2017-09-13T20:00:00-00:00,2017-09-13T21:00:00-00:00,2017-09-13,14,0,URBAN_6_N005,URBAN_6_N005,URBAN_6_N005,DAM,LMP,LMP_PRC,URBAN_6_N005,ALL,1,26.39182,257
2017-09-13T17:00:00-00:00,2017-09-13T18:00:00-00:00,2017-09-13,11,0,URBAN_6_N005,URBAN_6_N005,URBAN_6_N005,DAM,LMP,LMP_PRC,URBAN_6_N005,ALL,1,12.93721,257
2017-09-13T16:00:00-00:00,2017-09-13T17:00:00-00:00,2017-09-13,10,0,URBAN_6_N005,URBAN_6_N005,URBAN_6_N005,DAM,LMP,LMP_PRC,URBAN_6_N005,ALL,1,11.15305,257
2017-09-13T11:00:00-00:00,2017-09-13T12:00:00-00:00,2017-09-13,5,0,URBAN_6_N005,URBAN_6_N005,URBAN_6_N005,DAM,LMP,LMP_PRC,URBAN_6_N005,ALL,1,27.76205,257
2017-09-13T08:00:00-00:00,2017-09-13T09:00:00-00:00,2017-09-13,2,0,URBAN_6_N005,URBAN_6_N005,URBAN_6_N005,DAM,LMP,LMP_PRC,URBAN_6_N005,ALL,1,28.66567,257
2017-09-13T21:00:00-00:00,2017-09-13T22:00:00-00:00,2017-09-13,15,0,URBAN_6_N005,URBAN_6_N005,URBAN_6_N005,DAM,LMP,LMP_PRC,URBAN_6_N005,ALL,1,-0.37104,257
2017-09-14T01:00:00-00:00,2017-09-14T02:00:00-00:00,2017-09-13,19,0,URBAN_6_N005,URBAN_6_N005,URBAN_6_N005,DAM,LMP,LMP_PRC,URBAN_6_N005,ALL,1,64.64439,257
2017-09-13T09:00:00-00:00,2017-09-13T10:00:00-00:00,2017-09-13,3,0,URBAN_6_N005,URBAN_6_N005,URBAN_6_N005,DAM,LMP,LMP_PRC,URBAN_6_N005,ALL,1,27.36145,257
2017-09-13T19:00:00-00:00,2017-09-13T20:00:00-00:00,2017-09-13,13,0,URBAN_6_N005,URBAN_6_N005,URBAN_6_N005,DAM,LMP,LMP_PRC,URBAN_6_N005,ALL,1,18.39638,257
2017-09-13T17:00:00-00:00,2017-09-13T18:00:00-00:00,2017-09-13,11,0,URBAN_6_N005,URBAN_6_N005,URBAN_6_N005,DAM,MCC,LMP_CONG_PRC,URBAN_6_N005,ALL,1,-15.92981,258
2017-09-13T22:00:00-00:00,2017-09-13T23:00:00-00:00,2017-09-13,16,0,URBAN_6_N005,URBAN_6_N005,URBAN_6_N005,DAM,MCC,LMP_CONG_PRC,URBAN_6_N005,ALL,1,-15.25606,258
2017-09-14T05:00:00-00:00,2017-09-14T06:00:00-00:00,2017-09-13,23,0,URBAN_6_N005,URBAN_6_N005,URBAN_6_N005,DAM,MCC,LMP_CONG_PRC,URBAN_6_N005,ALL,1,0,258
2017-09-14T00:00:00-00:00,2017-09-14T01:00:00-00:00,2017-09-13,18,0,URBAN_6_N005,URBAN_6_N005,URBAN_6_N005,DAM,MCC,LMP_CONG_PRC,URBAN_6_N005,ALL,1,0,258
2017-09-14T01:00:00-00:00,2017-09-14T02:00:00-00:00,2017-09-13,19,0,URBAN_6_N005,URBAN_6_N005,URBAN_6_N005,DAM,MCC,LMP_CONG_PRC,URBAN_6_N005,ALL,1,0,258
2017-09-13T07:00:00-00:00,2017-09-13T08:00:00-00:00,2017-09-13,1,0,URBAN_6_N005,URBAN_6_N005,URBAN_6_N005,DAM,MCC,LMP_CONG_PRC,URBAN_6_N005,ALL,1,0,258
2017-09-13T16:00:00-00:00,2017-09-13T17:00:00-00:00,2017-09-13,10,0,URBAN_6_N005,URBAN_6_N005,URBAN_6_N005,DAM,MCC,LMP_CONG_PRC,URBAN_6_N005,ALL,1,-17.29423,258
2017-09-13T21:00:00-00:00,2017-09-13T22:00:00-00:00,2017-09-13,15,0,URBAN_6_N005,URBAN_6_N005,URBAN_6_N005,DAM,MCC,LMP_CONG_PRC,URBAN_6_N005,ALL,1,-34.91095,258
2017-09-13T12:00:00-00:00,2017-09-13T13:00:00-00:00,2017-09-13,6,0,URBAN_6_N005,URBAN_6_N005,URBAN_6_N005,DAM,MCC,LMP_CONG_PRC,URBAN_6_N005,ALL,1,0,258
2017-09-13T11:00:00-00:00,2017-09-13T12:00:00-00:00,2017-09-13,5,0,URBAN_6_N005,URBAN_6_N005,URBAN_6_N005,DAM,MCC,LMP_CONG_PRC,URBAN_6_N005,ALL,1,0,258
2017-09-14T04:00:00-00:00,2017-09-14T05:00:00-00:00,2017-09-13,22,0,URBAN_6_N005,URBAN_6_N005,URBAN_6_N005,DAM,MCC,LMP_CONG_PRC,URBAN_6_N005,ALL,1,0,258
2017-09-13T13:00:00-00:00,2017-09-13T14:00:00-00:00,2017-09-13,7,0,URBAN_6_N005,URBAN_6_N005,URBAN_6_N005,DAM,MCC,LMP_CONG_PRC,URBAN_6_N005,ALL,1,0,258
2017-09-14T06:00:00-00:00,2017-09-14T07:00:00-00:00,2017-09-13,24,0,URBAN_6_N005,URBAN_6_N005,URBAN_6_N005,DAM,MCC,LMP_CONG_PRC,URBAN_6_N005,ALL,1,0,258
2017-09-13T20:00:00-00:00,2017-09-13T21:00:00-00:00,2017-09-13,14,0,URBAN_6_N005,URBAN_6_N005,URBAN_6_N005,DAM,MCC,LMP_CONG_PRC,URBAN_6_N005,ALL,1,-8.90112,258
2017-09-13T18:00:00-00:00,2017-09-13T19:00:00-00:00,2017-09-13,12,0,URBAN_6_N005,URBAN_6_N005,URBAN_6_N005,DAM,MCC,LMP_CONG_PRC,URBAN_6_N005,ALL,1,-16.45224,258
2017-09-13T15:00:00-00:00,2017-09-13T16:00:00-00:00,2017-09-13,9,0,URBAN_6_N005,URBAN_6_N005,URBAN_6_N005,DAM,MCC,LMP_CONG_PRC,URBAN_6_N005,ALL,1,-4.10443,258
2017-09-13T23:00:00-00:00,2017-09-14T00:00:00-00:00,2017-09-13,17,0,URBAN_6_N005,URBAN_6_N005,URBAN_6_N005,DAM,MCC,LMP_CONG_PRC,URBAN_6_N005,ALL,1,-25.06924,258
2017-09-14T02:00:00-00:00,2017-09-14T03:00:00-00:00,2017-09-13,20,0,URBAN_6_N005,URBAN_6_N005,URBAN_6_N005,DAM,MCC,LMP_CONG_PRC,URBAN_6_N005,ALL,1,0,258
2017-09-14T03:00:00-00:00,2017-09-14T04:00:00-00:00,2017-09-13,21,0,URBAN_6_N005,URBAN_6_N005,URBAN_6_N005,DAM,MCC,LMP_CONG_PRC,URBAN_6_N005,ALL,1,0,258
2017-09-13T10:00:00-00:00,2017-09-13T11:00:00-00:00,2017-09-13,4,0,URBAN_6_N005,URBAN_6_N005,URBAN_6_N005,DAM,MCC,LMP_CONG_PRC,URBAN_6_N005,ALL,1,0,258
2017-09-13T09:00:00-00:00,2017-09-13T10:00:00-00:00,2017-09-13,3,0,URBAN_6_N005,URBAN_6_N005,URBAN_6_N005,DAM,MCC,LMP_CONG_PRC,URBAN_6_N005,ALL,1,0,258
2017-09-13T08:00:00-00:00,2017-09-13T09:00:00-00:00,2017-09-13,2,0,URBAN_6_N005,URBAN_6_N005,URBAN_6_N005,DAM,MCC,LMP_CONG_PRC,URBAN_6_N005,ALL,1,0,258
2017-09-13T19:00:00-00:00,2017-09-13T20:00:00-00:00,2017-09-13,13,0,URBAN_6_N005,URBAN_6_N005,URBAN_6_N005,DAM,MCC,LMP_CONG_PRC,URBAN_6_N005,ALL,1,-13.73178,258
2017-09-13T14:00:00-00:00,2017-09-13T15:00:00-00:00,2017-09-13,8,0,URBAN_6_N005,URBAN_6_N005,URBAN_6_N005,DAM,MCC,LMP_CONG_PRC,URBAN_6_N005,ALL,1,-3.22848,258
2017-09-13T20:00:00-00:00,2017-09-13T21:00:00-00:00,2017-09-13,14,0,URBAN_6_N005,URBAN_6_N005,URBAN_6_N005,DAM,MCE,LMP_ENE_PRC,URBAN_6_N005,ALL,1,35.40269,259
2017-09-13T23:00:00-00:00,2017-09-14T00:00:00-00:00,2017-09-13,17,0,URBAN_6_N005,URBAN_6_N005,URBAN_6_N005,DAM,MCE,LMP_ENE_PRC,URBAN_6_N005,ALL,1,41.38708,259
2017-09-14T05:00:00-00:00,2017-09-14T06:00:00-00:00,2017-09-13,23,0,URBAN_6_N005,URBAN_6_N005,URBAN_6_N005,DAM,MCE,LMP_ENE_PRC,URBAN_6_N005,ALL,1,35.43744,259
2017-09-13T18:00:00-00:00,2017-09-13T19:00:00-00:00,2017-09-13,12,0,URBAN_6_N005,URBAN_6_N005,URBAN_6_N005,DAM,MCE,LMP_ENE_PRC,URBAN_6_N005,ALL,1,31.1626,259
2017-09-13T19:00:00-00:00,2017-09-13T20:00:00-00:00,2017-09-13,13,0,URBAN_6_N005,URBAN_6_N005,URBAN_6_N005,DAM,MCE,LMP_ENE_PRC,URBAN_6_N005,ALL,1,32.27663,259
2017-09-14T01:00:00-00:00,2017-09-14T02:00:00-00:00,2017-09-13,19,0,URBAN_6_N005,URBAN_6_N005,URBAN_6_N005,DAM,MCE,LMP_ENE_PRC,URBAN_6_N005,ALL,1,65.11976,259
2017-09-13T16:00:00-00:00,2017-09-13T17:00:00-00:00,2017-09-13,10,0,URBAN_6_N005,URBAN_6_N005,URBAN_6_N005,DAM,MCE,LMP_ENE_PRC,URBAN_6_N005,ALL,1,28.81904,259
2017-09-13T17:00:00-00:00,2017-09-13T18:00:00-00:00,2017-09-13,11,0,URBAN_6_N005,URBAN_6_N005,URBAN_6_N005,DAM,MCE,LMP_ENE_PRC,URBAN_6_N005,ALL,1,29.24427,259
2017-09-13T13:00:00-00:00,2017-09-13T14:00:00-00:00,2017-09-13,7,0,URBAN_6_N005,URBAN_6_N005,URBAN_6_N005,DAM,MCE,LMP_ENE_PRC,URBAN_6_N005,ALL,1,41.08142,259
2017-09-13T14:00:00-00:00,2017-09-13T15:00:00-00:00,2017-09-13,8,0,URBAN_6_N005,URBAN_6_N005,URBAN_6_N005,DAM,MCE,LMP_ENE_PRC,URBAN_6_N005,ALL,1,41.84973,259
2017-09-13T07:00:00-00:00,2017-09-13T08:00:00-00:00,2017-09-13,1,0,URBAN_6_N005,URBAN_6_N005,URBAN_6_N005,DAM,MCE,LMP_ENE_PRC,URBAN_6_N005,ALL,1,31.92867,259
2017-09-13T10:00:00-00:00,2017-09-13T11:00:00-00:00,2017-09-13,4,0,URBAN_6_N005,URBAN_6_N005,URBAN_6_N005,DAM,MCE,LMP_ENE_PRC,URBAN_6_N005,ALL,1,26.97572,259
2017-09-13T08:00:00-00:00,2017-09-13T09:00:00-00:00,2017-09-13,2,0,URBAN_6_N005,URBAN_6_N005,URBAN_6_N005,DAM,MCE,LMP_ENE_PRC,URBAN_6_N005,ALL,1,28.93184,259
2017-09-14T00:00:00-00:00,2017-09-14T01:00:00-00:00,2017-09-13,18,0,URBAN_6_N005,URBAN_6_N005,URBAN_6_N005,DAM,MCE,LMP_ENE_PRC,URBAN_6_N005,ALL,1,52.18446,259
2017-09-14T02:00:00-00:00,2017-09-14T03:00:00-00:00,2017-09-13,20,0,URBAN_6_N005,URBAN_6_N005,URBAN_6_N005,DAM,MCE,LMP_ENE_PRC,URBAN_6_N005,ALL,1,62.99395,259
2017-09-13T15:00:00-00:00,2017-09-13T16:00:00-00:00,2017-09-13,9,0,URBAN_6_N005,URBAN_6_N005,URBAN_6_N005,DAM,MCE,LMP_ENE_PRC,URBAN_6_N005,ALL,1,30.51037,259
2017-09-13T21:00:00-00:00,2017-09-13T22:00:00-00:00,2017-09-13,15,0,URBAN_6_N005,URBAN_6_N005,URBAN_6_N005,DAM,MCE,LMP_ENE_PRC,URBAN_6_N005,ALL,1,34.80793,259
2017-09-13T22:00:00-00:00,2017-09-13T23:00:00-00:00,2017-09-13,16,0,URBAN_6_N005,URBAN_6_N005,URBAN_6_N005,DAM,MCE,LMP_ENE_PRC,URBAN_6_N005,ALL,1,38.28036,259
2017-09-13T09:00:00-00:00,2017-09-13T10:00:00-00:00,2017-09-13,3,0,URBAN_6_N005,URBAN_6_N005,URBAN_6_N005,DAM,MCE,LMP_ENE_PRC,URBAN_6_N005,ALL,1,27.59602,259
2017-09-14T03:00:00-00:00,2017-09-14T04:00:00-00:00,2017-09-13,21,0,URBAN_6_N005,URBAN_6_N005,URBAN_6_N005,DAM,MCE,LMP_ENE_PRC,URBAN_6_N005,ALL,1,54.01989,259
2017-09-13T12:00:00-00:00,2017-09-13T13:00:00-00:00,2017-09-13,6,0,URBAN_6_N005,URBAN_6_N005,URBAN_6_N005,DAM,MCE,LMP_ENE_PRC,URBAN_6_N005,ALL,1,31.74768,259
2017-09-14T04:00:00-00:00,2017-09-14T05:00:00-00:00,2017-09-13,22,0,URBAN_6_N005,URBAN_6_N005,URBAN_6_N005,DAM,MCE,LMP_ENE_PRC,URBAN_6_N005,ALL,1,41.75655,259
2017-09-13T11:00:00-00:00,2017-09-13T12:00:00-00:00,2017-09-13,5,0,URBAN_6_N005,URBAN_6_N005,URBAN_6_N005,DAM,MCE,LMP_ENE_PRC,URBAN_6_N005,ALL,1,27.81211,259
2017-09-14T06:00:00-00:00,2017-09-14T07:00:00-00:00,2017-09-13,24,0,URBAN_6_N005,URBAN_6_N005,URBAN_6_N005,DAM,MCE,LMP_ENE_PRC,URBAN_6_N005,ALL,1,32.84573,259
2017-09-13T09:00:00-00:00,2017-09-13T10:00:00-00:00,2017-09-13,3,0,URBAN_6_N005,URBAN_6_N005,URBAN_6_N005,DAM,MCL,LMP_LOSS_PRC,URBAN_6_N005,ALL,1,-0.23457,260
2017-09-14T06:00:00-00:00,2017-09-14T07:00:00-00:00,2017-09-13,24,0,URBAN_6_N005,URBAN_6_N005,URBAN_6_N005,DAM,MCL,LMP_LOSS_PRC,URBAN_6_N005,ALL,1,-0.50254,260
2017-09-13T21:00:00-00:00,2017-09-13T22:00:00-00:00,2017-09-13,15,0,URBAN_6_N005,URBAN_6_N005,URBAN_6_N005,DAM,MCL,LMP_LOSS_PRC,URBAN_6_N005,ALL,1,-0.26802,260
2017-09-13T14:00:00-00:00,2017-09-13T15:00:00-00:00,2017-09-13,8,0,URBAN_6_N005,URBAN_6_N005,URBAN_6_N005,DAM,MCL,LMP_LOSS_PRC,URBAN_6_N005,ALL,1,-0.67797,260
2017-09-13T17:00:00-00:00,2017-09-13T18:00:00-00:00,2017-09-13,11,0,URBAN_6_N005,URBAN_6_N005,URBAN_6_N005,DAM,MCL,LMP_LOSS_PRC,URBAN_6_N005,ALL,1,-0.37725,260
2017-09-13T22:00:00-00:00,2017-09-13T23:00:00-00:00,2017-09-13,16,0,URBAN_6_N005,URBAN_6_N005,URBAN_6_N005,DAM,MCL,LMP_LOSS_PRC,URBAN_6_N005,ALL,1,-0.0689,260
2017-09-13T12:00:00-00:00,2017-09-13T13:00:00-00:00,2017-09-13,6,0,URBAN_6_N005,URBAN_6_N005,URBAN_6_N005,DAM,MCL,LMP_LOSS_PRC,URBAN_6_N005,ALL,1,-0.23176,260
2017-09-14T02:00:00-00:00,2017-09-14T03:00:00-00:00,2017-09-13,20,0,URBAN_6_N005,URBAN_6_N005,URBAN_6_N005,DAM,MCL,LMP_LOSS_PRC,URBAN_6_N005,ALL,1,-0.54175,260
2017-09-13T13:00:00-00:00,2017-09-13T14:00:00-00:00,2017-09-13,7,0,URBAN_6_N005,URBAN_6_N005,URBAN_6_N005,DAM,MCL,LMP_LOSS_PRC,URBAN_6_N005,ALL,1,-0.20541,260
2017-09-13T11:00:00-00:00,2017-09-13T12:00:00-00:00,2017-09-13,5,0,URBAN_6_N005,URBAN_6_N005,URBAN_6_N005,DAM,MCL,LMP_LOSS_PRC,URBAN_6_N005,ALL,1,-0.05006,260
2017-09-14T01:00:00-00:00,2017-09-14T02:00:00-00:00,2017-09-13,19,0,URBAN_6_N005,URBAN_6_N005,URBAN_6_N005,DAM,MCL,LMP_LOSS_PRC,URBAN_6_N005,ALL,1,-0.47537,260
2017-09-13T15:00:00-00:00,2017-09-13T16:00:00-00:00,2017-09-13,9,0,URBAN_6_N005,URBAN_6_N005,URBAN_6_N005,DAM,MCL,LMP_LOSS_PRC,URBAN_6_N005,ALL,1,-0.46986,260
2017-09-13T23:00:00-00:00,2017-09-14T00:00:00-00:00,2017-09-13,17,0,URBAN_6_N005,URBAN_6_N005,URBAN_6_N005,DAM,MCL,LMP_LOSS_PRC,URBAN_6_N005,ALL,1,-0.08691,260
2017-09-14T00:00:00-00:00,2017-09-14T01:00:00-00:00,2017-09-13,18,0,URBAN_6_N005,URBAN_6_N005,URBAN_6_N005,DAM,MCL,LMP_LOSS_PRC,URBAN_6_N005,ALL,1,0.17743,260
2017-09-14T04:00:00-00:00,2017-09-14T05:00:00-00:00,2017-09-13,22,0,URBAN_6_N005,URBAN_6_N005,URBAN_6_N005,DAM,MCL,LMP_LOSS_PRC,URBAN_6_N005,ALL,1,-0.05011,260
2017-09-13T19:00:00-00:00,2017-09-13T20:00:00-00:00,2017-09-13,13,0,URBAN_6_N005,URBAN_6_N005,URBAN_6_N005,DAM,MCL,LMP_LOSS_PRC,URBAN_6_N005,ALL,1,-0.14847,260
2017-09-14T03:00:00-00:00,2017-09-14T04:00:00-00:00,2017-09-13,21,0,URBAN_6_N005,URBAN_6_N005,URBAN_6_N005,DAM,MCL,LMP_LOSS_PRC,URBAN_6_N005,ALL,1,0.11344,260
2017-09-14T05:00:00-00:00,2017-09-14T06:00:00-00:00,2017-09-13,23,0,URBAN_6_N005,URBAN_6_N005,URBAN_6_N005,DAM,MCL,LMP_LOSS_PRC,URBAN_6_N005,ALL,1,-0.37564,260
2017-09-13T18:00:00-00:00,2017-09-13T19:00:00-00:00,2017-09-13,12,0,URBAN_6_N005,URBAN_6_N005,URBAN_6_N005,DAM,MCL,LMP_LOSS_PRC,URBAN_6_N005,ALL,1,-0.35837,260
2017-09-13T20:00:00-00:00,2017-09-13T21:00:00-00:00,2017-09-13,14,0,URBAN_6_N005,URBAN_6_N005,URBAN_6_N005,DAM,MCL,LMP_LOSS_PRC,URBAN_6_N005,ALL,1,-0.10975,260
2017-09-13T07:00:00-00:00,2017-09-13T08:00:00-00:00,2017-09-13,1,0,URBAN_6_N005,URBAN_6_N005,URBAN_6_N005,DAM,MCL,LMP_LOSS_PRC,URBAN_6_N005,ALL,1,-0.37676,260
2017-09-13T08:00:00-00:00,2017-09-13T09:00:00-00:00,2017-09-13,2,0,URBAN_6_N005,URBAN_6_N005,URBAN_6_N005,DAM,MCL,LMP_LOSS_PRC,URBAN_6_N005,ALL,1,-0.26617,260
2017-09-13T10:00:00-00:00,2017-09-13T11:00:00-00:00,2017-09-13,4,0,URBAN_6_N005,URBAN_6_N005,URBAN_6_N005,DAM,MCL,LMP_LOSS_PRC,URBAN_6_N005,ALL,1,-0.21041,260
2017-09-13T16:00:00-00:00,2017-09-13T17:00:00-00:00,2017-09-13,10,0,URBAN_6_N005,URBAN_6_N005,URBAN_6_N005,DAM,MCL,LMP_LOSS_PRC,URBAN_6_N005,ALL,1,-0.37177,260
2017-09-15T02:00:00-00:00,2017-09-15T03:00:00-00:00,2017-09-14,20,0,BAYSHOR2_1_N001,BAYSHOR2_1_N001,BAYSHOR2_1_N001,DAM,LMP,LMP_PRC,BAYSHOR2_1_N001,ALL,1,62.47665,261
2017-09-14T11:00:00-00:00,2017-09-14T12:00:00-00:00,2017-09-14,5,0,BAYSHOR2_1_N001,BAYSHOR2_1_N001,BAYSHOR2_1_N001,DAM,LMP,LMP_PRC,BAYSHOR2_1_N001,ALL,1,27.69903,261
2017-09-14T14:00:00-00:00,2017-09-14T15:00:00-00:00,2017-09-14,8,0,BAYSHOR2_1_N001,BAYSHOR2_1_N001,BAYSHOR2_1_N001,DAM,LMP,LMP_PRC,BAYSHOR2_1_N001,ALL,1,46.52105,261
2017-09-14T18:00:00-00:00,2017-09-14T19:00:00-00:00,2017-09-14,12,0,BAYSHOR2_1_N001,BAYSHOR2_1_N001,BAYSHOR2_1_N001,DAM,LMP,LMP_PRC,BAYSHOR2_1_N001,ALL,1,39.52241,261
2017-09-14T13:00:00-00:00,2017-09-14T14:00:00-00:00,2017-09-14,7,0,BAYSHOR2_1_N001,BAYSHOR2_1_N001,BAYSHOR2_1_N001,DAM,LMP,LMP_PRC,BAYSHOR2_1_N001,ALL,1,47.54728,261
2017-09-14T07:00:00-00:00,2017-09-14T08:00:00-00:00,2017-09-14,1,0,BAYSHOR2_1_N001,BAYSHOR2_1_N001,BAYSHOR2_1_N001,DAM,LMP,LMP_PRC,BAYSHOR2_1_N001,ALL,1,31.27037,261
2017-09-14T12:00:00-00:00,2017-09-14T13:00:00-00:00,2017-09-14,6,0,BAYSHOR2_1_N001,BAYSHOR2_1_N001,BAYSHOR2_1_N001,DAM,LMP,LMP_PRC,BAYSHOR2_1_N001,ALL,1,32.76351,261
2017-09-14T19:00:00-00:00,2017-09-14T20:00:00-00:00,2017-09-14,13,0,BAYSHOR2_1_N001,BAYSHOR2_1_N001,BAYSHOR2_1_N001,DAM,LMP,LMP_PRC,BAYSHOR2_1_N001,ALL,1,33.87093,261
2017-09-14T09:00:00-00:00,2017-09-14T10:00:00-00:00,2017-09-14,3,0,BAYSHOR2_1_N001,BAYSHOR2_1_N001,BAYSHOR2_1_N001,DAM,LMP,LMP_PRC,BAYSHOR2_1_N001,ALL,1,27.40541,261
2017-09-15T06:00:00-00:00,2017-09-15T07:00:00-00:00,2017-09-14,24,0,BAYSHOR2_1_N001,BAYSHOR2_1_N001,BAYSHOR2_1_N001,DAM,LMP,LMP_PRC,BAYSHOR2_1_N001,ALL,1,33.7986,261
2017-09-15T00:00:00-00:00,2017-09-15T01:00:00-00:00,2017-09-14,18,0,BAYSHOR2_1_N001,BAYSHOR2_1_N001,BAYSHOR2_1_N001,DAM,LMP,LMP_PRC,BAYSHOR2_1_N001,ALL,1,49.43399,261
2017-09-15T01:00:00-00:00,2017-09-15T02:00:00-00:00,2017-09-14,19,0,BAYSHOR2_1_N001,BAYSHOR2_1_N001,BAYSHOR2_1_N001,DAM,LMP,LMP_PRC,BAYSHOR2_1_N001,ALL,1,57.49258,261
2017-09-15T05:00:00-00:00,2017-09-15T06:00:00-00:00,2017-09-14,23,0,BAYSHOR2_1_N001,BAYSHOR2_1_N001,BAYSHOR2_1_N001,DAM,LMP,LMP_PRC,BAYSHOR2_1_N001,ALL,1,37.19449,261
2017-09-14T22:00:00-00:00,2017-09-14T23:00:00-00:00,2017-09-14,16,0,BAYSHOR2_1_N001,BAYSHOR2_1_N001,BAYSHOR2_1_N001,DAM,LMP,LMP_PRC,BAYSHOR2_1_N001,ALL,1,40.19078,261
2017-09-15T03:00:00-00:00,2017-09-15T04:00:00-00:00,2017-09-14,21,0,BAYSHOR2_1_N001,BAYSHOR2_1_N001,BAYSHOR2_1_N001,DAM,LMP,LMP_PRC,BAYSHOR2_1_N001,ALL,1,54.4382,261
2017-09-14T08:00:00-00:00,2017-09-14T09:00:00-00:00,2017-09-14,2,0,BAYSHOR2_1_N001,BAYSHOR2_1_N001,BAYSHOR2_1_N001,DAM,LMP,LMP_PRC,BAYSHOR2_1_N001,ALL,1,29.02297,261
2017-09-14T23:00:00-00:00,2017-09-15T00:00:00-00:00,2017-09-14,17,0,BAYSHOR2_1_N001,BAYSHOR2_1_N001,BAYSHOR2_1_N001,DAM,LMP,LMP_PRC,BAYSHOR2_1_N001,ALL,1,52.74939,261
2017-09-15T04:00:00-00:00,2017-09-15T05:00:00-00:00,2017-09-14,22,0,BAYSHOR2_1_N001,BAYSHOR2_1_N001,BAYSHOR2_1_N001,DAM,LMP,LMP_PRC,BAYSHOR2_1_N001,ALL,1,38.49508,261
2017-09-14T17:00:00-00:00,2017-09-14T18:00:00-00:00,2017-09-14,11,0,BAYSHOR2_1_N001,BAYSHOR2_1_N001,BAYSHOR2_1_N001,DAM,LMP,LMP_PRC,BAYSHOR2_1_N001,ALL,1,35.93981,261
2017-09-14T21:00:00-00:00,2017-09-14T22:00:00-00:00,2017-09-14,15,0,BAYSHOR2_1_N001,BAYSHOR2_1_N001,BAYSHOR2_1_N001,DAM,LMP,LMP_PRC,BAYSHOR2_1_N001,ALL,1,36.58764,261
2017-09-14T15:00:00-00:00,2017-09-14T16:00:00-00:00,2017-09-14,9,0,BAYSHOR2_1_N001,BAYSHOR2_1_N001,BAYSHOR2_1_N001,DAM,LMP,LMP_PRC,BAYSHOR2_1_N001,ALL,1,35.93058,261
2017-09-14T16:00:00-00:00,2017-09-14T17:00:00-00:00,2017-09-14,10,0,BAYSHOR2_1_N001,BAYSHOR2_1_N001,BAYSHOR2_1_N001,DAM,LMP,LMP_PRC,BAYSHOR2_1_N001,ALL,1,36.32723,261
2017-09-14T20:00:00-00:00,2017-09-14T21:00:00-00:00,2017-09-14,14,0,BAYSHOR2_1_N001,BAYSHOR2_1_N001,BAYSHOR2_1_N001,DAM,LMP,LMP_PRC,BAYSHOR2_1_N001,ALL,1,34.91986,261
2017-09-14T10:00:00-00:00,2017-09-14T11:00:00-00:00,2017-09-14,4,0,BAYSHOR2_1_N001,BAYSHOR2_1_N001,BAYSHOR2_1_N001,DAM,LMP,LMP_PRC,BAYSHOR2_1_N001,ALL,1,27.07383,261
2017-09-14T12:00:00-00:00,2017-09-14T13:00:00-00:00,2017-09-14,6,0,BAYSHOR2_1_N001,BAYSHOR2_1_N001,BAYSHOR2_1_N001,DAM,MCC,LMP_CONG_PRC,BAYSHOR2_1_N001,ALL,1,0,262
2017-09-15T05:00:00-00:00,2017-09-15T06:00:00-00:00,2017-09-14,23,0,BAYSHOR2_1_N001,BAYSHOR2_1_N001,BAYSHOR2_1_N001,DAM,MCC,LMP_CONG_PRC,BAYSHOR2_1_N001,ALL,1,0,262
2017-09-14T19:00:00-00:00,2017-09-14T20:00:00-00:00,2017-09-14,13,0,BAYSHOR2_1_N001,BAYSHOR2_1_N001,BAYSHOR2_1_N001,DAM,MCC,LMP_CONG_PRC,BAYSHOR2_1_N001,ALL,1,5.67956,262
2017-09-14T08:00:00-00:00,2017-09-14T09:00:00-00:00,2017-09-14,2,0,BAYSHOR2_1_N001,BAYSHOR2_1_N001,BAYSHOR2_1_N001,DAM,MCC,LMP_CONG_PRC,BAYSHOR2_1_N001,ALL,1,0,262
2017-09-14T09:00:00-00:00,2017-09-14T10:00:00-00:00,2017-09-14,3,0,BAYSHOR2_1_N001,BAYSHOR2_1_N001,BAYSHOR2_1_N001,DAM,MCC,LMP_CONG_PRC,BAYSHOR2_1_N001,ALL,1,0,262
2017-09-14T11:00:00-00:00,2017-09-14T12:00:00-00:00,2017-09-14,5,0,BAYSHOR2_1_N001,BAYSHOR2_1_N001,BAYSHOR2_1_N001,DAM,MCC,LMP_CONG_PRC,BAYSHOR2_1_N001,ALL,1,0,262
2017-09-14T10:00:00-00:00,2017-09-14T11:00:00-00:00,2017-09-14,4,0,BAYSHOR2_1_N001,BAYSHOR2_1_N001,BAYSHOR2_1_N001,DAM,MCC,LMP_CONG_PRC,BAYSHOR2_1_N001,ALL,1,0,262
2017-09-15T06:00:00-00:00,2017-09-15T07:00:00-00:00,2017-09-14,24,0,BAYSHOR2_1_N001,BAYSHOR2_1_N001,BAYSHOR2_1_N001,DAM,MCC,LMP_CONG_PRC,BAYSHOR2_1_N001,ALL,1,0,262
2017-09-15T04:00:00-00:00,2017-09-15T05:00:00-00:00,2017-09-14,22,0,BAYSHOR2_1_N001,BAYSHOR2_1_N001,BAYSHOR2_1_N001,DAM,MCC,LMP_CONG_PRC,BAYSHOR2_1_N001,ALL,1,0,262
2017-09-15T01:00:00-00:00,2017-09-15T02:00:00-00:00,2017-09-14,19,0,BAYSHOR2_1_N001,BAYSHOR2_1_N001,BAYSHOR2_1_N001,DAM,MCC,LMP_CONG_PRC,BAYSHOR2_1_N001,ALL,1,2.48658,262
2017-09-14T16:00:00-00:00,2017-09-14T17:00:00-00:00,2017-09-14,10,0,BAYSHOR2_1_N001,BAYSHOR2_1_N001,BAYSHOR2_1_N001,DAM,MCC,LMP_CONG_PRC,BAYSHOR2_1_N001,ALL,1,7.02916,262
2017-09-15T00:00:00-00:00,2017-09-15T01:00:00-00:00,2017-09-14,18,0,BAYSHOR2_1_N001,BAYSHOR2_1_N001,BAYSHOR2_1_N001,DAM,MCC,LMP_CONG_PRC,BAYSHOR2_1_N001,ALL,1,8.53697,262
2017-09-15T02:00:00-00:00,2017-09-15T03:00:00-00:00,2017-09-14,20,0,BAYSHOR2_1_N001,BAYSHOR2_1_N001,BAYSHOR2_1_N001,DAM,MCC,LMP_CONG_PRC,BAYSHOR2_1_N001,ALL,1,0,262
2017-09-14T23:00:00-00:00,2017-09-15T00:00:00-00:00,2017-09-14,17,0,BAYSHOR2_1_N001,BAYSHOR2_1_N001,BAYSHOR2_1_N001,DAM,MCC,LMP_CONG_PRC,BAYSHOR2_1_N001,ALL,1,16.23683,262
2017-09-15T03:00:00-00:00,2017-09-15T04:00:00-00:00,2017-09-14,21,0,BAYSHOR2_1_N001,BAYSHOR2_1_N001,BAYSHOR2_1_N001,DAM,MCC,LMP_CONG_PRC,BAYSHOR2_1_N001,ALL,1,0,262
2017-09-14T13:00:00-00:00,2017-09-14T14:00:00-00:00,2017-09-14,7,0,BAYSHOR2_1_N001,BAYSHOR2_1_N001,BAYSHOR2_1_N001,DAM,MCC,LMP_CONG_PRC,BAYSHOR2_1_N001,ALL,1,0,262
2017-09-14T17:00:00-00:00,2017-09-14T18:00:00-00:00,2017-09-14,11,0,BAYSHOR2_1_N001,BAYSHOR2_1_N001,BAYSHOR2_1_N001,DAM,MCC,LMP_CONG_PRC,BAYSHOR2_1_N001,ALL,1,7.02554,262
2017-09-14T18:00:00-00:00,2017-09-14T19:00:00-00:00,2017-09-14,12,0,BAYSHOR2_1_N001,BAYSHOR2_1_N001,BAYSHOR2_1_N001,DAM,MCC,LMP_CONG_PRC,BAYSHOR2_1_N001,ALL,1,9.71692,262
2017-09-14T20:00:00-00:00,2017-09-14T21:00:00-00:00,2017-09-14,14,0,BAYSHOR2_1_N001,BAYSHOR2_1_N001,BAYSHOR2_1_N001,DAM,MCC,LMP_CONG_PRC,BAYSHOR2_1_N001,ALL,1,5.06573,262
2017-09-14T07:00:00-00:00,2017-09-14T08:00:00-00:00,2017-09-14,1,0,BAYSHOR2_1_N001,BAYSHOR2_1_N001,BAYSHOR2_1_N001,DAM,MCC,LMP_CONG_PRC,BAYSHOR2_1_N001,ALL,1,0,262
2017-09-14T21:00:00-00:00,2017-09-14T22:00:00-00:00,2017-09-14,15,0,BAYSHOR2_1_N001,BAYSHOR2_1_N001,BAYSHOR2_1_N001,DAM,MCC,LMP_CONG_PRC,BAYSHOR2_1_N001,ALL,1,6.54629,262
2017-09-14T14:00:00-00:00,2017-09-14T15:00:00-00:00,2017-09-14,8,0,BAYSHOR2_1_N001,BAYSHOR2_1_N001,BAYSHOR2_1_N001,DAM,MCC,LMP_CONG_PRC,BAYSHOR2_1_N001,ALL,1,0,262
2017-09-14T22:00:00-00:00,2017-09-14T23:00:00-00:00,2017-09-14,16,0,BAYSHOR2_1_N001,BAYSHOR2_1_N001,BAYSHOR2_1_N001,DAM,MCC,LMP_CONG_PRC,BAYSHOR2_1_N001,ALL,1,8.33116,262
2017-09-14T15:00:00-00:00,2017-09-14T16:00:00-00:00,2017-09-14,9,0,BAYSHOR2_1_N001,BAYSHOR2_1_N001,BAYSHOR2_1_N001,DAM,MCC,LMP_CONG_PRC,BAYSHOR2_1_N001,ALL,1,3.91579,262
2017-09-14T11:00:00-00:00,2017-09-14T12:00:00-00:00,2017-09-14,5,0,BAYSHOR2_1_N001,BAYSHOR2_1_N001,BAYSHOR2_1_N001,DAM,MCE,LMP_ENE_PRC,BAYSHOR2_1_N001,ALL,1,26.45561,263
2017-09-14T17:00:00-00:00,2017-09-14T18:00:00-00:00,2017-09-14,11,0,BAYSHOR2_1_N001,BAYSHOR2_1_N001,BAYSHOR2_1_N001,DAM,MCE,LMP_ENE_PRC,BAYSHOR2_1_N001,ALL,1,26.91201,263
2017-09-14T14:00:00-00:00,2017-09-14T15:00:00-00:00,2017-09-14,8,0,BAYSHOR2_1_N001,BAYSHOR2_1_N001,BAYSHOR2_1_N001,DAM,MCE,LMP_ENE_PRC,BAYSHOR2_1_N001,ALL,1,43.40865,263
2017-09-14T20:00:00-00:00,2017-09-14T21:00:00-00:00,2017-09-14,14,0,BAYSHOR2_1_N001,BAYSHOR2_1_N001,BAYSHOR2_1_N001,DAM,MCE,LMP_ENE_PRC,BAYSHOR2_1_N001,ALL,1,27.99788,263
2017-09-14T10:00:00-00:00,2017-09-14T11:00:00-00:00,2017-09-14,4,0,BAYSHOR2_1_N001,BAYSHOR2_1_N001,BAYSHOR2_1_N001,DAM,MCE,LMP_ENE_PRC,BAYSHOR2_1_N001,ALL,1,26.05758,263
2017-09-15T06:00:00-00:00,2017-09-15T07:00:00-00:00,2017-09-14,24,0,BAYSHOR2_1_N001,BAYSHOR2_1_N001,BAYSHOR2_1_N001,DAM,MCE,LMP_ENE_PRC,BAYSHOR2_1_N001,ALL,1,32.15239,263
2017-09-14T21:00:00-00:00,2017-09-14T22:00:00-00:00,2017-09-14,15,0,BAYSHOR2_1_N001,BAYSHOR2_1_N001,BAYSHOR2_1_N001,DAM,MCE,LMP_ENE_PRC,BAYSHOR2_1_N001,ALL,1,28.27688,263
2017-09-15T00:00:00-00:00,2017-09-15T01:00:00-00:00,2017-09-14,18,0,BAYSHOR2_1_N001,BAYSHOR2_1_N001,BAYSHOR2_1_N001,DAM,MCE,LMP_ENE_PRC,BAYSHOR2_1_N001,ALL,1,38.89767,263
2017-09-15T01:00:00-00:00,2017-09-15T02:00:00-00:00,2017-09-14,19,0,BAYSHOR2_1_N001,BAYSHOR2_1_N001,BAYSHOR2_1_N001,DAM,MCE,LMP_ENE_PRC,BAYSHOR2_1_N001,ALL,1,52.48164,263
2017-09-15T03:00:00-00:00,2017-09-15T04:00:00-00:00,2017-09-14,21,0,BAYSHOR2_1_N001,BAYSHOR2_1_N001,BAYSHOR2_1_N001,DAM,MCE,LMP_ENE_PRC,BAYSHOR2_1_N001,ALL,1,51.63934,263
2017-09-14T13:00:00-00:00,2017-09-14T14:00:00-00:00,2017-09-14,7,0,BAYSHOR2_1_N001,BAYSHOR2_1_N001,BAYSHOR2_1_N001,DAM,MCE,LMP_ENE_PRC,BAYSHOR2_1_N001,ALL,1,44.81787,263
2017-09-14T08:00:00-00:00,2017-09-14T09:00:00-00:00,2017-09-14,2,0,BAYSHOR2_1_N001,BAYSHOR2_1_N001,BAYSHOR2_1_N001,DAM,MCE,LMP_ENE_PRC,BAYSHOR2_1_N001,ALL,1,27.94163,263
2017-09-14T23:00:00-00:00,2017-09-15T00:00:00-00:00,2017-09-14,17,0,BAYSHOR2_1_N001,BAYSHOR2_1_N001,BAYSHOR2_1_N001,DAM,MCE,LMP_ENE_PRC,BAYSHOR2_1_N001,ALL,1,34.54685,263
2017-09-15T04:00:00-00:00,2017-09-15T05:00:00-00:00,2017-09-14,22,0,BAYSHOR2_1_N001,BAYSHOR2_1_N001,BAYSHOR2_1_N001,DAM,MCE,LMP_ENE_PRC,BAYSHOR2_1_N001,ALL,1,36.73194,263
2017-09-14T15:00:00-00:00,2017-09-14T16:00:00-00:00,2017-09-14,9,0,BAYSHOR2_1_N001,BAYSHOR2_1_N001,BAYSHOR2_1_N001,DAM,MCE,LMP_ENE_PRC,BAYSHOR2_1_N001,ALL,1,29.92316,263
2017-09-14T16:00:00-00:00,2017-09-14T17:00:00-00:00,2017-09-14,10,0,BAYSHOR2_1_N001,BAYSHOR2_1_N001,BAYSHOR2_1_N001,DAM,MCE,LMP_ENE_PRC,BAYSHOR2_1_N001,ALL,1,27.32774,263
2017-09-14T07:00:00-00:00,2017-09-14T08:00:00-00:00,2017-09-14,1,0,BAYSHOR2_1_N001,BAYSHOR2_1_N001,BAYSHOR2_1_N001,DAM,MCE,LMP_ENE_PRC,BAYSHOR2_1_N001,ALL,1,29.86664,263
2017-09-15T02:00:00-00:00,2017-09-15T03:00:00-00:00,2017-09-14,20,0,BAYSHOR2_1_N001,BAYSHOR2_1_N001,BAYSHOR2_1_N001,DAM,MCE,LMP_ENE_PRC,BAYSHOR2_1_N001,ALL,1,59.14669,263
2017-09-14T12:00:00-00:00,2017-09-14T13:00:00-00:00,2017-09-14,6,0,BAYSHOR2_1_N001,BAYSHOR2_1_N001,BAYSHOR2_1_N001,DAM,MCE,LMP_ENE_PRC,BAYSHOR2_1_N001,ALL,1,31.19146,263
2017-09-14T18:00:00-00:00,2017-09-14T19:00:00-00:00,2017-09-14,12,0,BAYSHOR2_1_N001,BAYSHOR2_1_N001,BAYSHOR2_1_N001,DAM,MCE,LMP_ENE_PRC,BAYSHOR2_1_N001,ALL,1,27.81141,263
2017-09-14T09:00:00-00:00,2017-09-14T10:00:00-00:00,2017-09-14,3,0,BAYSHOR2_1_N001,BAYSHOR2_1_N001,BAYSHOR2_1_N001,DAM,MCE,LMP_ENE_PRC,BAYSHOR2_1_N001,ALL,1,26.41739,263
2017-09-15T05:00:00-00:00,2017-09-15T06:00:00-00:00,2017-09-14,23,0,BAYSHOR2_1_N001,BAYSHOR2_1_N001,BAYSHOR2_1_N001,DAM,MCE,LMP_ENE_PRC,BAYSHOR2_1_N001,ALL,1,35.20539,263
2017-09-14T19:00:00-00:00,2017-09-14T20:00:00-00:00,2017-09-14,13,0,BAYSHOR2_1_N001,BAYSHOR2_1_N001,BAYSHOR2_1_N001,DAM,MCE,LMP_ENE_PRC,BAYSHOR2_1_N001,ALL,1,26.35692,263
2017-09-14T22:00:00-00:00,2017-09-14T23:00:00-00:00,2017-09-14,16,0,BAYSHOR2_1_N001,BAYSHOR2_1_N001,BAYSHOR2_1_N001,DAM,MCE,LMP_ENE_PRC,BAYSHOR2_1_N001,ALL,1,30.14155,263
2017-09-14T14:00:00-00:00,2017-09-14T15:00:00-00:00,2017-09-14,8,0,BAYSHOR2_1_N001,BAYSHOR2_1_N001,BAYSHOR2_1_N001,DAM,MCL,LMP_LOSS_PRC,BAYSHOR2_1_N001,ALL,1,3.1124,264
2017-09-14T11:00:00-00:00,2017-09-14T12:00:00-00:00,2017-09-14,5,0,BAYSHOR2_1_N001,BAYSHOR2_1_N001,BAYSHOR2_1_N001,DAM,MCL,LMP_LOSS_PRC,BAYSHOR2_1_N001,ALL,1,1.24341,264
2017-09-14T15:00:00-00:00,2017-09-14T16:00:00-00:00,2017-09-14,9,0,BAYSHOR2_1_N001,BAYSHOR2_1_N001,BAYSHOR2_1_N001,DAM,MCL,LMP_LOSS_PRC,BAYSHOR2_1_N001,ALL,1,2.09163,264
2017-09-14T18:00:00-00:00,2017-09-14T19:00:00-00:00,2017-09-14,12,0,BAYSHOR2_1_N001,BAYSHOR2_1_N001,BAYSHOR2_1_N001,DAM,MCL,LMP_LOSS_PRC,BAYSHOR2_1_N001,ALL,1,1.99408,264
2017-09-14T19:00:00-00:00,2017-09-14T20:00:00-00:00,2017-09-14,13,0,BAYSHOR2_1_N001,BAYSHOR2_1_N001,BAYSHOR2_1_N001,DAM,MCL,LMP_LOSS_PRC,BAYSHOR2_1_N001,ALL,1,1.83444,264
2017-09-14T13:00:00-00:00,2017-09-14T14:00:00-00:00,2017-09-14,7,0,BAYSHOR2_1_N001,BAYSHOR2_1_N001,BAYSHOR2_1_N001,DAM,MCL,LMP_LOSS_PRC,BAYSHOR2_1_N001,ALL,1,2.72941,264
2017-09-14T07:00:00-00:00,2017-09-14T08:00:00-00:00,2017-09-14,1,0,BAYSHOR2_1_N001,BAYSHOR2_1_N001,BAYSHOR2_1_N001,DAM,MCL,LMP_LOSS_PRC,BAYSHOR2_1_N001,ALL,1,1.40373,264
2017-09-14T21:00:00-00:00,2017-09-14T22:00:00-00:00,2017-09-14,15,0,BAYSHOR2_1_N001,BAYSHOR2_1_N001,BAYSHOR2_1_N001,DAM,MCL,LMP_LOSS_PRC,BAYSHOR2_1_N001,ALL,1,1.76448,264
2017-09-14T23:00:00-00:00,2017-09-15T00:00:00-00:00,2017-09-14,17,0,BAYSHOR2_1_N001,BAYSHOR2_1_N001,BAYSHOR2_1_N001,DAM,MCL,LMP_LOSS_PRC,BAYSHOR2_1_N001,ALL,1,1.96572,264
2017-09-14T16:00:00-00:00,2017-09-14T17:00:00-00:00,2017-09-14,10,0,BAYSHOR2_1_N001,BAYSHOR2_1_N001,BAYSHOR2_1_N001,DAM,MCL,LMP_LOSS_PRC,BAYSHOR2_1_N001,ALL,1,1.97033,264
2017-09-14T10:00:00-00:00,2017-09-14T11:00:00-00:00,2017-09-14,4,0,BAYSHOR2_1_N001,BAYSHOR2_1_N001,BAYSHOR2_1_N001,DAM,MCL,LMP_LOSS_PRC,BAYSHOR2_1_N001,ALL,1,1.01625,264
2017-09-15T02:00:00-00:00,2017-09-15T03:00:00-00:00,2017-09-14,20,0,BAYSHOR2_1_N001,BAYSHOR2_1_N001,BAYSHOR2_1_N001,DAM,MCL,LMP_LOSS_PRC,BAYSHOR2_1_N001,ALL,1,3.32996,264
2017-09-14T09:00:00-00:00,2017-09-14T10:00:00-00:00,2017-09-14,3,0,BAYSHOR2_1_N001,BAYSHOR2_1_N001,BAYSHOR2_1_N001,DAM,MCL,LMP_LOSS_PRC,BAYSHOR2_1_N001,ALL,1,0.98801,264
2017-09-15T06:00:00-00:00,2017-09-15T07:00:00-00:00,2017-09-14,24,0,BAYSHOR2_1_N001,BAYSHOR2_1_N001,BAYSHOR2_1_N001,DAM,MCL,LMP_LOSS_PRC,BAYSHOR2_1_N001,ALL,1,1.6462,264
2017-09-15T00:00:00-00:00,2017-09-15T01:00:00-00:00,2017-09-14,18,0,BAYSHOR2_1_N001,BAYSHOR2_1_N001,BAYSHOR2_1_N001,DAM,MCL,LMP_LOSS_PRC,BAYSHOR2_1_N001,ALL,1,1.99934,264
2017-09-15T03:00:00-00:00,2017-09-15T04:00:00-00:00,2017-09-14,21,0,BAYSHOR2_1_N001,BAYSHOR2_1_N001,BAYSHOR2_1_N001,DAM,MCL,LMP_LOSS_PRC,BAYSHOR2_1_N001,ALL,1,2.79885,264
2017-09-15T04:00:00-00:00,2017-09-15T05:00:00-00:00,2017-09-14,22,0,BAYSHOR2_1_N001,BAYSHOR2_1_N001,BAYSHOR2_1_N001,DAM,MCL,LMP_LOSS_PRC,BAYSHOR2_1_N001,ALL,1,1.76313,264
2017-09-14T20:00:00-00:00,2017-09-14T21:00:00-00:00,2017-09-14,14,0,BAYSHOR2_1_N001,BAYSHOR2_1_N001,BAYSHOR2_1_N001,DAM,MCL,LMP_LOSS_PRC,BAYSHOR2_1_N001,ALL,1,1.85626,264
2017-09-14T17:00:00-00:00,2017-09-14T18:00:00-00:00,2017-09-14,11,0,BAYSHOR2_1_N001,BAYSHOR2_1_N001,BAYSHOR2_1_N001,DAM,MCL,LMP_LOSS_PRC,BAYSHOR2_1_N001,ALL,1,2.00225,264
2017-09-14T08:00:00-00:00,2017-09-14T09:00:00-00:00,2017-09-14,2,0,BAYSHOR2_1_N001,BAYSHOR2_1_N001,BAYSHOR2_1_N001,DAM,MCL,LMP_LOSS_PRC,BAYSHOR2_1_N001,ALL,1,1.08134,264
2017-09-14T22:00:00-00:00,2017-09-14T23:00:00-00:00,2017-09-14,16,0,BAYSHOR2_1_N001,BAYSHOR2_1_N001,BAYSHOR2_1_N001,DAM,MCL,LMP_LOSS_PRC,BAYSHOR2_1_N001,ALL,1,1.71807,264
2017-09-15T05:00:00-00:00,2017-09-15T06:00:00-00:00,2017-09-14,23,0,BAYSHOR2_1_N001,BAYSHOR2_1_N001,BAYSHOR2_1_N001,DAM,MCL,LMP_LOSS_PRC,BAYSHOR2_1_N001,ALL,1,1.9891,264
2017-09-15T01:00:00-00:00,2017-09-15T02:00:00-00:00,2017-09-14,19,0,BAYSHOR2_1_N001,BAYSHOR2_1_N001,BAYSHOR2_1_N001,DAM,MCL,LMP_LOSS_PRC,BAYSHOR2_1_N001,ALL,1,2.52437,264
2017-09-14T12:00:00-00:00,2017-09-14T13:00:00-00:00,2017-09-14,6,0,BAYSHOR2_1_N001,BAYSHOR2_1_N001,BAYSHOR2_1_N001,DAM,MCL,LMP_LOSS_PRC,BAYSHOR2_1_N001,ALL,1,1.57205,264
2017-09-14T13:00:00-00:00,2017-09-14T14:00:00-00:00,2017-09-14,7,0,TH_NP15_GEN-APND,TH_NP15_GEN-APND,TH_NP15_GEN-APND,DAM,LMP,LMP_PRC,TH_NP15_GEN-APND,ALL_APNODES,0,45.08678,265
2017-09-14T22:00:00-00:00,2017-09-14T23:00:00-00:00,2017-09-14,16,0,TH_NP15_GEN-APND,TH_NP15_GEN-APND,TH_NP15_GEN-APND,DAM,LMP,LMP_PRC,TH_NP15_GEN-APND,ALL_APNODES,0,32.49909,265
2017-09-15T05:00:00-00:00,2017-09-15T06:00:00-00:00,2017-09-14,23,0,TH_NP15_GEN-APND,TH_NP15_GEN-APND,TH_NP15_GEN-APND,DAM,LMP,LMP_PRC,TH_NP15_GEN-APND,ALL_APNODES,0,35.3779,265
2017-09-14T12:00:00-00:00,2017-09-14T13:00:00-00:00,2017-09-14,6,0,TH_NP15_GEN-APND,TH_NP15_GEN-APND,TH_NP15_GEN-APND,DAM,LMP,LMP_PRC,TH_NP15_GEN-APND,ALL_APNODES,0,31.28191,265
2017-09-14T15:00:00-00:00,2017-09-14T16:00:00-00:00,2017-09-14,9,0,TH_NP15_GEN-APND,TH_NP15_GEN-APND,TH_NP15_GEN-APND,DAM,LMP,LMP_PRC,TH_NP15_GEN-APND,ALL_APNODES,0,31.62199,265
2017-09-14T10:00:00-00:00,2017-09-14T11:00:00-00:00,2017-09-14,4,0,TH_NP15_GEN-APND,TH_NP15_GEN-APND,TH_NP15_GEN-APND,DAM,LMP,LMP_PRC,TH_NP15_GEN-APND,ALL_APNODES,0,25.92469,265
2017-09-14T21:00:00-00:00,2017-09-14T22:00:00-00:00,2017-09-14,15,0,TH_NP15_GEN-APND,TH_NP15_GEN-APND,TH_NP15_GEN-APND,DAM,LMP,LMP_PRC,TH_NP15_GEN-APND,ALL_APNODES,0,30.19747,265
2017-09-14T23:00:00-00:00,2017-09-15T00:00:00-00:00,2017-09-14,17,0,TH_NP15_GEN-APND,TH_NP15_GEN-APND,TH_NP15_GEN-APND,DAM,LMP,LMP_PRC,TH_NP15_GEN-APND,ALL_APNODES,0,39.70822,265
2017-09-15T06:00:00-00:00,2017-09-15T07:00:00-00:00,2017-09-14,24,0,TH_NP15_GEN-APND,TH_NP15_GEN-APND,TH_NP15_GEN-APND,DAM,LMP,LMP_PRC,TH_NP15_GEN-APND,ALL_APNODES,0,32.25528,265
2017-09-14T17:00:00-00:00,2017-09-14T18:00:00-00:00,2017-09-14,11,0,TH_NP15_GEN-APND,TH_NP15_GEN-APND,TH_NP15_GEN-APND,DAM,LMP,LMP_PRC,TH_NP15_GEN-APND,ALL_APNODES,0,29.01993,265
2017-09-14T20:00:00-00:00,2017-09-14T21:00:00-00:00,2017-09-14,14,0,TH_NP15_GEN-APND,TH_NP15_GEN-APND,TH_NP15_GEN-APND,DAM,LMP,LMP_PRC,TH_NP15_GEN-APND,ALL_APNODES,0,29.03378,265
2017-09-15T04:00:00-00:00,2017-09-15T05:00:00-00:00,2017-09-14,22,0,TH_NP15_GEN-APND,TH_NP15_GEN-APND,TH_NP15_GEN-APND,DAM,LMP,LMP_PRC,TH_NP15_GEN-APND,ALL_APNODES,0,36.09236,265
2017-09-14T18:00:00-00:00,2017-09-14T19:00:00-00:00,2017-09-14,12,0,TH_NP15_GEN-APND,TH_NP15_GEN-APND,TH_NP15_GEN-APND,DAM,LMP,LMP_PRC,TH_NP15_GEN-APND,ALL_APNODES,0,30.44632,265
2017-09-14T19:00:00-00:00,2017-09-14T20:00:00-00:00,2017-09-14,13,0,TH_NP15_GEN-APND,TH_NP15_GEN-APND,TH_NP15_GEN-APND,DAM,LMP,LMP_PRC,TH_NP15_GEN-APND,ALL_APNODES,0,27.66575,265
2017-09-14T09:00:00-00:00,2017-09-14T10:00:00-00:00,2017-09-14,3,0,TH_NP15_GEN-APND,TH_NP15_GEN-APND,TH_NP15_GEN-APND,DAM,LMP,LMP_PRC,TH_NP15_GEN-APND,ALL_APNODES,0,26.23247,265
2017-09-15T02:00:00-00:00,2017-09-15T03:00:00-00:00,2017-09-14,20,0,TH_NP15_GEN-APND,TH_NP15_GEN-APND,TH_NP15_GEN-APND,DAM,LMP,LMP_PRC,TH_NP15_GEN-APND,ALL_APNODES,0,58.52565,265
2017-09-14T16:00:00-00:00,2017-09-14T17:00:00-00:00,2017-09-14,10,0,TH_NP15_GEN-APND,TH_NP15_GEN-APND,TH_NP15_GEN-APND,DAM,LMP,LMP_PRC,TH_NP15_GEN-APND,ALL_APNODES,0,29.96065,265
2017-09-15T03:00:00-00:00,2017-09-15T04:00:00-00:00,2017-09-14,21,0,TH_NP15_GEN-APND,TH_NP15_GEN-APND,TH_NP15_GEN-APND,DAM,LMP,LMP_PRC,TH_NP15_GEN-APND,ALL_APNODES,0,51.05582,265
2017-09-14T14:00:00-00:00,2017-09-14T15:00:00-00:00,2017-09-14,8,0,TH_NP15_GEN-APND,TH_NP15_GEN-APND,TH_NP15_GEN-APND,DAM,LMP,LMP_PRC,TH_NP15_GEN-APND,ALL_APNODES,0,43.81669,265
2017-09-14T08:00:00-00:00,2017-09-14T09:00:00-00:00,2017-09-14,2,0,TH_NP15_GEN-APND,TH_NP15_GEN-APND,TH_NP15_GEN-APND,DAM,LMP,LMP_PRC,TH_NP15_GEN-APND,ALL_APNODES,0,27.72369,265
2017-09-15T00:00:00-00:00,2017-09-15T01:00:00-00:00,2017-09-14,18,0,TH_NP15_GEN-APND,TH_NP15_GEN-APND,TH_NP15_GEN-APND,DAM,LMP,LMP_PRC,TH_NP15_GEN-APND,ALL_APNODES,0,41.36247,265
2017-09-14T07:00:00-00:00,2017-09-14T08:00:00-00:00,2017-09-14,1,0,TH_NP15_GEN-APND,TH_NP15_GEN-APND,TH_NP15_GEN-APND,DAM,LMP,LMP_PRC,TH_NP15_GEN-APND,ALL_APNODES,0,29.86365,265
2017-09-15T01:00:00-00:00,2017-09-15T02:00:00-00:00,2017-09-14,19,0,TH_NP15_GEN-APND,TH_NP15_GEN-APND,TH_NP15_GEN-APND,DAM,LMP,LMP_PRC,TH_NP15_GEN-APND,ALL_APNODES,0,52.8372,265
2017-09-14T11:00:00-00:00,2017-09-14T12:00:00-00:00,2017-09-14,5,0,TH_NP15_GEN-APND,TH_NP15_GEN-APND,TH_NP15_GEN-APND,DAM,LMP,LMP_PRC,TH_NP15_GEN-APND,ALL_APNODES,0,26.34391,265
2017-09-14T16:00:00-00:00,2017-09-14T17:00:00-00:00,2017-09-14,10,0,TH_NP15_GEN-APND,TH_NP15_GEN-APND,TH_NP15_GEN-APND,DAM,MCC,LMP_CONG_PRC,TH_NP15_GEN-APND,ALL_APNODES,0,2.18474,266
2017-09-14T13:00:00-00:00,2017-09-14T14:00:00-00:00,2017-09-14,7,0,TH_NP15_GEN-APND,TH_NP15_GEN-APND,TH_NP15_GEN-APND,DAM,MCC,LMP_CONG_PRC,TH_NP15_GEN-APND,ALL_APNODES,0,0,266
2017-09-14T17:00:00-00:00,2017-09-14T18:00:00-00:00,2017-09-14,11,0,TH_NP15_GEN-APND,TH_NP15_GEN-APND,TH_NP15_GEN-APND,DAM,MCC,LMP_CONG_PRC,TH_NP15_GEN-APND,ALL_APNODES,0,1.62888,266
2017-09-14T09:00:00-00:00,2017-09-14T10:00:00-00:00,2017-09-14,3,0,TH_NP15_GEN-APND,TH_NP15_GEN-APND,TH_NP15_GEN-APND,DAM,MCC,LMP_CONG_PRC,TH_NP15_GEN-APND,ALL_APNODES,0,0,266
2017-09-15T06:00:00-00:00,2017-09-15T07:00:00-00:00,2017-09-14,24,0,TH_NP15_GEN-APND,TH_NP15_GEN-APND,TH_NP15_GEN-APND,DAM,MCC,LMP_CONG_PRC,TH_NP15_GEN-APND,ALL_APNODES,0,0,266
2017-09-14T20:00:00-00:00,2017-09-14T21:00:00-00:00,2017-09-14,14,0,TH_NP15_GEN-APND,TH_NP15_GEN-APND,TH_NP15_GEN-APND,DAM,MCC,LMP_CONG_PRC,TH_NP15_GEN-APND,ALL_APNODES,0,0.79793,266
2017-09-14T08:00:00-00:00,2017-09-14T09:00:00-00:00,2017-09-14,2,0,TH_NP15_GEN-APND,TH_NP15_GEN-APND,TH_NP15_GEN-APND,DAM,MCC,LMP_CONG_PRC,TH_NP15_GEN-APND,ALL_APNODES,0,0,266
2017-09-14T21:00:00-00:00,2017-09-14T22:00:00-00:00,2017-09-14,15,0,TH_NP15_GEN-APND,TH_NP15_GEN-APND,TH_NP15_GEN-APND,DAM,MCC,LMP_CONG_PRC,TH_NP15_GEN-APND,ALL_APNODES,0,1.76789,266
2017-09-14T07:00:00-00:00,2017-09-14T08:00:00-00:00,2017-09-14,1,0,TH_NP15_GEN-APND,TH_NP15_GEN-APND,TH_NP15_GEN-APND,DAM,MCC,LMP_CONG_PRC,TH_NP15_GEN-APND,ALL_APNODES,0,0,266
2017-09-14T10:00:00-00:00,2017-09-14T11:00:00-00:00,2017-09-14,4,0,TH_NP15_GEN-APND,TH_NP15_GEN-APND,TH_NP15_GEN-APND,DAM,MCC,LMP_CONG_PRC,TH_NP15_GEN-APND,ALL_APNODES,0,0,266
2017-09-14T19:00:00-00:00,2017-09-14T20:00:00-00:00,2017-09-14,13,0,TH_NP15_GEN-APND,TH_NP15_GEN-APND,TH_NP15_GEN-APND,DAM,MCC,LMP_CONG_PRC,TH_NP15_GEN-APND,ALL_APNODES,0,1.02418,266
2017-09-15T05:00:00-00:00,2017-09-15T06:00:00-00:00,2017-09-14,23,0,TH_NP15_GEN-APND,TH_NP15_GEN-APND,TH_NP15_GEN-APND,DAM,MCC,LMP_CONG_PRC,TH_NP15_GEN-APND,ALL_APNODES,0,0,266
2017-09-14T12:00:00-00:00,2017-09-14T13:00:00-00:00,2017-09-14,6,0,TH_NP15_GEN-APND,TH_NP15_GEN-APND,TH_NP15_GEN-APND,DAM,MCC,LMP_CONG_PRC,TH_NP15_GEN-APND,ALL_APNODES,0,0,266
2017-09-14T15:00:00-00:00,2017-09-14T16:00:00-00:00,2017-09-14,9,0,TH_NP15_GEN-APND,TH_NP15_GEN-APND,TH_NP15_GEN-APND,DAM,MCC,LMP_CONG_PRC,TH_NP15_GEN-APND,ALL_APNODES,0,1.21707,266
2017-09-14T18:00:00-00:00,2017-09-14T19:00:00-00:00,2017-09-14,12,0,TH_NP15_GEN-APND,TH_NP15_GEN-APND,TH_NP15_GEN-APND,DAM,MCC,LMP_CONG_PRC,TH_NP15_GEN-APND,ALL_APNODES,0,2.23164,266
2017-09-14T22:00:00-00:00,2017-09-14T23:00:00-00:00,2017-09-14,16,0,TH_NP15_GEN-APND,TH_NP15_GEN-APND,TH_NP15_GEN-APND,DAM,MCC,LMP_CONG_PRC,TH_NP15_GEN-APND,ALL_APNODES,0,2.35151,266
2017-09-15T03:00:00-00:00,2017-09-15T04:00:00-00:00,2017-09-14,21,0,TH_NP15_GEN-APND,TH_NP15_GEN-APND,TH_NP15_GEN-APND,DAM,MCC,LMP_CONG_PRC,TH_NP15_GEN-APND,ALL_APNODES,0,0,266
2017-09-14T14:00:00-00:00,2017-09-14T15:00:00-00:00,2017-09-14,8,0,TH_NP15_GEN-APND,TH_NP15_GEN-APND,TH_NP15_GEN-APND,DAM,MCC,LMP_CONG_PRC,TH_NP15_GEN-APND,ALL_APNODES,0,0,266
2017-09-14T23:00:00-00:00,2017-09-15T00:00:00-00:00,2017-09-14,17,0,TH_NP15_GEN-APND,TH_NP15_GEN-APND,TH_NP15_GEN-APND,DAM,MCC,LMP_CONG_PRC,TH_NP15_GEN-APND,ALL_APNODES,0,5.16138,266
2017-09-15T00:00:00-00:00,2017-09-15T01:00:00-00:00,2017-09-14,18,0,TH_NP15_GEN-APND,TH_NP15_GEN-APND,TH_NP15_GEN-APND,DAM,MCC,LMP_CONG_PRC,TH_NP15_GEN-APND,ALL_APNODES,0,2.71374,266
2017-09-15T01:00:00-00:00,2017-09-15T02:00:00-00:00,2017-09-14,19,0,TH_NP15_GEN-APND,TH_NP15_GEN-APND,TH_NP15_GEN-APND,DAM,MCC,LMP_CONG_PRC,TH_NP15_GEN-APND,ALL_APNODES,0,0.8069,266
2017-09-15T04:00:00-00:00,2017-09-15T05:00:00-00:00,2017-09-14,22,0,TH_NP15_GEN-APND,TH_NP15_GEN-APND,TH_NP15_GEN-APND,DAM,MCC,LMP_CONG_PRC,TH_NP15_GEN-APND,ALL_APNODES,0,-0.1988,266
2017-09-14T11:00:00-00:00,2017-09-14T12:00:00-00:00,2017-09-14,5,0,TH_NP15_GEN-APND,TH_NP15_GEN-APND,TH_NP15_GEN-APND,DAM,MCC,LMP_CONG_PRC,TH_NP15_GEN-APND,ALL_APNODES,0,-0.0244,266
2017-09-15T02:00:00-00:00,2017-09-15T03:00:00-00:00,2017-09-14,20,0,TH_NP15_GEN-APND,TH_NP15_GEN-APND,TH_NP15_GEN-APND,DAM,MCC,LMP_CONG_PRC,TH_NP15_GEN-APND,ALL_APNODES,0,0,266
2017-09-14T17:00:00-00:00,2017-09-14T18:00:00-00:00,2017-09-14,11,0,TH_NP15_GEN-APND,TH_NP15_GEN-APND,TH_NP15_GEN-APND,DAM,MCE,LMP_ENE_PRC,TH_NP15_GEN-APND,ALL_APNODES,0,26.91201,267
2017-09-14T23:00:00-00:00,2017-09-15T00:00:00-00:00,2017-09-14,17,0,TH_NP15_GEN-APND,TH_NP15_GEN-APND,TH_NP15_GEN-APND,DAM,MCE,LMP_ENE_PRC,TH_NP15_GEN-APND,ALL_APNODES,0,34.54685,267
2017-09-15T03:00:00-00:00,2017-09-15T04:00:00-00:00,2017-09-14,21,0,TH_NP15_GEN-APND,TH_NP15_GEN-APND,TH_NP15_GEN-APND,DAM,MCE,LMP_ENE_PRC,TH_NP15_GEN-APND,ALL_APNODES,0,51.63934,267
2017-09-15T05:00:00-00:00,2017-09-15T06:00:00-00:00,2017-09-14,23,0,TH_NP15_GEN-APND,TH_NP15_GEN-APND,TH_NP15_GEN-APND,DAM,MCE,LMP_ENE_PRC,TH_NP15_GEN-APND,ALL_APNODES,0,35.20539,267
2017-09-14T19:00:00-00:00,2017-09-14T20:00:00-00:00,2017-09-14,13,0,TH_NP15_GEN-APND,TH_NP15_GEN-APND,TH_NP15_GEN-APND,DAM,MCE,LMP_ENE_PRC,TH_NP15_GEN-APND,ALL_APNODES,0,26.35692,267
2017-09-14T20:00:00-00:00,2017-09-14T21:00:00-00:00,2017-09-14,14,0,TH_NP15_GEN-APND,TH_NP15_GEN-APND,TH_NP15_GEN-APND,DAM,MCE,LMP_ENE_PRC,TH_NP15_GEN-APND,ALL_APNODES,0,27.99788,267
2017-09-14T08:00:00-00:00,2017-09-14T09:00:00-00:00,2017-09-14,2,0,TH_NP15_GEN-APND,TH_NP15_GEN-APND,TH_NP15_GEN-APND,DAM,MCE,LMP_ENE_PRC,TH_NP15_GEN-APND,ALL_APNODES,0,27.94163,267
2017-09-14T22:00:00-00:00,2017-09-14T23:00:00-00:00,2017-09-14,16,0,TH_NP15_GEN-APND,TH_NP15_GEN-APND,TH_NP15_GEN-APND,DAM,MCE,LMP_ENE_PRC,TH_NP15_GEN-APND,ALL_APNODES,0,30.14155,267
2017-09-14T21:00:00-00:00,2017-09-14T22:00:00-00:00,2017-09-14,15,0,TH_NP15_GEN-APND,TH_NP15_GEN-APND,TH_NP15_GEN-APND,DAM,MCE,LMP_ENE_PRC,TH_NP15_GEN-APND,ALL_APNODES,0,28.27688,267
2017-09-15T01:00:00-00:00,2017-09-15T02:00:00-00:00,2017-09-14,19,0,TH_NP15_GEN-APND,TH_NP15_GEN-APND,TH_NP15_GEN-APND,DAM,MCE,LMP_ENE_PRC,TH_NP15_GEN-APND,ALL_APNODES,0,52.48164,267
2017-09-15T04:00:00-00:00,2017-09-15T05:00:00-00:00,2017-09-14,22,0,TH_NP15_GEN-APND,TH_NP15_GEN-APND,TH_NP15_GEN-APND,DAM,MCE,LMP_ENE_PRC,TH_NP15_GEN-APND,ALL_APNODES,0,36.73194,267
2017-09-14T12:00:00-00:00,2017-09-14T13:00:00-00:00,2017-09-14,6,0,TH_NP15_GEN-APND,TH_NP15_GEN-APND,TH_NP15_GEN-APND,DAM,MCE,LMP_ENE_PRC,TH_NP15_GEN-APND,ALL_APNODES,0,31.19146,267
2017-09-14T13:00:00-00:00,2017-09-14T14:00:00-00:00,2017-09-14,7,0,TH_NP15_GEN-APND,TH_NP15_GEN-APND,TH_NP15_GEN-APND,DAM,MCE,LMP_ENE_PRC,TH_NP15_GEN-APND,ALL_APNODES,0,44.81787,267
2017-09-14T10:00:00-00:00,2017-09-14T11:00:00-00:00,2017-09-14,4,0,TH_NP15_GEN-APND,TH_NP15_GEN-APND,TH_NP15_GEN-APND,DAM,MCE,LMP_ENE_PRC,TH_NP15_GEN-APND,ALL_APNODES,0,26.05758,267
2017-09-14T16:00:00-00:00,2017-09-14T17:00:00-00:00,2017-09-14,10,0,TH_NP15_GEN-APND,TH_NP15_GEN-APND,TH_NP15_GEN-APND,DAM,MCE,LMP_ENE_PRC,TH_NP15_GEN-APND,ALL_APNODES,0,27.32774,267
2017-09-15T02:00:00-00:00,2017-09-15T03:00:00-00:00,2017-09-14,20,0,TH_NP15_GEN-APND,TH_NP15_GEN-APND,TH_NP15_GEN-APND,DAM,MCE,LMP_ENE_PRC,TH_NP15_GEN-APND,ALL_APNODES,0,59.14669,267
2017-09-15T06:00:00-00:00,2017-09-15T07:00:00-00:00,2017-09-14,24,0,TH_NP15_GEN-APND,TH_NP15_GEN-APND,TH_NP15_GEN-APND,DAM,MCE,LMP_ENE_PRC,TH_NP15_GEN-APND,ALL_APNODES,0,32.15239,267
2017-09-14T15:00:00-00:00,2017-09-14T16:00:00-00:00,2017-09-14,9,0,TH_NP15_GEN-APND,TH_NP15_GEN-APND,TH_NP15_GEN-APND,DAM,MCE,LMP_ENE_PRC,TH_NP15_GEN-APND,ALL_APNODES,0,29.92316,267
2017-09-14T09:00:00-00:00,2017-09-14T10:00:00-00:00,2017-09-14,3,0,TH_NP15_GEN-APND,TH_NP15_GEN-APND,TH_NP15_GEN-APND,DAM,MCE,LMP_ENE_PRC,TH_NP15_GEN-APND,ALL_APNODES,0,26.41739,267
2017-09-14T11:00:00-00:00,2017-09-14T12:00:00-00:00,2017-09-14,5,0,TH_NP15_GEN-APND,TH_NP15_GEN-APND,TH_NP15_GEN-APND,DAM,MCE,LMP_ENE_PRC,TH_NP15_GEN-APND,ALL_APNODES,0,26.45561,267
2017-09-14T18:00:00-00:00,2017-09-14T19:00:00-00:00,2017-09-14,12,0,TH_NP15_GEN-APND,TH_NP15_GEN-APND,TH_NP15_GEN-APND,DAM,MCE,LMP_ENE_PRC,TH_NP15_GEN-APND,ALL_APNODES,0,27.81141,267
2017-09-14T07:00:00-00:00,2017-09-14T08:00:00-00:00,2017-09-14,1,0,TH_NP15_GEN-APND,TH_NP15_GEN-APND,TH_NP15_GEN-APND,DAM,MCE,LMP_ENE_PRC,TH_NP15_GEN-APND,ALL_APNODES,0,29.86664,267
2017-09-15T00:00:00-00:00,2017-09-15T01:00:00-00:00,2017-09-14,18,0,TH_NP15_GEN-APND,TH_NP15_GEN-APND,TH_NP15_GEN-APND,DAM,MCE,LMP_ENE_PRC,TH_NP15_GEN-APND,ALL_APNODES,0,38.89767,267
2017-09-14T14:00:00-00:00,2017-09-14T15:00:00-00:00,2017-09-14,8,0,TH_NP15_GEN-APND,TH_NP15_GEN-APND,TH_NP15_GEN-APND,DAM,MCE,LMP_ENE_PRC,TH_NP15_GEN-APND,ALL_APNODES,0,43.40865,267
2017-09-15T00:00:00-00:00,2017-09-15T01:00:00-00:00,2017-09-14,18,0,TH_NP15_GEN-APND,TH_NP15_GEN-APND,TH_NP15_GEN-APND,DAM,MCL,LMP_LOSS_PRC,TH_NP15_GEN-APND,ALL_APNODES,0,-0.24895,268
2017-09-14T07:00:00-00:00,2017-09-14T08:00:00-00:00,2017-09-14,1,0,TH_NP15_GEN-APND,TH_NP15_GEN-APND,TH_NP15_GEN-APND,DAM,MCL,LMP_LOSS_PRC,TH_NP15_GEN-APND,ALL_APNODES,0,-0.00299,268
2017-09-15T04:00:00-00:00,2017-09-15T05:00:00-00:00,2017-09-14,22,0,TH_NP15_GEN-APND,TH_NP15_GEN-APND,TH_NP15_GEN-APND,DAM,MCL,LMP_LOSS_PRC,TH_NP15_GEN-APND,ALL_APNODES,0,-0.44078,268
2017-09-14T09:00:00-00:00,2017-09-14T10:00:00-00:00,2017-09-14,3,0,TH_NP15_GEN-APND,TH_NP15_GEN-APND,TH_NP15_GEN-APND,DAM,MCL,LMP_LOSS_PRC,TH_NP15_GEN-APND,ALL_APNODES,0,-0.18492,268
2017-09-15T06:00:00-00:00,2017-09-15T07:00:00-00:00,2017-09-14,24,0,TH_NP15_GEN-APND,TH_NP15_GEN-APND,TH_NP15_GEN-APND,DAM,MCL,LMP_LOSS_PRC,TH_NP15_GEN-APND,ALL_APNODES,0,0.10289,268
2017-09-14T11:00:00-00:00,2017-09-14T12:00:00-00:00,2017-09-14,5,0,TH_NP15_GEN-APND,TH_NP15_GEN-APND,TH_NP15_GEN-APND,DAM,MCL,LMP_LOSS_PRC,TH_NP15_GEN-APND,ALL_APNODES,0,-0.0873,268
2017-09-14T17:00:00-00:00,2017-09-14T18:00:00-00:00,2017-09-14,11,0,TH_NP15_GEN-APND,TH_NP15_GEN-APND,TH_NP15_GEN-APND,DAM,MCL,LMP_LOSS_PRC,TH_NP15_GEN-APND,ALL_APNODES,0,0.47903,268
2017-09-14T08:00:00-00:00,2017-09-14T09:00:00-00:00,2017-09-14,2,0,TH_NP15_GEN-APND,TH_NP15_GEN-APND,TH_NP15_GEN-APND,DAM,MCL,LMP_LOSS_PRC,TH_NP15_GEN-APND,ALL_APNODES,0,-0.21794,268
2017-09-15T02:00:00-00:00,2017-09-15T03:00:00-00:00,2017-09-14,20,0,TH_NP15_GEN-APND,TH_NP15_GEN-APND,TH_NP15_GEN-APND,DAM,MCL,LMP_LOSS_PRC,TH_NP15_GEN-APND,ALL_APNODES,0,-0.62104,268
2017-09-14T14:00:00-00:00,2017-09-14T15:00:00-00:00,2017-09-14,8,0,TH_NP15_GEN-APND,TH_NP15_GEN-APND,TH_NP15_GEN-APND,DAM,MCL,LMP_LOSS_PRC,TH_NP15_GEN-APND,ALL_APNODES,0,0.40804,268
2017-09-14T19:00:00-00:00,2017-09-14T20:00:00-00:00,2017-09-14,13,0,TH_NP15_GEN-APND,TH_NP15_GEN-APND,TH_NP15_GEN-APND,DAM,MCL,LMP_LOSS_PRC,TH_NP15_GEN-APND,ALL_APNODES,0,0.28465,268
2017-09-14T12:00:00-00:00,2017-09-14T13:00:00-00:00,2017-09-14,6,0,TH_NP15_GEN-APND,TH_NP15_GEN-APND,TH_NP15_GEN-APND,DAM,MCL,LMP_LOSS_PRC,TH_NP15_GEN-APND,ALL_APNODES,0,0.09046,268
2017-09-14T10:00:00-00:00,2017-09-14T11:00:00-00:00,2017-09-14,4,0,TH_NP15_GEN-APND,TH_NP15_GEN-APND,TH_NP15_GEN-APND,DAM,MCL,LMP_LOSS_PRC,TH_NP15_GEN-APND,ALL_APNODES,0,-0.13289,268
2017-09-14T18:00:00-00:00,2017-09-14T19:00:00-00:00,2017-09-14,12,0,TH_NP15_GEN-APND,TH_NP15_GEN-APND,TH_NP15_GEN-APND,DAM,MCL,LMP_LOSS_PRC,TH_NP15_GEN-APND,ALL_APNODES,0,0.40327,268
2017-09-14T20:00:00-00:00,2017-09-14T21:00:00-00:00,2017-09-14,14,0,TH_NP15_GEN-APND,TH_NP15_GEN-APND,TH_NP15_GEN-APND,DAM,MCL,LMP_LOSS_PRC,TH_NP15_GEN-APND,ALL_APNODES,0,0.23798,268
2017-09-15T03:00:00-00:00,2017-09-15T04:00:00-00:00,2017-09-14,21,0,TH_NP15_GEN-APND,TH_NP15_GEN-APND,TH_NP15_GEN-APND,DAM,MCL,LMP_LOSS_PRC,TH_NP15_GEN-APND,ALL_APNODES,0,-0.58352,268
2017-09-14T16:00:00-00:00,2017-09-14T17:00:00-00:00,2017-09-14,10,0,TH_NP15_GEN-APND,TH_NP15_GEN-APND,TH_NP15_GEN-APND,DAM,MCL,LMP_LOSS_PRC,TH_NP15_GEN-APND,ALL_APNODES,0,0.44817,268
2017-09-14T21:00:00-00:00,2017-09-14T22:00:00-00:00,2017-09-14,15,0,TH_NP15_GEN-APND,TH_NP15_GEN-APND,TH_NP15_GEN-APND,DAM,MCL,LMP_LOSS_PRC,TH_NP15_GEN-APND,ALL_APNODES,0,0.1527,268
2017-09-14T22:00:00-00:00,2017-09-14T23:00:00-00:00,2017-09-14,16,0,TH_NP15_GEN-APND,TH_NP15_GEN-APND,TH_NP15_GEN-APND,DAM,MCL,LMP_LOSS_PRC,TH_NP15_GEN-APND,ALL_APNODES,0,0.00603,268
2017-09-14T23:00:00-00:00,2017-09-15T00:00:00-00:00,2017-09-14,17,0,TH_NP15_GEN-APND,TH_NP15_GEN-APND,TH_NP15_GEN-APND,DAM,MCL,LMP_LOSS_PRC,TH_NP15_GEN-APND,ALL_APNODES,0,0,268
2017-09-15T05:00:00-00:00,2017-09-15T06:00:00-00:00,2017-09-14,23,0,TH_NP15_GEN-APND,TH_NP15_GEN-APND,TH_NP15_GEN-APND,DAM,MCL,LMP_LOSS_PRC,TH_NP15_GEN-APND,ALL_APNODES,0,0.17251,268
2017-09-14T13:00:00-00:00,2017-09-14T14:00:00-00:00,2017-09-14,7,0,TH_NP15_GEN-APND,TH_NP15_GEN-APND,TH_NP15_GEN-APND,DAM,MCL,LMP_LOSS_PRC,TH_NP15_GEN-APND,ALL_APNODES,0,0.26891,268
2017-09-14T15:00:00-00:00,2017-09-14T16:00:00-00:00,2017-09-14,9,0,TH_NP15_GEN-APND,TH_NP15_GEN-APND,TH_NP15_GEN-APND,DAM,MCL,LMP_LOSS_PRC,TH_NP15_GEN-APND,ALL_APNODES,0,0.48176,268
2017-09-15T01:00:00-00:00,2017-09-15T02:00:00-00:00,2017-09-14,19,0,TH_NP15_GEN-APND,TH_NP15_GEN-APND,TH_NP15_GEN-APND,DAM,MCL,LMP_LOSS_PRC,TH_NP15_GEN-APND,ALL_APNODES,0,-0.45134,268
2017-09-14T18:00:00-00:00,2017-09-14T19:00:00-00:00,2017-09-14,12,0,TH_SP15_GEN-APND,TH_SP15_GEN-APND,TH_SP15_GEN-APND,DAM,LMP,LMP_PRC,TH_SP15_GEN-APND,ALL_APNODES,0,23,269
2017-09-14T19:00:00-00:00,2017-09-14T20:00:00-00:00,2017-09-14,13,0,TH_SP15_GEN-APND,TH_SP15_GEN-APND,TH_SP15_GEN-APND,DAM,LMP,LMP_PRC,TH_SP15_GEN-APND,ALL_APNODES,0,23.02177,269
2017-09-14T08:00:00-00:00,2017-09-14T09:00:00-00:00,2017-09-14,2,0,TH_SP15_GEN-APND,TH_SP15_GEN-APND,TH_SP15_GEN-APND,DAM,LMP,LMP_PRC,TH_SP15_GEN-APND,ALL_APNODES,0,27.00559,269
2017-09-14T09:00:00-00:00,2017-09-14T10:00:00-00:00,2017-09-14,3,0,TH_SP15_GEN-APND,TH_SP15_GEN-APND,TH_SP15_GEN-APND,DAM,LMP,LMP_PRC,TH_SP15_GEN-APND,ALL_APNODES,0,25.57468,269
2017-09-14T21:00:00-00:00,2017-09-14T22:00:00-00:00,2017-09-14,15,0,TH_SP15_GEN-APND,TH_SP15_GEN-APND,TH_SP15_GEN-APND,DAM,LMP,LMP_PRC,TH_SP15_GEN-APND,ALL_APNODES,0,24.77227,269
2017-09-15T05:00:00-00:00,2017-09-15T06:00:00-00:00,2017-09-14,23,0,TH_SP15_GEN-APND,TH_SP15_GEN-APND,TH_SP15_GEN-APND,DAM,LMP,LMP_PRC,TH_SP15_GEN-APND,ALL_APNODES,0,33.46976,269
2017-09-15T00:00:00-00:00,2017-09-15T01:00:00-00:00,2017-09-14,18,0,TH_SP15_GEN-APND,TH_SP15_GEN-APND,TH_SP15_GEN-APND,DAM,LMP,LMP_PRC,TH_SP15_GEN-APND,ALL_APNODES,0,34.59383,269
2017-09-14T11:00:00-00:00,2017-09-14T12:00:00-00:00,2017-09-14,5,0,TH_SP15_GEN-APND,TH_SP15_GEN-APND,TH_SP15_GEN-APND,DAM,LMP,LMP_PRC,TH_SP15_GEN-APND,ALL_APNODES,0,25.51379,269
2017-09-14T16:00:00-00:00,2017-09-14T17:00:00-00:00,2017-09-14,10,0,TH_SP15_GEN-APND,TH_SP15_GEN-APND,TH_SP15_GEN-APND,DAM,LMP,LMP_PRC,TH_SP15_GEN-APND,ALL_APNODES,0,23.59182,269
2017-09-14T12:00:00-00:00,2017-09-14T13:00:00-00:00,2017-09-14,6,0,TH_SP15_GEN-APND,TH_SP15_GEN-APND,TH_SP15_GEN-APND,DAM,LMP,LMP_PRC,TH_SP15_GEN-APND,ALL_APNODES,0,29.86894,269
2017-09-14T14:00:00-00:00,2017-09-14T15:00:00-00:00,2017-09-14,8,0,TH_SP15_GEN-APND,TH_SP15_GEN-APND,TH_SP15_GEN-APND,DAM,LMP,LMP_PRC,TH_SP15_GEN-APND,ALL_APNODES,0,41.07761,269
2017-09-14T20:00:00-00:00,2017-09-14T21:00:00-00:00,2017-09-14,14,0,TH_SP15_GEN-APND,TH_SP15_GEN-APND,TH_SP15_GEN-APND,DAM,LMP,LMP_PRC,TH_SP15_GEN-APND,ALL_APNODES,0,24.76521,269
2017-09-14T23:00:00-00:00,2017-09-15T00:00:00-00:00,2017-09-14,17,0,TH_SP15_GEN-APND,TH_SP15_GEN-APND,TH_SP15_GEN-APND,DAM,LMP,LMP_PRC,TH_SP15_GEN-APND,ALL_APNODES,0,28.04722,269
2017-09-15T04:00:00-00:00,2017-09-15T05:00:00-00:00,2017-09-14,22,0,TH_SP15_GEN-APND,TH_SP15_GEN-APND,TH_SP15_GEN-APND,DAM,LMP,LMP_PRC,TH_SP15_GEN-APND,ALL_APNODES,0,35.25165,269
2017-09-15T06:00:00-00:00,2017-09-15T07:00:00-00:00,2017-09-14,24,0,TH_SP15_GEN-APND,TH_SP15_GEN-APND,TH_SP15_GEN-APND,DAM,LMP,LMP_PRC,TH_SP15_GEN-APND,ALL_APNODES,0,30.68303,269
2017-09-14T15:00:00-00:00,2017-09-14T16:00:00-00:00,2017-09-14,9,0,TH_SP15_GEN-APND,TH_SP15_GEN-APND,TH_SP15_GEN-APND,DAM,LMP,LMP_PRC,TH_SP15_GEN-APND,ALL_APNODES,0,27,269
2017-09-15T02:00:00-00:00,2017-09-15T03:00:00-00:00,2017-09-14,20,0,TH_SP15_GEN-APND,TH_SP15_GEN-APND,TH_SP15_GEN-APND,DAM,LMP,LMP_PRC,TH_SP15_GEN-APND,ALL_APNODES,0,56.52057,269
2017-09-14T17:00:00-00:00,2017-09-14T18:00:00-00:00,2017-09-14,11,0,TH_SP15_GEN-APND,TH_SP15_GEN-APND,TH_SP15_GEN-APND,DAM,LMP,LMP_PRC,TH_SP15_GEN-APND,ALL_APNODES,0,23,269
2017-09-14T07:00:00-00:00,2017-09-14T08:00:00-00:00,2017-09-14,1,0,TH_SP15_GEN-APND,TH_SP15_GEN-APND,TH_SP15_GEN-APND,DAM,LMP,LMP_PRC,TH_SP15_GEN-APND,ALL_APNODES,0,28.67197,269
2017-09-14T22:00:00-00:00,2017-09-14T23:00:00-00:00,2017-09-14,16,0,TH_SP15_GEN-APND,TH_SP15_GEN-APND,TH_SP15_GEN-APND,DAM,LMP,LMP_PRC,TH_SP15_GEN-APND,ALL_APNODES,0,26.16,269
2017-09-15T01:00:00-00:00,2017-09-15T02:00:00-00:00,2017-09-14,19,0,TH_SP15_GEN-APND,TH_SP15_GEN-APND,TH_SP15_GEN-APND,DAM,LMP,LMP_PRC,TH_SP15_GEN-APND,ALL_APNODES,0,49.42309,269
2017-09-15T03:00:00-00:00,2017-09-15T04:00:00-00:00,2017-09-14,21,0,TH_SP15_GEN-APND,TH_SP15_GEN-APND,TH_SP15_GEN-APND,DAM,LMP,LMP_PRC,TH_SP15_GEN-APND,ALL_APNODES,0,49.41885,269
2017-09-14T13:00:00-00:00,2017-09-14T14:00:00-00:00,2017-09-14,7,0,TH_SP15_GEN-APND,TH_SP15_GEN-APND,TH_SP15_GEN-APND,DAM,LMP,LMP_PRC,TH_SP15_GEN-APND,ALL_APNODES,0,42.68902,269
2017-09-14T10:00:00-00:00,2017-09-14T11:00:00-00:00,2017-09-14,4,0,TH_SP15_GEN-APND,TH_SP15_GEN-APND,TH_SP15_GEN-APND,DAM,LMP,LMP_PRC,TH_SP15_GEN-APND,ALL_APNODES,0,25.20289,269
2017-09-14T18:00:00-00:00,2017-09-14T19:00:00-00:00,2017-09-14,12,0,TH_SP15_GEN-APND,TH_SP15_GEN-APND,TH_SP15_GEN-APND,DAM,MCC,LMP_CONG_PRC,TH_SP15_GEN-APND,ALL_APNODES,0,-3.22894,270
2017-09-14T11:00:00-00:00,2017-09-14T12:00:00-00:00,2017-09-14,5,0,TH_SP15_GEN-APND,TH_SP15_GEN-APND,TH_SP15_GEN-APND,DAM,MCC,LMP_CONG_PRC,TH_SP15_GEN-APND,ALL_APNODES,0,0,270
2017-09-14T12:00:00-00:00,2017-09-14T13:00:00-00:00,2017-09-14,6,0,TH_SP15_GEN-APND,TH_SP15_GEN-APND,TH_SP15_GEN-APND,DAM,MCC,LMP_CONG_PRC,TH_SP15_GEN-APND,ALL_APNODES,0,0,270
2017-09-14T21:00:00-00:00,2017-09-14T22:00:00-00:00,2017-09-14,15,0,TH_SP15_GEN-APND,TH_SP15_GEN-APND,TH_SP15_GEN-APND,DAM,MCC,LMP_CONG_PRC,TH_SP15_GEN-APND,ALL_APNODES,0,-2.01442,270
2017-09-14T22:00:00-00:00,2017-09-14T23:00:00-00:00,2017-09-14,16,0,TH_SP15_GEN-APND,TH_SP15_GEN-APND,TH_SP15_GEN-APND,DAM,MCC,LMP_CONG_PRC,TH_SP15_GEN-APND,ALL_APNODES,0,-2.43831,270
2017-09-14T17:00:00-00:00,2017-09-14T18:00:00-00:00,2017-09-14,11,0,TH_SP15_GEN-APND,TH_SP15_GEN-APND,TH_SP15_GEN-APND,DAM,MCC,LMP_CONG_PRC,TH_SP15_GEN-APND,ALL_APNODES,0,-2.30537,270
2017-09-14T07:00:00-00:00,2017-09-14T08:00:00-00:00,2017-09-14,1,0,TH_SP15_GEN-APND,TH_SP15_GEN-APND,TH_SP15_GEN-APND,DAM,MCC,LMP_CONG_PRC,TH_SP15_GEN-APND,ALL_APNODES,0,0,270
2017-09-14T13:00:00-00:00,2017-09-14T14:00:00-00:00,2017-09-14,7,0,TH_SP15_GEN-APND,TH_SP15_GEN-APND,TH_SP15_GEN-APND,DAM,MCC,LMP_CONG_PRC,TH_SP15_GEN-APND,ALL_APNODES,0,0,270
2017-09-15T02:00:00-00:00,2017-09-15T03:00:00-00:00,2017-09-14,20,0,TH_SP15_GEN-APND,TH_SP15_GEN-APND,TH_SP15_GEN-APND,DAM,MCC,LMP_CONG_PRC,TH_SP15_GEN-APND,ALL_APNODES,0,0,270
2017-09-15T04:00:00-00:00,2017-09-15T05:00:00-00:00,2017-09-14,22,0,TH_SP15_GEN-APND,TH_SP15_GEN-APND,TH_SP15_GEN-APND,DAM,MCC,LMP_CONG_PRC,TH_SP15_GEN-APND,ALL_APNODES,0,0,270
2017-09-14T14:00:00-00:00,2017-09-14T15:00:00-00:00,2017-09-14,8,0,TH_SP15_GEN-APND,TH_SP15_GEN-APND,TH_SP15_GEN-APND,DAM,MCC,LMP_CONG_PRC,TH_SP15_GEN-APND,ALL_APNODES,0,0,270
2017-09-14T09:00:00-00:00,2017-09-14T10:00:00-00:00,2017-09-14,3,0,TH_SP15_GEN-APND,TH_SP15_GEN-APND,TH_SP15_GEN-APND,DAM,MCC,LMP_CONG_PRC,TH_SP15_GEN-APND,ALL_APNODES,0,0,270
2017-09-15T05:00:00-00:00,2017-09-15T06:00:00-00:00,2017-09-14,23,0,TH_SP15_GEN-APND,TH_SP15_GEN-APND,TH_SP15_GEN-APND,DAM,MCC,LMP_CONG_PRC,TH_SP15_GEN-APND,ALL_APNODES,0,0,270
2017-09-15T06:00:00-00:00,2017-09-15T07:00:00-00:00,2017-09-14,24,0,TH_SP15_GEN-APND,TH_SP15_GEN-APND,TH_SP15_GEN-APND,DAM,MCC,LMP_CONG_PRC,TH_SP15_GEN-APND,ALL_APNODES,0,0,270
2017-09-14T08:00:00-00:00,2017-09-14T09:00:00-00:00,2017-09-14,2,0,TH_SP15_GEN-APND,TH_SP15_GEN-APND,TH_SP15_GEN-APND,DAM,MCC,LMP_CONG_PRC,TH_SP15_GEN-APND,ALL_APNODES,0,0,270
2017-09-15T00:00:00-00:00,2017-09-15T01:00:00-00:00,2017-09-14,18,0,TH_SP15_GEN-APND,TH_SP15_GEN-APND,TH_SP15_GEN-APND,DAM,MCC,LMP_CONG_PRC,TH_SP15_GEN-APND,ALL_APNODES,0,-2.37452,270
2017-09-14T19:00:00-00:00,2017-09-14T20:00:00-00:00,2017-09-14,13,0,TH_SP15_GEN-APND,TH_SP15_GEN-APND,TH_SP15_GEN-APND,DAM,MCC,LMP_CONG_PRC,TH_SP15_GEN-APND,ALL_APNODES,0,-1.94351,270
2017-09-14T23:00:00-00:00,2017-09-15T00:00:00-00:00,2017-09-14,17,0,TH_SP15_GEN-APND,TH_SP15_GEN-APND,TH_SP15_GEN-APND,DAM,MCC,LMP_CONG_PRC,TH_SP15_GEN-APND,ALL_APNODES,0,-4.62373,270
2017-09-15T01:00:00-00:00,2017-09-15T02:00:00-00:00,2017-09-14,19,0,TH_SP15_GEN-APND,TH_SP15_GEN-APND,TH_SP15_GEN-APND,DAM,MCC,LMP_CONG_PRC,TH_SP15_GEN-APND,ALL_APNODES,0,-0.69163,270
2017-09-14T15:00:00-00:00,2017-09-14T16:00:00-00:00,2017-09-14,9,0,TH_SP15_GEN-APND,TH_SP15_GEN-APND,TH_SP15_GEN-APND,DAM,MCC,LMP_CONG_PRC,TH_SP15_GEN-APND,ALL_APNODES,0,-1.19061,270
2017-09-14T16:00:00-00:00,2017-09-14T17:00:00-00:00,2017-09-14,10,0,TH_SP15_GEN-APND,TH_SP15_GEN-APND,TH_SP15_GEN-APND,DAM,MCC,LMP_CONG_PRC,TH_SP15_GEN-APND,ALL_APNODES,0,-2.13724,270
2017-09-14T20:00:00-00:00,2017-09-14T21:00:00-00:00,2017-09-14,14,0,TH_SP15_GEN-APND,TH_SP15_GEN-APND,TH_SP15_GEN-APND,DAM,MCC,LMP_CONG_PRC,TH_SP15_GEN-APND,ALL_APNODES,0,-1.79917,270
2017-09-14T10:00:00-00:00,2017-09-14T11:00:00-00:00,2017-09-14,4,0,TH_SP15_GEN-APND,TH_SP15_GEN-APND,TH_SP15_GEN-APND,DAM,MCC,LMP_CONG_PRC,TH_SP15_GEN-APND,ALL_APNODES,0,0,270
2017-09-15T03:00:00-00:00,2017-09-15T04:00:00-00:00,2017-09-14,21,0,TH_SP15_GEN-APND,TH_SP15_GEN-APND,TH_SP15_GEN-APND,DAM,MCC,LMP_CONG_PRC,TH_SP15_GEN-APND,ALL_APNODES,0,0,270
2017-09-14T16:00:00-00:00,2017-09-14T17:00:00-00:00,2017-09-14,10,0,TH_SP15_GEN-APND,TH_SP15_GEN-APND,TH_SP15_GEN-APND,DAM,MCE,LMP_ENE_PRC,TH_SP15_GEN-APND,ALL_APNODES,0,27.32774,271
2017-09-14T11:00:00-00:00,2017-09-14T12:00:00-00:00,2017-09-14,5,0,TH_SP15_GEN-APND,TH_SP15_GEN-APND,TH_SP15_GEN-APND,DAM,MCE,LMP_ENE_PRC,TH_SP15_GEN-APND,ALL_APNODES,0,26.45561,271
2017-09-14T21:00:00-00:00,2017-09-14T22:00:00-00:00,2017-09-14,15,0,TH_SP15_GEN-APND,TH_SP15_GEN-APND,TH_SP15_GEN-APND,DAM,MCE,LMP_ENE_PRC,TH_SP15_GEN-APND,ALL_APNODES,0,28.27688,271
2017-09-15T03:00:00-00:00,2017-09-15T04:00:00-00:00,2017-09-14,21,0,TH_SP15_GEN-APND,TH_SP15_GEN-APND,TH_SP15_GEN-APND,DAM,MCE,LMP_ENE_PRC,TH_SP15_GEN-APND,ALL_APNODES,0,51.63934,271
2017-09-15T05:00:00-00:00,2017-09-15T06:00:00-00:00,2017-09-14,23,0,TH_SP15_GEN-APND,TH_SP15_GEN-APND,TH_SP15_GEN-APND,DAM,MCE,LMP_ENE_PRC,TH_SP15_GEN-APND,ALL_APNODES,0,35.20539,271
2017-09-14T13:00:00-00:00,2017-09-14T14:00:00-00:00,2017-09-14,7,0,TH_SP15_GEN-APND,TH_SP15_GEN-APND,TH_SP15_GEN-APND,DAM,MCE,LMP_ENE_PRC,TH_SP15_GEN-APND,ALL_APNODES,0,44.81787,271
2017-09-15T04:00:00-00:00,2017-09-15T05:00:00-00:00,2017-09-14,22,0,TH_SP15_GEN-APND,TH_SP15_GEN-APND,TH_SP15_GEN-APND,DAM,MCE,LMP_ENE_PRC,TH_SP15_GEN-APND,ALL_APNODES,0,36.73194,271
2017-09-14T07:00:00-00:00,2017-09-14T08:00:00-00:00,2017-09-14,1,0,TH_SP15_GEN-APND,TH_SP15_GEN-APND,TH_SP15_GEN-APND,DAM,MCE,LMP_ENE_PRC,TH_SP15_GEN-APND,ALL_APNODES,0,29.86664,271
2017-09-15T01:00:00-00:00,2017-09-15T02:00:00-00:00,2017-09-14,19,0,TH_SP15_GEN-APND,TH_SP15_GEN-APND,TH_SP15_GEN-APND,DAM,MCE,LMP_ENE_PRC,TH_SP15_GEN-APND,ALL_APNODES,0,52.48164,271
2017-09-15T02:00:00-00:00,2017-09-15T03:00:00-00:00,2017-09-14,20,0,TH_SP15_GEN-APND,TH_SP15_GEN-APND,TH_SP15_GEN-APND,DAM,MCE,LMP_ENE_PRC,TH_SP15_GEN-APND,ALL_APNODES,0,59.14669,271
2017-09-14T17:00:00-00:00,2017-09-14T18:00:00-00:00,2017-09-14,11,0,TH_SP15_GEN-APND,TH_SP15_GEN-APND,TH_SP15_GEN-APND,DAM,MCE,LMP_ENE_PRC,TH_SP15_GEN-APND,ALL_APNODES,0,26.91201,271
2017-09-14T18:00:00-00:00,2017-09-14T19:00:00-00:00,2017-09-14,12,0,TH_SP15_GEN-APND,TH_SP15_GEN-APND,TH_SP15_GEN-APND,DAM,MCE,LMP_ENE_PRC,TH_SP15_GEN-APND,ALL_APNODES,0,27.81141,271
2017-09-14T10:00:00-00:00,2017-09-14T11:00:00-00:00,2017-09-14,4,0,TH_SP15_GEN-APND,TH_SP15_GEN-APND,TH_SP15_GEN-APND,DAM,MCE,LMP_ENE_PRC,TH_SP15_GEN-APND,ALL_APNODES,0,26.05758,271
2017-09-14T22:00:00-00:00,2017-09-14T23:00:00-00:00,2017-09-14,16,0,TH_SP15_GEN-APND,TH_SP15_GEN-APND,TH_SP15_GEN-APND,DAM,MCE,LMP_ENE_PRC,TH_SP15_GEN-APND,ALL_APNODES,0,30.14155,271
2017-09-14T23:00:00-00:00,2017-09-15T00:00:00-00:00,2017-09-14,17,0,TH_SP15_GEN-APND,TH_SP15_GEN-APND,TH_SP15_GEN-APND,DAM,MCE,LMP_ENE_PRC,TH_SP15_GEN-APND,ALL_APNODES,0,34.54685,271
2017-09-14T12:00:00-00:00,2017-09-14T13:00:00-00:00,2017-09-14,6,0,TH_SP15_GEN-APND,TH_SP15_GEN-APND,TH_SP15_GEN-APND,DAM,MCE,LMP_ENE_PRC,TH_SP15_GEN-APND,ALL_APNODES,0,31.19146,271
2017-09-14T14:00:00-00:00,2017-09-14T15:00:00-00:00,2017-09-14,8,0,TH_SP15_GEN-APND,TH_SP15_GEN-APND,TH_SP15_GEN-APND,DAM,MCE,LMP_ENE_PRC,TH_SP15_GEN-APND,ALL_APNODES,0,43.40865,271
2017-09-14T15:00:00-00:00,2017-09-14T16:00:00-00:00,2017-09-14,9,0,TH_SP15_GEN-APND,TH_SP15_GEN-APND,TH_SP15_GEN-APND,DAM,MCE,LMP_ENE_PRC,TH_SP15_GEN-APND,ALL_APNODES,0,29.92316,271
2017-09-14T08:00:00-00:00,2017-09-14T09:00:00-00:00,2017-09-14,2,0,TH_SP15_GEN-APND,TH_SP15_GEN-APND,TH_SP15_GEN-APND,DAM,MCE,LMP_ENE_PRC,TH_SP15_GEN-APND,ALL_APNODES,0,27.94163,271
2017-09-14T09:00:00-00:00,2017-09-14T10:00:00-00:00,2017-09-14,3,0,TH_SP15_GEN-APND,TH_SP15_GEN-APND,TH_SP15_GEN-APND,DAM,MCE,LMP_ENE_PRC,TH_SP15_GEN-APND,ALL_APNODES,0,26.41739,271
2017-09-15T06:00:00-00:00,2017-09-15T07:00:00-00:00,2017-09-14,24,0,TH_SP15_GEN-APND,TH_SP15_GEN-APND,TH_SP15_GEN-APND,DAM,MCE,LMP_ENE_PRC,TH_SP15_GEN-APND,ALL_APNODES,0,32.15239,271
2017-09-15T00:00:00-00:00,2017-09-15T01:00:00-00:00,2017-09-14,18,0,TH_SP15_GEN-APND,TH_SP15_GEN-APND,TH_SP15_GEN-APND,DAM,MCE,LMP_ENE_PRC,TH_SP15_GEN-APND,ALL_APNODES,0,38.89767,271
2017-09-14T19:00:00-00:00,2017-09-14T20:00:00-00:00,2017-09-14,13,0,TH_SP15_GEN-APND,TH_SP15_GEN-APND,TH_SP15_GEN-APND,DAM,MCE,LMP_ENE_PRC,TH_SP15_GEN-APND,ALL_APNODES,0,26.35692,271
2017-09-14T20:00:00-00:00,2017-09-14T21:00:00-00:00,2017-09-14,14,0,TH_SP15_GEN-APND,TH_SP15_GEN-APND,TH_SP15_GEN-APND,DAM,MCE,LMP_ENE_PRC,TH_SP15_GEN-APND,ALL_APNODES,0,27.99788,271
2017-09-15T06:00:00-00:00,2017-09-15T07:00:00-00:00,2017-09-14,24,0,TH_SP15_GEN-APND,TH_SP15_GEN-APND,TH_SP15_GEN-APND,DAM,MCL,LMP_LOSS_PRC,TH_SP15_GEN-APND,ALL_APNODES,0,-1.46936,272
2017-09-14T18:00:00-00:00,2017-09-14T19:00:00-00:00,2017-09-14,12,0,TH_SP15_GEN-APND,TH_SP15_GEN-APND,TH_SP15_GEN-APND,DAM,MCL,LMP_LOSS_PRC,TH_SP15_GEN-APND,ALL_APNODES,0,-1.58247,272
2017-09-14T20:00:00-00:00,2017-09-14T21:00:00-00:00,2017-09-14,14,0,TH_SP15_GEN-APND,TH_SP15_GEN-APND,TH_SP15_GEN-APND,DAM,MCL,LMP_LOSS_PRC,TH_SP15_GEN-APND,ALL_APNODES,0,-1.43349,272
2017-09-15T00:00:00-00:00,2017-09-15T01:00:00-00:00,2017-09-14,18,0,TH_SP15_GEN-APND,TH_SP15_GEN-APND,TH_SP15_GEN-APND,DAM,MCL,LMP_LOSS_PRC,TH_SP15_GEN-APND,ALL_APNODES,0,-1.92932,272
2017-09-14T23:00:00-00:00,2017-09-15T00:00:00-00:00,2017-09-14,17,0,TH_SP15_GEN-APND,TH_SP15_GEN-APND,TH_SP15_GEN-APND,DAM,MCL,LMP_LOSS_PRC,TH_SP15_GEN-APND,ALL_APNODES,0,-1.87589,272
2017-09-14T08:00:00-00:00,2017-09-14T09:00:00-00:00,2017-09-14,2,0,TH_SP15_GEN-APND,TH_SP15_GEN-APND,TH_SP15_GEN-APND,DAM,MCL,LMP_LOSS_PRC,TH_SP15_GEN-APND,ALL_APNODES,0,-0.93604,272
2017-09-14T22:00:00-00:00,2017-09-14T23:00:00-00:00,2017-09-14,16,0,TH_SP15_GEN-APND,TH_SP15_GEN-APND,TH_SP15_GEN-APND,DAM,MCL,LMP_LOSS_PRC,TH_SP15_GEN-APND,ALL_APNODES,0,-1.54325,272
2017-09-15T02:00:00-00:00,2017-09-15T03:00:00-00:00,2017-09-14,20,0,TH_SP15_GEN-APND,TH_SP15_GEN-APND,TH_SP15_GEN-APND,DAM,MCL,LMP_LOSS_PRC,TH_SP15_GEN-APND,ALL_APNODES,0,-2.62611,272
2017-09-15T05:00:00-00:00,2017-09-15T06:00:00-00:00,2017-09-14,23,0,TH_SP15_GEN-APND,TH_SP15_GEN-APND,TH_SP15_GEN-APND,DAM,MCL,LMP_LOSS_PRC,TH_SP15_GEN-APND,ALL_APNODES,0,-1.73563,272
2017-09-14T15:00:00-00:00,2017-09-14T16:00:00-00:00,2017-09-14,9,0,TH_SP15_GEN-APND,TH_SP15_GEN-APND,TH_SP15_GEN-APND,DAM,MCL,LMP_LOSS_PRC,TH_SP15_GEN-APND,ALL_APNODES,0,-1.73255,272
2017-09-14T19:00:00-00:00,2017-09-14T20:00:00-00:00,2017-09-14,13,0,TH_SP15_GEN-APND,TH_SP15_GEN-APND,TH_SP15_GEN-APND,DAM,MCL,LMP_LOSS_PRC,TH_SP15_GEN-APND,ALL_APNODES,0,-1.39165,272
2017-09-15T04:00:00-00:00,2017-09-15T05:00:00-00:00,2017-09-14,22,0,TH_SP15_GEN-APND,TH_SP15_GEN-APND,TH_SP15_GEN-APND,DAM,MCL,LMP_LOSS_PRC,TH_SP15_GEN-APND,ALL_APNODES,0,-1.4803,272
2017-09-14T16:00:00-00:00,2017-09-14T17:00:00-00:00,2017-09-14,10,0,TH_SP15_GEN-APND,TH_SP15_GEN-APND,TH_SP15_GEN-APND,DAM,MCL,LMP_LOSS_PRC,TH_SP15_GEN-APND,ALL_APNODES,0,-1.59867,272
2017-09-14T07:00:00-00:00,2017-09-14T08:00:00-00:00,2017-09-14,1,0,TH_SP15_GEN-APND,TH_SP15_GEN-APND,TH_SP15_GEN-APND,DAM,MCL,LMP_LOSS_PRC,TH_SP15_GEN-APND,ALL_APNODES,0,-1.19467,272
2017-09-14T10:00:00-00:00,2017-09-14T11:00:00-00:00,2017-09-14,4,0,TH_SP15_GEN-APND,TH_SP15_GEN-APND,TH_SP15_GEN-APND,DAM,MCL,LMP_LOSS_PRC,TH_SP15_GEN-APND,ALL_APNODES,0,-0.85469,272
2017-09-15T03:00:00-00:00,2017-09-15T04:00:00-00:00,2017-09-14,21,0,TH_SP15_GEN-APND,TH_SP15_GEN-APND,TH_SP15_GEN-APND,DAM,MCL,LMP_LOSS_PRC,TH_SP15_GEN-APND,ALL_APNODES,0,-2.22049,272
2017-09-14T17:00:00-00:00,2017-09-14T18:00:00-00:00,2017-09-14,11,0,TH_SP15_GEN-APND,TH_SP15_GEN-APND,TH_SP15_GEN-APND,DAM,MCL,LMP_LOSS_PRC,TH_SP15_GEN-APND,ALL_APNODES,0,-1.60665,272
2017-09-14T21:00:00-00:00,2017-09-14T22:00:00-00:00,2017-09-14,15,0,TH_SP15_GEN-APND,TH_SP15_GEN-APND,TH_SP15_GEN-APND,DAM,MCL,LMP_LOSS_PRC,TH_SP15_GEN-APND,ALL_APNODES,0,-1.49019,272
2017-09-14T09:00:00-00:00,2017-09-14T10:00:00-00:00,2017-09-14,3,0,TH_SP15_GEN-APND,TH_SP15_GEN-APND,TH_SP15_GEN-APND,DAM,MCL,LMP_LOSS_PRC,TH_SP15_GEN-APND,ALL_APNODES,0,-0.84271,272
2017-09-14T11:00:00-00:00,2017-09-14T12:00:00-00:00,2017-09-14,5,0,TH_SP15_GEN-APND,TH_SP15_GEN-APND,TH_SP15_GEN-APND,DAM,MCL,LMP_LOSS_PRC,TH_SP15_GEN-APND,ALL_APNODES,0,-0.94182,272
2017-09-15T01:00:00-00:00,2017-09-15T02:00:00-00:00,2017-09-14,19,0,TH_SP15_GEN-APND,TH_SP15_GEN-APND,TH_SP15_GEN-APND,DAM,MCL,LMP_LOSS_PRC,TH_SP15_GEN-APND,ALL_APNODES,0,-2.36692,272
2017-09-14T13:00:00-00:00,2017-09-14T14:00:00-00:00,2017-09-14,7,0,TH_SP15_GEN-APND,TH_SP15_GEN-APND,TH_SP15_GEN-APND,DAM,MCL,LMP_LOSS_PRC,TH_SP15_GEN-APND,ALL_APNODES,0,-2.12885,272
2017-09-14T14:00:00-00:00,2017-09-14T15:00:00-00:00,2017-09-14,8,0,TH_SP15_GEN-APND,TH_SP15_GEN-APND,TH_SP15_GEN-APND,DAM,MCL,LMP_LOSS_PRC,TH_SP15_GEN-APND,ALL_APNODES,0,-2.33104,272
2017-09-14T12:00:00-00:00,2017-09-14T13:00:00-00:00,2017-09-14,6,0,TH_SP15_GEN-APND,TH_SP15_GEN-APND,TH_SP15_GEN-APND,DAM,MCL,LMP_LOSS_PRC,TH_SP15_GEN-APND,ALL_APNODES,0,-1.32252,272
2017-09-14T13:00:00-00:00,2017-09-14T14:00:00-00:00,2017-09-14,7,0,TH_ZP26_GEN-APND,TH_ZP26_GEN-APND,TH_ZP26_GEN-APND,DAM,LMP,LMP_PRC,TH_ZP26_GEN-APND,ALL_APNODES,0,43.11927,273
2017-09-14T10:00:00-00:00,2017-09-14T11:00:00-00:00,2017-09-14,4,0,TH_ZP26_GEN-APND,TH_ZP26_GEN-APND,TH_ZP26_GEN-APND,DAM,LMP,LMP_PRC,TH_ZP26_GEN-APND,ALL_APNODES,0,25.10127,273
2017-09-14T07:00:00-00:00,2017-09-14T08:00:00-00:00,2017-09-14,1,0,TH_ZP26_GEN-APND,TH_ZP26_GEN-APND,TH_ZP26_GEN-APND,DAM,LMP,LMP_PRC,TH_ZP26_GEN-APND,ALL_APNODES,0,28.74963,273
2017-09-14T15:00:00-00:00,2017-09-14T16:00:00-00:00,2017-09-14,9,0,TH_ZP26_GEN-APND,TH_ZP26_GEN-APND,TH_ZP26_GEN-APND,DAM,LMP,LMP_PRC,TH_ZP26_GEN-APND,ALL_APNODES,0,27.12867,273
2017-09-14T09:00:00-00:00,2017-09-14T10:00:00-00:00,2017-09-14,3,0,TH_ZP26_GEN-APND,TH_ZP26_GEN-APND,TH_ZP26_GEN-APND,DAM,LMP,LMP_PRC,TH_ZP26_GEN-APND,ALL_APNODES,0,25.46373,273
2017-09-15T06:00:00-00:00,2017-09-15T07:00:00-00:00,2017-09-14,24,0,TH_ZP26_GEN-APND,TH_ZP26_GEN-APND,TH_ZP26_GEN-APND,DAM,LMP,LMP_PRC,TH_ZP26_GEN-APND,ALL_APNODES,0,30.80199,273
2017-09-14T11:00:00-00:00,2017-09-14T12:00:00-00:00,2017-09-14,5,0,TH_ZP26_GEN-APND,TH_ZP26_GEN-APND,TH_ZP26_GEN-APND,DAM,LMP,LMP_PRC,TH_ZP26_GEN-APND,ALL_APNODES,0,25.44766,273
2017-09-14T17:00:00-00:00,2017-09-14T18:00:00-00:00,2017-09-14,11,0,TH_ZP26_GEN-APND,TH_ZP26_GEN-APND,TH_ZP26_GEN-APND,DAM,LMP,LMP_PRC,TH_ZP26_GEN-APND,ALL_APNODES,0,22.11251,273
2017-09-14T20:00:00-00:00,2017-09-14T21:00:00-00:00,2017-09-14,14,0,TH_ZP26_GEN-APND,TH_ZP26_GEN-APND,TH_ZP26_GEN-APND,DAM,LMP,LMP_PRC,TH_ZP26_GEN-APND,ALL_APNODES,0,23.21319,273
2017-09-14T21:00:00-00:00,2017-09-14T22:00:00-00:00,2017-09-14,15,0,TH_ZP26_GEN-APND,TH_ZP26_GEN-APND,TH_ZP26_GEN-APND,DAM,LMP,LMP_PRC,TH_ZP26_GEN-APND,ALL_APNODES,0,24.02853,273
2017-09-15T02:00:00-00:00,2017-09-15T03:00:00-00:00,2017-09-14,20,0,TH_ZP26_GEN-APND,TH_ZP26_GEN-APND,TH_ZP26_GEN-APND,DAM,LMP,LMP_PRC,TH_ZP26_GEN-APND,ALL_APNODES,0,56.76899,273
2017-09-14T12:00:00-00:00,2017-09-14T13:00:00-00:00,2017-09-14,6,0,TH_ZP26_GEN-APND,TH_ZP26_GEN-APND,TH_ZP26_GEN-APND,DAM,LMP,LMP_PRC,TH_ZP26_GEN-APND,ALL_APNODES,0,29.99683,273
2017-09-14T16:00:00-00:00,2017-09-14T17:00:00-00:00,2017-09-14,10,0,TH_ZP26_GEN-APND,TH_ZP26_GEN-APND,TH_ZP26_GEN-APND,DAM,LMP,LMP_PRC,TH_ZP26_GEN-APND,ALL_APNODES,0,23.59729,273
2017-09-14T18:00:00-00:00,2017-09-14T19:00:00-00:00,2017-09-14,12,0,TH_ZP26_GEN-APND,TH_ZP26_GEN-APND,TH_ZP26_GEN-APND,DAM,LMP,LMP_PRC,TH_ZP26_GEN-APND,ALL_APNODES,0,21.63792,273
2017-09-15T00:00:00-00:00,2017-09-15T01:00:00-00:00,2017-09-14,18,0,TH_ZP26_GEN-APND,TH_ZP26_GEN-APND,TH_ZP26_GEN-APND,DAM,LMP,LMP_PRC,TH_ZP26_GEN-APND,ALL_APNODES,0,34.46338,273
2017-09-15T01:00:00-00:00,2017-09-15T02:00:00-00:00,2017-09-14,19,0,TH_ZP26_GEN-APND,TH_ZP26_GEN-APND,TH_ZP26_GEN-APND,DAM,LMP,LMP_PRC,TH_ZP26_GEN-APND,ALL_APNODES,0,49.51755,273
2017-09-15T03:00:00-00:00,2017-09-15T04:00:00-00:00,2017-09-14,21,0,TH_ZP26_GEN-APND,TH_ZP26_GEN-APND,TH_ZP26_GEN-APND,DAM,LMP,LMP_PRC,TH_ZP26_GEN-APND,ALL_APNODES,0,49.59443,273
2017-09-14T14:00:00-00:00,2017-09-14T15:00:00-00:00,2017-09-14,8,0,TH_ZP26_GEN-APND,TH_ZP26_GEN-APND,TH_ZP26_GEN-APND,DAM,LMP,LMP_PRC,TH_ZP26_GEN-APND,ALL_APNODES,0,41.55944,273
2017-09-14T08:00:00-00:00,2017-09-14T09:00:00-00:00,2017-09-14,2,0,TH_ZP26_GEN-APND,TH_ZP26_GEN-APND,TH_ZP26_GEN-APND,DAM,LMP,LMP_PRC,TH_ZP26_GEN-APND,ALL_APNODES,0,26.93853,273
2017-09-15T04:00:00-00:00,2017-09-15T05:00:00-00:00,2017-09-14,22,0,TH_ZP26_GEN-APND,TH_ZP26_GEN-APND,TH_ZP26_GEN-APND,DAM,LMP,LMP_PRC,TH_ZP26_GEN-APND,ALL_APNODES,0,35.26267,273
2017-09-15T05:00:00-00:00,2017-09-15T06:00:00-00:00,2017-09-14,23,0,TH_ZP26_GEN-APND,TH_ZP26_GEN-APND,TH_ZP26_GEN-APND,DAM,LMP,LMP_PRC,TH_ZP26_GEN-APND,ALL_APNODES,0,33.73028,273
2017-09-14T22:00:00-00:00,2017-09-14T23:00:00-00:00,2017-09-14,16,0,TH_ZP26_GEN-APND,TH_ZP26_GEN-APND,TH_ZP26_GEN-APND,DAM,LMP,LMP_PRC,TH_ZP26_GEN-APND,ALL_APNODES,0,25.41666,273
2017-09-14T23:00:00-00:00,2017-09-15T00:00:00-00:00,2017-09-14,17,0,TH_ZP26_GEN-APND,TH_ZP26_GEN-APND,TH_ZP26_GEN-APND,DAM,LMP,LMP_PRC,TH_ZP26_GEN-APND,ALL_APNODES,0,27.97813,273
2017-09-14T19:00:00-00:00,2017-09-14T20:00:00-00:00,2017-09-14,13,0,TH_ZP26_GEN-APND,TH_ZP26_GEN-APND,TH_ZP26_GEN-APND,DAM,LMP,LMP_PRC,TH_ZP26_GEN-APND,ALL_APNODES,0,21.64194,273
2017-09-14T13:00:00-00:00,2017-09-14T14:00:00-00:00,2017-09-14,7,0,TH_ZP26_GEN-APND,TH_ZP26_GEN-APND,TH_ZP26_GEN-APND,DAM,MCC,LMP_CONG_PRC,TH_ZP26_GEN-APND,ALL_APNODES,0,0,274
2017-09-14T17:00:00-00:00,2017-09-14T18:00:00-00:00,2017-09-14,11,0,TH_ZP26_GEN-APND,TH_ZP26_GEN-APND,TH_ZP26_GEN-APND,DAM,MCC,LMP_CONG_PRC,TH_ZP26_GEN-APND,ALL_APNODES,0,-3.13903,274
2017-09-14T20:00:00-00:00,2017-09-14T21:00:00-00:00,2017-09-14,14,0,TH_ZP26_GEN-APND,TH_ZP26_GEN-APND,TH_ZP26_GEN-APND,DAM,MCC,LMP_CONG_PRC,TH_ZP26_GEN-APND,ALL_APNODES,0,-3.00962,274
2017-09-14T07:00:00-00:00,2017-09-14T08:00:00-00:00,2017-09-14,1,0,TH_ZP26_GEN-APND,TH_ZP26_GEN-APND,TH_ZP26_GEN-APND,DAM,MCC,LMP_CONG_PRC,TH_ZP26_GEN-APND,ALL_APNODES,0,0,274
2017-09-14T08:00:00-00:00,2017-09-14T09:00:00-00:00,2017-09-14,2,0,TH_ZP26_GEN-APND,TH_ZP26_GEN-APND,TH_ZP26_GEN-APND,DAM,MCC,LMP_CONG_PRC,TH_ZP26_GEN-APND,ALL_APNODES,0,0,274
2017-09-15T05:00:00-00:00,2017-09-15T06:00:00-00:00,2017-09-14,23,0,TH_ZP26_GEN-APND,TH_ZP26_GEN-APND,TH_ZP26_GEN-APND,DAM,MCC,LMP_CONG_PRC,TH_ZP26_GEN-APND,ALL_APNODES,0,0,274
2017-09-15T06:00:00-00:00,2017-09-15T07:00:00-00:00,2017-09-14,24,0,TH_ZP26_GEN-APND,TH_ZP26_GEN-APND,TH_ZP26_GEN-APND,DAM,MCC,LMP_CONG_PRC,TH_ZP26_GEN-APND,ALL_APNODES,0,0,274
2017-09-14T15:00:00-00:00,2017-09-14T16:00:00-00:00,2017-09-14,9,0,TH_ZP26_GEN-APND,TH_ZP26_GEN-APND,TH_ZP26_GEN-APND,DAM,MCC,LMP_CONG_PRC,TH_ZP26_GEN-APND,ALL_APNODES,0,-1.19061,274
2017-09-14T10:00:00-00:00,2017-09-14T11:00:00-00:00,2017-09-14,4,0,TH_ZP26_GEN-APND,TH_ZP26_GEN-APND,TH_ZP26_GEN-APND,DAM,MCC,LMP_CONG_PRC,TH_ZP26_GEN-APND,ALL_APNODES,0,0,274
2017-09-14T16:00:00-00:00,2017-09-14T17:00:00-00:00,2017-09-14,10,0,TH_ZP26_GEN-APND,TH_ZP26_GEN-APND,TH_ZP26_GEN-APND,DAM,MCC,LMP_CONG_PRC,TH_ZP26_GEN-APND,ALL_APNODES,0,-2.13724,274
2017-09-14T19:00:00-00:00,2017-09-14T20:00:00-00:00,2017-09-14,13,0,TH_ZP26_GEN-APND,TH_ZP26_GEN-APND,TH_ZP26_GEN-APND,DAM,MCC,LMP_CONG_PRC,TH_ZP26_GEN-APND,ALL_APNODES,0,-3.06768,274
2017-09-14T22:00:00-00:00,2017-09-14T23:00:00-00:00,2017-09-14,16,0,TH_ZP26_GEN-APND,TH_ZP26_GEN-APND,TH_ZP26_GEN-APND,DAM,MCC,LMP_CONG_PRC,TH_ZP26_GEN-APND,ALL_APNODES,0,-2.92243,274
2017-09-15T00:00:00-00:00,2017-09-15T01:00:00-00:00,2017-09-14,18,0,TH_ZP26_GEN-APND,TH_ZP26_GEN-APND,TH_ZP26_GEN-APND,DAM,MCC,LMP_CONG_PRC,TH_ZP26_GEN-APND,ALL_APNODES,0,-2.43106,274
2017-09-15T02:00:00-00:00,2017-09-15T03:00:00-00:00,2017-09-14,20,0,TH_ZP26_GEN-APND,TH_ZP26_GEN-APND,TH_ZP26_GEN-APND,DAM,MCC,LMP_CONG_PRC,TH_ZP26_GEN-APND,ALL_APNODES,0,0,274
2017-09-15T03:00:00-00:00,2017-09-15T04:00:00-00:00,2017-09-14,21,0,TH_ZP26_GEN-APND,TH_ZP26_GEN-APND,TH_ZP26_GEN-APND,DAM,MCC,LMP_CONG_PRC,TH_ZP26_GEN-APND,ALL_APNODES,0,0,274
2017-09-14T23:00:00-00:00,2017-09-15T00:00:00-00:00,2017-09-14,17,0,TH_ZP26_GEN-APND,TH_ZP26_GEN-APND,TH_ZP26_GEN-APND,DAM,MCC,LMP_CONG_PRC,TH_ZP26_GEN-APND,ALL_APNODES,0,-4.62373,274
2017-09-14T11:00:00-00:00,2017-09-14T12:00:00-00:00,2017-09-14,5,0,TH_ZP26_GEN-APND,TH_ZP26_GEN-APND,TH_ZP26_GEN-APND,DAM,MCC,LMP_CONG_PRC,TH_ZP26_GEN-APND,ALL_APNODES,0,0,274
2017-09-14T21:00:00-00:00,2017-09-14T22:00:00-00:00,2017-09-14,15,0,TH_ZP26_GEN-APND,TH_ZP26_GEN-APND,TH_ZP26_GEN-APND,DAM,MCC,LMP_CONG_PRC,TH_ZP26_GEN-APND,ALL_APNODES,0,-2.49519,274
2017-09-15T04:00:00-00:00,2017-09-15T05:00:00-00:00,2017-09-14,22,0,TH_ZP26_GEN-APND,TH_ZP26_GEN-APND,TH_ZP26_GEN-APND,DAM,MCC,LMP_CONG_PRC,TH_ZP26_GEN-APND,ALL_APNODES,0,0,274
2017-09-15T01:00:00-00:00,2017-09-15T02:00:00-00:00,2017-09-14,19,0,TH_ZP26_GEN-APND,TH_ZP26_GEN-APND,TH_ZP26_GEN-APND,DAM,MCC,LMP_CONG_PRC,TH_ZP26_GEN-APND,ALL_APNODES,0,-0.69163,274
2017-09-14T14:00:00-00:00,2017-09-14T15:00:00-00:00,2017-09-14,8,0,TH_ZP26_GEN-APND,TH_ZP26_GEN-APND,TH_ZP26_GEN-APND,DAM,MCC,LMP_CONG_PRC,TH_ZP26_GEN-APND,ALL_APNODES,0,0,274
2017-09-14T18:00:00-00:00,2017-09-14T19:00:00-00:00,2017-09-14,12,0,TH_ZP26_GEN-APND,TH_ZP26_GEN-APND,TH_ZP26_GEN-APND,DAM,MCC,LMP_CONG_PRC,TH_ZP26_GEN-APND,ALL_APNODES,0,-4.44641,274
2017-09-14T09:00:00-00:00,2017-09-14T10:00:00-00:00,2017-09-14,3,0,TH_ZP26_GEN-APND,TH_ZP26_GEN-APND,TH_ZP26_GEN-APND,DAM,MCC,LMP_CONG_PRC,TH_ZP26_GEN-APND,ALL_APNODES,0,0,274
2017-09-14T12:00:00-00:00,2017-09-14T13:00:00-00:00,2017-09-14,6,0,TH_ZP26_GEN-APND,TH_ZP26_GEN-APND,TH_ZP26_GEN-APND,DAM,MCC,LMP_CONG_PRC,TH_ZP26_GEN-APND,ALL_APNODES,0,0,274
2017-09-14T07:00:00-00:00,2017-09-14T08:00:00-00:00,2017-09-14,1,0,TH_ZP26_GEN-APND,TH_ZP26_GEN-APND,TH_ZP26_GEN-APND,DAM,MCE,LMP_ENE_PRC,TH_ZP26_GEN-APND,ALL_APNODES,0,29.86664,275
2017-09-14T23:00:00-00:00,2017-09-15T00:00:00-00:00,2017-09-14,17,0,TH_ZP26_GEN-APND,TH_ZP26_GEN-APND,TH_ZP26_GEN-APND,DAM,MCE,LMP_ENE_PRC,TH_ZP26_GEN-APND,ALL_APNODES,0,34.54685,275
2017-09-14T19:00:00-00:00,2017-09-14T20:00:00-00:00,2017-09-14,13,0,TH_ZP26_GEN-APND,TH_ZP26_GEN-APND,TH_ZP26_GEN-APND,DAM,MCE,LMP_ENE_PRC,TH_ZP26_GEN-APND,ALL_APNODES,0,26.35692,275
2017-09-14T08:00:00-00:00,2017-09-14T09:00:00-00:00,2017-09-14,2,0,TH_ZP26_GEN-APND,TH_ZP26_GEN-APND,TH_ZP26_GEN-APND,DAM,MCE,LMP_ENE_PRC,TH_ZP26_GEN-APND,ALL_APNODES,0,27.94163,275
2017-09-15T03:00:00-00:00,2017-09-15T04:00:00-00:00,2017-09-14,21,0,TH_ZP26_GEN-APND,TH_ZP26_GEN-APND,TH_ZP26_GEN-APND,DAM,MCE,LMP_ENE_PRC,TH_ZP26_GEN-APND,ALL_APNODES,0,51.63934,275
2017-09-15T06:00:00-00:00,2017-09-15T07:00:00-00:00,2017-09-14,24,0,TH_ZP26_GEN-APND,TH_ZP26_GEN-APND,TH_ZP26_GEN-APND,DAM,MCE,LMP_ENE_PRC,TH_ZP26_GEN-APND,ALL_APNODES,0,32.15239,275
2017-09-14T15:00:00-00:00,2017-09-14T16:00:00-00:00,2017-09-14,9,0,TH_ZP26_GEN-APND,TH_ZP26_GEN-APND,TH_ZP26_GEN-APND,DAM,MCE,LMP_ENE_PRC,TH_ZP26_GEN-APND,ALL_APNODES,0,29.92316,275
2017-09-15T05:00:00-00:00,2017-09-15T06:00:00-00:00,2017-09-14,23,0,TH_ZP26_GEN-APND,TH_ZP26_GEN-APND,TH_ZP26_GEN-APND,DAM,MCE,LMP_ENE_PRC,TH_ZP26_GEN-APND,ALL_APNODES,0,35.20539,275
2017-09-14T16:00:00-00:00,2017-09-14T17:00:00-00:00,2017-09-14,10,0,TH_ZP26_GEN-APND,TH_ZP26_GEN-APND,TH_ZP26_GEN-APND,DAM,MCE,LMP_ENE_PRC,TH_ZP26_GEN-APND,ALL_APNODES,0,27.32774,275
2017-09-14T18:00:00-00:00,2017-09-14T19:00:00-00:00,2017-09-14,12,0,TH_ZP26_GEN-APND,TH_ZP26_GEN-APND,TH_ZP26_GEN-APND,DAM,MCE,LMP_ENE_PRC,TH_ZP26_GEN-APND,ALL_APNODES,0,27.81141,275
2017-09-14T10:00:00-00:00,2017-09-14T11:00:00-00:00,2017-09-14,4,0,TH_ZP26_GEN-APND,TH_ZP26_GEN-APND,TH_ZP26_GEN-APND,DAM,MCE,LMP_ENE_PRC,TH_ZP26_GEN-APND,ALL_APNODES,0,26.05758,275
2017-09-14T14:00:00-00:00,2017-09-14T15:00:00-00:00,2017-09-14,8,0,TH_ZP26_GEN-APND,TH_ZP26_GEN-APND,TH_ZP26_GEN-APND,DAM,MCE,LMP_ENE_PRC,TH_ZP26_GEN-APND,ALL_APNODES,0,43.40865,275
2017-09-14T17:00:00-00:00,2017-09-14T18:00:00-00:00,2017-09-14,11,0,TH_ZP26_GEN-APND,TH_ZP26_GEN-APND,TH_ZP26_GEN-APND,DAM,MCE,LMP_ENE_PRC,TH_ZP26_GEN-APND,ALL_APNODES,0,26.91201,275
2017-09-15T02:00:00-00:00,2017-09-15T03:00:00-00:00,2017-09-14,20,0,TH_ZP26_GEN-APND,TH_ZP26_GEN-APND,TH_ZP26_GEN-APND,DAM,MCE,LMP_ENE_PRC,TH_ZP26_GEN-APND,ALL_APNODES,0,59.14669,275
2017-09-14T11:00:00-00:00,2017-09-14T12:00:00-00:00,2017-09-14,5,0,TH_ZP26_GEN-APND,TH_ZP26_GEN-APND,TH_ZP26_GEN-APND,DAM,MCE,LMP_ENE_PRC,TH_ZP26_GEN-APND,ALL_APNODES,0,26.45561,275
2017-09-14T09:00:00-00:00,2017-09-14T10:00:00-00:00,2017-09-14,3,0,TH_ZP26_GEN-APND,TH_ZP26_GEN-APND,TH_ZP26_GEN-APND,DAM,MCE,LMP_ENE_PRC,TH_ZP26_GEN-APND,ALL_APNODES,0,26.41739,275
2017-09-14T22:00:00-00:00,2017-09-14T23:00:00-00:00,2017-09-14,16,0,TH_ZP26_GEN-APND,TH_ZP26_GEN-APND,TH_ZP26_GEN-APND,DAM,MCE,LMP_ENE_PRC,TH_ZP26_GEN-APND,ALL_APNODES,0,30.14155,275
2017-09-15T00:00:00-00:00,2017-09-15T01:00:00-00:00,2017-09-14,18,0,TH_ZP26_GEN-APND,TH_ZP26_GEN-APND,TH_ZP26_GEN-APND,DAM,MCE,LMP_ENE_PRC,TH_ZP26_GEN-APND,ALL_APNODES,0,38.89767,275
2017-09-14T13:00:00-00:00,2017-09-14T14:00:00-00:00,2017-09-14,7,0,TH_ZP26_GEN-APND,TH_ZP26_GEN-APND,TH_ZP26_GEN-APND,DAM,MCE,LMP_ENE_PRC,TH_ZP26_GEN-APND,ALL_APNODES,0,44.81787,275
2017-09-14T20:00:00-00:00,2017-09-14T21:00:00-00:00,2017-09-14,14,0,TH_ZP26_GEN-APND,TH_ZP26_GEN-APND,TH_ZP26_GEN-APND,DAM,MCE,LMP_ENE_PRC,TH_ZP26_GEN-APND,ALL_APNODES,0,27.99788,275
2017-09-15T01:00:00-00:00,2017-09-15T02:00:00-00:00,2017-09-14,19,0,TH_ZP26_GEN-APND,TH_ZP26_GEN-APND,TH_ZP26_GEN-APND,DAM,MCE,LMP_ENE_PRC,TH_ZP26_GEN-APND,ALL_APNODES,0,52.48164,275
2017-09-15T04:00:00-00:00,2017-09-15T05:00:00-00:00,2017-09-14,22,0,TH_ZP26_GEN-APND,TH_ZP26_GEN-APND,TH_ZP26_GEN-APND,DAM,MCE,LMP_ENE_PRC,TH_ZP26_GEN-APND,ALL_APNODES,0,36.73194,275
2017-09-14T21:00:00-00:00,2017-09-14T22:00:00-00:00,2017-09-14,15,0,TH_ZP26_GEN-APND,TH_ZP26_GEN-APND,TH_ZP26_GEN-APND,DAM,MCE,LMP_ENE_PRC,TH_ZP26_GEN-APND,ALL_APNODES,0,28.27688,275
2017-09-14T12:00:00-00:00,2017-09-14T13:00:00-00:00,2017-09-14,6,0,TH_ZP26_GEN-APND,TH_ZP26_GEN-APND,TH_ZP26_GEN-APND,DAM,MCE,LMP_ENE_PRC,TH_ZP26_GEN-APND,ALL_APNODES,0,31.19146,275
2017-09-15T05:00:00-00:00,2017-09-15T06:00:00-00:00,2017-09-14,23,0,TH_ZP26_GEN-APND,TH_ZP26_GEN-APND,TH_ZP26_GEN-APND,DAM,MCL,LMP_LOSS_PRC,TH_ZP26_GEN-APND,ALL_APNODES,0,-1.47511,276
2017-09-14T20:00:00-00:00,2017-09-14T21:00:00-00:00,2017-09-14,14,0,TH_ZP26_GEN-APND,TH_ZP26_GEN-APND,TH_ZP26_GEN-APND,DAM,MCL,LMP_LOSS_PRC,TH_ZP26_GEN-APND,ALL_APNODES,0,-1.77507,276
2017-09-14T14:00:00-00:00,2017-09-14T15:00:00-00:00,2017-09-14,8,0,TH_ZP26_GEN-APND,TH_ZP26_GEN-APND,TH_ZP26_GEN-APND,DAM,MCL,LMP_LOSS_PRC,TH_ZP26_GEN-APND,ALL_APNODES,0,-1.84921,276
2017-09-14T07:00:00-00:00,2017-09-14T08:00:00-00:00,2017-09-14,1,0,TH_ZP26_GEN-APND,TH_ZP26_GEN-APND,TH_ZP26_GEN-APND,DAM,MCL,LMP_LOSS_PRC,TH_ZP26_GEN-APND,ALL_APNODES,0,-1.11701,276
2017-09-14T09:00:00-00:00,2017-09-14T10:00:00-00:00,2017-09-14,3,0,TH_ZP26_GEN-APND,TH_ZP26_GEN-APND,TH_ZP26_GEN-APND,DAM,MCL,LMP_LOSS_PRC,TH_ZP26_GEN-APND,ALL_APNODES,0,-0.95367,276
2017-09-14T13:00:00-00:00,2017-09-14T14:00:00-00:00,2017-09-14,7,0,TH_ZP26_GEN-APND,TH_ZP26_GEN-APND,TH_ZP26_GEN-APND,DAM,MCL,LMP_LOSS_PRC,TH_ZP26_GEN-APND,ALL_APNODES,0,-1.6986,276
2017-09-14T17:00:00-00:00,2017-09-14T18:00:00-00:00,2017-09-14,11,0,TH_ZP26_GEN-APND,TH_ZP26_GEN-APND,TH_ZP26_GEN-APND,DAM,MCL,LMP_LOSS_PRC,TH_ZP26_GEN-APND,ALL_APNODES,0,-1.66047,276
2017-09-15T00:00:00-00:00,2017-09-15T01:00:00-00:00,2017-09-14,18,0,TH_ZP26_GEN-APND,TH_ZP26_GEN-APND,TH_ZP26_GEN-APND,DAM,MCL,LMP_LOSS_PRC,TH_ZP26_GEN-APND,ALL_APNODES,0,-2.00323,276
2017-09-14T11:00:00-00:00,2017-09-14T12:00:00-00:00,2017-09-14,5,0,TH_ZP26_GEN-APND,TH_ZP26_GEN-APND,TH_ZP26_GEN-APND,DAM,MCL,LMP_LOSS_PRC,TH_ZP26_GEN-APND,ALL_APNODES,0,-1.00796,276
2017-09-14T18:00:00-00:00,2017-09-14T19:00:00-00:00,2017-09-14,12,0,TH_ZP26_GEN-APND,TH_ZP26_GEN-APND,TH_ZP26_GEN-APND,DAM,MCL,LMP_LOSS_PRC,TH_ZP26_GEN-APND,ALL_APNODES,0,-1.72709,276
2017-09-14T19:00:00-00:00,2017-09-14T20:00:00-00:00,2017-09-14,13,0,TH_ZP26_GEN-APND,TH_ZP26_GEN-APND,TH_ZP26_GEN-APND,DAM,MCL,LMP_LOSS_PRC,TH_ZP26_GEN-APND,ALL_APNODES,0,-1.64731,276
2017-09-14T08:00:00-00:00,2017-09-14T09:00:00-00:00,2017-09-14,2,0,TH_ZP26_GEN-APND,TH_ZP26_GEN-APND,TH_ZP26_GEN-APND,DAM,MCL,LMP_LOSS_PRC,TH_ZP26_GEN-APND,ALL_APNODES,0,-1.0031,276
2017-09-14T23:00:00-00:00,2017-09-15T00:00:00-00:00,2017-09-14,17,0,TH_ZP26_GEN-APND,TH_ZP26_GEN-APND,TH_ZP26_GEN-APND,DAM,MCL,LMP_LOSS_PRC,TH_ZP26_GEN-APND,ALL_APNODES,0,-1.94499,276
2017-09-14T16:00:00-00:00,2017-09-14T17:00:00-00:00,2017-09-14,10,0,TH_ZP26_GEN-APND,TH_ZP26_GEN-APND,TH_ZP26_GEN-APND,DAM,MCL,LMP_LOSS_PRC,TH_ZP26_GEN-APND,ALL_APNODES,0,-1.59321,276
2017-09-15T01:00:00-00:00,2017-09-15T02:00:00-00:00,2017-09-14,19,0,TH_ZP26_GEN-APND,TH_ZP26_GEN-APND,TH_ZP26_GEN-APND,DAM,MCL,LMP_LOSS_PRC,TH_ZP26_GEN-APND,ALL_APNODES,0,-2.27245,276
2017-09-15T04:00:00-00:00,2017-09-15T05:00:00-00:00,2017-09-14,22,0,TH_ZP26_GEN-APND,TH_ZP26_GEN-APND,TH_ZP26_GEN-APND,DAM,MCL,LMP_LOSS_PRC,TH_ZP26_GEN-APND,ALL_APNODES,0,-1.46928,276
2017-09-15T06:00:00-00:00,2017-09-15T07:00:00-00:00,2017-09-14,24,0,TH_ZP26_GEN-APND,TH_ZP26_GEN-APND,TH_ZP26_GEN-APND,DAM,MCL,LMP_LOSS_PRC,TH_ZP26_GEN-APND,ALL_APNODES,0,-1.3504,276
2017-09-14T15:00:00-00:00,2017-09-14T16:00:00-00:00,2017-09-14,9,0,TH_ZP26_GEN-APND,TH_ZP26_GEN-APND,TH_ZP26_GEN-APND,DAM,MCL,LMP_LOSS_PRC,TH_ZP26_GEN-APND,ALL_APNODES,0,-1.60388,276
2017-09-14T10:00:00-00:00,2017-09-14T11:00:00-00:00,2017-09-14,4,0,TH_ZP26_GEN-APND,TH_ZP26_GEN-APND,TH_ZP26_GEN-APND,DAM,MCL,LMP_LOSS_PRC,TH_ZP26_GEN-APND,ALL_APNODES,0,-0.95631,276
2017-09-15T02:00:00-00:00,2017-09-15T03:00:00-00:00,2017-09-14,20,0,TH_ZP26_GEN-APND,TH_ZP26_GEN-APND,TH_ZP26_GEN-APND,DAM,MCL,LMP_LOSS_PRC,TH_ZP26_GEN-APND,ALL_APNODES,0,-2.3777,276
2017-09-14T21:00:00-00:00,2017-09-14T22:00:00-00:00,2017-09-14,15,0,TH_ZP26_GEN-APND,TH_ZP26_GEN-APND,TH_ZP26_GEN-APND,DAM,MCL,LMP_LOSS_PRC,TH_ZP26_GEN-APND,ALL_APNODES,0,-1.75317,276
2017-09-14T22:00:00-00:00,2017-09-14T23:00:00-00:00,2017-09-14,16,0,TH_ZP26_GEN-APND,TH_ZP26_GEN-APND,TH_ZP26_GEN-APND,DAM,MCL,LMP_LOSS_PRC,TH_ZP26_GEN-APND,ALL_APNODES,0,-1.80246,276
2017-09-15T03:00:00-00:00,2017-09-15T04:00:00-00:00,2017-09-14,21,0,TH_ZP26_GEN-APND,TH_ZP26_GEN-APND,TH_ZP26_GEN-APND,DAM,MCL,LMP_LOSS_PRC,TH_ZP26_GEN-APND,ALL_APNODES,0,-2.04492,276
2017-09-14T12:00:00-00:00,2017-09-14T13:00:00-00:00,2017-09-14,6,0,TH_ZP26_GEN-APND,TH_ZP26_GEN-APND,TH_ZP26_GEN-APND,DAM,MCL,LMP_LOSS_PRC,TH_ZP26_GEN-APND,ALL_APNODES,0,-1.19463,276
2017-09-14T10:00:00-00:00,2017-09-14T11:00:00-00:00,2017-09-14,4,0,URBAN_6_N005,URBAN_6_N005,URBAN_6_N005,DAM,LMP,LMP_PRC,URBAN_6_N005,ALL,1,25.91427,277
2017-09-14T20:00:00-00:00,2017-09-14T21:00:00-00:00,2017-09-14,14,0,URBAN_6_N005,URBAN_6_N005,URBAN_6_N005,DAM,LMP,LMP_PRC,URBAN_6_N005,ALL,1,22.21766,277
2017-09-14T21:00:00-00:00,2017-09-14T22:00:00-00:00,2017-09-14,15,0,URBAN_6_N005,URBAN_6_N005,URBAN_6_N005,DAM,LMP,LMP_PRC,URBAN_6_N005,ALL,1,22.93586,277
2017-09-14T11:00:00-00:00,2017-09-14T12:00:00-00:00,2017-09-14,5,0,URBAN_6_N005,URBAN_6_N005,URBAN_6_N005,DAM,LMP,LMP_PRC,URBAN_6_N005,ALL,1,26.3736,277
2017-09-14T15:00:00-00:00,2017-09-14T16:00:00-00:00,2017-09-14,9,0,URBAN_6_N005,URBAN_6_N005,URBAN_6_N005,DAM,LMP,LMP_PRC,URBAN_6_N005,ALL,1,24.78825,277
2017-09-14T17:00:00-00:00,2017-09-14T18:00:00-00:00,2017-09-14,11,0,URBAN_6_N005,URBAN_6_N005,URBAN_6_N005,DAM,LMP,LMP_PRC,URBAN_6_N005,ALL,1,8.26766,277
2017-09-14T08:00:00-00:00,2017-09-14T09:00:00-00:00,2017-09-14,2,0,URBAN_6_N005,URBAN_6_N005,URBAN_6_N005,DAM,LMP,LMP_PRC,URBAN_6_N005,ALL,1,27.73207,277
2017-09-15T01:00:00-00:00,2017-09-15T02:00:00-00:00,2017-09-14,19,0,URBAN_6_N005,URBAN_6_N005,URBAN_6_N005,DAM,LMP,LMP_PRC,URBAN_6_N005,ALL,1,51.3964,277
2017-09-15T04:00:00-00:00,2017-09-15T05:00:00-00:00,2017-09-14,22,0,URBAN_6_N005,URBAN_6_N005,URBAN_6_N005,DAM,LMP,LMP_PRC,URBAN_6_N005,ALL,1,36.52992,277
2017-09-14T12:00:00-00:00,2017-09-14T13:00:00-00:00,2017-09-14,6,0,URBAN_6_N005,URBAN_6_N005,URBAN_6_N005,DAM,LMP,LMP_PRC,URBAN_6_N005,ALL,1,30.87954,277
2017-09-14T19:00:00-00:00,2017-09-14T20:00:00-00:00,2017-09-14,13,0,URBAN_6_N005,URBAN_6_N005,URBAN_6_N005,DAM,LMP,LMP_PRC,URBAN_6_N005,ALL,1,14.85536,277
2017-09-14T23:00:00-00:00,2017-09-15T00:00:00-00:00,2017-09-14,17,0,URBAN_6_N005,URBAN_6_N005,URBAN_6_N005,DAM,LMP,LMP_PRC,URBAN_6_N005,ALL,1,30.12046,277
2017-09-15T03:00:00-00:00,2017-09-15T04:00:00-00:00,2017-09-14,21,0,URBAN_6_N005,URBAN_6_N005,URBAN_6_N005,DAM,LMP,LMP_PRC,URBAN_6_N005,ALL,1,51.20041,277
2017-09-15T05:00:00-00:00,2017-09-15T06:00:00-00:00,2017-09-14,23,0,URBAN_6_N005,URBAN_6_N005,URBAN_6_N005,DAM,LMP,LMP_PRC,URBAN_6_N005,ALL,1,34.56113,277
2017-09-15T02:00:00-00:00,2017-09-15T03:00:00-00:00,2017-09-14,20,0,URBAN_6_N005,URBAN_6_N005,URBAN_6_N005,DAM,LMP,LMP_PRC,URBAN_6_N005,ALL,1,55.22686,277
2017-09-15T06:00:00-00:00,2017-09-15T07:00:00-00:00,2017-09-14,24,0,URBAN_6_N005,URBAN_6_N005,URBAN_6_N005,DAM,LMP,LMP_PRC,URBAN_6_N005,ALL,1,31.83408,277
2017-09-14T16:00:00-00:00,2017-09-14T17:00:00-00:00,2017-09-14,10,0,URBAN_6_N005,URBAN_6_N005,URBAN_6_N005,DAM,LMP,LMP_PRC,URBAN_6_N005,ALL,1,8.19956,277
2017-09-14T18:00:00-00:00,2017-09-14T19:00:00-00:00,2017-09-14,12,0,URBAN_6_N005,URBAN_6_N005,URBAN_6_N005,DAM,LMP,LMP_PRC,URBAN_6_N005,ALL,1,14.48518,277
2017-09-14T07:00:00-00:00,2017-09-14T08:00:00-00:00,2017-09-14,1,0,URBAN_6_N005,URBAN_6_N005,URBAN_6_N005,DAM,LMP,LMP_PRC,URBAN_6_N005,ALL,1,29.46643,277
2017-09-14T09:00:00-00:00,2017-09-14T10:00:00-00:00,2017-09-14,3,0,URBAN_6_N005,URBAN_6_N005,URBAN_6_N005,DAM,LMP,LMP_PRC,URBAN_6_N005,ALL,1,26.24304,277
2017-09-14T22:00:00-00:00,2017-09-14T23:00:00-00:00,2017-09-14,16,0,URBAN_6_N005,URBAN_6_N005,URBAN_6_N005,DAM,LMP,LMP_PRC,URBAN_6_N005,ALL,1,28.96637,277
2017-09-14T14:00:00-00:00,2017-09-14T15:00:00-00:00,2017-09-14,8,0,URBAN_6_N005,URBAN_6_N005,URBAN_6_N005,DAM,LMP,LMP_PRC,URBAN_6_N005,ALL,1,35.06587,277
2017-09-15T00:00:00-00:00,2017-09-15T01:00:00-00:00,2017-09-14,18,0,URBAN_6_N005,URBAN_6_N005,URBAN_6_N005,DAM,LMP,LMP_PRC,URBAN_6_N005,ALL,1,36.49592,277
2017-09-14T13:00:00-00:00,2017-09-14T14:00:00-00:00,2017-09-14,7,0,URBAN_6_N005,URBAN_6_N005,URBAN_6_N005,DAM,LMP,LMP_PRC,URBAN_6_N005,ALL,1,44.2442,277
2017-09-15T06:00:00-00:00,2017-09-15T07:00:00-00:00,2017-09-14,24,0,URBAN_6_N005,URBAN_6_N005,URBAN_6_N005,DAM,MCC,LMP_CONG_PRC,URBAN_6_N005,ALL,1,0,278
2017-09-15T03:00:00-00:00,2017-09-15T04:00:00-00:00,2017-09-14,21,0,URBAN_6_N005,URBAN_6_N005,URBAN_6_N005,DAM,MCC,LMP_CONG_PRC,URBAN_6_N005,ALL,1,0,278
2017-09-14T23:00:00-00:00,2017-09-15T00:00:00-00:00,2017-09-14,17,0,URBAN_6_N005,URBAN_6_N005,URBAN_6_N005,DAM,MCC,LMP_CONG_PRC,URBAN_6_N005,ALL,1,-4.5162,278
2017-09-15T01:00:00-00:00,2017-09-15T02:00:00-00:00,2017-09-14,19,0,URBAN_6_N005,URBAN_6_N005,URBAN_6_N005,DAM,MCC,LMP_CONG_PRC,URBAN_6_N005,ALL,1,-0.69163,278
2017-09-14T13:00:00-00:00,2017-09-14T14:00:00-00:00,2017-09-14,7,0,URBAN_6_N005,URBAN_6_N005,URBAN_6_N005,DAM,MCC,LMP_CONG_PRC,URBAN_6_N005,ALL,1,0,278
2017-09-14T21:00:00-00:00,2017-09-14T22:00:00-00:00,2017-09-14,15,0,URBAN_6_N005,URBAN_6_N005,URBAN_6_N005,DAM,MCC,LMP_CONG_PRC,URBAN_6_N005,ALL,1,-5.27598,278
2017-09-15T02:00:00-00:00,2017-09-15T03:00:00-00:00,2017-09-14,20,0,URBAN_6_N005,URBAN_6_N005,URBAN_6_N005,DAM,MCC,LMP_CONG_PRC,URBAN_6_N005,ALL,1,-3.07403,278
2017-09-14T15:00:00-00:00,2017-09-14T16:00:00-00:00,2017-09-14,9,0,URBAN_6_N005,URBAN_6_N005,URBAN_6_N005,DAM,MCC,LMP_CONG_PRC,URBAN_6_N005,ALL,1,-4.61125,278
2017-09-14T16:00:00-00:00,2017-09-14T17:00:00-00:00,2017-09-14,10,0,URBAN_6_N005,URBAN_6_N005,URBAN_6_N005,DAM,MCC,LMP_CONG_PRC,URBAN_6_N005,ALL,1,-18.63901,278
2017-09-14T17:00:00-00:00,2017-09-14T18:00:00-00:00,2017-09-14,11,0,URBAN_6_N005,URBAN_6_N005,URBAN_6_N005,DAM,MCC,LMP_CONG_PRC,URBAN_6_N005,ALL,1,-18.15725,278
2017-09-14T19:00:00-00:00,2017-09-14T20:00:00-00:00,2017-09-14,13,0,URBAN_6_N005,URBAN_6_N005,URBAN_6_N005,DAM,MCC,LMP_CONG_PRC,URBAN_6_N005,ALL,1,-11.25381,278
2017-09-15T05:00:00-00:00,2017-09-15T06:00:00-00:00,2017-09-14,23,0,URBAN_6_N005,URBAN_6_N005,URBAN_6_N005,DAM,MCC,LMP_CONG_PRC,URBAN_6_N005,ALL,1,0,278
2017-09-14T12:00:00-00:00,2017-09-14T13:00:00-00:00,2017-09-14,6,0,URBAN_6_N005,URBAN_6_N005,URBAN_6_N005,DAM,MCC,LMP_CONG_PRC,URBAN_6_N005,ALL,1,0,278
2017-09-14T09:00:00-00:00,2017-09-14T10:00:00-00:00,2017-09-14,3,0,URBAN_6_N005,URBAN_6_N005,URBAN_6_N005,DAM,MCC,LMP_CONG_PRC,URBAN_6_N005,ALL,1,0,278
2017-09-14T22:00:00-00:00,2017-09-14T23:00:00-00:00,2017-09-14,16,0,URBAN_6_N005,URBAN_6_N005,URBAN_6_N005,DAM,MCC,LMP_CONG_PRC,URBAN_6_N005,ALL,1,-1.16011,278
2017-09-15T04:00:00-00:00,2017-09-15T05:00:00-00:00,2017-09-14,22,0,URBAN_6_N005,URBAN_6_N005,URBAN_6_N005,DAM,MCC,LMP_CONG_PRC,URBAN_6_N005,ALL,1,0,278
2017-09-14T11:00:00-00:00,2017-09-14T12:00:00-00:00,2017-09-14,5,0,URBAN_6_N005,URBAN_6_N005,URBAN_6_N005,DAM,MCC,LMP_CONG_PRC,URBAN_6_N005,ALL,1,0,278
2017-09-14T08:00:00-00:00,2017-09-14T09:00:00-00:00,2017-09-14,2,0,URBAN_6_N005,URBAN_6_N005,URBAN_6_N005,DAM,MCC,LMP_CONG_PRC,URBAN_6_N005,ALL,1,0,278
2017-09-14T14:00:00-00:00,2017-09-14T15:00:00-00:00,2017-09-14,8,0,URBAN_6_N005,URBAN_6_N005,URBAN_6_N005,DAM,MCC,LMP_CONG_PRC,URBAN_6_N005,ALL,1,-7.4312,278
2017-09-14T07:00:00-00:00,2017-09-14T08:00:00-00:00,2017-09-14,1,0,URBAN_6_N005,URBAN_6_N005,URBAN_6_N005,DAM,MCC,LMP_CONG_PRC,URBAN_6_N005,ALL,1,0,278
2017-09-14T10:00:00-00:00,2017-09-14T11:00:00-00:00,2017-09-14,4,0,URBAN_6_N005,URBAN_6_N005,URBAN_6_N005,DAM,MCC,LMP_CONG_PRC,URBAN_6_N005,ALL,1,0,278
2017-09-14T18:00:00-00:00,2017-09-14T19:00:00-00:00,2017-09-14,12,0,URBAN_6_N005,URBAN_6_N005,URBAN_6_N005,DAM,MCC,LMP_CONG_PRC,URBAN_6_N005,ALL,1,-12.91462,278
2017-09-15T00:00:00-00:00,2017-09-15T01:00:00-00:00,2017-09-14,18,0,URBAN_6_N005,URBAN_6_N005,URBAN_6_N005,DAM,MCC,LMP_CONG_PRC,URBAN_6_N005,ALL,1,-2.37452,278
2017-09-14T20:00:00-00:00,2017-09-14T21:00:00-00:00,2017-09-14,14,0,URBAN_6_N005,URBAN_6_N005,URBAN_6_N005,DAM,MCC,LMP_CONG_PRC,URBAN_6_N005,ALL,1,-5.63463,278
2017-09-15T03:00:00-00:00,2017-09-15T04:00:00-00:00,2017-09-14,21,0,URBAN_6_N005,URBAN_6_N005,URBAN_6_N005,DAM,MCE,LMP_ENE_PRC,URBAN_6_N005,ALL,1,51.63934,279
2017-09-14T11:00:00-00:00,2017-09-14T12:00:00-00:00,2017-09-14,5,0,URBAN_6_N005,URBAN_6_N005,URBAN_6_N005,DAM,MCE,LMP_ENE_PRC,URBAN_6_N005,ALL,1,26.45561,279
2017-09-14T12:00:00-00:00,2017-09-14T13:00:00-00:00,2017-09-14,6,0,URBAN_6_N005,URBAN_6_N005,URBAN_6_N005,DAM,MCE,LMP_ENE_PRC,URBAN_6_N005,ALL,1,31.19146,279
2017-09-14T15:00:00-00:00,2017-09-14T16:00:00-00:00,2017-09-14,9,0,URBAN_6_N005,URBAN_6_N005,URBAN_6_N005,DAM,MCE,LMP_ENE_PRC,URBAN_6_N005,ALL,1,29.92316,279
2017-09-15T05:00:00-00:00,2017-09-15T06:00:00-00:00,2017-09-14,23,0,URBAN_6_N005,URBAN_6_N005,URBAN_6_N005,DAM,MCE,LMP_ENE_PRC,URBAN_6_N005,ALL,1,35.20539,279
2017-09-14T13:00:00-00:00,2017-09-14T14:00:00-00:00,2017-09-14,7,0,URBAN_6_N005,URBAN_6_N005,URBAN_6_N005,DAM,MCE,LMP_ENE_PRC,URBAN_6_N005,ALL,1,44.81787,279
2017-09-14T21:00:00-00:00,2017-09-14T22:00:00-00:00,2017-09-14,15,0,URBAN_6_N005,URBAN_6_N005,URBAN_6_N005,DAM,MCE,LMP_ENE_PRC,URBAN_6_N005,ALL,1,28.27688,279
2017-09-15T01:00:00-00:00,2017-09-15T02:00:00-00:00,2017-09-14,19,0,URBAN_6_N005,URBAN_6_N005,URBAN_6_N005,DAM,MCE,LMP_ENE_PRC,URBAN_6_N005,ALL,1,52.48164,279
2017-09-14T20:00:00-00:00,2017-09-14T21:00:00-00:00,2017-09-14,14,0,URBAN_6_N005,URBAN_6_N005,URBAN_6_N005,DAM,MCE,LMP_ENE_PRC,URBAN_6_N005,ALL,1,27.99788,279
2017-09-14T10:00:00-00:00,2017-09-14T11:00:00-00:00,2017-09-14,4,0,URBAN_6_N005,URBAN_6_N005,URBAN_6_N005,DAM,MCE,LMP_ENE_PRC,URBAN_6_N005,ALL,1,26.05758,279
2017-09-14T14:00:00-00:00,2017-09-14T15:00:00-00:00,2017-09-14,8,0,URBAN_6_N005,URBAN_6_N005,URBAN_6_N005,DAM,MCE,LMP_ENE_PRC,URBAN_6_N005,ALL,1,43.40865,279
2017-09-14T08:00:00-00:00,2017-09-14T09:00:00-00:00,2017-09-14,2,0,URBAN_6_N005,URBAN_6_N005,URBAN_6_N005,DAM,MCE,LMP_ENE_PRC,URBAN_6_N005,ALL,1,27.94163,279
2017-09-14T09:00:00-00:00,2017-09-14T10:00:00-00:00,2017-09-14,3,0,URBAN_6_N005,URBAN_6_N005,URBAN_6_N005,DAM,MCE,LMP_ENE_PRC,URBAN_6_N005,ALL,1,26.41739,279
2017-09-14T23:00:00-00:00,2017-09-15T00:00:00-00:00,2017-09-14,17,0,URBAN_6_N005,URBAN_6_N005,URBAN_6_N005,DAM,MCE,LMP_ENE_PRC,URBAN_6_N005,ALL,1,34.54685,279
2017-09-14T16:00:00-00:00,2017-09-14T17:00:00-00:00,2017-09-14,10,0,URBAN_6_N005,URBAN_6_N005,URBAN_6_N005,DAM,MCE,LMP_ENE_PRC,URBAN_6_N005,ALL,1,27.32774,279
2017-09-14T17:00:00-00:00,2017-09-14T18:00:00-00:00,2017-09-14,11,0,URBAN_6_N005,URBAN_6_N005,URBAN_6_N005,DAM,MCE,LMP_ENE_PRC,URBAN_6_N005,ALL,1,26.91201,279
2017-09-14T18:00:00-00:00,2017-09-14T19:00:00-00:00,2017-09-14,12,0,URBAN_6_N005,URBAN_6_N005,URBAN_6_N005,DAM,MCE,LMP_ENE_PRC,URBAN_6_N005,ALL,1,27.81141,279
2017-09-14T19:00:00-00:00,2017-09-14T20:00:00-00:00,2017-09-14,13,0,URBAN_6_N005,URBAN_6_N005,URBAN_6_N005,DAM,MCE,LMP_ENE_PRC,URBAN_6_N005,ALL,1,26.35692,279
2017-09-14T22:00:00-00:00,2017-09-14T23:00:00-00:00,2017-09-14,16,0,URBAN_6_N005,URBAN_6_N005,URBAN_6_N005,DAM,MCE,LMP_ENE_PRC,URBAN_6_N005,ALL,1,30.14155,279
2017-09-15T00:00:00-00:00,2017-09-15T01:00:00-00:00,2017-09-14,18,0,URBAN_6_N005,URBAN_6_N005,URBAN_6_N005,DAM,MCE,LMP_ENE_PRC,URBAN_6_N005,ALL,1,38.89767,279
2017-09-15T02:00:00-00:00,2017-09-15T03:00:00-00:00,2017-09-14,20,0,URBAN_6_N005,URBAN_6_N005,URBAN_6_N005,DAM,MCE,LMP_ENE_PRC,URBAN_6_N005,ALL,1,59.14669,279
2017-09-15T04:00:00-00:00,2017-09-15T05:00:00-00:00,2017-09-14,22,0,URBAN_6_N005,URBAN_6_N005,URBAN_6_N005,DAM,MCE,LMP_ENE_PRC,URBAN_6_N005,ALL,1,36.73194,279
2017-09-14T07:00:00-00:00,2017-09-14T08:00:00-00:00,2017-09-14,1,0,URBAN_6_N005,URBAN_6_N005,URBAN_6_N005,DAM,MCE,LMP_ENE_PRC,URBAN_6_N005,ALL,1,29.86664,279
2017-09-15T06:00:00-00:00,2017-09-15T07:00:00-00:00,2017-09-14,24,0,URBAN_6_N005,URBAN_6_N005,URBAN_6_N005,DAM,MCE,LMP_ENE_PRC,URBAN_6_N005,ALL,1,32.15239,279
2017-09-15T05:00:00-00:00,2017-09-15T06:00:00-00:00,2017-09-14,23,0,URBAN_6_N005,URBAN_6_N005,URBAN_6_N005,DAM,MCL,LMP_LOSS_PRC,URBAN_6_N005,ALL,1,-0.64426,280
2017-09-15T02:00:00-00:00,2017-09-15T03:00:00-00:00,2017-09-14,20,0,URBAN_6_N005,URBAN_6_N005,URBAN_6_N005,DAM,MCL,LMP_LOSS_PRC,URBAN_6_N005,ALL,1,-0.8458,280
2017-09-14T12:00:00-00:00,2017-09-14T13:00:00-00:00,2017-09-14,6,0,URBAN_6_N005,URBAN_6_N005,URBAN_6_N005,DAM,MCL,LMP_LOSS_PRC,URBAN_6_N005,ALL,1,-0.31191,280
2017-09-14T22:00:00-00:00,2017-09-14T23:00:00-00:00,2017-09-14,16,0,URBAN_6_N005,URBAN_6_N005,URBAN_6_N005,DAM,MCL,LMP_LOSS_PRC,URBAN_6_N005,ALL,1,-0.01507,280
2017-09-14T08:00:00-00:00,2017-09-14T09:00:00-00:00,2017-09-14,2,0,URBAN_6_N005,URBAN_6_N005,URBAN_6_N005,DAM,MCL,LMP_LOSS_PRC,URBAN_6_N005,ALL,1,-0.20956,280
2017-09-14T15:00:00-00:00,2017-09-14T16:00:00-00:00,2017-09-14,9,0,URBAN_6_N005,URBAN_6_N005,URBAN_6_N005,DAM,MCL,LMP_LOSS_PRC,URBAN_6_N005,ALL,1,-0.52366,280
2017-09-14T16:00:00-00:00,2017-09-14T17:00:00-00:00,2017-09-14,10,0,URBAN_6_N005,URBAN_6_N005,URBAN_6_N005,DAM,MCL,LMP_LOSS_PRC,URBAN_6_N005,ALL,1,-0.48917,280
2017-09-14T17:00:00-00:00,2017-09-14T18:00:00-00:00,2017-09-14,11,0,URBAN_6_N005,URBAN_6_N005,URBAN_6_N005,DAM,MCL,LMP_LOSS_PRC,URBAN_6_N005,ALL,1,-0.48711,280
2017-09-15T03:00:00-00:00,2017-09-15T04:00:00-00:00,2017-09-14,21,0,URBAN_6_N005,URBAN_6_N005,URBAN_6_N005,DAM,MCL,LMP_LOSS_PRC,URBAN_6_N005,ALL,1,-0.43893,280
2017-09-14T11:00:00-00:00,2017-09-14T12:00:00-00:00,2017-09-14,5,0,URBAN_6_N005,URBAN_6_N005,URBAN_6_N005,DAM,MCL,LMP_LOSS_PRC,URBAN_6_N005,ALL,1,-0.08201,280
2017-09-14T14:00:00-00:00,2017-09-14T15:00:00-00:00,2017-09-14,8,0,URBAN_6_N005,URBAN_6_N005,URBAN_6_N005,DAM,MCL,LMP_LOSS_PRC,URBAN_6_N005,ALL,1,-0.91158,280
2017-09-14T21:00:00-00:00,2017-09-14T22:00:00-00:00,2017-09-14,15,0,URBAN_6_N005,URBAN_6_N005,URBAN_6_N005,DAM,MCL,LMP_LOSS_PRC,URBAN_6_N005,ALL,1,-0.06504,280
2017-09-14T07:00:00-00:00,2017-09-14T08:00:00-00:00,2017-09-14,1,0,URBAN_6_N005,URBAN_6_N005,URBAN_6_N005,DAM,MCL,LMP_LOSS_PRC,URBAN_6_N005,ALL,1,-0.40021,280
2017-09-14T10:00:00-00:00,2017-09-14T11:00:00-00:00,2017-09-14,4,0,URBAN_6_N005,URBAN_6_N005,URBAN_6_N005,DAM,MCL,LMP_LOSS_PRC,URBAN_6_N005,ALL,1,-0.14332,280
2017-09-14T23:00:00-00:00,2017-09-15T00:00:00-00:00,2017-09-14,17,0,URBAN_6_N005,URBAN_6_N005,URBAN_6_N005,DAM,MCL,LMP_LOSS_PRC,URBAN_6_N005,ALL,1,0.08982,280
2017-09-15T04:00:00-00:00,2017-09-15T05:00:00-00:00,2017-09-14,22,0,URBAN_6_N005,URBAN_6_N005,URBAN_6_N005,DAM,MCL,LMP_LOSS_PRC,URBAN_6_N005,ALL,1,-0.20203,280
2017-09-14T18:00:00-00:00,2017-09-14T19:00:00-00:00,2017-09-14,12,0,URBAN_6_N005,URBAN_6_N005,URBAN_6_N005,DAM,MCL,LMP_LOSS_PRC,URBAN_6_N005,ALL,1,-0.41161,280
2017-09-14T19:00:00-00:00,2017-09-14T20:00:00-00:00,2017-09-14,13,0,URBAN_6_N005,URBAN_6_N005,URBAN_6_N005,DAM,MCL,LMP_LOSS_PRC,URBAN_6_N005,ALL,1,-0.24776,280
2017-09-14T20:00:00-00:00,2017-09-14T21:00:00-00:00,2017-09-14,14,0,URBAN_6_N005,URBAN_6_N005,URBAN_6_N005,DAM,MCL,LMP_LOSS_PRC,URBAN_6_N005,ALL,1,-0.14559,280
2017-09-15T00:00:00-00:00,2017-09-15T01:00:00-00:00,2017-09-14,18,0,URBAN_6_N005,URBAN_6_N005,URBAN_6_N005,DAM,MCL,LMP_LOSS_PRC,URBAN_6_N005,ALL,1,-0.02723,280
2017-09-15T01:00:00-00:00,2017-09-15T02:00:00-00:00,2017-09-14,19,0,URBAN_6_N005,URBAN_6_N005,URBAN_6_N005,DAM,MCL,LMP_LOSS_PRC,URBAN_6_N005,ALL,1,-0.39361,280
2017-09-14T13:00:00-00:00,2017-09-14T14:00:00-00:00,2017-09-14,7,0,URBAN_6_N005,URBAN_6_N005,URBAN_6_N005,DAM,MCL,LMP_LOSS_PRC,URBAN_6_N005,ALL,1,-0.57367,280
2017-09-14T09:00:00-00:00,2017-09-14T10:00:00-00:00,2017-09-14,3,0,URBAN_6_N005,URBAN_6_N005,URBAN_6_N005,DAM,MCL,LMP_LOSS_PRC,URBAN_6_N005,ALL,1,-0.17435,280
2017-09-15T06:00:00-00:00,2017-09-15T07:00:00-00:00,2017-09-14,24,0,URBAN_6_N005,URBAN_6_N005,URBAN_6_N005,DAM,MCL,LMP_LOSS_PRC,URBAN_6_N005,ALL,1,-0.31831,280
2017-09-15T19:00:00-00:00,2017-09-15T20:00:00-00:00,2017-09-15,13,0,BAYSHOR2_1_N001,BAYSHOR2_1_N001,BAYSHOR2_1_N001,DAM,LMP,LMP_PRC,BAYSHOR2_1_N001,ALL,1,30.30066,281
2017-09-15T13:00:00-00:00,2017-09-15T14:00:00-00:00,2017-09-15,7,0,BAYSHOR2_1_N001,BAYSHOR2_1_N001,BAYSHOR2_1_N001,DAM,LMP,LMP_PRC,BAYSHOR2_1_N001,ALL,1,43.15794,281
2017-09-15T22:00:00-00:00,2017-09-15T23:00:00-00:00,2017-09-15,16,0,BAYSHOR2_1_N001,BAYSHOR2_1_N001,BAYSHOR2_1_N001,DAM,LMP,LMP_PRC,BAYSHOR2_1_N001,ALL,1,35.7325,281
2017-09-16T02:00:00-00:00,2017-09-16T03:00:00-00:00,2017-09-15,20,0,BAYSHOR2_1_N001,BAYSHOR2_1_N001,BAYSHOR2_1_N001,DAM,LMP,LMP_PRC,BAYSHOR2_1_N001,ALL,1,60.53681,281
2017-09-16T05:00:00-00:00,2017-09-16T06:00:00-00:00,2017-09-15,23,0,BAYSHOR2_1_N001,BAYSHOR2_1_N001,BAYSHOR2_1_N001,DAM,LMP,LMP_PRC,BAYSHOR2_1_N001,ALL,1,34.38277,281
2017-09-15T21:00:00-00:00,2017-09-15T22:00:00-00:00,2017-09-15,15,0,BAYSHOR2_1_N001,BAYSHOR2_1_N001,BAYSHOR2_1_N001,DAM,LMP,LMP_PRC,BAYSHOR2_1_N001,ALL,1,33.19472,281
2017-09-15T10:00:00-00:00,2017-09-15T11:00:00-00:00,2017-09-15,4,0,BAYSHOR2_1_N001,BAYSHOR2_1_N001,BAYSHOR2_1_N001,DAM,LMP,LMP_PRC,BAYSHOR2_1_N001,ALL,1,26.08843,281
2017-09-16T04:00:00-00:00,2017-09-16T05:00:00-00:00,2017-09-15,22,0,BAYSHOR2_1_N001,BAYSHOR2_1_N001,BAYSHOR2_1_N001,DAM,LMP,LMP_PRC,BAYSHOR2_1_N001,ALL,1,38.01508,281
2017-09-16T06:00:00-00:00,2017-09-16T07:00:00-00:00,2017-09-15,24,0,BAYSHOR2_1_N001,BAYSHOR2_1_N001,BAYSHOR2_1_N001,DAM,LMP,LMP_PRC,BAYSHOR2_1_N001,ALL,1,32.17585,281
2017-09-15T14:00:00-00:00,2017-09-15T15:00:00-00:00,2017-09-15,8,0,BAYSHOR2_1_N001,BAYSHOR2_1_N001,BAYSHOR2_1_N001,DAM,LMP,LMP_PRC,BAYSHOR2_1_N001,ALL,1,40.52202,281
2017-09-15T18:00:00-00:00,2017-09-15T19:00:00-00:00,2017-09-15,12,0,BAYSHOR2_1_N001,BAYSHOR2_1_N001,BAYSHOR2_1_N001,DAM,LMP,LMP_PRC,BAYSHOR2_1_N001,ALL,1,30.98318,281
2017-09-15T23:00:00-00:00,2017-09-16T00:00:00-00:00,2017-09-15,17,0,BAYSHOR2_1_N001,BAYSHOR2_1_N001,BAYSHOR2_1_N001,DAM,LMP,LMP_PRC,BAYSHOR2_1_N001,ALL,1,41.7583,281
2017-09-15T16:00:00-00:00,2017-09-15T17:00:00-00:00,2017-09-15,10,0,BAYSHOR2_1_N001,BAYSHOR2_1_N001,BAYSHOR2_1_N001,DAM,LMP,LMP_PRC,BAYSHOR2_1_N001,ALL,1,29.54574,281
2017-09-15T17:00:00-00:00,2017-09-15T18:00:00-00:00,2017-09-15,11,0,BAYSHOR2_1_N001,BAYSHOR2_1_N001,BAYSHOR2_1_N001,DAM,LMP,LMP_PRC,BAYSHOR2_1_N001,ALL,1,28.79773,281
2017-09-15T20:00:00-00:00,2017-09-15T21:00:00-00:00,2017-09-15,14,0,BAYSHOR2_1_N001,BAYSHOR2_1_N001,BAYSHOR2_1_N001,DAM,LMP,LMP_PRC,BAYSHOR2_1_N001,ALL,1,32.19314,281
2017-09-15T07:00:00-00:00,2017-09-15T08:00:00-00:00,2017-09-15,1,0,BAYSHOR2_1_N001,BAYSHOR2_1_N001,BAYSHOR2_1_N001,DAM,LMP,LMP_PRC,BAYSHOR2_1_N001,ALL,1,27.06678,281
2017-09-15T09:00:00-00:00,2017-09-15T10:00:00-00:00,2017-09-15,3,0,BAYSHOR2_1_N001,BAYSHOR2_1_N001,BAYSHOR2_1_N001,DAM,LMP,LMP_PRC,BAYSHOR2_1_N001,ALL,1,27.13172,281
2017-09-15T11:00:00-00:00,2017-09-15T12:00:00-00:00,2017-09-15,5,0,BAYSHOR2_1_N001,BAYSHOR2_1_N001,BAYSHOR2_1_N001,DAM,LMP,LMP_PRC,BAYSHOR2_1_N001,ALL,1,28.11453,281
2017-09-15T15:00:00-00:00,2017-09-15T16:00:00-00:00,2017-09-15,9,0,BAYSHOR2_1_N001,BAYSHOR2_1_N001,BAYSHOR2_1_N001,DAM,LMP,LMP_PRC,BAYSHOR2_1_N001,ALL,1,30.61531,281
2017-09-15T08:00:00-00:00,2017-09-15T09:00:00-00:00,2017-09-15,2,0,BAYSHOR2_1_N001,BAYSHOR2_1_N001,BAYSHOR2_1_N001,DAM,LMP,LMP_PRC,BAYSHOR2_1_N001,ALL,1,26.51094,281
2017-09-16T00:00:00-00:00,2017-09-16T01:00:00-00:00,2017-09-15,18,0,BAYSHOR2_1_N001,BAYSHOR2_1_N001,BAYSHOR2_1_N001,DAM,LMP,LMP_PRC,BAYSHOR2_1_N001,ALL,1,46.05999,281
2017-09-16T01:00:00-00:00,2017-09-16T02:00:00-00:00,2017-09-15,19,0,BAYSHOR2_1_N001,BAYSHOR2_1_N001,BAYSHOR2_1_N001,DAM,LMP,LMP_PRC,BAYSHOR2_1_N001,ALL,1,56.00261,281
2017-09-15T12:00:00-00:00,2017-09-15T13:00:00-00:00,2017-09-15,6,0,BAYSHOR2_1_N001,BAYSHOR2_1_N001,BAYSHOR2_1_N001,DAM,LMP,LMP_PRC,BAYSHOR2_1_N001,ALL,1,31.58838,281
2017-09-16T03:00:00-00:00,2017-09-16T04:00:00-00:00,2017-09-15,21,0,BAYSHOR2_1_N001,BAYSHOR2_1_N001,BAYSHOR2_1_N001,DAM,LMP,LMP_PRC,BAYSHOR2_1_N001,ALL,1,48.26276,281
2017-09-16T01:00:00-00:00,2017-09-16T02:00:00-00:00,2017-09-15,19,0,BAYSHOR2_1_N001,BAYSHOR2_1_N001,BAYSHOR2_1_N001,DAM,MCC,LMP_CONG_PRC,BAYSHOR2_1_N001,ALL,1,0.39471,282
2017-09-15T11:00:00-00:00,2017-09-15T12:00:00-00:00,2017-09-15,5,0,BAYSHOR2_1_N001,BAYSHOR2_1_N001,BAYSHOR2_1_N001,DAM,MCC,LMP_CONG_PRC,BAYSHOR2_1_N001,ALL,1,0,282
2017-09-15T15:00:00-00:00,2017-09-15T16:00:00-00:00,2017-09-15,9,0,BAYSHOR2_1_N001,BAYSHOR2_1_N001,BAYSHOR2_1_N001,DAM,MCC,LMP_CONG_PRC,BAYSHOR2_1_N001,ALL,1,2.83417,282
2017-09-15T19:00:00-00:00,2017-09-15T20:00:00-00:00,2017-09-15,13,0,BAYSHOR2_1_N001,BAYSHOR2_1_N001,BAYSHOR2_1_N001,DAM,MCC,LMP_CONG_PRC,BAYSHOR2_1_N001,ALL,1,6.23986,282
2017-09-15T14:00:00-00:00,2017-09-15T15:00:00-00:00,2017-09-15,8,0,BAYSHOR2_1_N001,BAYSHOR2_1_N001,BAYSHOR2_1_N001,DAM,MCC,LMP_CONG_PRC,BAYSHOR2_1_N001,ALL,1,0,282
2017-09-15T17:00:00-00:00,2017-09-15T18:00:00-00:00,2017-09-15,11,0,BAYSHOR2_1_N001,BAYSHOR2_1_N001,BAYSHOR2_1_N001,DAM,MCC,LMP_CONG_PRC,BAYSHOR2_1_N001,ALL,1,4.48783,282
2017-09-15T22:00:00-00:00,2017-09-15T23:00:00-00:00,2017-09-15,16,0,BAYSHOR2_1_N001,BAYSHOR2_1_N001,BAYSHOR2_1_N001,DAM,MCC,LMP_CONG_PRC,BAYSHOR2_1_N001,ALL,1,7.29672,282
2017-09-15T16:00:00-00:00,2017-09-15T17:00:00-00:00,2017-09-15,10,0,BAYSHOR2_1_N001,BAYSHOR2_1_N001,BAYSHOR2_1_N001,DAM,MCC,LMP_CONG_PRC,BAYSHOR2_1_N001,ALL,1,5.52426,282
2017-09-15T20:00:00-00:00,2017-09-15T21:00:00-00:00,2017-09-15,14,0,BAYSHOR2_1_N001,BAYSHOR2_1_N001,BAYSHOR2_1_N001,DAM,MCC,LMP_CONG_PRC,BAYSHOR2_1_N001,ALL,1,6.55858,282
2017-09-16T06:00:00-00:00,2017-09-16T07:00:00-00:00,2017-09-15,24,0,BAYSHOR2_1_N001,BAYSHOR2_1_N001,BAYSHOR2_1_N001,DAM,MCC,LMP_CONG_PRC,BAYSHOR2_1_N001,ALL,1,0,282
2017-09-15T21:00:00-00:00,2017-09-15T22:00:00-00:00,2017-09-15,15,0,BAYSHOR2_1_N001,BAYSHOR2_1_N001,BAYSHOR2_1_N001,DAM,MCC,LMP_CONG_PRC,BAYSHOR2_1_N001,ALL,1,6.79424,282
2017-09-15T10:00:00-00:00,2017-09-15T11:00:00-00:00,2017-09-15,4,0,BAYSHOR2_1_N001,BAYSHOR2_1_N001,BAYSHOR2_1_N001,DAM,MCC,LMP_CONG_PRC,BAYSHOR2_1_N001,ALL,1,0,282
2017-09-16T00:00:00-00:00,2017-09-16T01:00:00-00:00,2017-09-15,18,0,BAYSHOR2_1_N001,BAYSHOR2_1_N001,BAYSHOR2_1_N001,DAM,MCC,LMP_CONG_PRC,BAYSHOR2_1_N001,ALL,1,6.64374,282
2017-09-16T02:00:00-00:00,2017-09-16T03:00:00-00:00,2017-09-15,20,0,BAYSHOR2_1_N001,BAYSHOR2_1_N001,BAYSHOR2_1_N001,DAM,MCC,LMP_CONG_PRC,BAYSHOR2_1_N001,ALL,1,1.74676,282
2017-09-16T04:00:00-00:00,2017-09-16T05:00:00-00:00,2017-09-15,22,0,BAYSHOR2_1_N001,BAYSHOR2_1_N001,BAYSHOR2_1_N001,DAM,MCC,LMP_CONG_PRC,BAYSHOR2_1_N001,ALL,1,0.64106,282
2017-09-15T18:00:00-00:00,2017-09-15T19:00:00-00:00,2017-09-15,12,0,BAYSHOR2_1_N001,BAYSHOR2_1_N001,BAYSHOR2_1_N001,DAM,MCC,LMP_CONG_PRC,BAYSHOR2_1_N001,ALL,1,6.19003,282
2017-09-15T07:00:00-00:00,2017-09-15T08:00:00-00:00,2017-09-15,1,0,BAYSHOR2_1_N001,BAYSHOR2_1_N001,BAYSHOR2_1_N001,DAM,MCC,LMP_CONG_PRC,BAYSHOR2_1_N001,ALL,1,0,282
2017-09-15T09:00:00-00:00,2017-09-15T10:00:00-00:00,2017-09-15,3,0,BAYSHOR2_1_N001,BAYSHOR2_1_N001,BAYSHOR2_1_N001,DAM,MCC,LMP_CONG_PRC,BAYSHOR2_1_N001,ALL,1,0,282
2017-09-15T13:00:00-00:00,2017-09-15T14:00:00-00:00,2017-09-15,7,0,BAYSHOR2_1_N001,BAYSHOR2_1_N001,BAYSHOR2_1_N001,DAM,MCC,LMP_CONG_PRC,BAYSHOR2_1_N001,ALL,1,0,282
2017-09-16T03:00:00-00:00,2017-09-16T04:00:00-00:00,2017-09-15,21,0,BAYSHOR2_1_N001,BAYSHOR2_1_N001,BAYSHOR2_1_N001,DAM,MCC,LMP_CONG_PRC,BAYSHOR2_1_N001,ALL,1,0.86298,282
2017-09-16T05:00:00-00:00,2017-09-16T06:00:00-00:00,2017-09-15,23,0,BAYSHOR2_1_N001,BAYSHOR2_1_N001,BAYSHOR2_1_N001,DAM,MCC,LMP_CONG_PRC,BAYSHOR2_1_N001,ALL,1,0.05538,282
2017-09-15T12:00:00-00:00,2017-09-15T13:00:00-00:00,2017-09-15,6,0,BAYSHOR2_1_N001,BAYSHOR2_1_N001,BAYSHOR2_1_N001,DAM,MCC,LMP_CONG_PRC,BAYSHOR2_1_N001,ALL,1,0,282
2017-09-15T08:00:00-00:00,2017-09-15T09:00:00-00:00,2017-09-15,2,0,BAYSHOR2_1_N001,BAYSHOR2_1_N001,BAYSHOR2_1_N001,DAM,MCC,LMP_CONG_PRC,BAYSHOR2_1_N001,ALL,1,0,282
2017-09-15T23:00:00-00:00,2017-09-16T00:00:00-00:00,2017-09-15,17,0,BAYSHOR2_1_N001,BAYSHOR2_1_N001,BAYSHOR2_1_N001,DAM,MCC,LMP_CONG_PRC,BAYSHOR2_1_N001,ALL,1,9.21901,282
2017-09-16T05:00:00-00:00,2017-09-16T06:00:00-00:00,2017-09-15,23,0,BAYSHOR2_1_N001,BAYSHOR2_1_N001,BAYSHOR2_1_N001,DAM,MCE,LMP_ENE_PRC,BAYSHOR2_1_N001,ALL,1,33.07708,283
2017-09-15T15:00:00-00:00,2017-09-15T16:00:00-00:00,2017-09-15,9,0,BAYSHOR2_1_N001,BAYSHOR2_1_N001,BAYSHOR2_1_N001,DAM,MCE,LMP_ENE_PRC,BAYSHOR2_1_N001,ALL,1,26.07823,283
2017-09-15T20:00:00-00:00,2017-09-15T21:00:00-00:00,2017-09-15,14,0,BAYSHOR2_1_N001,BAYSHOR2_1_N001,BAYSHOR2_1_N001,DAM,MCE,LMP_ENE_PRC,BAYSHOR2_1_N001,ALL,1,24.16759,283
2017-09-15T14:00:00-00:00,2017-09-15T15:00:00-00:00,2017-09-15,8,0,BAYSHOR2_1_N001,BAYSHOR2_1_N001,BAYSHOR2_1_N001,DAM,MCE,LMP_ENE_PRC,BAYSHOR2_1_N001,ALL,1,38.55568,283
2017-09-15T07:00:00-00:00,2017-09-15T08:00:00-00:00,2017-09-15,1,0,BAYSHOR2_1_N001,BAYSHOR2_1_N001,BAYSHOR2_1_N001,DAM,MCE,LMP_ENE_PRC,BAYSHOR2_1_N001,ALL,1,26.12371,283
2017-09-15T22:00:00-00:00,2017-09-15T23:00:00-00:00,2017-09-15,16,0,BAYSHOR2_1_N001,BAYSHOR2_1_N001,BAYSHOR2_1_N001,DAM,MCE,LMP_ENE_PRC,BAYSHOR2_1_N001,ALL,1,26.96357,283
2017-09-15T21:00:00-00:00,2017-09-15T22:00:00-00:00,2017-09-15,15,0,BAYSHOR2_1_N001,BAYSHOR2_1_N001,BAYSHOR2_1_N001,DAM,MCE,LMP_ENE_PRC,BAYSHOR2_1_N001,ALL,1,24.9532,283
2017-09-16T02:00:00-00:00,2017-09-16T03:00:00-00:00,2017-09-15,20,0,BAYSHOR2_1_N001,BAYSHOR2_1_N001,BAYSHOR2_1_N001,DAM,MCE,LMP_ENE_PRC,BAYSHOR2_1_N001,ALL,1,56.27457,283
2017-09-15T09:00:00-00:00,2017-09-15T10:00:00-00:00,2017-09-15,3,0,BAYSHOR2_1_N001,BAYSHOR2_1_N001,BAYSHOR2_1_N001,DAM,MCE,LMP_ENE_PRC,BAYSHOR2_1_N001,ALL,1,26.35683,283
2017-09-15T16:00:00-00:00,2017-09-15T17:00:00-00:00,2017-09-15,10,0,BAYSHOR2_1_N001,BAYSHOR2_1_N001,BAYSHOR2_1_N001,DAM,MCE,LMP_ENE_PRC,BAYSHOR2_1_N001,ALL,1,22.51944,283
2017-09-16T04:00:00-00:00,2017-09-16T05:00:00-00:00,2017-09-15,22,0,BAYSHOR2_1_N001,BAYSHOR2_1_N001,BAYSHOR2_1_N001,DAM,MCE,LMP_ENE_PRC,BAYSHOR2_1_N001,ALL,1,35.99539,283
2017-09-16T00:00:00-00:00,2017-09-16T01:00:00-00:00,2017-09-15,18,0,BAYSHOR2_1_N001,BAYSHOR2_1_N001,BAYSHOR2_1_N001,DAM,MCE,LMP_ENE_PRC,BAYSHOR2_1_N001,ALL,1,37.443,283
2017-09-15T10:00:00-00:00,2017-09-15T11:00:00-00:00,2017-09-15,4,0,BAYSHOR2_1_N001,BAYSHOR2_1_N001,BAYSHOR2_1_N001,DAM,MCE,LMP_ENE_PRC,BAYSHOR2_1_N001,ALL,1,25.28438,283
2017-09-15T11:00:00-00:00,2017-09-15T12:00:00-00:00,2017-09-15,5,0,BAYSHOR2_1_N001,BAYSHOR2_1_N001,BAYSHOR2_1_N001,DAM,MCE,LMP_ENE_PRC,BAYSHOR2_1_N001,ALL,1,27.31953,283
2017-09-16T06:00:00-00:00,2017-09-16T07:00:00-00:00,2017-09-15,24,0,BAYSHOR2_1_N001,BAYSHOR2_1_N001,BAYSHOR2_1_N001,DAM,MCE,LMP_ENE_PRC,BAYSHOR2_1_N001,ALL,1,30.88783,283
2017-09-15T13:00:00-00:00,2017-09-15T14:00:00-00:00,2017-09-15,7,0,BAYSHOR2_1_N001,BAYSHOR2_1_N001,BAYSHOR2_1_N001,DAM,MCE,LMP_ENE_PRC,BAYSHOR2_1_N001,ALL,1,41.44621,283
2017-09-15T12:00:00-00:00,2017-09-15T13:00:00-00:00,2017-09-15,6,0,BAYSHOR2_1_N001,BAYSHOR2_1_N001,BAYSHOR2_1_N001,DAM,MCE,LMP_ENE_PRC,BAYSHOR2_1_N001,ALL,1,30.49071,283
2017-09-16T03:00:00-00:00,2017-09-16T04:00:00-00:00,2017-09-15,21,0,BAYSHOR2_1_N001,BAYSHOR2_1_N001,BAYSHOR2_1_N001,DAM,MCE,LMP_ENE_PRC,BAYSHOR2_1_N001,ALL,1,45.67333,283
2017-09-15T23:00:00-00:00,2017-09-16T00:00:00-00:00,2017-09-15,17,0,BAYSHOR2_1_N001,BAYSHOR2_1_N001,BAYSHOR2_1_N001,DAM,MCE,LMP_ENE_PRC,BAYSHOR2_1_N001,ALL,1,30.92794,283
2017-09-15T08:00:00-00:00,2017-09-15T09:00:00-00:00,2017-09-15,2,0,BAYSHOR2_1_N001,BAYSHOR2_1_N001,BAYSHOR2_1_N001,DAM,MCE,LMP_ENE_PRC,BAYSHOR2_1_N001,ALL,1,25.70883,283
2017-09-15T19:00:00-00:00,2017-09-15T20:00:00-00:00,2017-09-15,13,0,BAYSHOR2_1_N001,BAYSHOR2_1_N001,BAYSHOR2_1_N001,DAM,MCE,LMP_ENE_PRC,BAYSHOR2_1_N001,ALL,1,22.66466,283
2017-09-16T01:00:00-00:00,2017-09-16T02:00:00-00:00,2017-09-15,19,0,BAYSHOR2_1_N001,BAYSHOR2_1_N001,BAYSHOR2_1_N001,DAM,MCE,LMP_ENE_PRC,BAYSHOR2_1_N001,ALL,1,52.9347,283
2017-09-15T18:00:00-00:00,2017-09-15T19:00:00-00:00,2017-09-15,12,0,BAYSHOR2_1_N001,BAYSHOR2_1_N001,BAYSHOR2_1_N001,DAM,MCE,LMP_ENE_PRC,BAYSHOR2_1_N001,ALL,1,23.32595,283
2017-09-15T17:00:00-00:00,2017-09-15T18:00:00-00:00,2017-09-15,11,0,BAYSHOR2_1_N001,BAYSHOR2_1_N001,BAYSHOR2_1_N001,DAM,MCE,LMP_ENE_PRC,BAYSHOR2_1_N001,ALL,1,22.77487,283
2017-09-16T01:00:00-00:00,2017-09-16T02:00:00-00:00,2017-09-15,19,0,BAYSHOR2_1_N001,BAYSHOR2_1_N001,BAYSHOR2_1_N001,DAM,MCL,LMP_LOSS_PRC,BAYSHOR2_1_N001,ALL,1,2.6732,284
2017-09-16T03:00:00-00:00,2017-09-16T04:00:00-00:00,2017-09-15,21,0,BAYSHOR2_1_N001,BAYSHOR2_1_N001,BAYSHOR2_1_N001,DAM,MCL,LMP_LOSS_PRC,BAYSHOR2_1_N001,ALL,1,1.72645,284
2017-09-15T16:00:00-00:00,2017-09-15T17:00:00-00:00,2017-09-15,10,0,BAYSHOR2_1_N001,BAYSHOR2_1_N001,BAYSHOR2_1_N001,DAM,MCL,LMP_LOSS_PRC,BAYSHOR2_1_N001,ALL,1,1.50205,284
2017-09-15T13:00:00-00:00,2017-09-15T14:00:00-00:00,2017-09-15,7,0,BAYSHOR2_1_N001,BAYSHOR2_1_N001,BAYSHOR2_1_N001,DAM,MCL,LMP_LOSS_PRC,BAYSHOR2_1_N001,ALL,1,1.71173,284
2017-09-16T04:00:00-00:00,2017-09-16T05:00:00-00:00,2017-09-15,22,0,BAYSHOR2_1_N001,BAYSHOR2_1_N001,BAYSHOR2_1_N001,DAM,MCL,LMP_LOSS_PRC,BAYSHOR2_1_N001,ALL,1,1.37862,284
2017-09-15T07:00:00-00:00,2017-09-15T08:00:00-00:00,2017-09-15,1,0,BAYSHOR2_1_N001,BAYSHOR2_1_N001,BAYSHOR2_1_N001,DAM,MCL,LMP_LOSS_PRC,BAYSHOR2_1_N001,ALL,1,0.94307,284
2017-09-15T18:00:00-00:00,2017-09-15T19:00:00-00:00,2017-09-15,12,0,BAYSHOR2_1_N001,BAYSHOR2_1_N001,BAYSHOR2_1_N001,DAM,MCL,LMP_LOSS_PRC,BAYSHOR2_1_N001,ALL,1,1.4672,284
2017-09-16T02:00:00-00:00,2017-09-16T03:00:00-00:00,2017-09-15,20,0,BAYSHOR2_1_N001,BAYSHOR2_1_N001,BAYSHOR2_1_N001,DAM,MCL,LMP_LOSS_PRC,BAYSHOR2_1_N001,ALL,1,2.51547,284
2017-09-15T09:00:00-00:00,2017-09-15T10:00:00-00:00,2017-09-15,3,0,BAYSHOR2_1_N001,BAYSHOR2_1_N001,BAYSHOR2_1_N001,DAM,MCL,LMP_LOSS_PRC,BAYSHOR2_1_N001,ALL,1,0.77489,284
2017-09-15T19:00:00-00:00,2017-09-15T20:00:00-00:00,2017-09-15,13,0,BAYSHOR2_1_N001,BAYSHOR2_1_N001,BAYSHOR2_1_N001,DAM,MCL,LMP_LOSS_PRC,BAYSHOR2_1_N001,ALL,1,1.39614,284
2017-09-15T21:00:00-00:00,2017-09-15T22:00:00-00:00,2017-09-15,15,0,BAYSHOR2_1_N001,BAYSHOR2_1_N001,BAYSHOR2_1_N001,DAM,MCL,LMP_LOSS_PRC,BAYSHOR2_1_N001,ALL,1,1.44729,284
2017-09-15T23:00:00-00:00,2017-09-16T00:00:00-00:00,2017-09-15,17,0,BAYSHOR2_1_N001,BAYSHOR2_1_N001,BAYSHOR2_1_N001,DAM,MCL,LMP_LOSS_PRC,BAYSHOR2_1_N001,ALL,1,1.61135,284
2017-09-15T17:00:00-00:00,2017-09-15T18:00:00-00:00,2017-09-15,11,0,BAYSHOR2_1_N001,BAYSHOR2_1_N001,BAYSHOR2_1_N001,DAM,MCL,LMP_LOSS_PRC,BAYSHOR2_1_N001,ALL,1,1.53503,284
2017-09-15T08:00:00-00:00,2017-09-15T09:00:00-00:00,2017-09-15,2,0,BAYSHOR2_1_N001,BAYSHOR2_1_N001,BAYSHOR2_1_N001,DAM,MCL,LMP_LOSS_PRC,BAYSHOR2_1_N001,ALL,1,0.80212,284
2017-09-15T15:00:00-00:00,2017-09-15T16:00:00-00:00,2017-09-15,9,0,BAYSHOR2_1_N001,BAYSHOR2_1_N001,BAYSHOR2_1_N001,DAM,MCL,LMP_LOSS_PRC,BAYSHOR2_1_N001,ALL,1,1.70291,284
2017-09-15T14:00:00-00:00,2017-09-15T15:00:00-00:00,2017-09-15,8,0,BAYSHOR2_1_N001,BAYSHOR2_1_N001,BAYSHOR2_1_N001,DAM,MCL,LMP_LOSS_PRC,BAYSHOR2_1_N001,ALL,1,1.96634,284
2017-09-15T20:00:00-00:00,2017-09-15T21:00:00-00:00,2017-09-15,14,0,BAYSHOR2_1_N001,BAYSHOR2_1_N001,BAYSHOR2_1_N001,DAM,MCL,LMP_LOSS_PRC,BAYSHOR2_1_N001,ALL,1,1.46697,284
2017-09-15T10:00:00-00:00,2017-09-15T11:00:00-00:00,2017-09-15,4,0,BAYSHOR2_1_N001,BAYSHOR2_1_N001,BAYSHOR2_1_N001,DAM,MCL,LMP_LOSS_PRC,BAYSHOR2_1_N001,ALL,1,0.80404,284
2017-09-15T22:00:00-00:00,2017-09-15T23:00:00-00:00,2017-09-15,16,0,BAYSHOR2_1_N001,BAYSHOR2_1_N001,BAYSHOR2_1_N001,DAM,MCL,LMP_LOSS_PRC,BAYSHOR2_1_N001,ALL,1,1.47221,284
2017-09-15T11:00:00-00:00,2017-09-15T12:00:00-00:00,2017-09-15,5,0,BAYSHOR2_1_N001,BAYSHOR2_1_N001,BAYSHOR2_1_N001,DAM,MCL,LMP_LOSS_PRC,BAYSHOR2_1_N001,ALL,1,0.795,284
2017-09-15T12:00:00-00:00,2017-09-15T13:00:00-00:00,2017-09-15,6,0,BAYSHOR2_1_N001,BAYSHOR2_1_N001,BAYSHOR2_1_N001,DAM,MCL,LMP_LOSS_PRC,BAYSHOR2_1_N001,ALL,1,1.09767,284
2017-09-16T06:00:00-00:00,2017-09-16T07:00:00-00:00,2017-09-15,24,0,BAYSHOR2_1_N001,BAYSHOR2_1_N001,BAYSHOR2_1_N001,DAM,MCL,LMP_LOSS_PRC,BAYSHOR2_1_N001,ALL,1,1.28802,284
2017-09-16T00:00:00-00:00,2017-09-16T01:00:00-00:00,2017-09-15,18,0,BAYSHOR2_1_N001,BAYSHOR2_1_N001,BAYSHOR2_1_N001,DAM,MCL,LMP_LOSS_PRC,BAYSHOR2_1_N001,ALL,1,1.97325,284
2017-09-16T05:00:00-00:00,2017-09-16T06:00:00-00:00,2017-09-15,23,0,BAYSHOR2_1_N001,BAYSHOR2_1_N001,BAYSHOR2_1_N001,DAM,MCL,LMP_LOSS_PRC,BAYSHOR2_1_N001,ALL,1,1.25031,284
2017-09-16T03:00:00-00:00,2017-09-16T04:00:00-00:00,2017-09-15,21,0,TH_NP15_GEN-APND,TH_NP15_GEN-APND,TH_NP15_GEN-APND,DAM,LMP,LMP_PRC,TH_NP15_GEN-APND,ALL_APNODES,0,45.01563,285
2017-09-16T06:00:00-00:00,2017-09-16T07:00:00-00:00,2017-09-15,24,0,TH_NP15_GEN-APND,TH_NP15_GEN-APND,TH_NP15_GEN-APND,DAM,LMP,LMP_PRC,TH_NP15_GEN-APND,ALL_APNODES,0,30.71177,285
2017-09-15T11:00:00-00:00,2017-09-15T12:00:00-00:00,2017-09-15,5,0,TH_NP15_GEN-APND,TH_NP15_GEN-APND,TH_NP15_GEN-APND,DAM,LMP,LMP_PRC,TH_NP15_GEN-APND,ALL_APNODES,0,26.9316,285
2017-09-15T23:00:00-00:00,2017-09-16T00:00:00-00:00,2017-09-15,17,0,TH_NP15_GEN-APND,TH_NP15_GEN-APND,TH_NP15_GEN-APND,DAM,LMP,LMP_PRC,TH_NP15_GEN-APND,ALL_APNODES,0,33.8007,285
2017-09-15T10:00:00-00:00,2017-09-15T11:00:00-00:00,2017-09-15,4,0,TH_NP15_GEN-APND,TH_NP15_GEN-APND,TH_NP15_GEN-APND,DAM,LMP,LMP_PRC,TH_NP15_GEN-APND,ALL_APNODES,0,25.04165,285
2017-09-15T14:00:00-00:00,2017-09-15T15:00:00-00:00,2017-09-15,8,0,TH_NP15_GEN-APND,TH_NP15_GEN-APND,TH_NP15_GEN-APND,DAM,LMP,LMP_PRC,TH_NP15_GEN-APND,ALL_APNODES,0,38.32434,285
2017-09-15T18:00:00-00:00,2017-09-15T19:00:00-00:00,2017-09-15,12,0,TH_NP15_GEN-APND,TH_NP15_GEN-APND,TH_NP15_GEN-APND,DAM,LMP,LMP_PRC,TH_NP15_GEN-APND,ALL_APNODES,0,25.15433,285
2017-09-15T08:00:00-00:00,2017-09-15T09:00:00-00:00,2017-09-15,2,0,TH_NP15_GEN-APND,TH_NP15_GEN-APND,TH_NP15_GEN-APND,DAM,LMP,LMP_PRC,TH_NP15_GEN-APND,ALL_APNODES,0,25.39261,285
2017-09-16T01:00:00-00:00,2017-09-16T02:00:00-00:00,2017-09-15,19,0,TH_NP15_GEN-APND,TH_NP15_GEN-APND,TH_NP15_GEN-APND,DAM,LMP,LMP_PRC,TH_NP15_GEN-APND,ALL_APNODES,0,52.56787,285
2017-09-16T02:00:00-00:00,2017-09-16T03:00:00-00:00,2017-09-15,20,0,TH_NP15_GEN-APND,TH_NP15_GEN-APND,TH_NP15_GEN-APND,DAM,LMP,LMP_PRC,TH_NP15_GEN-APND,ALL_APNODES,0,55.7681,285
2017-09-15T19:00:00-00:00,2017-09-15T20:00:00-00:00,2017-09-15,13,0,TH_NP15_GEN-APND,TH_NP15_GEN-APND,TH_NP15_GEN-APND,DAM,LMP,LMP_PRC,TH_NP15_GEN-APND,ALL_APNODES,0,24.86804,285
2017-09-15T21:00:00-00:00,2017-09-15T22:00:00-00:00,2017-09-15,15,0,TH_NP15_GEN-APND,TH_NP15_GEN-APND,TH_NP15_GEN-APND,DAM,LMP,LMP_PRC,TH_NP15_GEN-APND,ALL_APNODES,0,27.25961,285
2017-09-15T07:00:00-00:00,2017-09-15T08:00:00-00:00,2017-09-15,1,0,TH_NP15_GEN-APND,TH_NP15_GEN-APND,TH_NP15_GEN-APND,DAM,LMP,LMP_PRC,TH_NP15_GEN-APND,ALL_APNODES,0,25.89382,285
2017-09-15T13:00:00-00:00,2017-09-15T14:00:00-00:00,2017-09-15,7,0,TH_NP15_GEN-APND,TH_NP15_GEN-APND,TH_NP15_GEN-APND,DAM,LMP,LMP_PRC,TH_NP15_GEN-APND,ALL_APNODES,0,41.08148,285
2017-09-15T20:00:00-00:00,2017-09-15T21:00:00-00:00,2017-09-15,14,0,TH_NP15_GEN-APND,TH_NP15_GEN-APND,TH_NP15_GEN-APND,DAM,LMP,LMP_PRC,TH_NP15_GEN-APND,ALL_APNODES,0,26.4482,285
2017-09-15T09:00:00-00:00,2017-09-15T10:00:00-00:00,2017-09-15,3,0,TH_NP15_GEN-APND,TH_NP15_GEN-APND,TH_NP15_GEN-APND,DAM,LMP,LMP_PRC,TH_NP15_GEN-APND,ALL_APNODES,0,26.03,285
2017-09-15T22:00:00-00:00,2017-09-15T23:00:00-00:00,2017-09-15,16,0,TH_NP15_GEN-APND,TH_NP15_GEN-APND,TH_NP15_GEN-APND,DAM,LMP,LMP_PRC,TH_NP15_GEN-APND,ALL_APNODES,0,29.32279,285
2017-09-15T17:00:00-00:00,2017-09-15T18:00:00-00:00,2017-09-15,11,0,TH_NP15_GEN-APND,TH_NP15_GEN-APND,TH_NP15_GEN-APND,DAM,LMP,LMP_PRC,TH_NP15_GEN-APND,ALL_APNODES,0,23.96901,285
2017-09-16T00:00:00-00:00,2017-09-16T01:00:00-00:00,2017-09-15,18,0,TH_NP15_GEN-APND,TH_NP15_GEN-APND,TH_NP15_GEN-APND,DAM,LMP,LMP_PRC,TH_NP15_GEN-APND,ALL_APNODES,0,39.39017,285
2017-09-15T15:00:00-00:00,2017-09-15T16:00:00-00:00,2017-09-15,9,0,TH_NP15_GEN-APND,TH_NP15_GEN-APND,TH_NP15_GEN-APND,DAM,LMP,LMP_PRC,TH_NP15_GEN-APND,ALL_APNODES,0,27.26615,285
2017-09-15T16:00:00-00:00,2017-09-15T17:00:00-00:00,2017-09-15,10,0,TH_NP15_GEN-APND,TH_NP15_GEN-APND,TH_NP15_GEN-APND,DAM,LMP,LMP_PRC,TH_NP15_GEN-APND,ALL_APNODES,0,24.41624,285
2017-09-15T12:00:00-00:00,2017-09-15T13:00:00-00:00,2017-09-15,6,0,TH_NP15_GEN-APND,TH_NP15_GEN-APND,TH_NP15_GEN-APND,DAM,LMP,LMP_PRC,TH_NP15_GEN-APND,ALL_APNODES,0,30.12178,285
2017-09-16T04:00:00-00:00,2017-09-16T05:00:00-00:00,2017-09-15,22,0,TH_NP15_GEN-APND,TH_NP15_GEN-APND,TH_NP15_GEN-APND,DAM,LMP,LMP_PRC,TH_NP15_GEN-APND,ALL_APNODES,0,35.48066,285
2017-09-16T05:00:00-00:00,2017-09-16T06:00:00-00:00,2017-09-15,23,0,TH_NP15_GEN-APND,TH_NP15_GEN-APND,TH_NP15_GEN-APND,DAM,LMP,LMP_PRC,TH_NP15_GEN-APND,ALL_APNODES,0,32.78269,285
2017-09-16T02:00:00-00:00,2017-09-16T03:00:00-00:00,2017-09-15,20,0,TH_NP15_GEN-APND,TH_NP15_GEN-APND,TH_NP15_GEN-APND,DAM,MCC,LMP_CONG_PRC,TH_NP15_GEN-APND,ALL_APNODES,0,0,286
2017-09-16T00:00:00-00:00,2017-09-16T01:00:00-00:00,2017-09-15,18,0,TH_NP15_GEN-APND,TH_NP15_GEN-APND,TH_NP15_GEN-APND,DAM,MCC,LMP_CONG_PRC,TH_NP15_GEN-APND,ALL_APNODES,0,2.11192,286
2017-09-16T06:00:00-00:00,2017-09-16T07:00:00-00:00,2017-09-15,24,0,TH_NP15_GEN-APND,TH_NP15_GEN-APND,TH_NP15_GEN-APND,DAM,MCC,LMP_CONG_PRC,TH_NP15_GEN-APND,ALL_APNODES,0,0,286
2017-09-15T16:00:00-00:00,2017-09-15T17:00:00-00:00,2017-09-15,10,0,TH_NP15_GEN-APND,TH_NP15_GEN-APND,TH_NP15_GEN-APND,DAM,MCC,LMP_CONG_PRC,TH_NP15_GEN-APND,ALL_APNODES,0,1.57702,286
2017-09-15T20:00:00-00:00,2017-09-15T21:00:00-00:00,2017-09-15,14,0,TH_NP15_GEN-APND,TH_NP15_GEN-APND,TH_NP15_GEN-APND,DAM,MCC,LMP_CONG_PRC,TH_NP15_GEN-APND,ALL_APNODES,0,2.08485,286
2017-09-16T03:00:00-00:00,2017-09-16T04:00:00-00:00,2017-09-15,21,0,TH_NP15_GEN-APND,TH_NP15_GEN-APND,TH_NP15_GEN-APND,DAM,MCC,LMP_CONG_PRC,TH_NP15_GEN-APND,ALL_APNODES,0,0,286
2017-09-15T15:00:00-00:00,2017-09-15T16:00:00-00:00,2017-09-15,9,0,TH_NP15_GEN-APND,TH_NP15_GEN-APND,TH_NP15_GEN-APND,DAM,MCC,LMP_CONG_PRC,TH_NP15_GEN-APND,ALL_APNODES,0,0.87498,286
2017-09-15T18:00:00-00:00,2017-09-15T19:00:00-00:00,2017-09-15,12,0,TH_NP15_GEN-APND,TH_NP15_GEN-APND,TH_NP15_GEN-APND,DAM,MCC,LMP_CONG_PRC,TH_NP15_GEN-APND,ALL_APNODES,0,1.5578,286
2017-09-15T09:00:00-00:00,2017-09-15T10:00:00-00:00,2017-09-15,3,0,TH_NP15_GEN-APND,TH_NP15_GEN-APND,TH_NP15_GEN-APND,DAM,MCC,LMP_CONG_PRC,TH_NP15_GEN-APND,ALL_APNODES,0,0,286
2017-09-15T23:00:00-00:00,2017-09-16T00:00:00-00:00,2017-09-15,17,0,TH_NP15_GEN-APND,TH_NP15_GEN-APND,TH_NP15_GEN-APND,DAM,MCC,LMP_CONG_PRC,TH_NP15_GEN-APND,ALL_APNODES,0,2.95008,286
2017-09-16T04:00:00-00:00,2017-09-16T05:00:00-00:00,2017-09-15,22,0,TH_NP15_GEN-APND,TH_NP15_GEN-APND,TH_NP15_GEN-APND,DAM,MCC,LMP_CONG_PRC,TH_NP15_GEN-APND,ALL_APNODES,0,0,286
2017-09-15T13:00:00-00:00,2017-09-15T14:00:00-00:00,2017-09-15,7,0,TH_NP15_GEN-APND,TH_NP15_GEN-APND,TH_NP15_GEN-APND,DAM,MCC,LMP_CONG_PRC,TH_NP15_GEN-APND,ALL_APNODES,0,0,286
2017-09-15T07:00:00-00:00,2017-09-15T08:00:00-00:00,2017-09-15,1,0,TH_NP15_GEN-APND,TH_NP15_GEN-APND,TH_NP15_GEN-APND,DAM,MCC,LMP_CONG_PRC,TH_NP15_GEN-APND,ALL_APNODES,0,0,286
2017-09-15T22:00:00-00:00,2017-09-15T23:00:00-00:00,2017-09-15,16,0,TH_NP15_GEN-APND,TH_NP15_GEN-APND,TH_NP15_GEN-APND,DAM,MCC,LMP_CONG_PRC,TH_NP15_GEN-APND,ALL_APNODES,0,2.33495,286
2017-09-15T19:00:00-00:00,2017-09-15T20:00:00-00:00,2017-09-15,13,0,TH_NP15_GEN-APND,TH_NP15_GEN-APND,TH_NP15_GEN-APND,DAM,MCC,LMP_CONG_PRC,TH_NP15_GEN-APND,ALL_APNODES,0,1.98353,286
2017-09-15T08:00:00-00:00,2017-09-15T09:00:00-00:00,2017-09-15,2,0,TH_NP15_GEN-APND,TH_NP15_GEN-APND,TH_NP15_GEN-APND,DAM,MCC,LMP_CONG_PRC,TH_NP15_GEN-APND,ALL_APNODES,0,0,286
2017-09-16T01:00:00-00:00,2017-09-16T02:00:00-00:00,2017-09-15,19,0,TH_NP15_GEN-APND,TH_NP15_GEN-APND,TH_NP15_GEN-APND,DAM,MCC,LMP_CONG_PRC,TH_NP15_GEN-APND,ALL_APNODES,0,0.12547,286
2017-09-15T10:00:00-00:00,2017-09-15T11:00:00-00:00,2017-09-15,4,0,TH_NP15_GEN-APND,TH_NP15_GEN-APND,TH_NP15_GEN-APND,DAM,MCC,LMP_CONG_PRC,TH_NP15_GEN-APND,ALL_APNODES,0,0,286
2017-09-15T11:00:00-00:00,2017-09-15T12:00:00-00:00,2017-09-15,5,0,TH_NP15_GEN-APND,TH_NP15_GEN-APND,TH_NP15_GEN-APND,DAM,MCC,LMP_CONG_PRC,TH_NP15_GEN-APND,ALL_APNODES,0,0,286
2017-09-15T12:00:00-00:00,2017-09-15T13:00:00-00:00,2017-09-15,6,0,TH_NP15_GEN-APND,TH_NP15_GEN-APND,TH_NP15_GEN-APND,DAM,MCC,LMP_CONG_PRC,TH_NP15_GEN-APND,ALL_APNODES,0,0,286
2017-09-15T14:00:00-00:00,2017-09-15T15:00:00-00:00,2017-09-15,8,0,TH_NP15_GEN-APND,TH_NP15_GEN-APND,TH_NP15_GEN-APND,DAM,MCC,LMP_CONG_PRC,TH_NP15_GEN-APND,ALL_APNODES,0,0,286
2017-09-15T17:00:00-00:00,2017-09-15T18:00:00-00:00,2017-09-15,11,0,TH_NP15_GEN-APND,TH_NP15_GEN-APND,TH_NP15_GEN-APND,DAM,MCC,LMP_CONG_PRC,TH_NP15_GEN-APND,ALL_APNODES,0,0.86846,286
2017-09-15T21:00:00-00:00,2017-09-15T22:00:00-00:00,2017-09-15,15,0,TH_NP15_GEN-APND,TH_NP15_GEN-APND,TH_NP15_GEN-APND,DAM,MCC,LMP_CONG_PRC,TH_NP15_GEN-APND,ALL_APNODES,0,2.17416,286
2017-09-16T05:00:00-00:00,2017-09-16T06:00:00-00:00,2017-09-15,23,0,TH_NP15_GEN-APND,TH_NP15_GEN-APND,TH_NP15_GEN-APND,DAM,MCC,LMP_CONG_PRC,TH_NP15_GEN-APND,ALL_APNODES,0,0,286
2017-09-15T16:00:00-00:00,2017-09-15T17:00:00-00:00,2017-09-15,10,0,TH_NP15_GEN-APND,TH_NP15_GEN-APND,TH_NP15_GEN-APND,DAM,MCE,LMP_ENE_PRC,TH_NP15_GEN-APND,ALL_APNODES,0,22.51944,287
2017-09-16T05:00:00-00:00,2017-09-16T06:00:00-00:00,2017-09-15,23,0,TH_NP15_GEN-APND,TH_NP15_GEN-APND,TH_NP15_GEN-APND,DAM,MCE,LMP_ENE_PRC,TH_NP15_GEN-APND,ALL_APNODES,0,33.07708,287
2017-09-15T10:00:00-00:00,2017-09-15T11:00:00-00:00,2017-09-15,4,0,TH_NP15_GEN-APND,TH_NP15_GEN-APND,TH_NP15_GEN-APND,DAM,MCE,LMP_ENE_PRC,TH_NP15_GEN-APND,ALL_APNODES,0,25.28438,287
2017-09-15T12:00:00-00:00,2017-09-15T13:00:00-00:00,2017-09-15,6,0,TH_NP15_GEN-APND,TH_NP15_GEN-APND,TH_NP15_GEN-APND,DAM,MCE,LMP_ENE_PRC,TH_NP15_GEN-APND,ALL_APNODES,0,30.49071,287
2017-09-15T18:00:00-00:00,2017-09-15T19:00:00-00:00,2017-09-15,12,0,TH_NP15_GEN-APND,TH_NP15_GEN-APND,TH_NP15_GEN-APND,DAM,MCE,LMP_ENE_PRC,TH_NP15_GEN-APND,ALL_APNODES,0,23.32595,287
2017-09-16T02:00:00-00:00,2017-09-16T03:00:00-00:00,2017-09-15,20,0,TH_NP15_GEN-APND,TH_NP15_GEN-APND,TH_NP15_GEN-APND,DAM,MCE,LMP_ENE_PRC,TH_NP15_GEN-APND,ALL_APNODES,0,56.27457,287
2017-09-16T03:00:00-00:00,2017-09-16T04:00:00-00:00,2017-09-15,21,0,TH_NP15_GEN-APND,TH_NP15_GEN-APND,TH_NP15_GEN-APND,DAM,MCE,LMP_ENE_PRC,TH_NP15_GEN-APND,ALL_APNODES,0,45.67333,287
2017-09-16T04:00:00-00:00,2017-09-16T05:00:00-00:00,2017-09-15,22,0,TH_NP15_GEN-APND,TH_NP15_GEN-APND,TH_NP15_GEN-APND,DAM,MCE,LMP_ENE_PRC,TH_NP15_GEN-APND,ALL_APNODES,0,35.99539,287
2017-09-15T14:00:00-00:00,2017-09-15T15:00:00-00:00,2017-09-15,8,0,TH_NP15_GEN-APND,TH_NP15_GEN-APND,TH_NP15_GEN-APND,DAM,MCE,LMP_ENE_PRC,TH_NP15_GEN-APND,ALL_APNODES,0,38.55568,287
2017-09-15T17:00:00-00:00,2017-09-15T18:00:00-00:00,2017-09-15,11,0,TH_NP15_GEN-APND,TH_NP15_GEN-APND,TH_NP15_GEN-APND,DAM,MCE,LMP_ENE_PRC,TH_NP15_GEN-APND,ALL_APNODES,0,22.77487,287
2017-09-15T08:00:00-00:00,2017-09-15T09:00:00-00:00,2017-09-15,2,0,TH_NP15_GEN-APND,TH_NP15_GEN-APND,TH_NP15_GEN-APND,DAM,MCE,LMP_ENE_PRC,TH_NP15_GEN-APND,ALL_APNODES,0,25.70883,287
2017-09-15T09:00:00-00:00,2017-09-15T10:00:00-00:00,2017-09-15,3,0,TH_NP15_GEN-APND,TH_NP15_GEN-APND,TH_NP15_GEN-APND,DAM,MCE,LMP_ENE_PRC,TH_NP15_GEN-APND,ALL_APNODES,0,26.35683,287
2017-09-16T00:00:00-00:00,2017-09-16T01:00:00-00:00,2017-09-15,18,0,TH_NP15_GEN-APND,TH_NP15_GEN-APND,TH_NP15_GEN-APND,DAM,MCE,LMP_ENE_PRC,TH_NP15_GEN-APND,ALL_APNODES,0,37.443,287
2017-09-15T22:00:00-00:00,2017-09-15T23:00:00-00:00,2017-09-15,16,0,TH_NP15_GEN-APND,TH_NP15_GEN-APND,TH_NP15_GEN-APND,DAM,MCE,LMP_ENE_PRC,TH_NP15_GEN-APND,ALL_APNODES,0,26.96357,287
2017-09-15T23:00:00-00:00,2017-09-16T00:00:00-00:00,2017-09-15,17,0,TH_NP15_GEN-APND,TH_NP15_GEN-APND,TH_NP15_GEN-APND,DAM,MCE,LMP_ENE_PRC,TH_NP15_GEN-APND,ALL_APNODES,0,30.92794,287
2017-09-16T06:00:00-00:00,2017-09-16T07:00:00-00:00,2017-09-15,24,0,TH_NP15_GEN-APND,TH_NP15_GEN-APND,TH_NP15_GEN-APND,DAM,MCE,LMP_ENE_PRC,TH_NP15_GEN-APND,ALL_APNODES,0,30.88783,287
2017-09-15T19:00:00-00:00,2017-09-15T20:00:00-00:00,2017-09-15,13,0,TH_NP15_GEN-APND,TH_NP15_GEN-APND,TH_NP15_GEN-APND,DAM,MCE,LMP_ENE_PRC,TH_NP15_GEN-APND,ALL_APNODES,0,22.66466,287
2017-09-15T07:00:00-00:00,2017-09-15T08:00:00-00:00,2017-09-15,1,0,TH_NP15_GEN-APND,TH_NP15_GEN-APND,TH_NP15_GEN-APND,DAM,MCE,LMP_ENE_PRC,TH_NP15_GEN-APND,ALL_APNODES,0,26.12371,287
2017-09-15T11:00:00-00:00,2017-09-15T12:00:00-00:00,2017-09-15,5,0,TH_NP15_GEN-APND,TH_NP15_GEN-APND,TH_NP15_GEN-APND,DAM,MCE,LMP_ENE_PRC,TH_NP15_GEN-APND,ALL_APNODES,0,27.31953,287
2017-09-16T01:00:00-00:00,2017-09-16T02:00:00-00:00,2017-09-15,19,0,TH_NP15_GEN-APND,TH_NP15_GEN-APND,TH_NP15_GEN-APND,DAM,MCE,LMP_ENE_PRC,TH_NP15_GEN-APND,ALL_APNODES,0,52.9347,287
2017-09-15T13:00:00-00:00,2017-09-15T14:00:00-00:00,2017-09-15,7,0,TH_NP15_GEN-APND,TH_NP15_GEN-APND,TH_NP15_GEN-APND,DAM,MCE,LMP_ENE_PRC,TH_NP15_GEN-APND,ALL_APNODES,0,41.44621,287
2017-09-15T15:00:00-00:00,2017-09-15T16:00:00-00:00,2017-09-15,9,0,TH_NP15_GEN-APND,TH_NP15_GEN-APND,TH_NP15_GEN-APND,DAM,MCE,LMP_ENE_PRC,TH_NP15_GEN-APND,ALL_APNODES,0,26.07823,287
2017-09-15T21:00:00-00:00,2017-09-15T22:00:00-00:00,2017-09-15,15,0,TH_NP15_GEN-APND,TH_NP15_GEN-APND,TH_NP15_GEN-APND,DAM,MCE,LMP_ENE_PRC,TH_NP15_GEN-APND,ALL_APNODES,0,24.9532,287
2017-09-15T20:00:00-00:00,2017-09-15T21:00:00-00:00,2017-09-15,14,0,TH_NP15_GEN-APND,TH_NP15_GEN-APND,TH_NP15_GEN-APND,DAM,MCE,LMP_ENE_PRC,TH_NP15_GEN-APND,ALL_APNODES,0,24.16759,287
2017-09-16T03:00:00-00:00,2017-09-16T04:00:00-00:00,2017-09-15,21,0,TH_NP15_GEN-APND,TH_NP15_GEN-APND,TH_NP15_GEN-APND,DAM,MCL,LMP_LOSS_PRC,TH_NP15_GEN-APND,ALL_APNODES,0,-0.6577,288
2017-09-16T01:00:00-00:00,2017-09-16T02:00:00-00:00,2017-09-15,19,0,TH_NP15_GEN-APND,TH_NP15_GEN-APND,TH_NP15_GEN-APND,DAM,MCL,LMP_LOSS_PRC,TH_NP15_GEN-APND,ALL_APNODES,0,-0.49229,288
2017-09-15T18:00:00-00:00,2017-09-15T19:00:00-00:00,2017-09-15,12,0,TH_NP15_GEN-APND,TH_NP15_GEN-APND,TH_NP15_GEN-APND,DAM,MCL,LMP_LOSS_PRC,TH_NP15_GEN-APND,ALL_APNODES,0,0.27058,288
2017-09-15T07:00:00-00:00,2017-09-15T08:00:00-00:00,2017-09-15,1,0,TH_NP15_GEN-APND,TH_NP15_GEN-APND,TH_NP15_GEN-APND,DAM,MCL,LMP_LOSS_PRC,TH_NP15_GEN-APND,ALL_APNODES,0,-0.22989,288
2017-09-15T22:00:00-00:00,2017-09-15T23:00:00-00:00,2017-09-15,16,0,TH_NP15_GEN-APND,TH_NP15_GEN-APND,TH_NP15_GEN-APND,DAM,MCL,LMP_LOSS_PRC,TH_NP15_GEN-APND,ALL_APNODES,0,0.02427,288
2017-09-15T23:00:00-00:00,2017-09-16T00:00:00-00:00,2017-09-15,17,0,TH_NP15_GEN-APND,TH_NP15_GEN-APND,TH_NP15_GEN-APND,DAM,MCL,LMP_LOSS_PRC,TH_NP15_GEN-APND,ALL_APNODES,0,-0.07732,288
2017-09-16T05:00:00-00:00,2017-09-16T06:00:00-00:00,2017-09-15,23,0,TH_NP15_GEN-APND,TH_NP15_GEN-APND,TH_NP15_GEN-APND,DAM,MCL,LMP_LOSS_PRC,TH_NP15_GEN-APND,ALL_APNODES,0,-0.29439,288
2017-09-15T12:00:00-00:00,2017-09-15T13:00:00-00:00,2017-09-15,6,0,TH_NP15_GEN-APND,TH_NP15_GEN-APND,TH_NP15_GEN-APND,DAM,MCL,LMP_LOSS_PRC,TH_NP15_GEN-APND,ALL_APNODES,0,-0.36894,288
2017-09-16T04:00:00-00:00,2017-09-16T05:00:00-00:00,2017-09-15,22,0,TH_NP15_GEN-APND,TH_NP15_GEN-APND,TH_NP15_GEN-APND,DAM,MCL,LMP_LOSS_PRC,TH_NP15_GEN-APND,ALL_APNODES,0,-0.51473,288
2017-09-15T08:00:00-00:00,2017-09-15T09:00:00-00:00,2017-09-15,2,0,TH_NP15_GEN-APND,TH_NP15_GEN-APND,TH_NP15_GEN-APND,DAM,MCL,LMP_LOSS_PRC,TH_NP15_GEN-APND,ALL_APNODES,0,-0.31622,288
2017-09-15T10:00:00-00:00,2017-09-15T11:00:00-00:00,2017-09-15,4,0,TH_NP15_GEN-APND,TH_NP15_GEN-APND,TH_NP15_GEN-APND,DAM,MCL,LMP_LOSS_PRC,TH_NP15_GEN-APND,ALL_APNODES,0,-0.24273,288
2017-09-15T11:00:00-00:00,2017-09-15T12:00:00-00:00,2017-09-15,5,0,TH_NP15_GEN-APND,TH_NP15_GEN-APND,TH_NP15_GEN-APND,DAM,MCL,LMP_LOSS_PRC,TH_NP15_GEN-APND,ALL_APNODES,0,-0.38794,288
2017-09-16T00:00:00-00:00,2017-09-16T01:00:00-00:00,2017-09-15,18,0,TH_NP15_GEN-APND,TH_NP15_GEN-APND,TH_NP15_GEN-APND,DAM,MCL,LMP_LOSS_PRC,TH_NP15_GEN-APND,ALL_APNODES,0,-0.16475,288
2017-09-16T02:00:00-00:00,2017-09-16T03:00:00-00:00,2017-09-15,20,0,TH_NP15_GEN-APND,TH_NP15_GEN-APND,TH_NP15_GEN-APND,DAM,MCL,LMP_LOSS_PRC,TH_NP15_GEN-APND,ALL_APNODES,0,-0.50647,288
2017-09-15T15:00:00-00:00,2017-09-15T16:00:00-00:00,2017-09-15,9,0,TH_NP15_GEN-APND,TH_NP15_GEN-APND,TH_NP15_GEN-APND,DAM,MCL,LMP_LOSS_PRC,TH_NP15_GEN-APND,ALL_APNODES,0,0.31294,288
2017-09-15T21:00:00-00:00,2017-09-15T22:00:00-00:00,2017-09-15,15,0,TH_NP15_GEN-APND,TH_NP15_GEN-APND,TH_NP15_GEN-APND,DAM,MCL,LMP_LOSS_PRC,TH_NP15_GEN-APND,ALL_APNODES,0,0.13225,288
2017-09-15T14:00:00-00:00,2017-09-15T15:00:00-00:00,2017-09-15,8,0,TH_NP15_GEN-APND,TH_NP15_GEN-APND,TH_NP15_GEN-APND,DAM,MCL,LMP_LOSS_PRC,TH_NP15_GEN-APND,ALL_APNODES,0,-0.23133,288
2017-09-15T20:00:00-00:00,2017-09-15T21:00:00-00:00,2017-09-15,14,0,TH_NP15_GEN-APND,TH_NP15_GEN-APND,TH_NP15_GEN-APND,DAM,MCL,LMP_LOSS_PRC,TH_NP15_GEN-APND,ALL_APNODES,0,0.19576,288
2017-09-15T16:00:00-00:00,2017-09-15T17:00:00-00:00,2017-09-15,10,0,TH_NP15_GEN-APND,TH_NP15_GEN-APND,TH_NP15_GEN-APND,DAM,MCL,LMP_LOSS_PRC,TH_NP15_GEN-APND,ALL_APNODES,0,0.31978,288
2017-09-15T09:00:00-00:00,2017-09-15T10:00:00-00:00,2017-09-15,3,0,TH_NP15_GEN-APND,TH_NP15_GEN-APND,TH_NP15_GEN-APND,DAM,MCL,LMP_LOSS_PRC,TH_NP15_GEN-APND,ALL_APNODES,0,-0.32682,288
2017-09-16T06:00:00-00:00,2017-09-16T07:00:00-00:00,2017-09-15,24,0,TH_NP15_GEN-APND,TH_NP15_GEN-APND,TH_NP15_GEN-APND,DAM,MCL,LMP_LOSS_PRC,TH_NP15_GEN-APND,ALL_APNODES,0,-0.17606,288
2017-09-15T17:00:00-00:00,2017-09-15T18:00:00-00:00,2017-09-15,11,0,TH_NP15_GEN-APND,TH_NP15_GEN-APND,TH_NP15_GEN-APND,DAM,MCL,LMP_LOSS_PRC,TH_NP15_GEN-APND,ALL_APNODES,0,0.32568,288
2017-09-15T19:00:00-00:00,2017-09-15T20:00:00-00:00,2017-09-15,13,0,TH_NP15_GEN-APND,TH_NP15_GEN-APND,TH_NP15_GEN-APND,DAM,MCL,LMP_LOSS_PRC,TH_NP15_GEN-APND,ALL_APNODES,0,0.21985,288
2017-09-15T13:00:00-00:00,2017-09-15T14:00:00-00:00,2017-09-15,7,0,TH_NP15_GEN-APND,TH_NP15_GEN-APND,TH_NP15_GEN-APND,DAM,MCL,LMP_LOSS_PRC,TH_NP15_GEN-APND,ALL_APNODES,0,-0.36473,288
2017-09-15T07:00:00-00:00,2017-09-15T08:00:00-00:00,2017-09-15,1,0,TH_SP15_GEN-APND,TH_SP15_GEN-APND,TH_SP15_GEN-APND,DAM,LMP,LMP_PRC,TH_SP15_GEN-APND,ALL_APNODES,0,25.35829,289
2017-09-16T01:00:00-00:00,2017-09-16T02:00:00-00:00,2017-09-15,19,0,TH_SP15_GEN-APND,TH_SP15_GEN-APND,TH_SP15_GEN-APND,DAM,LMP,LMP_PRC,TH_SP15_GEN-APND,ALL_APNODES,0,50.8081,289
2017-09-15T22:00:00-00:00,2017-09-15T23:00:00-00:00,2017-09-15,16,0,TH_SP15_GEN-APND,TH_SP15_GEN-APND,TH_SP15_GEN-APND,DAM,LMP,LMP_PRC,TH_SP15_GEN-APND,ALL_APNODES,0,23.66658,289
2017-09-15T11:00:00-00:00,2017-09-15T12:00:00-00:00,2017-09-15,5,0,TH_SP15_GEN-APND,TH_SP15_GEN-APND,TH_SP15_GEN-APND,DAM,LMP,LMP_PRC,TH_SP15_GEN-APND,ALL_APNODES,0,26.69118,289
2017-09-15T19:00:00-00:00,2017-09-15T20:00:00-00:00,2017-09-15,13,0,TH_SP15_GEN-APND,TH_SP15_GEN-APND,TH_SP15_GEN-APND,DAM,LMP,LMP_PRC,TH_SP15_GEN-APND,ALL_APNODES,0,19.8361,289
2017-09-16T03:00:00-00:00,2017-09-16T04:00:00-00:00,2017-09-15,21,0,TH_SP15_GEN-APND,TH_SP15_GEN-APND,TH_SP15_GEN-APND,DAM,LMP,LMP_PRC,TH_SP15_GEN-APND,ALL_APNODES,0,44.04736,289
2017-09-15T17:00:00-00:00,2017-09-15T18:00:00-00:00,2017-09-15,11,0,TH_SP15_GEN-APND,TH_SP15_GEN-APND,TH_SP15_GEN-APND,DAM,LMP,LMP_PRC,TH_SP15_GEN-APND,ALL_APNODES,0,19.97832,289
2017-09-15T23:00:00-00:00,2017-09-16T00:00:00-00:00,2017-09-15,17,0,TH_SP15_GEN-APND,TH_SP15_GEN-APND,TH_SP15_GEN-APND,DAM,LMP,LMP_PRC,TH_SP15_GEN-APND,ALL_APNODES,0,26.94907,289
2017-09-15T08:00:00-00:00,2017-09-15T09:00:00-00:00,2017-09-15,2,0,TH_SP15_GEN-APND,TH_SP15_GEN-APND,TH_SP15_GEN-APND,DAM,LMP,LMP_PRC,TH_SP15_GEN-APND,ALL_APNODES,0,25.07125,289
2017-09-15T13:00:00-00:00,2017-09-15T14:00:00-00:00,2017-09-15,7,0,TH_SP15_GEN-APND,TH_SP15_GEN-APND,TH_SP15_GEN-APND,DAM,LMP,LMP_PRC,TH_SP15_GEN-APND,ALL_APNODES,0,40.13236,289
2017-09-16T06:00:00-00:00,2017-09-16T07:00:00-00:00,2017-09-15,24,0,TH_SP15_GEN-APND,TH_SP15_GEN-APND,TH_SP15_GEN-APND,DAM,LMP,LMP_PRC,TH_SP15_GEN-APND,ALL_APNODES,0,29.90869,289
2017-09-15T10:00:00-00:00,2017-09-15T11:00:00-00:00,2017-09-15,4,0,TH_SP15_GEN-APND,TH_SP15_GEN-APND,TH_SP15_GEN-APND,DAM,LMP,LMP_PRC,TH_SP15_GEN-APND,ALL_APNODES,0,24.64722,289
2017-09-15T16:00:00-00:00,2017-09-15T17:00:00-00:00,2017-09-15,10,0,TH_SP15_GEN-APND,TH_SP15_GEN-APND,TH_SP15_GEN-APND,DAM,LMP,LMP_PRC,TH_SP15_GEN-APND,ALL_APNODES,0,19.82691,289
2017-09-15T14:00:00-00:00,2017-09-15T15:00:00-00:00,2017-09-15,8,0,TH_SP15_GEN-APND,TH_SP15_GEN-APND,TH_SP15_GEN-APND,DAM,LMP,LMP_PRC,TH_SP15_GEN-APND,ALL_APNODES,0,37.12141,289
2017-09-16T05:00:00-00:00,2017-09-16T06:00:00-00:00,2017-09-15,23,0,TH_SP15_GEN-APND,TH_SP15_GEN-APND,TH_SP15_GEN-APND,DAM,LMP,LMP_PRC,TH_SP15_GEN-APND,ALL_APNODES,0,31.91276,289
2017-09-15T09:00:00-00:00,2017-09-15T10:00:00-00:00,2017-09-15,3,0,TH_SP15_GEN-APND,TH_SP15_GEN-APND,TH_SP15_GEN-APND,DAM,LMP,LMP_PRC,TH_SP15_GEN-APND,ALL_APNODES,0,25.73217,289
2017-09-16T04:00:00-00:00,2017-09-16T05:00:00-00:00,2017-09-15,22,0,TH_SP15_GEN-APND,TH_SP15_GEN-APND,TH_SP15_GEN-APND,DAM,LMP,LMP_PRC,TH_SP15_GEN-APND,ALL_APNODES,0,34.80395,289
2017-09-15T21:00:00-00:00,2017-09-15T22:00:00-00:00,2017-09-15,15,0,TH_SP15_GEN-APND,TH_SP15_GEN-APND,TH_SP15_GEN-APND,DAM,LMP,LMP_PRC,TH_SP15_GEN-APND,ALL_APNODES,0,21.83272,289
2017-09-15T20:00:00-00:00,2017-09-15T21:00:00-00:00,2017-09-15,14,0,TH_SP15_GEN-APND,TH_SP15_GEN-APND,TH_SP15_GEN-APND,DAM,LMP,LMP_PRC,TH_SP15_GEN-APND,ALL_APNODES,0,21.17122,289
2017-09-15T18:00:00-00:00,2017-09-15T19:00:00-00:00,2017-09-15,12,0,TH_SP15_GEN-APND,TH_SP15_GEN-APND,TH_SP15_GEN-APND,DAM,LMP,LMP_PRC,TH_SP15_GEN-APND,ALL_APNODES,0,20.19791,289
2017-09-15T15:00:00-00:00,2017-09-15T16:00:00-00:00,2017-09-15,9,0,TH_SP15_GEN-APND,TH_SP15_GEN-APND,TH_SP15_GEN-APND,DAM,LMP,LMP_PRC,TH_SP15_GEN-APND,ALL_APNODES,0,23.90533,289
2017-09-16T02:00:00-00:00,2017-09-16T03:00:00-00:00,2017-09-15,20,0,TH_SP15_GEN-APND,TH_SP15_GEN-APND,TH_SP15_GEN-APND,DAM,LMP,LMP_PRC,TH_SP15_GEN-APND,ALL_APNODES,0,54.11363,289
2017-09-16T00:00:00-00:00,2017-09-16T01:00:00-00:00,2017-09-15,18,0,TH_SP15_GEN-APND,TH_SP15_GEN-APND,TH_SP15_GEN-APND,DAM,LMP,LMP_PRC,TH_SP15_GEN-APND,ALL_APNODES,0,34.01498,289
2017-09-15T12:00:00-00:00,2017-09-15T13:00:00-00:00,2017-09-15,6,0,TH_SP15_GEN-APND,TH_SP15_GEN-APND,TH_SP15_GEN-APND,DAM,LMP,LMP_PRC,TH_SP15_GEN-APND,ALL_APNODES,0,29.66137,289
2017-09-15T13:00:00-00:00,2017-09-15T14:00:00-00:00,2017-09-15,7,0,TH_SP15_GEN-APND,TH_SP15_GEN-APND,TH_SP15_GEN-APND,DAM,MCC,LMP_CONG_PRC,TH_SP15_GEN-APND,ALL_APNODES,0,0,290
2017-09-16T00:00:00-00:00,2017-09-16T01:00:00-00:00,2017-09-15,18,0,TH_SP15_GEN-APND,TH_SP15_GEN-APND,TH_SP15_GEN-APND,DAM,MCC,LMP_CONG_PRC,TH_SP15_GEN-APND,ALL_APNODES,0,-1.84793,290
2017-09-15T20:00:00-00:00,2017-09-15T21:00:00-00:00,2017-09-15,14,0,TH_SP15_GEN-APND,TH_SP15_GEN-APND,TH_SP15_GEN-APND,DAM,MCC,LMP_CONG_PRC,TH_SP15_GEN-APND,ALL_APNODES,0,-1.82424,290
2017-09-15T15:00:00-00:00,2017-09-15T16:00:00-00:00,2017-09-15,9,0,TH_SP15_GEN-APND,TH_SP15_GEN-APND,TH_SP15_GEN-APND,DAM,MCC,LMP_CONG_PRC,TH_SP15_GEN-APND,ALL_APNODES,0,-0.85596,290
2017-09-15T10:00:00-00:00,2017-09-15T11:00:00-00:00,2017-09-15,4,0,TH_SP15_GEN-APND,TH_SP15_GEN-APND,TH_SP15_GEN-APND,DAM,MCC,LMP_CONG_PRC,TH_SP15_GEN-APND,ALL_APNODES,0,0,290
2017-09-15T07:00:00-00:00,2017-09-15T08:00:00-00:00,2017-09-15,1,0,TH_SP15_GEN-APND,TH_SP15_GEN-APND,TH_SP15_GEN-APND,DAM,MCC,LMP_CONG_PRC,TH_SP15_GEN-APND,ALL_APNODES,0,0,290
2017-09-15T19:00:00-00:00,2017-09-15T20:00:00-00:00,2017-09-15,13,0,TH_SP15_GEN-APND,TH_SP15_GEN-APND,TH_SP15_GEN-APND,DAM,MCC,LMP_CONG_PRC,TH_SP15_GEN-APND,ALL_APNODES,0,-1.77691,290
2017-09-15T16:00:00-00:00,2017-09-15T17:00:00-00:00,2017-09-15,10,0,TH_SP15_GEN-APND,TH_SP15_GEN-APND,TH_SP15_GEN-APND,DAM,MCC,LMP_CONG_PRC,TH_SP15_GEN-APND,ALL_APNODES,0,-1.53503,290
2017-09-15T14:00:00-00:00,2017-09-15T15:00:00-00:00,2017-09-15,8,0,TH_SP15_GEN-APND,TH_SP15_GEN-APND,TH_SP15_GEN-APND,DAM,MCC,LMP_CONG_PRC,TH_SP15_GEN-APND,ALL_APNODES,0,0,290
2017-09-15T12:00:00-00:00,2017-09-15T13:00:00-00:00,2017-09-15,6,0,TH_SP15_GEN-APND,TH_SP15_GEN-APND,TH_SP15_GEN-APND,DAM,MCC,LMP_CONG_PRC,TH_SP15_GEN-APND,ALL_APNODES,0,0,290
2017-09-15T22:00:00-00:00,2017-09-15T23:00:00-00:00,2017-09-15,16,0,TH_SP15_GEN-APND,TH_SP15_GEN-APND,TH_SP15_GEN-APND,DAM,MCC,LMP_CONG_PRC,TH_SP15_GEN-APND,ALL_APNODES,0,-2.09173,290
2017-09-15T17:00:00-00:00,2017-09-15T18:00:00-00:00,2017-09-15,11,0,TH_SP15_GEN-APND,TH_SP15_GEN-APND,TH_SP15_GEN-APND,DAM,MCC,LMP_CONG_PRC,TH_SP15_GEN-APND,ALL_APNODES,0,-1.60771,290
2017-09-15T18:00:00-00:00,2017-09-15T19:00:00-00:00,2017-09-15,12,0,TH_SP15_GEN-APND,TH_SP15_GEN-APND,TH_SP15_GEN-APND,DAM,MCC,LMP_CONG_PRC,TH_SP15_GEN-APND,ALL_APNODES,0,-1.9874,290
2017-09-16T01:00:00-00:00,2017-09-16T02:00:00-00:00,2017-09-15,19,0,TH_SP15_GEN-APND,TH_SP15_GEN-APND,TH_SP15_GEN-APND,DAM,MCC,LMP_CONG_PRC,TH_SP15_GEN-APND,ALL_APNODES,0,-0.10979,290
2017-09-16T06:00:00-00:00,2017-09-16T07:00:00-00:00,2017-09-15,24,0,TH_SP15_GEN-APND,TH_SP15_GEN-APND,TH_SP15_GEN-APND,DAM,MCC,LMP_CONG_PRC,TH_SP15_GEN-APND,ALL_APNODES,0,0,290
2017-09-16T05:00:00-00:00,2017-09-16T06:00:00-00:00,2017-09-15,23,0,TH_SP15_GEN-APND,TH_SP15_GEN-APND,TH_SP15_GEN-APND,DAM,MCC,LMP_CONG_PRC,TH_SP15_GEN-APND,ALL_APNODES,0,0,290
2017-09-15T11:00:00-00:00,2017-09-15T12:00:00-00:00,2017-09-15,5,0,TH_SP15_GEN-APND,TH_SP15_GEN-APND,TH_SP15_GEN-APND,DAM,MCC,LMP_CONG_PRC,TH_SP15_GEN-APND,ALL_APNODES,0,0,290
2017-09-15T21:00:00-00:00,2017-09-15T22:00:00-00:00,2017-09-15,15,0,TH_SP15_GEN-APND,TH_SP15_GEN-APND,TH_SP15_GEN-APND,DAM,MCC,LMP_CONG_PRC,TH_SP15_GEN-APND,ALL_APNODES,0,-1.94768,290
2017-09-15T08:00:00-00:00,2017-09-15T09:00:00-00:00,2017-09-15,2,0,TH_SP15_GEN-APND,TH_SP15_GEN-APND,TH_SP15_GEN-APND,DAM,MCC,LMP_CONG_PRC,TH_SP15_GEN-APND,ALL_APNODES,0,0,290
2017-09-15T09:00:00-00:00,2017-09-15T10:00:00-00:00,2017-09-15,3,0,TH_SP15_GEN-APND,TH_SP15_GEN-APND,TH_SP15_GEN-APND,DAM,MCC,LMP_CONG_PRC,TH_SP15_GEN-APND,ALL_APNODES,0,0,290
2017-09-16T04:00:00-00:00,2017-09-16T05:00:00-00:00,2017-09-15,22,0,TH_SP15_GEN-APND,TH_SP15_GEN-APND,TH_SP15_GEN-APND,DAM,MCC,LMP_CONG_PRC,TH_SP15_GEN-APND,ALL_APNODES,0,0,290
2017-09-16T03:00:00-00:00,2017-09-16T04:00:00-00:00,2017-09-15,21,0,TH_SP15_GEN-APND,TH_SP15_GEN-APND,TH_SP15_GEN-APND,DAM,MCC,LMP_CONG_PRC,TH_SP15_GEN-APND,ALL_APNODES,0,0,290
2017-09-16T02:00:00-00:00,2017-09-16T03:00:00-00:00,2017-09-15,20,0,TH_SP15_GEN-APND,TH_SP15_GEN-APND,TH_SP15_GEN-APND,DAM,MCC,LMP_CONG_PRC,TH_SP15_GEN-APND,ALL_APNODES,0,0,290
2017-09-15T23:00:00-00:00,2017-09-16T00:00:00-00:00,2017-09-15,17,0,TH_SP15_GEN-APND,TH_SP15_GEN-APND,TH_SP15_GEN-APND,DAM,MCC,LMP_CONG_PRC,TH_SP15_GEN-APND,ALL_APNODES,0,-2.64278,290
2017-09-15T19:00:00-00:00,2017-09-15T20:00:00-00:00,2017-09-15,13,0,TH_SP15_GEN-APND,TH_SP15_GEN-APND,TH_SP15_GEN-APND,DAM,MCE,LMP_ENE_PRC,TH_SP15_GEN-APND,ALL_APNODES,0,22.66466,291
2017-09-15T21:00:00-00:00,2017-09-15T22:00:00-00:00,2017-09-15,15,0,TH_SP15_GEN-APND,TH_SP15_GEN-APND,TH_SP15_GEN-APND,DAM,MCE,LMP_ENE_PRC,TH_SP15_GEN-APND,ALL_APNODES,0,24.9532,291
2017-09-15T22:00:00-00:00,2017-09-15T23:00:00-00:00,2017-09-15,16,0,TH_SP15_GEN-APND,TH_SP15_GEN-APND,TH_SP15_GEN-APND,DAM,MCE,LMP_ENE_PRC,TH_SP15_GEN-APND,ALL_APNODES,0,26.96357,291
2017-09-15T13:00:00-00:00,2017-09-15T14:00:00-00:00,2017-09-15,7,0,TH_SP15_GEN-APND,TH_SP15_GEN-APND,TH_SP15_GEN-APND,DAM,MCE,LMP_ENE_PRC,TH_SP15_GEN-APND,ALL_APNODES,0,41.44621,291
2017-09-15T08:00:00-00:00,2017-09-15T09:00:00-00:00,2017-09-15,2,0,TH_SP15_GEN-APND,TH_SP15_GEN-APND,TH_SP15_GEN-APND,DAM,MCE,LMP_ENE_PRC,TH_SP15_GEN-APND,ALL_APNODES,0,25.70883,291
2017-09-15T09:00:00-00:00,2017-09-15T10:00:00-00:00,2017-09-15,3,0,TH_SP15_GEN-APND,TH_SP15_GEN-APND,TH_SP15_GEN-APND,DAM,MCE,LMP_ENE_PRC,TH_SP15_GEN-APND,ALL_APNODES,0,26.35683,291
2017-09-15T10:00:00-00:00,2017-09-15T11:00:00-00:00,2017-09-15,4,0,TH_SP15_GEN-APND,TH_SP15_GEN-APND,TH_SP15_GEN-APND,DAM,MCE,LMP_ENE_PRC,TH_SP15_GEN-APND,ALL_APNODES,0,25.28438,291
2017-09-15T23:00:00-00:00,2017-09-16T00:00:00-00:00,2017-09-15,17,0,TH_SP15_GEN-APND,TH_SP15_GEN-APND,TH_SP15_GEN-APND,DAM,MCE,LMP_ENE_PRC,TH_SP15_GEN-APND,ALL_APNODES,0,30.92794,291
2017-09-15T14:00:00-00:00,2017-09-15T15:00:00-00:00,2017-09-15,8,0,TH_SP15_GEN-APND,TH_SP15_GEN-APND,TH_SP15_GEN-APND,DAM,MCE,LMP_ENE_PRC,TH_SP15_GEN-APND,ALL_APNODES,0,38.55568,291
2017-09-15T20:00:00-00:00,2017-09-15T21:00:00-00:00,2017-09-15,14,0,TH_SP15_GEN-APND,TH_SP15_GEN-APND,TH_SP15_GEN-APND,DAM,MCE,LMP_ENE_PRC,TH_SP15_GEN-APND,ALL_APNODES,0,24.16759,291
2017-09-16T02:00:00-00:00,2017-09-16T03:00:00-00:00,2017-09-15,20,0,TH_SP15_GEN-APND,TH_SP15_GEN-APND,TH_SP15_GEN-APND,DAM,MCE,LMP_ENE_PRC,TH_SP15_GEN-APND,ALL_APNODES,0,56.27457,291
2017-09-16T03:00:00-00:00,2017-09-16T04:00:00-00:00,2017-09-15,21,0,TH_SP15_GEN-APND,TH_SP15_GEN-APND,TH_SP15_GEN-APND,DAM,MCE,LMP_ENE_PRC,TH_SP15_GEN-APND,ALL_APNODES,0,45.67333,291
2017-09-16T04:00:00-00:00,2017-09-16T05:00:00-00:00,2017-09-15,22,0,TH_SP15_GEN-APND,TH_SP15_GEN-APND,TH_SP15_GEN-APND,DAM,MCE,LMP_ENE_PRC,TH_SP15_GEN-APND,ALL_APNODES,0,35.99539,291
2017-09-15T17:00:00-00:00,2017-09-15T18:00:00-00:00,2017-09-15,11,0,TH_SP15_GEN-APND,TH_SP15_GEN-APND,TH_SP15_GEN-APND,DAM,MCE,LMP_ENE_PRC,TH_SP15_GEN-APND,ALL_APNODES,0,22.77487,291
2017-09-15T11:00:00-00:00,2017-09-15T12:00:00-00:00,2017-09-15,5,0,TH_SP15_GEN-APND,TH_SP15_GEN-APND,TH_SP15_GEN-APND,DAM,MCE,LMP_ENE_PRC,TH_SP15_GEN-APND,ALL_APNODES,0,27.31953,291
2017-09-16T00:00:00-00:00,2017-09-16T01:00:00-00:00,2017-09-15,18,0,TH_SP15_GEN-APND,TH_SP15_GEN-APND,TH_SP15_GEN-APND,DAM,MCE,LMP_ENE_PRC,TH_SP15_GEN-APND,ALL_APNODES,0,37.443,291
2017-09-15T16:00:00-00:00,2017-09-15T17:00:00-00:00,2017-09-15,10,0,TH_SP15_GEN-APND,TH_SP15_GEN-APND,TH_SP15_GEN-APND,DAM,MCE,LMP_ENE_PRC,TH_SP15_GEN-APND,ALL_APNODES,0,22.51944,291
2017-09-15T18:00:00-00:00,2017-09-15T19:00:00-00:00,2017-09-15,12,0,TH_SP15_GEN-APND,TH_SP15_GEN-APND,TH_SP15_GEN-APND,DAM,MCE,LMP_ENE_PRC,TH_SP15_GEN-APND,ALL_APNODES,0,23.32595,291
2017-09-16T01:00:00-00:00,2017-09-16T02:00:00-00:00,2017-09-15,19,0,TH_SP15_GEN-APND,TH_SP15_GEN-APND,TH_SP15_GEN-APND,DAM,MCE,LMP_ENE_PRC,TH_SP15_GEN-APND,ALL_APNODES,0,52.9347,291
2017-09-16T06:00:00-00:00,2017-09-16T07:00:00-00:00,2017-09-15,24,0,TH_SP15_GEN-APND,TH_SP15_GEN-APND,TH_SP15_GEN-APND,DAM,MCE,LMP_ENE_PRC,TH_SP15_GEN-APND,ALL_APNODES,0,30.88783,291
2017-09-15T15:00:00-00:00,2017-09-15T16:00:00-00:00,2017-09-15,9,0,TH_SP15_GEN-APND,TH_SP15_GEN-APND,TH_SP15_GEN-APND,DAM,MCE,LMP_ENE_PRC,TH_SP15_GEN-APND,ALL_APNODES,0,26.07823,291
2017-09-15T07:00:00-00:00,2017-09-15T08:00:00-00:00,2017-09-15,1,0,TH_SP15_GEN-APND,TH_SP15_GEN-APND,TH_SP15_GEN-APND,DAM,MCE,LMP_ENE_PRC,TH_SP15_GEN-APND,ALL_APNODES,0,26.12371,291
2017-09-15T12:00:00-00:00,2017-09-15T13:00:00-00:00,2017-09-15,6,0,TH_SP15_GEN-APND,TH_SP15_GEN-APND,TH_SP15_GEN-APND,DAM,MCE,LMP_ENE_PRC,TH_SP15_GEN-APND,ALL_APNODES,0,30.49071,291
2017-09-16T05:00:00-00:00,2017-09-16T06:00:00-00:00,2017-09-15,23,0,TH_SP15_GEN-APND,TH_SP15_GEN-APND,TH_SP15_GEN-APND,DAM,MCE,LMP_ENE_PRC,TH_SP15_GEN-APND,ALL_APNODES,0,33.07708,291
2017-09-15T08:00:00-00:00,2017-09-15T09:00:00-00:00,2017-09-15,2,0,TH_SP15_GEN-APND,TH_SP15_GEN-APND,TH_SP15_GEN-APND,DAM,MCL,LMP_LOSS_PRC,TH_SP15_GEN-APND,ALL_APNODES,0,-0.63758,292
2017-09-16T04:00:00-00:00,2017-09-16T05:00:00-00:00,2017-09-15,22,0,TH_SP15_GEN-APND,TH_SP15_GEN-APND,TH_SP15_GEN-APND,DAM,MCL,LMP_LOSS_PRC,TH_SP15_GEN-APND,ALL_APNODES,0,-1.19145,292
2017-09-16T01:00:00-00:00,2017-09-16T02:00:00-00:00,2017-09-15,19,0,TH_SP15_GEN-APND,TH_SP15_GEN-APND,TH_SP15_GEN-APND,DAM,MCL,LMP_LOSS_PRC,TH_SP15_GEN-APND,ALL_APNODES,0,-2.01681,292
2017-09-15T14:00:00-00:00,2017-09-15T15:00:00-00:00,2017-09-15,8,0,TH_SP15_GEN-APND,TH_SP15_GEN-APND,TH_SP15_GEN-APND,DAM,MCL,LMP_LOSS_PRC,TH_SP15_GEN-APND,ALL_APNODES,0,-1.43427,292
2017-09-15T17:00:00-00:00,2017-09-15T18:00:00-00:00,2017-09-15,11,0,TH_SP15_GEN-APND,TH_SP15_GEN-APND,TH_SP15_GEN-APND,DAM,MCL,LMP_LOSS_PRC,TH_SP15_GEN-APND,ALL_APNODES,0,-1.18885,292
2017-09-15T19:00:00-00:00,2017-09-15T20:00:00-00:00,2017-09-15,13,0,TH_SP15_GEN-APND,TH_SP15_GEN-APND,TH_SP15_GEN-APND,DAM,MCL,LMP_LOSS_PRC,TH_SP15_GEN-APND,ALL_APNODES,0,-1.05164,292
2017-09-15T20:00:00-00:00,2017-09-15T21:00:00-00:00,2017-09-15,14,0,TH_SP15_GEN-APND,TH_SP15_GEN-APND,TH_SP15_GEN-APND,DAM,MCL,LMP_LOSS_PRC,TH_SP15_GEN-APND,ALL_APNODES,0,-1.17213,292
2017-09-15T10:00:00-00:00,2017-09-15T11:00:00-00:00,2017-09-15,4,0,TH_SP15_GEN-APND,TH_SP15_GEN-APND,TH_SP15_GEN-APND,DAM,MCL,LMP_LOSS_PRC,TH_SP15_GEN-APND,ALL_APNODES,0,-0.63717,292
2017-09-15T11:00:00-00:00,2017-09-15T12:00:00-00:00,2017-09-15,5,0,TH_SP15_GEN-APND,TH_SP15_GEN-APND,TH_SP15_GEN-APND,DAM,MCL,LMP_LOSS_PRC,TH_SP15_GEN-APND,ALL_APNODES,0,-0.62835,292
2017-09-15T22:00:00-00:00,2017-09-15T23:00:00-00:00,2017-09-15,16,0,TH_SP15_GEN-APND,TH_SP15_GEN-APND,TH_SP15_GEN-APND,DAM,MCL,LMP_LOSS_PRC,TH_SP15_GEN-APND,ALL_APNODES,0,-1.20527,292
2017-09-15T23:00:00-00:00,2017-09-16T00:00:00-00:00,2017-09-15,17,0,TH_SP15_GEN-APND,TH_SP15_GEN-APND,TH_SP15_GEN-APND,DAM,MCL,LMP_LOSS_PRC,TH_SP15_GEN-APND,ALL_APNODES,0,-1.33609,292
2017-09-15T21:00:00-00:00,2017-09-15T22:00:00-00:00,2017-09-15,15,0,TH_SP15_GEN-APND,TH_SP15_GEN-APND,TH_SP15_GEN-APND,DAM,MCL,LMP_LOSS_PRC,TH_SP15_GEN-APND,ALL_APNODES,0,-1.1728,292
2017-09-15T15:00:00-00:00,2017-09-15T16:00:00-00:00,2017-09-15,9,0,TH_SP15_GEN-APND,TH_SP15_GEN-APND,TH_SP15_GEN-APND,DAM,MCL,LMP_LOSS_PRC,TH_SP15_GEN-APND,ALL_APNODES,0,-1.31695,292
2017-09-15T09:00:00-00:00,2017-09-15T10:00:00-00:00,2017-09-15,3,0,TH_SP15_GEN-APND,TH_SP15_GEN-APND,TH_SP15_GEN-APND,DAM,MCL,LMP_LOSS_PRC,TH_SP15_GEN-APND,ALL_APNODES,0,-0.62466,292
2017-09-15T16:00:00-00:00,2017-09-15T17:00:00-00:00,2017-09-15,10,0,TH_SP15_GEN-APND,TH_SP15_GEN-APND,TH_SP15_GEN-APND,DAM,MCL,LMP_LOSS_PRC,TH_SP15_GEN-APND,ALL_APNODES,0,-1.1575,292
2017-09-15T18:00:00-00:00,2017-09-15T19:00:00-00:00,2017-09-15,12,0,TH_SP15_GEN-APND,TH_SP15_GEN-APND,TH_SP15_GEN-APND,DAM,MCL,LMP_LOSS_PRC,TH_SP15_GEN-APND,ALL_APNODES,0,-1.14064,292
2017-09-15T12:00:00-00:00,2017-09-15T13:00:00-00:00,2017-09-15,6,0,TH_SP15_GEN-APND,TH_SP15_GEN-APND,TH_SP15_GEN-APND,DAM,MCL,LMP_LOSS_PRC,TH_SP15_GEN-APND,ALL_APNODES,0,-0.82935,292
2017-09-16T06:00:00-00:00,2017-09-16T07:00:00-00:00,2017-09-15,24,0,TH_SP15_GEN-APND,TH_SP15_GEN-APND,TH_SP15_GEN-APND,DAM,MCL,LMP_LOSS_PRC,TH_SP15_GEN-APND,ALL_APNODES,0,-0.97914,292
2017-09-16T00:00:00-00:00,2017-09-16T01:00:00-00:00,2017-09-15,18,0,TH_SP15_GEN-APND,TH_SP15_GEN-APND,TH_SP15_GEN-APND,DAM,MCL,LMP_LOSS_PRC,TH_SP15_GEN-APND,ALL_APNODES,0,-1.58009,292
2017-09-16T05:00:00-00:00,2017-09-16T06:00:00-00:00,2017-09-15,23,0,TH_SP15_GEN-APND,TH_SP15_GEN-APND,TH_SP15_GEN-APND,DAM,MCL,LMP_LOSS_PRC,TH_SP15_GEN-APND,ALL_APNODES,0,-1.16431,292
2017-09-15T13:00:00-00:00,2017-09-15T14:00:00-00:00,2017-09-15,7,0,TH_SP15_GEN-APND,TH_SP15_GEN-APND,TH_SP15_GEN-APND,DAM,MCL,LMP_LOSS_PRC,TH_SP15_GEN-APND,ALL_APNODES,0,-1.31384,292
2017-09-15T07:00:00-00:00,2017-09-15T08:00:00-00:00,2017-09-15,1,0,TH_SP15_GEN-APND,TH_SP15_GEN-APND,TH_SP15_GEN-APND,DAM,MCL,LMP_LOSS_PRC,TH_SP15_GEN-APND,ALL_APNODES,0,-0.76542,292
2017-09-16T02:00:00-00:00,2017-09-16T03:00:00-00:00,2017-09-15,20,0,TH_SP15_GEN-APND,TH_SP15_GEN-APND,TH_SP15_GEN-APND,DAM,MCL,LMP_LOSS_PRC,TH_SP15_GEN-APND,ALL_APNODES,0,-2.16094,292
2017-09-16T03:00:00-00:00,2017-09-16T04:00:00-00:00,2017-09-15,21,0,TH_SP15_GEN-APND,TH_SP15_GEN-APND,TH_SP15_GEN-APND,DAM,MCL,LMP_LOSS_PRC,TH_SP15_GEN-APND,ALL_APNODES,0,-1.62597,292
2017-09-15T23:00:00-00:00,2017-09-16T00:00:00-00:00,2017-09-15,17,0,TH_ZP26_GEN-APND,TH_ZP26_GEN-APND,TH_ZP26_GEN-APND,DAM,LMP,LMP_PRC,TH_ZP26_GEN-APND,ALL_APNODES,0,26.4202,293
2017-09-15T12:00:00-00:00,2017-09-15T13:00:00-00:00,2017-09-15,6,0,TH_ZP26_GEN-APND,TH_ZP26_GEN-APND,TH_ZP26_GEN-APND,DAM,LMP,LMP_PRC,TH_ZP26_GEN-APND,ALL_APNODES,0,29.24974,293
2017-09-15T16:00:00-00:00,2017-09-15T17:00:00-00:00,2017-09-15,10,0,TH_ZP26_GEN-APND,TH_ZP26_GEN-APND,TH_ZP26_GEN-APND,DAM,LMP,LMP_PRC,TH_ZP26_GEN-APND,ALL_APNODES,0,19,293
2017-09-15T22:00:00-00:00,2017-09-15T23:00:00-00:00,2017-09-15,16,0,TH_ZP26_GEN-APND,TH_ZP26_GEN-APND,TH_ZP26_GEN-APND,DAM,LMP,LMP_PRC,TH_ZP26_GEN-APND,ALL_APNODES,0,23.13,293
2017-09-15T13:00:00-00:00,2017-09-15T14:00:00-00:00,2017-09-15,7,0,TH_ZP26_GEN-APND,TH_ZP26_GEN-APND,TH_ZP26_GEN-APND,DAM,LMP,LMP_PRC,TH_ZP26_GEN-APND,ALL_APNODES,0,39.7552,293
2017-09-15T15:00:00-00:00,2017-09-15T16:00:00-00:00,2017-09-15,9,0,TH_ZP26_GEN-APND,TH_ZP26_GEN-APND,TH_ZP26_GEN-APND,DAM,LMP,LMP_PRC,TH_ZP26_GEN-APND,ALL_APNODES,0,23.70452,293
2017-09-16T04:00:00-00:00,2017-09-16T05:00:00-00:00,2017-09-15,22,0,TH_ZP26_GEN-APND,TH_ZP26_GEN-APND,TH_ZP26_GEN-APND,DAM,LMP,LMP_PRC,TH_ZP26_GEN-APND,ALL_APNODES,0,34.56638,293
2017-09-15T07:00:00-00:00,2017-09-15T08:00:00-00:00,2017-09-15,1,0,TH_ZP26_GEN-APND,TH_ZP26_GEN-APND,TH_ZP26_GEN-APND,DAM,LMP,LMP_PRC,TH_ZP26_GEN-APND,ALL_APNODES,0,25.11011,293
2017-09-16T06:00:00-00:00,2017-09-16T07:00:00-00:00,2017-09-15,24,0,TH_ZP26_GEN-APND,TH_ZP26_GEN-APND,TH_ZP26_GEN-APND,DAM,LMP,LMP_PRC,TH_ZP26_GEN-APND,ALL_APNODES,0,29.65232,293
2017-09-15T17:00:00-00:00,2017-09-15T18:00:00-00:00,2017-09-15,11,0,TH_ZP26_GEN-APND,TH_ZP26_GEN-APND,TH_ZP26_GEN-APND,DAM,LMP,LMP_PRC,TH_ZP26_GEN-APND,ALL_APNODES,0,18.71486,293
2017-09-15T19:00:00-00:00,2017-09-15T20:00:00-00:00,2017-09-15,13,0,TH_ZP26_GEN-APND,TH_ZP26_GEN-APND,TH_ZP26_GEN-APND,DAM,LMP,LMP_PRC,TH_ZP26_GEN-APND,ALL_APNODES,0,19.38281,293
2017-09-15T20:00:00-00:00,2017-09-15T21:00:00-00:00,2017-09-15,14,0,TH_ZP26_GEN-APND,TH_ZP26_GEN-APND,TH_ZP26_GEN-APND,DAM,LMP,LMP_PRC,TH_ZP26_GEN-APND,ALL_APNODES,0,20.74594,293
2017-09-16T00:00:00-00:00,2017-09-16T01:00:00-00:00,2017-09-15,18,0,TH_ZP26_GEN-APND,TH_ZP26_GEN-APND,TH_ZP26_GEN-APND,DAM,LMP,LMP_PRC,TH_ZP26_GEN-APND,ALL_APNODES,0,33.58532,293
2017-09-16T01:00:00-00:00,2017-09-16T02:00:00-00:00,2017-09-15,19,0,TH_ZP26_GEN-APND,TH_ZP26_GEN-APND,TH_ZP26_GEN-APND,DAM,LMP,LMP_PRC,TH_ZP26_GEN-APND,ALL_APNODES,0,50.47729,293
2017-09-16T03:00:00-00:00,2017-09-16T04:00:00-00:00,2017-09-15,21,0,TH_ZP26_GEN-APND,TH_ZP26_GEN-APND,TH_ZP26_GEN-APND,DAM,LMP,LMP_PRC,TH_ZP26_GEN-APND,ALL_APNODES,0,43.82356,293
2017-09-16T02:00:00-00:00,2017-09-16T03:00:00-00:00,2017-09-15,20,0,TH_ZP26_GEN-APND,TH_ZP26_GEN-APND,TH_ZP26_GEN-APND,DAM,LMP,LMP_PRC,TH_ZP26_GEN-APND,ALL_APNODES,0,53.92792,293
2017-09-16T05:00:00-00:00,2017-09-16T06:00:00-00:00,2017-09-15,23,0,TH_ZP26_GEN-APND,TH_ZP26_GEN-APND,TH_ZP26_GEN-APND,DAM,LMP,LMP_PRC,TH_ZP26_GEN-APND,ALL_APNODES,0,31.73084,293
2017-09-15T14:00:00-00:00,2017-09-15T15:00:00-00:00,2017-09-15,8,0,TH_ZP26_GEN-APND,TH_ZP26_GEN-APND,TH_ZP26_GEN-APND,DAM,LMP,LMP_PRC,TH_ZP26_GEN-APND,ALL_APNODES,0,36.80139,293
2017-09-15T18:00:00-00:00,2017-09-15T19:00:00-00:00,2017-09-15,12,0,TH_ZP26_GEN-APND,TH_ZP26_GEN-APND,TH_ZP26_GEN-APND,DAM,LMP,LMP_PRC,TH_ZP26_GEN-APND,ALL_APNODES,0,19.10274,293
2017-09-15T21:00:00-00:00,2017-09-15T22:00:00-00:00,2017-09-15,15,0,TH_ZP26_GEN-APND,TH_ZP26_GEN-APND,TH_ZP26_GEN-APND,DAM,LMP,LMP_PRC,TH_ZP26_GEN-APND,ALL_APNODES,0,21.38107,293
2017-09-15T08:00:00-00:00,2017-09-15T09:00:00-00:00,2017-09-15,2,0,TH_ZP26_GEN-APND,TH_ZP26_GEN-APND,TH_ZP26_GEN-APND,DAM,LMP,LMP_PRC,TH_ZP26_GEN-APND,ALL_APNODES,0,24.72675,293
2017-09-15T09:00:00-00:00,2017-09-15T10:00:00-00:00,2017-09-15,3,0,TH_ZP26_GEN-APND,TH_ZP26_GEN-APND,TH_ZP26_GEN-APND,DAM,LMP,LMP_PRC,TH_ZP26_GEN-APND,ALL_APNODES,0,25.32628,293
2017-09-15T10:00:00-00:00,2017-09-15T11:00:00-00:00,2017-09-15,4,0,TH_ZP26_GEN-APND,TH_ZP26_GEN-APND,TH_ZP26_GEN-APND,DAM,LMP,LMP_PRC,TH_ZP26_GEN-APND,ALL_APNODES,0,24.29577,293
2017-09-15T11:00:00-00:00,2017-09-15T12:00:00-00:00,2017-09-15,5,0,TH_ZP26_GEN-APND,TH_ZP26_GEN-APND,TH_ZP26_GEN-APND,DAM,LMP,LMP_PRC,TH_ZP26_GEN-APND,ALL_APNODES,0,26.21582,293
2017-09-15T15:00:00-00:00,2017-09-15T16:00:00-00:00,2017-09-15,9,0,TH_ZP26_GEN-APND,TH_ZP26_GEN-APND,TH_ZP26_GEN-APND,DAM,MCC,LMP_CONG_PRC,TH_ZP26_GEN-APND,ALL_APNODES,0,-0.85596,294
2017-09-15T07:00:00-00:00,2017-09-15T08:00:00-00:00,2017-09-15,1,0,TH_ZP26_GEN-APND,TH_ZP26_GEN-APND,TH_ZP26_GEN-APND,DAM,MCC,LMP_CONG_PRC,TH_ZP26_GEN-APND,ALL_APNODES,0,0,294
2017-09-16T03:00:00-00:00,2017-09-16T04:00:00-00:00,2017-09-15,21,0,TH_ZP26_GEN-APND,TH_ZP26_GEN-APND,TH_ZP26_GEN-APND,DAM,MCC,LMP_CONG_PRC,TH_ZP26_GEN-APND,ALL_APNODES,0,0,294
2017-09-15T16:00:00-00:00,2017-09-15T17:00:00-00:00,2017-09-15,10,0,TH_ZP26_GEN-APND,TH_ZP26_GEN-APND,TH_ZP26_GEN-APND,DAM,MCC,LMP_CONG_PRC,TH_ZP26_GEN-APND,ALL_APNODES,0,-2.05568,294
2017-09-15T17:00:00-00:00,2017-09-15T18:00:00-00:00,2017-09-15,11,0,TH_ZP26_GEN-APND,TH_ZP26_GEN-APND,TH_ZP26_GEN-APND,DAM,MCC,LMP_CONG_PRC,TH_ZP26_GEN-APND,ALL_APNODES,0,-2.54777,294
2017-09-15T13:00:00-00:00,2017-09-15T14:00:00-00:00,2017-09-15,7,0,TH_ZP26_GEN-APND,TH_ZP26_GEN-APND,TH_ZP26_GEN-APND,DAM,MCC,LMP_CONG_PRC,TH_ZP26_GEN-APND,ALL_APNODES,0,0,294
2017-09-15T08:00:00-00:00,2017-09-15T09:00:00-00:00,2017-09-15,2,0,TH_ZP26_GEN-APND,TH_ZP26_GEN-APND,TH_ZP26_GEN-APND,DAM,MCC,LMP_CONG_PRC,TH_ZP26_GEN-APND,ALL_APNODES,0,0,294
2017-09-15T09:00:00-00:00,2017-09-15T10:00:00-00:00,2017-09-15,3,0,TH_ZP26_GEN-APND,TH_ZP26_GEN-APND,TH_ZP26_GEN-APND,DAM,MCC,LMP_CONG_PRC,TH_ZP26_GEN-APND,ALL_APNODES,0,0,294
2017-09-15T22:00:00-00:00,2017-09-15T23:00:00-00:00,2017-09-15,16,0,TH_ZP26_GEN-APND,TH_ZP26_GEN-APND,TH_ZP26_GEN-APND,DAM,MCC,LMP_CONG_PRC,TH_ZP26_GEN-APND,ALL_APNODES,0,-2.09173,294
2017-09-16T05:00:00-00:00,2017-09-16T06:00:00-00:00,2017-09-15,23,0,TH_ZP26_GEN-APND,TH_ZP26_GEN-APND,TH_ZP26_GEN-APND,DAM,MCC,LMP_CONG_PRC,TH_ZP26_GEN-APND,ALL_APNODES,0,0,294
2017-09-15T14:00:00-00:00,2017-09-15T15:00:00-00:00,2017-09-15,8,0,TH_ZP26_GEN-APND,TH_ZP26_GEN-APND,TH_ZP26_GEN-APND,DAM,MCC,LMP_CONG_PRC,TH_ZP26_GEN-APND,ALL_APNODES,0,0,294
2017-09-16T02:00:00-00:00,2017-09-16T03:00:00-00:00,2017-09-15,20,0,TH_ZP26_GEN-APND,TH_ZP26_GEN-APND,TH_ZP26_GEN-APND,DAM,MCC,LMP_CONG_PRC,TH_ZP26_GEN-APND,ALL_APNODES,0,0,294
2017-09-15T18:00:00-00:00,2017-09-15T19:00:00-00:00,2017-09-15,12,0,TH_ZP26_GEN-APND,TH_ZP26_GEN-APND,TH_ZP26_GEN-APND,DAM,MCC,LMP_CONG_PRC,TH_ZP26_GEN-APND,ALL_APNODES,0,-2.65338,294
2017-09-15T20:00:00-00:00,2017-09-15T21:00:00-00:00,2017-09-15,14,0,TH_ZP26_GEN-APND,TH_ZP26_GEN-APND,TH_ZP26_GEN-APND,DAM,MCC,LMP_CONG_PRC,TH_ZP26_GEN-APND,ALL_APNODES,0,-1.86767,294
2017-09-16T01:00:00-00:00,2017-09-16T02:00:00-00:00,2017-09-15,19,0,TH_ZP26_GEN-APND,TH_ZP26_GEN-APND,TH_ZP26_GEN-APND,DAM,MCC,LMP_CONG_PRC,TH_ZP26_GEN-APND,ALL_APNODES,0,-0.1124,294
2017-09-16T04:00:00-00:00,2017-09-16T05:00:00-00:00,2017-09-15,22,0,TH_ZP26_GEN-APND,TH_ZP26_GEN-APND,TH_ZP26_GEN-APND,DAM,MCC,LMP_CONG_PRC,TH_ZP26_GEN-APND,ALL_APNODES,0,0,294
2017-09-16T06:00:00-00:00,2017-09-16T07:00:00-00:00,2017-09-15,24,0,TH_ZP26_GEN-APND,TH_ZP26_GEN-APND,TH_ZP26_GEN-APND,DAM,MCC,LMP_CONG_PRC,TH_ZP26_GEN-APND,ALL_APNODES,0,0,294
2017-09-15T21:00:00-00:00,2017-09-15T22:00:00-00:00,2017-09-15,15,0,TH_ZP26_GEN-APND,TH_ZP26_GEN-APND,TH_ZP26_GEN-APND,DAM,MCC,LMP_CONG_PRC,TH_ZP26_GEN-APND,ALL_APNODES,0,-1.94768,294
2017-09-15T23:00:00-00:00,2017-09-16T00:00:00-00:00,2017-09-15,17,0,TH_ZP26_GEN-APND,TH_ZP26_GEN-APND,TH_ZP26_GEN-APND,DAM,MCC,LMP_CONG_PRC,TH_ZP26_GEN-APND,ALL_APNODES,0,-2.64278,294
2017-09-15T11:00:00-00:00,2017-09-15T12:00:00-00:00,2017-09-15,5,0,TH_ZP26_GEN-APND,TH_ZP26_GEN-APND,TH_ZP26_GEN-APND,DAM,MCC,LMP_CONG_PRC,TH_ZP26_GEN-APND,ALL_APNODES,0,0,294
2017-09-16T00:00:00-00:00,2017-09-16T01:00:00-00:00,2017-09-15,18,0,TH_ZP26_GEN-APND,TH_ZP26_GEN-APND,TH_ZP26_GEN-APND,DAM,MCC,LMP_CONG_PRC,TH_ZP26_GEN-APND,ALL_APNODES,0,-1.89193,294
2017-09-15T19:00:00-00:00,2017-09-15T20:00:00-00:00,2017-09-15,13,0,TH_ZP26_GEN-APND,TH_ZP26_GEN-APND,TH_ZP26_GEN-APND,DAM,MCC,LMP_CONG_PRC,TH_ZP26_GEN-APND,ALL_APNODES,0,-1.77691,294
2017-09-15T10:00:00-00:00,2017-09-15T11:00:00-00:00,2017-09-15,4,0,TH_ZP26_GEN-APND,TH_ZP26_GEN-APND,TH_ZP26_GEN-APND,DAM,MCC,LMP_CONG_PRC,TH_ZP26_GEN-APND,ALL_APNODES,0,0,294
2017-09-15T12:00:00-00:00,2017-09-15T13:00:00-00:00,2017-09-15,6,0,TH_ZP26_GEN-APND,TH_ZP26_GEN-APND,TH_ZP26_GEN-APND,DAM,MCC,LMP_CONG_PRC,TH_ZP26_GEN-APND,ALL_APNODES,0,0,294
2017-09-15T17:00:00-00:00,2017-09-15T18:00:00-00:00,2017-09-15,11,0,TH_ZP26_GEN-APND,TH_ZP26_GEN-APND,TH_ZP26_GEN-APND,DAM,MCE,LMP_ENE_PRC,TH_ZP26_GEN-APND,ALL_APNODES,0,22.77487,295
2017-09-15T14:00:00-00:00,2017-09-15T15:00:00-00:00,2017-09-15,8,0,TH_ZP26_GEN-APND,TH_ZP26_GEN-APND,TH_ZP26_GEN-APND,DAM,MCE,LMP_ENE_PRC,TH_ZP26_GEN-APND,ALL_APNODES,0,38.55568,295
2017-09-16T00:00:00-00:00,2017-09-16T01:00:00-00:00,2017-09-15,18,0,TH_ZP26_GEN-APND,TH_ZP26_GEN-APND,TH_ZP26_GEN-APND,DAM,MCE,LMP_ENE_PRC,TH_ZP26_GEN-APND,ALL_APNODES,0,37.443,295
2017-09-15T18:00:00-00:00,2017-09-15T19:00:00-00:00,2017-09-15,12,0,TH_ZP26_GEN-APND,TH_ZP26_GEN-APND,TH_ZP26_GEN-APND,DAM,MCE,LMP_ENE_PRC,TH_ZP26_GEN-APND,ALL_APNODES,0,23.32595,295
2017-09-16T06:00:00-00:00,2017-09-16T07:00:00-00:00,2017-09-15,24,0,TH_ZP26_GEN-APND,TH_ZP26_GEN-APND,TH_ZP26_GEN-APND,DAM,MCE,LMP_ENE_PRC,TH_ZP26_GEN-APND,ALL_APNODES,0,30.88783,295
2017-09-15T11:00:00-00:00,2017-09-15T12:00:00-00:00,2017-09-15,5,0,TH_ZP26_GEN-APND,TH_ZP26_GEN-APND,TH_ZP26_GEN-APND,DAM,MCE,LMP_ENE_PRC,TH_ZP26_GEN-APND,ALL_APNODES,0,27.31953,295
2017-09-15T10:00:00-00:00,2017-09-15T11:00:00-00:00,2017-09-15,4,0,TH_ZP26_GEN-APND,TH_ZP26_GEN-APND,TH_ZP26_GEN-APND,DAM,MCE,LMP_ENE_PRC,TH_ZP26_GEN-APND,ALL_APNODES,0,25.28438,295
2017-09-15T23:00:00-00:00,2017-09-16T00:00:00-00:00,2017-09-15,17,0,TH_ZP26_GEN-APND,TH_ZP26_GEN-APND,TH_ZP26_GEN-APND,DAM,MCE,LMP_ENE_PRC,TH_ZP26_GEN-APND,ALL_APNODES,0,30.92794,295
2017-09-15T15:00:00-00:00,2017-09-15T16:00:00-00:00,2017-09-15,9,0,TH_ZP26_GEN-APND,TH_ZP26_GEN-APND,TH_ZP26_GEN-APND,DAM,MCE,LMP_ENE_PRC,TH_ZP26_GEN-APND,ALL_APNODES,0,26.07823,295
2017-09-15T13:00:00-00:00,2017-09-15T14:00:00-00:00,2017-09-15,7,0,TH_ZP26_GEN-APND,TH_ZP26_GEN-APND,TH_ZP26_GEN-APND,DAM,MCE,LMP_ENE_PRC,TH_ZP26_GEN-APND,ALL_APNODES,0,41.44621,295
2017-09-15T21:00:00-00:00,2017-09-15T22:00:00-00:00,2017-09-15,15,0,TH_ZP26_GEN-APND,TH_ZP26_GEN-APND,TH_ZP26_GEN-APND,DAM,MCE,LMP_ENE_PRC,TH_ZP26_GEN-APND,ALL_APNODES,0,24.9532,295
2017-09-16T04:00:00-00:00,2017-09-16T05:00:00-00:00,2017-09-15,22,0,TH_ZP26_GEN-APND,TH_ZP26_GEN-APND,TH_ZP26_GEN-APND,DAM,MCE,LMP_ENE_PRC,TH_ZP26_GEN-APND,ALL_APNODES,0,35.99539,295
2017-09-16T02:00:00-00:00,2017-09-16T03:00:00-00:00,2017-09-15,20,0,TH_ZP26_GEN-APND,TH_ZP26_GEN-APND,TH_ZP26_GEN-APND,DAM,MCE,LMP_ENE_PRC,TH_ZP26_GEN-APND,ALL_APNODES,0,56.27457,295
2017-09-15T08:00:00-00:00,2017-09-15T09:00:00-00:00,2017-09-15,2,0,TH_ZP26_GEN-APND,TH_ZP26_GEN-APND,TH_ZP26_GEN-APND,DAM,MCE,LMP_ENE_PRC,TH_ZP26_GEN-APND,ALL_APNODES,0,25.70883,295
2017-09-15T19:00:00-00:00,2017-09-15T20:00:00-00:00,2017-09-15,13,0,TH_ZP26_GEN-APND,TH_ZP26_GEN-APND,TH_ZP26_GEN-APND,DAM,MCE,LMP_ENE_PRC,TH_ZP26_GEN-APND,ALL_APNODES,0,22.66466,295
2017-09-15T16:00:00-00:00,2017-09-15T17:00:00-00:00,2017-09-15,10,0,TH_ZP26_GEN-APND,TH_ZP26_GEN-APND,TH_ZP26_GEN-APND,DAM,MCE,LMP_ENE_PRC,TH_ZP26_GEN-APND,ALL_APNODES,0,22.51944,295
2017-09-16T05:00:00-00:00,2017-09-16T06:00:00-00:00,2017-09-15,23,0,TH_ZP26_GEN-APND,TH_ZP26_GEN-APND,TH_ZP26_GEN-APND,DAM,MCE,LMP_ENE_PRC,TH_ZP26_GEN-APND,ALL_APNODES,0,33.07708,295
2017-09-15T09:00:00-00:00,2017-09-15T10:00:00-00:00,2017-09-15,3,0,TH_ZP26_GEN-APND,TH_ZP26_GEN-APND,TH_ZP26_GEN-APND,DAM,MCE,LMP_ENE_PRC,TH_ZP26_GEN-APND,ALL_APNODES,0,26.35683,295
2017-09-15T07:00:00-00:00,2017-09-15T08:00:00-00:00,2017-09-15,1,0,TH_ZP26_GEN-APND,TH_ZP26_GEN-APND,TH_ZP26_GEN-APND,DAM,MCE,LMP_ENE_PRC,TH_ZP26_GEN-APND,ALL_APNODES,0,26.12371,295
2017-09-15T20:00:00-00:00,2017-09-15T21:00:00-00:00,2017-09-15,14,0,TH_ZP26_GEN-APND,TH_ZP26_GEN-APND,TH_ZP26_GEN-APND,DAM,MCE,LMP_ENE_PRC,TH_ZP26_GEN-APND,ALL_APNODES,0,24.16759,295
2017-09-16T03:00:00-00:00,2017-09-16T04:00:00-00:00,2017-09-15,21,0,TH_ZP26_GEN-APND,TH_ZP26_GEN-APND,TH_ZP26_GEN-APND,DAM,MCE,LMP_ENE_PRC,TH_ZP26_GEN-APND,ALL_APNODES,0,45.67333,295
2017-09-15T12:00:00-00:00,2017-09-15T13:00:00-00:00,2017-09-15,6,0,TH_ZP26_GEN-APND,TH_ZP26_GEN-APND,TH_ZP26_GEN-APND,DAM,MCE,LMP_ENE_PRC,TH_ZP26_GEN-APND,ALL_APNODES,0,30.49071,295
2017-09-16T01:00:00-00:00,2017-09-16T02:00:00-00:00,2017-09-15,19,0,TH_ZP26_GEN-APND,TH_ZP26_GEN-APND,TH_ZP26_GEN-APND,DAM,MCE,LMP_ENE_PRC,TH_ZP26_GEN-APND,ALL_APNODES,0,52.9347,295
2017-09-15T22:00:00-00:00,2017-09-15T23:00:00-00:00,2017-09-15,16,0,TH_ZP26_GEN-APND,TH_ZP26_GEN-APND,TH_ZP26_GEN-APND,DAM,MCE,LMP_ENE_PRC,TH_ZP26_GEN-APND,ALL_APNODES,0,26.96357,295
2017-09-15T09:00:00-00:00,2017-09-15T10:00:00-00:00,2017-09-15,3,0,TH_ZP26_GEN-APND,TH_ZP26_GEN-APND,TH_ZP26_GEN-APND,DAM,MCL,LMP_LOSS_PRC,TH_ZP26_GEN-APND,ALL_APNODES,0,-1.03055,296
2017-09-15T15:00:00-00:00,2017-09-15T16:00:00-00:00,2017-09-15,9,0,TH_ZP26_GEN-APND,TH_ZP26_GEN-APND,TH_ZP26_GEN-APND,DAM,MCL,LMP_LOSS_PRC,TH_ZP26_GEN-APND,ALL_APNODES,0,-1.51775,296
2017-09-16T05:00:00-00:00,2017-09-16T06:00:00-00:00,2017-09-15,23,0,TH_ZP26_GEN-APND,TH_ZP26_GEN-APND,TH_ZP26_GEN-APND,DAM,MCL,LMP_LOSS_PRC,TH_ZP26_GEN-APND,ALL_APNODES,0,-1.34624,296
2017-09-15T10:00:00-00:00,2017-09-15T11:00:00-00:00,2017-09-15,4,0,TH_ZP26_GEN-APND,TH_ZP26_GEN-APND,TH_ZP26_GEN-APND,DAM,MCL,LMP_LOSS_PRC,TH_ZP26_GEN-APND,ALL_APNODES,0,-0.98862,296
2017-09-15T07:00:00-00:00,2017-09-15T08:00:00-00:00,2017-09-15,1,0,TH_ZP26_GEN-APND,TH_ZP26_GEN-APND,TH_ZP26_GEN-APND,DAM,MCL,LMP_LOSS_PRC,TH_ZP26_GEN-APND,ALL_APNODES,0,-1.0136,296
2017-09-16T00:00:00-00:00,2017-09-16T01:00:00-00:00,2017-09-15,18,0,TH_ZP26_GEN-APND,TH_ZP26_GEN-APND,TH_ZP26_GEN-APND,DAM,MCL,LMP_LOSS_PRC,TH_ZP26_GEN-APND,ALL_APNODES,0,-1.96576,296
2017-09-15T19:00:00-00:00,2017-09-15T20:00:00-00:00,2017-09-15,13,0,TH_ZP26_GEN-APND,TH_ZP26_GEN-APND,TH_ZP26_GEN-APND,DAM,MCL,LMP_LOSS_PRC,TH_ZP26_GEN-APND,ALL_APNODES,0,-1.50493,296
2017-09-15T18:00:00-00:00,2017-09-15T19:00:00-00:00,2017-09-15,12,0,TH_ZP26_GEN-APND,TH_ZP26_GEN-APND,TH_ZP26_GEN-APND,DAM,MCL,LMP_LOSS_PRC,TH_ZP26_GEN-APND,ALL_APNODES,0,-1.56984,296
2017-09-16T04:00:00-00:00,2017-09-16T05:00:00-00:00,2017-09-15,22,0,TH_ZP26_GEN-APND,TH_ZP26_GEN-APND,TH_ZP26_GEN-APND,DAM,MCL,LMP_LOSS_PRC,TH_ZP26_GEN-APND,ALL_APNODES,0,-1.42902,296
2017-09-15T17:00:00-00:00,2017-09-15T18:00:00-00:00,2017-09-15,11,0,TH_ZP26_GEN-APND,TH_ZP26_GEN-APND,TH_ZP26_GEN-APND,DAM,MCL,LMP_LOSS_PRC,TH_ZP26_GEN-APND,ALL_APNODES,0,-1.51225,296
2017-09-15T21:00:00-00:00,2017-09-15T22:00:00-00:00,2017-09-15,15,0,TH_ZP26_GEN-APND,TH_ZP26_GEN-APND,TH_ZP26_GEN-APND,DAM,MCL,LMP_LOSS_PRC,TH_ZP26_GEN-APND,ALL_APNODES,0,-1.62445,296
2017-09-15T14:00:00-00:00,2017-09-15T15:00:00-00:00,2017-09-15,8,0,TH_ZP26_GEN-APND,TH_ZP26_GEN-APND,TH_ZP26_GEN-APND,DAM,MCL,LMP_LOSS_PRC,TH_ZP26_GEN-APND,ALL_APNODES,0,-1.75428,296
2017-09-15T13:00:00-00:00,2017-09-15T14:00:00-00:00,2017-09-15,7,0,TH_ZP26_GEN-APND,TH_ZP26_GEN-APND,TH_ZP26_GEN-APND,DAM,MCL,LMP_LOSS_PRC,TH_ZP26_GEN-APND,ALL_APNODES,0,-1.69101,296
2017-09-15T16:00:00-00:00,2017-09-15T17:00:00-00:00,2017-09-15,10,0,TH_ZP26_GEN-APND,TH_ZP26_GEN-APND,TH_ZP26_GEN-APND,DAM,MCL,LMP_LOSS_PRC,TH_ZP26_GEN-APND,ALL_APNODES,0,-1.46376,296
2017-09-15T12:00:00-00:00,2017-09-15T13:00:00-00:00,2017-09-15,6,0,TH_ZP26_GEN-APND,TH_ZP26_GEN-APND,TH_ZP26_GEN-APND,DAM,MCL,LMP_LOSS_PRC,TH_ZP26_GEN-APND,ALL_APNODES,0,-1.24097,296
2017-09-15T11:00:00-00:00,2017-09-15T12:00:00-00:00,2017-09-15,5,0,TH_ZP26_GEN-APND,TH_ZP26_GEN-APND,TH_ZP26_GEN-APND,DAM,MCL,LMP_LOSS_PRC,TH_ZP26_GEN-APND,ALL_APNODES,0,-1.10371,296
2017-09-15T08:00:00-00:00,2017-09-15T09:00:00-00:00,2017-09-15,2,0,TH_ZP26_GEN-APND,TH_ZP26_GEN-APND,TH_ZP26_GEN-APND,DAM,MCL,LMP_LOSS_PRC,TH_ZP26_GEN-APND,ALL_APNODES,0,-0.98208,296
2017-09-15T23:00:00-00:00,2017-09-16T00:00:00-00:00,2017-09-15,17,0,TH_ZP26_GEN-APND,TH_ZP26_GEN-APND,TH_ZP26_GEN-APND,DAM,MCL,LMP_LOSS_PRC,TH_ZP26_GEN-APND,ALL_APNODES,0,-1.86495,296
2017-09-15T20:00:00-00:00,2017-09-15T21:00:00-00:00,2017-09-15,14,0,TH_ZP26_GEN-APND,TH_ZP26_GEN-APND,TH_ZP26_GEN-APND,DAM,MCL,LMP_LOSS_PRC,TH_ZP26_GEN-APND,ALL_APNODES,0,-1.55398,296
2017-09-16T03:00:00-00:00,2017-09-16T04:00:00-00:00,2017-09-15,21,0,TH_ZP26_GEN-APND,TH_ZP26_GEN-APND,TH_ZP26_GEN-APND,DAM,MCL,LMP_LOSS_PRC,TH_ZP26_GEN-APND,ALL_APNODES,0,-1.84977,296
2017-09-16T02:00:00-00:00,2017-09-16T03:00:00-00:00,2017-09-15,20,0,TH_ZP26_GEN-APND,TH_ZP26_GEN-APND,TH_ZP26_GEN-APND,DAM,MCL,LMP_LOSS_PRC,TH_ZP26_GEN-APND,ALL_APNODES,0,-2.34665,296
2017-09-16T01:00:00-00:00,2017-09-16T02:00:00-00:00,2017-09-15,19,0,TH_ZP26_GEN-APND,TH_ZP26_GEN-APND,TH_ZP26_GEN-APND,DAM,MCL,LMP_LOSS_PRC,TH_ZP26_GEN-APND,ALL_APNODES,0,-2.34501,296
2017-09-15T22:00:00-00:00,2017-09-15T23:00:00-00:00,2017-09-15,16,0,TH_ZP26_GEN-APND,TH_ZP26_GEN-APND,TH_ZP26_GEN-APND,DAM,MCL,LMP_LOSS_PRC,TH_ZP26_GEN-APND,ALL_APNODES,0,-1.74185,296
2017-09-16T06:00:00-00:00,2017-09-16T07:00:00-00:00,2017-09-15,24,0,TH_ZP26_GEN-APND,TH_ZP26_GEN-APND,TH_ZP26_GEN-APND,DAM,MCL,LMP_LOSS_PRC,TH_ZP26_GEN-APND,ALL_APNODES,0,-1.23551,296
2017-09-15T07:00:00-00:00,2017-09-15T08:00:00-00:00,2017-09-15,1,0,URBAN_6_N005,URBAN_6_N005,URBAN_6_N005,DAM,LMP,LMP_PRC,URBAN_6_N005,ALL,1,26.02705,297
2017-09-15T11:00:00-00:00,2017-09-15T12:00:00-00:00,2017-09-15,5,0,URBAN_6_N005,URBAN_6_N005,URBAN_6_N005,DAM,LMP,LMP_PRC,URBAN_6_N005,ALL,1,27.66103,297
2017-09-15T09:00:00-00:00,2017-09-15T10:00:00-00:00,2017-09-15,3,0,URBAN_6_N005,URBAN_6_N005,URBAN_6_N005,DAM,LMP,LMP_PRC,URBAN_6_N005,ALL,1,26.47543,297
2017-09-16T01:00:00-00:00,2017-09-16T02:00:00-00:00,2017-09-15,19,0,URBAN_6_N005,URBAN_6_N005,URBAN_6_N005,DAM,LMP,LMP_PRC,URBAN_6_N005,ALL,1,52.0997,297
2017-09-15T16:00:00-00:00,2017-09-15T17:00:00-00:00,2017-09-15,10,0,URBAN_6_N005,URBAN_6_N005,URBAN_6_N005,DAM,LMP,LMP_PRC,URBAN_6_N005,ALL,1,20.19404,297
2017-09-15T18:00:00-00:00,2017-09-15T19:00:00-00:00,2017-09-15,12,0,URBAN_6_N005,URBAN_6_N005,URBAN_6_N005,DAM,LMP,LMP_PRC,URBAN_6_N005,ALL,1,16.43375,297
2017-09-15T10:00:00-00:00,2017-09-15T11:00:00-00:00,2017-09-15,4,0,URBAN_6_N005,URBAN_6_N005,URBAN_6_N005,DAM,LMP,LMP_PRC,URBAN_6_N005,ALL,1,25.3476,297
2017-09-15T13:00:00-00:00,2017-09-15T14:00:00-00:00,2017-09-15,7,0,URBAN_6_N005,URBAN_6_N005,URBAN_6_N005,DAM,LMP,LMP_PRC,URBAN_6_N005,ALL,1,41.81093,297
2017-09-15T15:00:00-00:00,2017-09-15T16:00:00-00:00,2017-09-15,9,0,URBAN_6_N005,URBAN_6_N005,URBAN_6_N005,DAM,LMP,LMP_PRC,URBAN_6_N005,ALL,1,22.38009,297
2017-09-16T00:00:00-00:00,2017-09-16T01:00:00-00:00,2017-09-15,18,0,URBAN_6_N005,URBAN_6_N005,URBAN_6_N005,DAM,LMP,LMP_PRC,URBAN_6_N005,ALL,1,35.10831,297
2017-09-16T06:00:00-00:00,2017-09-16T07:00:00-00:00,2017-09-15,24,0,URBAN_6_N005,URBAN_6_N005,URBAN_6_N005,DAM,LMP,LMP_PRC,URBAN_6_N005,ALL,1,30.40598,297
2017-09-15T12:00:00-00:00,2017-09-15T13:00:00-00:00,2017-09-15,6,0,URBAN_6_N005,URBAN_6_N005,URBAN_6_N005,DAM,LMP,LMP_PRC,URBAN_6_N005,ALL,1,30.881,297
2017-09-16T02:00:00-00:00,2017-09-16T03:00:00-00:00,2017-09-15,20,0,URBAN_6_N005,URBAN_6_N005,URBAN_6_N005,DAM,LMP,LMP_PRC,URBAN_6_N005,ALL,1,55.17721,297
2017-09-16T05:00:00-00:00,2017-09-16T06:00:00-00:00,2017-09-15,23,0,URBAN_6_N005,URBAN_6_N005,URBAN_6_N005,DAM,LMP,LMP_PRC,URBAN_6_N005,ALL,1,32.69008,297
2017-09-15T17:00:00-00:00,2017-09-15T18:00:00-00:00,2017-09-15,11,0,URBAN_6_N005,URBAN_6_N005,URBAN_6_N005,DAM,LMP,LMP_PRC,URBAN_6_N005,ALL,1,17.7031,297
2017-09-15T22:00:00-00:00,2017-09-15T23:00:00-00:00,2017-09-15,16,0,URBAN_6_N005,URBAN_6_N005,URBAN_6_N005,DAM,LMP,LMP_PRC,URBAN_6_N005,ALL,1,19.04243,297
2017-09-15T23:00:00-00:00,2017-09-16T00:00:00-00:00,2017-09-15,17,0,URBAN_6_N005,URBAN_6_N005,URBAN_6_N005,DAM,LMP,LMP_PRC,URBAN_6_N005,ALL,1,23.85388,297
2017-09-16T03:00:00-00:00,2017-09-16T04:00:00-00:00,2017-09-15,21,0,URBAN_6_N005,URBAN_6_N005,URBAN_6_N005,DAM,LMP,LMP_PRC,URBAN_6_N005,ALL,1,45.25313,297
2017-09-15T14:00:00-00:00,2017-09-15T15:00:00-00:00,2017-09-15,8,0,URBAN_6_N005,URBAN_6_N005,URBAN_6_N005,DAM,LMP,LMP_PRC,URBAN_6_N005,ALL,1,38.6405,297
2017-09-15T19:00:00-00:00,2017-09-15T20:00:00-00:00,2017-09-15,13,0,URBAN_6_N005,URBAN_6_N005,URBAN_6_N005,DAM,LMP,LMP_PRC,URBAN_6_N005,ALL,1,16.33101,297
2017-09-15T20:00:00-00:00,2017-09-15T21:00:00-00:00,2017-09-15,14,0,URBAN_6_N005,URBAN_6_N005,URBAN_6_N005,DAM,LMP,LMP_PRC,URBAN_6_N005,ALL,1,17.66984,297
2017-09-15T08:00:00-00:00,2017-09-15T09:00:00-00:00,2017-09-15,2,0,URBAN_6_N005,URBAN_6_N005,URBAN_6_N005,DAM,LMP,LMP_PRC,URBAN_6_N005,ALL,1,25.68826,297
2017-09-15T21:00:00-00:00,2017-09-15T22:00:00-00:00,2017-09-15,15,0,URBAN_6_N005,URBAN_6_N005,URBAN_6_N005,DAM,LMP,LMP_PRC,URBAN_6_N005,ALL,1,21.12012,297
2017-09-16T04:00:00-00:00,2017-09-16T05:00:00-00:00,2017-09-15,22,0,URBAN_6_N005,URBAN_6_N005,URBAN_6_N005,DAM,LMP,LMP_PRC,URBAN_6_N005,ALL,1,35.75782,297
2017-09-16T00:00:00-00:00,2017-09-16T01:00:00-00:00,2017-09-15,18,0,URBAN_6_N005,URBAN_6_N005,URBAN_6_N005,DAM,MCC,LMP_CONG_PRC,URBAN_6_N005,ALL,1,-1.84793,298
2017-09-16T03:00:00-00:00,2017-09-16T04:00:00-00:00,2017-09-15,21,0,URBAN_6_N005,URBAN_6_N005,URBAN_6_N005,DAM,MCC,LMP_CONG_PRC,URBAN_6_N005,ALL,1,0,298
2017-09-15T20:00:00-00:00,2017-09-15T21:00:00-00:00,2017-09-15,14,0,URBAN_6_N005,URBAN_6_N005,URBAN_6_N005,DAM,MCC,LMP_CONG_PRC,URBAN_6_N005,ALL,1,-6.33824,298
2017-09-15T14:00:00-00:00,2017-09-15T15:00:00-00:00,2017-09-15,8,0,URBAN_6_N005,URBAN_6_N005,URBAN_6_N005,DAM,MCC,LMP_CONG_PRC,URBAN_6_N005,ALL,1,0,298
2017-09-15T15:00:00-00:00,2017-09-15T16:00:00-00:00,2017-09-15,9,0,URBAN_6_N005,URBAN_6_N005,URBAN_6_N005,DAM,MCC,LMP_CONG_PRC,URBAN_6_N005,ALL,1,-3.42693,298
2017-09-15T22:00:00-00:00,2017-09-15T23:00:00-00:00,2017-09-15,16,0,URBAN_6_N005,URBAN_6_N005,URBAN_6_N005,DAM,MCC,LMP_CONG_PRC,URBAN_6_N005,ALL,1,-7.86182,298
2017-09-15T13:00:00-00:00,2017-09-15T14:00:00-00:00,2017-09-15,7,0,URBAN_6_N005,URBAN_6_N005,URBAN_6_N005,DAM,MCC,LMP_CONG_PRC,URBAN_6_N005,ALL,1,0,298
2017-09-15T12:00:00-00:00,2017-09-15T13:00:00-00:00,2017-09-15,6,0,URBAN_6_N005,URBAN_6_N005,URBAN_6_N005,DAM,MCC,LMP_CONG_PRC,URBAN_6_N005,ALL,1,0,298
2017-09-16T06:00:00-00:00,2017-09-16T07:00:00-00:00,2017-09-15,24,0,URBAN_6_N005,URBAN_6_N005,URBAN_6_N005,DAM,MCC,LMP_CONG_PRC,URBAN_6_N005,ALL,1,0,298
2017-09-16T05:00:00-00:00,2017-09-16T06:00:00-00:00,2017-09-15,23,0,URBAN_6_N005,URBAN_6_N005,URBAN_6_N005,DAM,MCC,LMP_CONG_PRC,URBAN_6_N005,ALL,1,0,298
2017-09-15T18:00:00-00:00,2017-09-15T19:00:00-00:00,2017-09-15,12,0,URBAN_6_N005,URBAN_6_N005,URBAN_6_N005,DAM,MCC,LMP_CONG_PRC,URBAN_6_N005,ALL,1,-6.71492,298
2017-09-16T04:00:00-00:00,2017-09-16T05:00:00-00:00,2017-09-15,22,0,URBAN_6_N005,URBAN_6_N005,URBAN_6_N005,DAM,MCC,LMP_CONG_PRC,URBAN_6_N005,ALL,1,0,298
2017-09-15T23:00:00-00:00,2017-09-16T00:00:00-00:00,2017-09-15,17,0,URBAN_6_N005,URBAN_6_N005,URBAN_6_N005,DAM,MCC,LMP_CONG_PRC,URBAN_6_N005,ALL,1,-7.07406,298
2017-09-15T10:00:00-00:00,2017-09-15T11:00:00-00:00,2017-09-15,4,0,URBAN_6_N005,URBAN_6_N005,URBAN_6_N005,DAM,MCC,LMP_CONG_PRC,URBAN_6_N005,ALL,1,0,298
2017-09-15T19:00:00-00:00,2017-09-15T20:00:00-00:00,2017-09-15,13,0,URBAN_6_N005,URBAN_6_N005,URBAN_6_N005,DAM,MCC,LMP_CONG_PRC,URBAN_6_N005,ALL,1,-6.15233,298
2017-09-15T09:00:00-00:00,2017-09-15T10:00:00-00:00,2017-09-15,3,0,URBAN_6_N005,URBAN_6_N005,URBAN_6_N005,DAM,MCC,LMP_CONG_PRC,URBAN_6_N005,ALL,1,0,298
2017-09-15T11:00:00-00:00,2017-09-15T12:00:00-00:00,2017-09-15,5,0,URBAN_6_N005,URBAN_6_N005,URBAN_6_N005,DAM,MCC,LMP_CONG_PRC,URBAN_6_N005,ALL,1,0,298
2017-09-15T17:00:00-00:00,2017-09-15T18:00:00-00:00,2017-09-15,11,0,URBAN_6_N005,URBAN_6_N005,URBAN_6_N005,DAM,MCC,LMP_CONG_PRC,URBAN_6_N005,ALL,1,-4.86907,298
2017-09-15T08:00:00-00:00,2017-09-15T09:00:00-00:00,2017-09-15,2,0,URBAN_6_N005,URBAN_6_N005,URBAN_6_N005,DAM,MCC,LMP_CONG_PRC,URBAN_6_N005,ALL,1,0,298
2017-09-15T07:00:00-00:00,2017-09-15T08:00:00-00:00,2017-09-15,1,0,URBAN_6_N005,URBAN_6_N005,URBAN_6_N005,DAM,MCC,LMP_CONG_PRC,URBAN_6_N005,ALL,1,0,298
2017-09-15T16:00:00-00:00,2017-09-15T17:00:00-00:00,2017-09-15,10,0,URBAN_6_N005,URBAN_6_N005,URBAN_6_N005,DAM,MCC,LMP_CONG_PRC,URBAN_6_N005,ALL,1,-2.19929,298
2017-09-16T02:00:00-00:00,2017-09-16T03:00:00-00:00,2017-09-15,20,0,URBAN_6_N005,URBAN_6_N005,URBAN_6_N005,DAM,MCC,LMP_CONG_PRC,URBAN_6_N005,ALL,1,0,298
2017-09-16T01:00:00-00:00,2017-09-16T02:00:00-00:00,2017-09-15,19,0,URBAN_6_N005,URBAN_6_N005,URBAN_6_N005,DAM,MCC,LMP_CONG_PRC,URBAN_6_N005,ALL,1,-0.10979,298
2017-09-15T21:00:00-00:00,2017-09-15T22:00:00-00:00,2017-09-15,15,0,URBAN_6_N005,URBAN_6_N005,URBAN_6_N005,DAM,MCC,LMP_CONG_PRC,URBAN_6_N005,ALL,1,-3.75074,298
2017-09-15T09:00:00-00:00,2017-09-15T10:00:00-00:00,2017-09-15,3,0,URBAN_6_N005,URBAN_6_N005,URBAN_6_N005,DAM,MCE,LMP_ENE_PRC,URBAN_6_N005,ALL,1,26.35683,299
2017-09-15T17:00:00-00:00,2017-09-15T18:00:00-00:00,2017-09-15,11,0,URBAN_6_N005,URBAN_6_N005,URBAN_6_N005,DAM,MCE,LMP_ENE_PRC,URBAN_6_N005,ALL,1,22.77487,299
2017-09-15T20:00:00-00:00,2017-09-15T21:00:00-00:00,2017-09-15,14,0,URBAN_6_N005,URBAN_6_N005,URBAN_6_N005,DAM,MCE,LMP_ENE_PRC,URBAN_6_N005,ALL,1,24.16759,299
2017-09-15T15:00:00-00:00,2017-09-15T16:00:00-00:00,2017-09-15,9,0,URBAN_6_N005,URBAN_6_N005,URBAN_6_N005,DAM,MCE,LMP_ENE_PRC,URBAN_6_N005,ALL,1,26.07823,299
2017-09-15T10:00:00-00:00,2017-09-15T11:00:00-00:00,2017-09-15,4,0,URBAN_6_N005,URBAN_6_N005,URBAN_6_N005,DAM,MCE,LMP_ENE_PRC,URBAN_6_N005,ALL,1,25.28438,299
2017-09-15T08:00:00-00:00,2017-09-15T09:00:00-00:00,2017-09-15,2,0,URBAN_6_N005,URBAN_6_N005,URBAN_6_N005,DAM,MCE,LMP_ENE_PRC,URBAN_6_N005,ALL,1,25.70883,299
2017-09-15T19:00:00-00:00,2017-09-15T20:00:00-00:00,2017-09-15,13,0,URBAN_6_N005,URBAN_6_N005,URBAN_6_N005,DAM,MCE,LMP_ENE_PRC,URBAN_6_N005,ALL,1,22.66466,299
2017-09-16T06:00:00-00:00,2017-09-16T07:00:00-00:00,2017-09-15,24,0,URBAN_6_N005,URBAN_6_N005,URBAN_6_N005,DAM,MCE,LMP_ENE_PRC,URBAN_6_N005,ALL,1,30.88783,299
2017-09-15T21:00:00-00:00,2017-09-15T22:00:00-00:00,2017-09-15,15,0,URBAN_6_N005,URBAN_6_N005,URBAN_6_N005,DAM,MCE,LMP_ENE_PRC,URBAN_6_N005,ALL,1,24.9532,299
2017-09-15T16:00:00-00:00,2017-09-15T17:00:00-00:00,2017-09-15,10,0,URBAN_6_N005,URBAN_6_N005,URBAN_6_N005,DAM,MCE,LMP_ENE_PRC,URBAN_6_N005,ALL,1,22.51944,299
2017-09-15T12:00:00-00:00,2017-09-15T13:00:00-00:00,2017-09-15,6,0,URBAN_6_N005,URBAN_6_N005,URBAN_6_N005,DAM,MCE,LMP_ENE_PRC,URBAN_6_N005,ALL,1,30.49071,299
2017-09-16T03:00:00-00:00,2017-09-16T04:00:00-00:00,2017-09-15,21,0,URBAN_6_N005,URBAN_6_N005,URBAN_6_N005,DAM,MCE,LMP_ENE_PRC,URBAN_6_N005,ALL,1,45.67333,299
2017-09-15T14:00:00-00:00,2017-09-15T15:00:00-00:00,2017-09-15,8,0,URBAN_6_N005,URBAN_6_N005,URBAN_6_N005,DAM,MCE,LMP_ENE_PRC,URBAN_6_N005,ALL,1,38.55568,299
2017-09-16T05:00:00-00:00,2017-09-16T06:00:00-00:00,2017-09-15,23,0,URBAN_6_N005,URBAN_6_N005,URBAN_6_N005,DAM,MCE,LMP_ENE_PRC,URBAN_6_N005,ALL,1,33.07708,299
2017-09-16T04:00:00-00:00,2017-09-16T05:00:00-00:00,2017-09-15,22,0,URBAN_6_N005,URBAN_6_N005,URBAN_6_N005,DAM,MCE,LMP_ENE_PRC,URBAN_6_N005,ALL,1,35.99539,299
2017-09-15T22:00:00-00:00,2017-09-15T23:00:00-00:00,2017-09-15,16,0,URBAN_6_N005,URBAN_6_N005,URBAN_6_N005,DAM,MCE,LMP_ENE_PRC,URBAN_6_N005,ALL,1,26.96357,299
2017-09-15T13:00:00-00:00,2017-09-15T14:00:00-00:00,2017-09-15,7,0,URBAN_6_N005,URBAN_6_N005,URBAN_6_N005,DAM,MCE,LMP_ENE_PRC,URBAN_6_N005,ALL,1,41.44621,299
2017-09-16T02:00:00-00:00,2017-09-16T03:00:00-00:00,2017-09-15,20,0,URBAN_6_N005,URBAN_6_N005,URBAN_6_N005,DAM,MCE,LMP_ENE_PRC,URBAN_6_N005,ALL,1,56.27457,299
2017-09-16T01:00:00-00:00,2017-09-16T02:00:00-00:00,2017-09-15,19,0,URBAN_6_N005,URBAN_6_N005,URBAN_6_N005,DAM,MCE,LMP_ENE_PRC,URBAN_6_N005,ALL,1,52.9347,299
2017-09-15T11:00:00-00:00,2017-09-15T12:00:00-00:00,2017-09-15,5,0,URBAN_6_N005,URBAN_6_N005,URBAN_6_N005,DAM,MCE,LMP_ENE_PRC,URBAN_6_N005,ALL,1,27.31953,299
2017-09-16T00:00:00-00:00,2017-09-16T01:00:00-00:00,2017-09-15,18,0,URBAN_6_N005,URBAN_6_N005,URBAN_6_N005,DAM,MCE,LMP_ENE_PRC,URBAN_6_N005,ALL,1,37.443,299
2017-09-15T07:00:00-00:00,2017-09-15T08:00:00-00:00,2017-09-15,1,0,URBAN_6_N005,URBAN_6_N005,URBAN_6_N005,DAM,MCE,LMP_ENE_PRC,URBAN_6_N005,ALL,1,26.12371,299
2017-09-15T18:00:00-00:00,2017-09-15T19:00:00-00:00,2017-09-15,12,0,URBAN_6_N005,URBAN_6_N005,URBAN_6_N005,DAM,MCE,LMP_ENE_PRC,URBAN_6_N005,ALL,1,23.32595,299
2017-09-15T23:00:00-00:00,2017-09-16T00:00:00-00:00,2017-09-15,17,0,URBAN_6_N005,URBAN_6_N005,URBAN_6_N005,DAM,MCE,LMP_ENE_PRC,URBAN_6_N005,ALL,1,30.92794,299
2017-09-15T19:00:00-00:00,2017-09-15T20:00:00-00:00,2017-09-15,13,0,URBAN_6_N005,URBAN_6_N005,URBAN_6_N005,DAM,MCL,LMP_LOSS_PRC,URBAN_6_N005,ALL,1,-0.18132,300
2017-09-15T10:00:00-00:00,2017-09-15T11:00:00-00:00,2017-09-15,4,0,URBAN_6_N005,URBAN_6_N005,URBAN_6_N005,DAM,MCL,LMP_LOSS_PRC,URBAN_6_N005,ALL,1,0.06321,300
2017-09-16T06:00:00-00:00,2017-09-16T07:00:00-00:00,2017-09-15,24,0,URBAN_6_N005,URBAN_6_N005,URBAN_6_N005,DAM,MCL,LMP_LOSS_PRC,URBAN_6_N005,ALL,1,-0.48185,300
2017-09-15T12:00:00-00:00,2017-09-15T13:00:00-00:00,2017-09-15,6,0,URBAN_6_N005,URBAN_6_N005,URBAN_6_N005,DAM,MCL,LMP_LOSS_PRC,URBAN_6_N005,ALL,1,0.39028,300
2017-09-15T09:00:00-00:00,2017-09-15T10:00:00-00:00,2017-09-15,3,0,URBAN_6_N005,URBAN_6_N005,URBAN_6_N005,DAM,MCL,LMP_LOSS_PRC,URBAN_6_N005,ALL,1,0.11861,300
2017-09-16T01:00:00-00:00,2017-09-16T02:00:00-00:00,2017-09-15,19,0,URBAN_6_N005,URBAN_6_N005,URBAN_6_N005,DAM,MCL,LMP_LOSS_PRC,URBAN_6_N005,ALL,1,-0.72521,300
2017-09-16T04:00:00-00:00,2017-09-16T05:00:00-00:00,2017-09-15,22,0,URBAN_6_N005,URBAN_6_N005,URBAN_6_N005,DAM,MCL,LMP_LOSS_PRC,URBAN_6_N005,ALL,1,-0.23757,300
2017-09-15T13:00:00-00:00,2017-09-15T14:00:00-00:00,2017-09-15,7,0,URBAN_6_N005,URBAN_6_N005,URBAN_6_N005,DAM,MCL,LMP_LOSS_PRC,URBAN_6_N005,ALL,1,0.36473,300
2017-09-15T22:00:00-00:00,2017-09-15T23:00:00-00:00,2017-09-15,16,0,URBAN_6_N005,URBAN_6_N005,URBAN_6_N005,DAM,MCL,LMP_LOSS_PRC,URBAN_6_N005,ALL,1,-0.05932,300
2017-09-15T11:00:00-00:00,2017-09-15T12:00:00-00:00,2017-09-15,5,0,URBAN_6_N005,URBAN_6_N005,URBAN_6_N005,DAM,MCL,LMP_LOSS_PRC,URBAN_6_N005,ALL,1,0.34149,300
2017-09-16T02:00:00-00:00,2017-09-16T03:00:00-00:00,2017-09-15,20,0,URBAN_6_N005,URBAN_6_N005,URBAN_6_N005,DAM,MCL,LMP_LOSS_PRC,URBAN_6_N005,ALL,1,-1.09735,300
2017-09-16T03:00:00-00:00,2017-09-16T04:00:00-00:00,2017-09-15,21,0,URBAN_6_N005,URBAN_6_N005,URBAN_6_N005,DAM,MCL,LMP_LOSS_PRC,URBAN_6_N005,ALL,1,-0.42019,300
2017-09-15T21:00:00-00:00,2017-09-15T22:00:00-00:00,2017-09-15,15,0,URBAN_6_N005,URBAN_6_N005,URBAN_6_N005,DAM,MCL,LMP_LOSS_PRC,URBAN_6_N005,ALL,1,-0.08235,300
2017-09-16T05:00:00-00:00,2017-09-16T06:00:00-00:00,2017-09-15,23,0,URBAN_6_N005,URBAN_6_N005,URBAN_6_N005,DAM,MCL,LMP_LOSS_PRC,URBAN_6_N005,ALL,1,-0.387,300
2017-09-15T23:00:00-00:00,2017-09-16T00:00:00-00:00,2017-09-15,17,0,URBAN_6_N005,URBAN_6_N005,URBAN_6_N005,DAM,MCL,LMP_LOSS_PRC,URBAN_6_N005,ALL,1,0,300
2017-09-16T00:00:00-00:00,2017-09-16T01:00:00-00:00,2017-09-15,18,0,URBAN_6_N005,URBAN_6_N005,URBAN_6_N005,DAM,MCL,LMP_LOSS_PRC,URBAN_6_N005,ALL,1,-0.48676,300
2017-09-15T14:00:00-00:00,2017-09-15T15:00:00-00:00,2017-09-15,8,0,URBAN_6_N005,URBAN_6_N005,URBAN_6_N005,DAM,MCL,LMP_LOSS_PRC,URBAN_6_N005,ALL,1,0.08482,300
2017-09-15T17:00:00-00:00,2017-09-15T18:00:00-00:00,2017-09-15,11,0,URBAN_6_N005,URBAN_6_N005,URBAN_6_N005,DAM,MCL,LMP_LOSS_PRC,URBAN_6_N005,ALL,1,-0.2027,300
2017-09-15T18:00:00-00:00,2017-09-15T19:00:00-00:00,2017-09-15,12,0,URBAN_6_N005,URBAN_6_N005,URBAN_6_N005,DAM,MCL,LMP_LOSS_PRC,URBAN_6_N005,ALL,1,-0.17728,300
2017-09-15T20:00:00-00:00,2017-09-15T21:00:00-00:00,2017-09-15,14,0,URBAN_6_N005,URBAN_6_N005,URBAN_6_N005,DAM,MCL,LMP_LOSS_PRC,URBAN_6_N005,ALL,1,-0.15951,300
2017-09-15T15:00:00-00:00,2017-09-15T16:00:00-00:00,2017-09-15,9,0,URBAN_6_N005,URBAN_6_N005,URBAN_6_N005,DAM,MCL,LMP_LOSS_PRC,URBAN_6_N005,ALL,1,-0.27121,300
2017-09-15T16:00:00-00:00,2017-09-15T17:00:00-00:00,2017-09-15,10,0,URBAN_6_N005,URBAN_6_N005,URBAN_6_N005,DAM,MCL,LMP_LOSS_PRC,URBAN_6_N005,ALL,1,-0.12611,300
2017-09-15T07:00:00-00:00,2017-09-15T08:00:00-00:00,2017-09-15,1,0,URBAN_6_N005,URBAN_6_N005,URBAN_6_N005,DAM,MCL,LMP_LOSS_PRC,URBAN_6_N005,ALL,1,-0.09666,300
2017-09-15T08:00:00-00:00,2017-09-15T09:00:00-00:00,2017-09-15,2,0,URBAN_6_N005,URBAN_6_N005,URBAN_6_N005,DAM,MCL,LMP_LOSS_PRC,URBAN_6_N005,ALL,1,-0.02057,300
2017-09-17T00:00:00-00:00,2017-09-17T01:00:00-00:00,2017-09-16,18,0,BAYSHOR2_1_N001,BAYSHOR2_1_N001,BAYSHOR2_1_N001,DAM,LMP,LMP_PRC,BAYSHOR2_1_N001,ALL,1,47.81057,301
2017-09-16T21:00:00-00:00,2017-09-16T22:00:00-00:00,2017-09-16,15,0,BAYSHOR2_1_N001,BAYSHOR2_1_N001,BAYSHOR2_1_N001,DAM,LMP,LMP_PRC,BAYSHOR2_1_N001,ALL,1,34.72211,301
2017-09-17T03:00:00-00:00,2017-09-17T04:00:00-00:00,2017-09-16,21,0,BAYSHOR2_1_N001,BAYSHOR2_1_N001,BAYSHOR2_1_N001,DAM,LMP,LMP_PRC,BAYSHOR2_1_N001,ALL,1,49.05148,301
2017-09-17T02:00:00-00:00,2017-09-17T03:00:00-00:00,2017-09-16,20,0,BAYSHOR2_1_N001,BAYSHOR2_1_N001,BAYSHOR2_1_N001,DAM,LMP,LMP_PRC,BAYSHOR2_1_N001,ALL,1,63.4533,301
2017-09-16T09:00:00-00:00,2017-09-16T10:00:00-00:00,2017-09-16,3,0,BAYSHOR2_1_N001,BAYSHOR2_1_N001,BAYSHOR2_1_N001,DAM,LMP,LMP_PRC,BAYSHOR2_1_N001,ALL,1,31.03476,301
2017-09-16T17:00:00-00:00,2017-09-16T18:00:00-00:00,2017-09-16,11,0,BAYSHOR2_1_N001,BAYSHOR2_1_N001,BAYSHOR2_1_N001,DAM,LMP,LMP_PRC,BAYSHOR2_1_N001,ALL,1,21.5435,301
2017-09-16T07:00:00-00:00,2017-09-16T08:00:00-00:00,2017-09-16,1,0,BAYSHOR2_1_N001,BAYSHOR2_1_N001,BAYSHOR2_1_N001,DAM,LMP,LMP_PRC,BAYSHOR2_1_N001,ALL,1,34.84502,301
2017-09-16T10:00:00-00:00,2017-09-16T11:00:00-00:00,2017-09-16,4,0,BAYSHOR2_1_N001,BAYSHOR2_1_N001,BAYSHOR2_1_N001,DAM,LMP,LMP_PRC,BAYSHOR2_1_N001,ALL,1,30.66574,301
2017-09-16T22:00:00-00:00,2017-09-16T23:00:00-00:00,2017-09-16,16,0,BAYSHOR2_1_N001,BAYSHOR2_1_N001,BAYSHOR2_1_N001,DAM,LMP,LMP_PRC,BAYSHOR2_1_N001,ALL,1,37.25152,301
2017-09-16T20:00:00-00:00,2017-09-16T21:00:00-00:00,2017-09-16,14,0,BAYSHOR2_1_N001,BAYSHOR2_1_N001,BAYSHOR2_1_N001,DAM,LMP,LMP_PRC,BAYSHOR2_1_N001,ALL,1,29.95975,301
2017-09-17T01:00:00-00:00,2017-09-17T02:00:00-00:00,2017-09-16,19,0,BAYSHOR2_1_N001,BAYSHOR2_1_N001,BAYSHOR2_1_N001,DAM,LMP,LMP_PRC,BAYSHOR2_1_N001,ALL,1,57.20397,301
2017-09-16T18:00:00-00:00,2017-09-16T19:00:00-00:00,2017-09-16,12,0,BAYSHOR2_1_N001,BAYSHOR2_1_N001,BAYSHOR2_1_N001,DAM,LMP,LMP_PRC,BAYSHOR2_1_N001,ALL,1,23.91977,301
2017-09-17T06:00:00-00:00,2017-09-17T07:00:00-00:00,2017-09-16,24,0,BAYSHOR2_1_N001,BAYSHOR2_1_N001,BAYSHOR2_1_N001,DAM,LMP,LMP_PRC,BAYSHOR2_1_N001,ALL,1,31.44008,301
2017-09-17T04:00:00-00:00,2017-09-17T05:00:00-00:00,2017-09-16,22,0,BAYSHOR2_1_N001,BAYSHOR2_1_N001,BAYSHOR2_1_N001,DAM,LMP,LMP_PRC,BAYSHOR2_1_N001,ALL,1,37.93881,301
2017-09-16T08:00:00-00:00,2017-09-16T09:00:00-00:00,2017-09-16,2,0,BAYSHOR2_1_N001,BAYSHOR2_1_N001,BAYSHOR2_1_N001,DAM,LMP,LMP_PRC,BAYSHOR2_1_N001,ALL,1,30.13314,301
2017-09-16T15:00:00-00:00,2017-09-16T16:00:00-00:00,2017-09-16,9,0,BAYSHOR2_1_N001,BAYSHOR2_1_N001,BAYSHOR2_1_N001,DAM,LMP,LMP_PRC,BAYSHOR2_1_N001,ALL,1,24.22874,301
2017-09-16T13:00:00-00:00,2017-09-16T14:00:00-00:00,2017-09-16,7,0,BAYSHOR2_1_N001,BAYSHOR2_1_N001,BAYSHOR2_1_N001,DAM,LMP,LMP_PRC,BAYSHOR2_1_N001,ALL,1,36.3511,301
2017-09-16T11:00:00-00:00,2017-09-16T12:00:00-00:00,2017-09-16,5,0,BAYSHOR2_1_N001,BAYSHOR2_1_N001,BAYSHOR2_1_N001,DAM,LMP,LMP_PRC,BAYSHOR2_1_N001,ALL,1,30.98378,301
2017-09-16T12:00:00-00:00,2017-09-16T13:00:00-00:00,2017-09-16,6,0,BAYSHOR2_1_N001,BAYSHOR2_1_N001,BAYSHOR2_1_N001,DAM,LMP,LMP_PRC,BAYSHOR2_1_N001,ALL,1,34.199,301
2017-09-16T19:00:00-00:00,2017-09-16T20:00:00-00:00,2017-09-16,13,0,BAYSHOR2_1_N001,BAYSHOR2_1_N001,BAYSHOR2_1_N001,DAM,LMP,LMP_PRC,BAYSHOR2_1_N001,ALL,1,26.36449,301
2017-09-16T14:00:00-00:00,2017-09-16T15:00:00-00:00,2017-09-16,8,0,BAYSHOR2_1_N001,BAYSHOR2_1_N001,BAYSHOR2_1_N001,DAM,LMP,LMP_PRC,BAYSHOR2_1_N001,ALL,1,33.32391,301
2017-09-16T16:00:00-00:00,2017-09-16T17:00:00-00:00,2017-09-16,10,0,BAYSHOR2_1_N001,BAYSHOR2_1_N001,BAYSHOR2_1_N001,DAM,LMP,LMP_PRC,BAYSHOR2_1_N001,ALL,1,20.15989,301
2017-09-16T23:00:00-00:00,2017-09-17T00:00:00-00:00,2017-09-16,17,0,BAYSHOR2_1_N001,BAYSHOR2_1_N001,BAYSHOR2_1_N001,DAM,LMP,LMP_PRC,BAYSHOR2_1_N001,ALL,1,40.84348,301
2017-09-17T05:00:00-00:00,2017-09-17T06:00:00-00:00,2017-09-16,23,0,BAYSHOR2_1_N001,BAYSHOR2_1_N001,BAYSHOR2_1_N001,DAM,LMP,LMP_PRC,BAYSHOR2_1_N001,ALL,1,36.19886,301
2017-09-17T05:00:00-00:00,2017-09-17T06:00:00-00:00,2017-09-16,23,0,BAYSHOR2_1_N001,BAYSHOR2_1_N001,BAYSHOR2_1_N001,DAM,MCC,LMP_CONG_PRC,BAYSHOR2_1_N001,ALL,1,0,302
2017-09-17T00:00:00-00:00,2017-09-17T01:00:00-00:00,2017-09-16,18,0,BAYSHOR2_1_N001,BAYSHOR2_1_N001,BAYSHOR2_1_N001,DAM,MCC,LMP_CONG_PRC,BAYSHOR2_1_N001,ALL,1,4.37146,302
2017-09-16T12:00:00-00:00,2017-09-16T13:00:00-00:00,2017-09-16,6,0,BAYSHOR2_1_N001,BAYSHOR2_1_N001,BAYSHOR2_1_N001,DAM,MCC,LMP_CONG_PRC,BAYSHOR2_1_N001,ALL,1,0,302
2017-09-16T10:00:00-00:00,2017-09-16T11:00:00-00:00,2017-09-16,4,0,BAYSHOR2_1_N001,BAYSHOR2_1_N001,BAYSHOR2_1_N001,DAM,MCC,LMP_CONG_PRC,BAYSHOR2_1_N001,ALL,1,0,302
2017-09-16T07:00:00-00:00,2017-09-16T08:00:00-00:00,2017-09-16,1,0,BAYSHOR2_1_N001,BAYSHOR2_1_N001,BAYSHOR2_1_N001,DAM,MCC,LMP_CONG_PRC,BAYSHOR2_1_N001,ALL,1,0,302
2017-09-16T19:00:00-00:00,2017-09-16T20:00:00-00:00,2017-09-16,13,0,BAYSHOR2_1_N001,BAYSHOR2_1_N001,BAYSHOR2_1_N001,DAM,MCC,LMP_CONG_PRC,BAYSHOR2_1_N001,ALL,1,3.36774,302
2017-09-17T06:00:00-00:00,2017-09-17T07:00:00-00:00,2017-09-16,24,0,BAYSHOR2_1_N001,BAYSHOR2_1_N001,BAYSHOR2_1_N001,DAM,MCC,LMP_CONG_PRC,BAYSHOR2_1_N001,ALL,1,0,302
2017-09-17T03:00:00-00:00,2017-09-17T04:00:00-00:00,2017-09-16,21,0,BAYSHOR2_1_N001,BAYSHOR2_1_N001,BAYSHOR2_1_N001,DAM,MCC,LMP_CONG_PRC,BAYSHOR2_1_N001,ALL,1,0,302
2017-09-16T20:00:00-00:00,2017-09-16T21:00:00-00:00,2017-09-16,14,0,BAYSHOR2_1_N001,BAYSHOR2_1_N001,BAYSHOR2_1_N001,DAM,MCC,LMP_CONG_PRC,BAYSHOR2_1_N001,ALL,1,3.4783,302
2017-09-16T11:00:00-00:00,2017-09-16T12:00:00-00:00,2017-09-16,5,0,BAYSHOR2_1_N001,BAYSHOR2_1_N001,BAYSHOR2_1_N001,DAM,MCC,LMP_CONG_PRC,BAYSHOR2_1_N001,ALL,1,0,302
2017-09-16T09:00:00-00:00,2017-09-16T10:00:00-00:00,2017-09-16,3,0,BAYSHOR2_1_N001,BAYSHOR2_1_N001,BAYSHOR2_1_N001,DAM,MCC,LMP_CONG_PRC,BAYSHOR2_1_N001,ALL,1,0,302
2017-09-16T16:00:00-00:00,2017-09-16T17:00:00-00:00,2017-09-16,10,0,BAYSHOR2_1_N001,BAYSHOR2_1_N001,BAYSHOR2_1_N001,DAM,MCC,LMP_CONG_PRC,BAYSHOR2_1_N001,ALL,1,-0.49311,302
2017-09-16T14:00:00-00:00,2017-09-16T15:00:00-00:00,2017-09-16,8,0,BAYSHOR2_1_N001,BAYSHOR2_1_N001,BAYSHOR2_1_N001,DAM,MCC,LMP_CONG_PRC,BAYSHOR2_1_N001,ALL,1,0,302
2017-09-16T17:00:00-00:00,2017-09-16T18:00:00-00:00,2017-09-16,11,0,BAYSHOR2_1_N001,BAYSHOR2_1_N001,BAYSHOR2_1_N001,DAM,MCC,LMP_CONG_PRC,BAYSHOR2_1_N001,ALL,1,1.88189,302
2017-09-16T08:00:00-00:00,2017-09-16T09:00:00-00:00,2017-09-16,2,0,BAYSHOR2_1_N001,BAYSHOR2_1_N001,BAYSHOR2_1_N001,DAM,MCC,LMP_CONG_PRC,BAYSHOR2_1_N001,ALL,1,0,302
2017-09-16T21:00:00-00:00,2017-09-16T22:00:00-00:00,2017-09-16,15,0,BAYSHOR2_1_N001,BAYSHOR2_1_N001,BAYSHOR2_1_N001,DAM,MCC,LMP_CONG_PRC,BAYSHOR2_1_N001,ALL,1,5.6255,302
2017-09-17T01:00:00-00:00,2017-09-17T02:00:00-00:00,2017-09-16,19,0,BAYSHOR2_1_N001,BAYSHOR2_1_N001,BAYSHOR2_1_N001,DAM,MCC,LMP_CONG_PRC,BAYSHOR2_1_N001,ALL,1,3.01095,302
2017-09-16T22:00:00-00:00,2017-09-16T23:00:00-00:00,2017-09-16,16,0,BAYSHOR2_1_N001,BAYSHOR2_1_N001,BAYSHOR2_1_N001,DAM,MCC,LMP_CONG_PRC,BAYSHOR2_1_N001,ALL,1,5.55223,302
2017-09-16T15:00:00-00:00,2017-09-16T16:00:00-00:00,2017-09-16,9,0,BAYSHOR2_1_N001,BAYSHOR2_1_N001,BAYSHOR2_1_N001,DAM,MCC,LMP_CONG_PRC,BAYSHOR2_1_N001,ALL,1,-0.20916,302
2017-09-16T13:00:00-00:00,2017-09-16T14:00:00-00:00,2017-09-16,7,0,BAYSHOR2_1_N001,BAYSHOR2_1_N001,BAYSHOR2_1_N001,DAM,MCC,LMP_CONG_PRC,BAYSHOR2_1_N001,ALL,1,0,302
2017-09-17T04:00:00-00:00,2017-09-17T05:00:00-00:00,2017-09-16,22,0,BAYSHOR2_1_N001,BAYSHOR2_1_N001,BAYSHOR2_1_N001,DAM,MCC,LMP_CONG_PRC,BAYSHOR2_1_N001,ALL,1,0,302
2017-09-16T23:00:00-00:00,2017-09-17T00:00:00-00:00,2017-09-16,17,0,BAYSHOR2_1_N001,BAYSHOR2_1_N001,BAYSHOR2_1_N001,DAM,MCC,LMP_CONG_PRC,BAYSHOR2_1_N001,ALL,1,6.37744,302
2017-09-16T18:00:00-00:00,2017-09-16T19:00:00-00:00,2017-09-16,12,0,BAYSHOR2_1_N001,BAYSHOR2_1_N001,BAYSHOR2_1_N001,DAM,MCC,LMP_CONG_PRC,BAYSHOR2_1_N001,ALL,1,1.74917,302
2017-09-17T02:00:00-00:00,2017-09-17T03:00:00-00:00,2017-09-16,20,0,BAYSHOR2_1_N001,BAYSHOR2_1_N001,BAYSHOR2_1_N001,DAM,MCC,LMP_CONG_PRC,BAYSHOR2_1_N001,ALL,1,0,302
2017-09-16T12:00:00-00:00,2017-09-16T13:00:00-00:00,2017-09-16,6,0,BAYSHOR2_1_N001,BAYSHOR2_1_N001,BAYSHOR2_1_N001,DAM,MCE,LMP_ENE_PRC,BAYSHOR2_1_N001,ALL,1,32.89631,303
2017-09-16T08:00:00-00:00,2017-09-16T09:00:00-00:00,2017-09-16,2,0,BAYSHOR2_1_N001,BAYSHOR2_1_N001,BAYSHOR2_1_N001,DAM,MCE,LMP_ENE_PRC,BAYSHOR2_1_N001,ALL,1,28.91579,303
2017-09-17T01:00:00-00:00,2017-09-17T02:00:00-00:00,2017-09-16,19,0,BAYSHOR2_1_N001,BAYSHOR2_1_N001,BAYSHOR2_1_N001,DAM,MCE,LMP_ENE_PRC,BAYSHOR2_1_N001,ALL,1,52.31492,303
2017-09-16T14:00:00-00:00,2017-09-16T15:00:00-00:00,2017-09-16,8,0,BAYSHOR2_1_N001,BAYSHOR2_1_N001,BAYSHOR2_1_N001,DAM,MCE,LMP_ENE_PRC,BAYSHOR2_1_N001,ALL,1,31.67672,303
2017-09-16T09:00:00-00:00,2017-09-16T10:00:00-00:00,2017-09-16,3,0,BAYSHOR2_1_N001,BAYSHOR2_1_N001,BAYSHOR2_1_N001,DAM,MCE,LMP_ENE_PRC,BAYSHOR2_1_N001,ALL,1,29.88422,303
2017-09-16T13:00:00-00:00,2017-09-16T14:00:00-00:00,2017-09-16,7,0,BAYSHOR2_1_N001,BAYSHOR2_1_N001,BAYSHOR2_1_N001,DAM,MCE,LMP_ENE_PRC,BAYSHOR2_1_N001,ALL,1,34.98662,303
2017-09-17T02:00:00-00:00,2017-09-17T03:00:00-00:00,2017-09-16,20,0,BAYSHOR2_1_N001,BAYSHOR2_1_N001,BAYSHOR2_1_N001,DAM,MCE,LMP_ENE_PRC,BAYSHOR2_1_N001,ALL,1,61.42029,303
2017-09-16T15:00:00-00:00,2017-09-16T16:00:00-00:00,2017-09-16,9,0,BAYSHOR2_1_N001,BAYSHOR2_1_N001,BAYSHOR2_1_N001,DAM,MCE,LMP_ENE_PRC,BAYSHOR2_1_N001,ALL,1,23.02421,303
2017-09-16T18:00:00-00:00,2017-09-16T19:00:00-00:00,2017-09-16,12,0,BAYSHOR2_1_N001,BAYSHOR2_1_N001,BAYSHOR2_1_N001,DAM,MCE,LMP_ENE_PRC,BAYSHOR2_1_N001,ALL,1,20.86251,303
2017-09-16T20:00:00-00:00,2017-09-16T21:00:00-00:00,2017-09-16,14,0,BAYSHOR2_1_N001,BAYSHOR2_1_N001,BAYSHOR2_1_N001,DAM,MCE,LMP_ENE_PRC,BAYSHOR2_1_N001,ALL,1,25.20843,303
2017-09-16T07:00:00-00:00,2017-09-16T08:00:00-00:00,2017-09-16,1,0,BAYSHOR2_1_N001,BAYSHOR2_1_N001,BAYSHOR2_1_N001,DAM,MCE,LMP_ENE_PRC,BAYSHOR2_1_N001,ALL,1,33.37646,303
2017-09-16T10:00:00-00:00,2017-09-16T11:00:00-00:00,2017-09-16,4,0,BAYSHOR2_1_N001,BAYSHOR2_1_N001,BAYSHOR2_1_N001,DAM,MCE,LMP_ENE_PRC,BAYSHOR2_1_N001,ALL,1,29.51751,303
2017-09-16T11:00:00-00:00,2017-09-16T12:00:00-00:00,2017-09-16,5,0,BAYSHOR2_1_N001,BAYSHOR2_1_N001,BAYSHOR2_1_N001,DAM,MCE,LMP_ENE_PRC,BAYSHOR2_1_N001,ALL,1,29.84375,303
2017-09-16T21:00:00-00:00,2017-09-16T22:00:00-00:00,2017-09-16,15,0,BAYSHOR2_1_N001,BAYSHOR2_1_N001,BAYSHOR2_1_N001,DAM,MCE,LMP_ENE_PRC,BAYSHOR2_1_N001,ALL,1,27.67942,303
2017-09-16T22:00:00-00:00,2017-09-16T23:00:00-00:00,2017-09-16,16,0,BAYSHOR2_1_N001,BAYSHOR2_1_N001,BAYSHOR2_1_N001,DAM,MCE,LMP_ENE_PRC,BAYSHOR2_1_N001,ALL,1,30.13813,303
2017-09-17T00:00:00-00:00,2017-09-17T01:00:00-00:00,2017-09-16,18,0,BAYSHOR2_1_N001,BAYSHOR2_1_N001,BAYSHOR2_1_N001,DAM,MCE,LMP_ENE_PRC,BAYSHOR2_1_N001,ALL,1,41.83273,303
2017-09-17T05:00:00-00:00,2017-09-17T06:00:00-00:00,2017-09-16,23,0,BAYSHOR2_1_N001,BAYSHOR2_1_N001,BAYSHOR2_1_N001,DAM,MCE,LMP_ENE_PRC,BAYSHOR2_1_N001,ALL,1,34.94098,303
2017-09-16T16:00:00-00:00,2017-09-16T17:00:00-00:00,2017-09-16,10,0,BAYSHOR2_1_N001,BAYSHOR2_1_N001,BAYSHOR2_1_N001,DAM,MCE,LMP_ENE_PRC,BAYSHOR2_1_N001,ALL,1,19.33258,303
2017-09-17T03:00:00-00:00,2017-09-17T04:00:00-00:00,2017-09-16,21,0,BAYSHOR2_1_N001,BAYSHOR2_1_N001,BAYSHOR2_1_N001,DAM,MCE,LMP_ENE_PRC,BAYSHOR2_1_N001,ALL,1,47.41564,303
2017-09-16T19:00:00-00:00,2017-09-16T20:00:00-00:00,2017-09-16,13,0,BAYSHOR2_1_N001,BAYSHOR2_1_N001,BAYSHOR2_1_N001,DAM,MCE,LMP_ENE_PRC,BAYSHOR2_1_N001,ALL,1,21.84134,303
2017-09-16T23:00:00-00:00,2017-09-17T00:00:00-00:00,2017-09-16,17,0,BAYSHOR2_1_N001,BAYSHOR2_1_N001,BAYSHOR2_1_N001,DAM,MCE,LMP_ENE_PRC,BAYSHOR2_1_N001,ALL,1,33.01977,303
2017-09-17T04:00:00-00:00,2017-09-17T05:00:00-00:00,2017-09-16,22,0,BAYSHOR2_1_N001,BAYSHOR2_1_N001,BAYSHOR2_1_N001,DAM,MCE,LMP_ENE_PRC,BAYSHOR2_1_N001,ALL,1,36.63815,303
2017-09-17T06:00:00-00:00,2017-09-17T07:00:00-00:00,2017-09-16,24,0,BAYSHOR2_1_N001,BAYSHOR2_1_N001,BAYSHOR2_1_N001,DAM,MCE,LMP_ENE_PRC,BAYSHOR2_1_N001,ALL,1,30.36516,303
2017-09-16T17:00:00-00:00,2017-09-16T18:00:00-00:00,2017-09-16,11,0,BAYSHOR2_1_N001,BAYSHOR2_1_N001,BAYSHOR2_1_N001,DAM,MCE,LMP_ENE_PRC,BAYSHOR2_1_N001,ALL,1,18.42182,303
2017-09-16T11:00:00-00:00,2017-09-16T12:00:00-00:00,2017-09-16,5,0,BAYSHOR2_1_N001,BAYSHOR2_1_N001,BAYSHOR2_1_N001,DAM,MCL,LMP_LOSS_PRC,BAYSHOR2_1_N001,ALL,1,1.14003,304
2017-09-16T23:00:00-00:00,2017-09-17T00:00:00-00:00,2017-09-16,17,0,BAYSHOR2_1_N001,BAYSHOR2_1_N001,BAYSHOR2_1_N001,DAM,MCL,LMP_LOSS_PRC,BAYSHOR2_1_N001,ALL,1,1.44627,304
2017-09-17T04:00:00-00:00,2017-09-17T05:00:00-00:00,2017-09-16,22,0,BAYSHOR2_1_N001,BAYSHOR2_1_N001,BAYSHOR2_1_N001,DAM,MCL,LMP_LOSS_PRC,BAYSHOR2_1_N001,ALL,1,1.30065,304
2017-09-17T05:00:00-00:00,2017-09-17T06:00:00-00:00,2017-09-16,23,0,BAYSHOR2_1_N001,BAYSHOR2_1_N001,BAYSHOR2_1_N001,DAM,MCL,LMP_LOSS_PRC,BAYSHOR2_1_N001,ALL,1,1.25788,304
2017-09-17T06:00:00-00:00,2017-09-17T07:00:00-00:00,2017-09-16,24,0,BAYSHOR2_1_N001,BAYSHOR2_1_N001,BAYSHOR2_1_N001,DAM,MCL,LMP_LOSS_PRC,BAYSHOR2_1_N001,ALL,1,1.07493,304
2017-09-16T17:00:00-00:00,2017-09-16T18:00:00-00:00,2017-09-16,11,0,BAYSHOR2_1_N001,BAYSHOR2_1_N001,BAYSHOR2_1_N001,DAM,MCL,LMP_LOSS_PRC,BAYSHOR2_1_N001,ALL,1,1.23979,304
2017-09-16T22:00:00-00:00,2017-09-16T23:00:00-00:00,2017-09-16,16,0,BAYSHOR2_1_N001,BAYSHOR2_1_N001,BAYSHOR2_1_N001,DAM,MCL,LMP_LOSS_PRC,BAYSHOR2_1_N001,ALL,1,1.56116,304
2017-09-16T08:00:00-00:00,2017-09-16T09:00:00-00:00,2017-09-16,2,0,BAYSHOR2_1_N001,BAYSHOR2_1_N001,BAYSHOR2_1_N001,DAM,MCL,LMP_LOSS_PRC,BAYSHOR2_1_N001,ALL,1,1.21735,304
2017-09-16T10:00:00-00:00,2017-09-16T11:00:00-00:00,2017-09-16,4,0,BAYSHOR2_1_N001,BAYSHOR2_1_N001,BAYSHOR2_1_N001,DAM,MCL,LMP_LOSS_PRC,BAYSHOR2_1_N001,ALL,1,1.14823,304
2017-09-16T12:00:00-00:00,2017-09-16T13:00:00-00:00,2017-09-16,6,0,BAYSHOR2_1_N001,BAYSHOR2_1_N001,BAYSHOR2_1_N001,DAM,MCL,LMP_LOSS_PRC,BAYSHOR2_1_N001,ALL,1,1.30269,304
2017-09-17T02:00:00-00:00,2017-09-17T03:00:00-00:00,2017-09-16,20,0,BAYSHOR2_1_N001,BAYSHOR2_1_N001,BAYSHOR2_1_N001,DAM,MCL,LMP_LOSS_PRC,BAYSHOR2_1_N001,ALL,1,2.03301,304
2017-09-16T15:00:00-00:00,2017-09-16T16:00:00-00:00,2017-09-16,9,0,BAYSHOR2_1_N001,BAYSHOR2_1_N001,BAYSHOR2_1_N001,DAM,MCL,LMP_LOSS_PRC,BAYSHOR2_1_N001,ALL,1,1.41369,304
2017-09-16T09:00:00-00:00,2017-09-16T10:00:00-00:00,2017-09-16,3,0,BAYSHOR2_1_N001,BAYSHOR2_1_N001,BAYSHOR2_1_N001,DAM,MCL,LMP_LOSS_PRC,BAYSHOR2_1_N001,ALL,1,1.15054,304
2017-09-16T18:00:00-00:00,2017-09-16T19:00:00-00:00,2017-09-16,12,0,BAYSHOR2_1_N001,BAYSHOR2_1_N001,BAYSHOR2_1_N001,DAM,MCL,LMP_LOSS_PRC,BAYSHOR2_1_N001,ALL,1,1.30808,304
2017-09-17T01:00:00-00:00,2017-09-17T02:00:00-00:00,2017-09-16,19,0,BAYSHOR2_1_N001,BAYSHOR2_1_N001,BAYSHOR2_1_N001,DAM,MCL,LMP_LOSS_PRC,BAYSHOR2_1_N001,ALL,1,1.87811,304
2017-09-16T14:00:00-00:00,2017-09-16T15:00:00-00:00,2017-09-16,8,0,BAYSHOR2_1_N001,BAYSHOR2_1_N001,BAYSHOR2_1_N001,DAM,MCL,LMP_LOSS_PRC,BAYSHOR2_1_N001,ALL,1,1.64719,304
2017-09-16T16:00:00-00:00,2017-09-16T17:00:00-00:00,2017-09-16,10,0,BAYSHOR2_1_N001,BAYSHOR2_1_N001,BAYSHOR2_1_N001,DAM,MCL,LMP_LOSS_PRC,BAYSHOR2_1_N001,ALL,1,1.32042,304
2017-09-17T00:00:00-00:00,2017-09-17T01:00:00-00:00,2017-09-16,18,0,BAYSHOR2_1_N001,BAYSHOR2_1_N001,BAYSHOR2_1_N001,DAM,MCL,LMP_LOSS_PRC,BAYSHOR2_1_N001,ALL,1,1.60638,304
2017-09-16T07:00:00-00:00,2017-09-16T08:00:00-00:00,2017-09-16,1,0,BAYSHOR2_1_N001,BAYSHOR2_1_N001,BAYSHOR2_1_N001,DAM,MCL,LMP_LOSS_PRC,BAYSHOR2_1_N001,ALL,1,1.46856,304
2017-09-16T13:00:00-00:00,2017-09-16T14:00:00-00:00,2017-09-16,7,0,BAYSHOR2_1_N001,BAYSHOR2_1_N001,BAYSHOR2_1_N001,DAM,MCL,LMP_LOSS_PRC,BAYSHOR2_1_N001,ALL,1,1.36448,304
2017-09-16T19:00:00-00:00,2017-09-16T20:00:00-00:00,2017-09-16,13,0,BAYSHOR2_1_N001,BAYSHOR2_1_N001,BAYSHOR2_1_N001,DAM,MCL,LMP_LOSS_PRC,BAYSHOR2_1_N001,ALL,1,1.15541,304
2017-09-16T20:00:00-00:00,2017-09-16T21:00:00-00:00,2017-09-16,14,0,BAYSHOR2_1_N001,BAYSHOR2_1_N001,BAYSHOR2_1_N001,DAM,MCL,LMP_LOSS_PRC,BAYSHOR2_1_N001,ALL,1,1.27303,304
2017-09-16T21:00:00-00:00,2017-09-16T22:00:00-00:00,2017-09-16,15,0,BAYSHOR2_1_N001,BAYSHOR2_1_N001,BAYSHOR2_1_N001,DAM,MCL,LMP_LOSS_PRC,BAYSHOR2_1_N001,ALL,1,1.41719,304
2017-09-17T03:00:00-00:00,2017-09-17T04:00:00-00:00,2017-09-16,21,0,BAYSHOR2_1_N001,BAYSHOR2_1_N001,BAYSHOR2_1_N001,DAM,MCL,LMP_LOSS_PRC,BAYSHOR2_1_N001,ALL,1,1.63584,304
2017-09-16T15:00:00-00:00,2017-09-16T16:00:00-00:00,2017-09-16,9,0,TH_NP15_GEN-APND,TH_NP15_GEN-APND,TH_NP15_GEN-APND,DAM,LMP,LMP_PRC,TH_NP15_GEN-APND,ALL_APNODES,0,23.21337,305
2017-09-16T09:00:00-00:00,2017-09-16T10:00:00-00:00,2017-09-16,3,0,TH_NP15_GEN-APND,TH_NP15_GEN-APND,TH_NP15_GEN-APND,DAM,LMP,LMP_PRC,TH_NP15_GEN-APND,ALL_APNODES,0,29.86928,305
2017-09-16T12:00:00-00:00,2017-09-16T13:00:00-00:00,2017-09-16,6,0,TH_NP15_GEN-APND,TH_NP15_GEN-APND,TH_NP15_GEN-APND,DAM,LMP,LMP_PRC,TH_NP15_GEN-APND,ALL_APNODES,0,32.91604,305
2017-09-16T22:00:00-00:00,2017-09-16T23:00:00-00:00,2017-09-16,16,0,TH_NP15_GEN-APND,TH_NP15_GEN-APND,TH_NP15_GEN-APND,DAM,LMP,LMP_PRC,TH_NP15_GEN-APND,ALL_APNODES,0,32.42528,305
2017-09-16T20:00:00-00:00,2017-09-16T21:00:00-00:00,2017-09-16,14,0,TH_NP15_GEN-APND,TH_NP15_GEN-APND,TH_NP15_GEN-APND,DAM,LMP,LMP_PRC,TH_NP15_GEN-APND,ALL_APNODES,0,26.74062,305
2017-09-17T03:00:00-00:00,2017-09-17T04:00:00-00:00,2017-09-16,21,0,TH_NP15_GEN-APND,TH_NP15_GEN-APND,TH_NP15_GEN-APND,DAM,LMP,LMP_PRC,TH_NP15_GEN-APND,ALL_APNODES,0,46.88933,305
2017-09-16T11:00:00-00:00,2017-09-16T12:00:00-00:00,2017-09-16,5,0,TH_NP15_GEN-APND,TH_NP15_GEN-APND,TH_NP15_GEN-APND,DAM,LMP,LMP_PRC,TH_NP15_GEN-APND,ALL_APNODES,0,29.80197,305
2017-09-17T02:00:00-00:00,2017-09-17T03:00:00-00:00,2017-09-16,20,0,TH_NP15_GEN-APND,TH_NP15_GEN-APND,TH_NP15_GEN-APND,DAM,LMP,LMP_PRC,TH_NP15_GEN-APND,ALL_APNODES,0,60.92279,305
2017-09-16T13:00:00-00:00,2017-09-16T14:00:00-00:00,2017-09-16,7,0,TH_NP15_GEN-APND,TH_NP15_GEN-APND,TH_NP15_GEN-APND,DAM,LMP,LMP_PRC,TH_NP15_GEN-APND,ALL_APNODES,0,34.94114,305
2017-09-16T10:00:00-00:00,2017-09-16T11:00:00-00:00,2017-09-16,4,0,TH_NP15_GEN-APND,TH_NP15_GEN-APND,TH_NP15_GEN-APND,DAM,LMP,LMP_PRC,TH_NP15_GEN-APND,ALL_APNODES,0,29.53522,305
2017-09-16T21:00:00-00:00,2017-09-16T22:00:00-00:00,2017-09-16,15,0,TH_NP15_GEN-APND,TH_NP15_GEN-APND,TH_NP15_GEN-APND,DAM,LMP,LMP_PRC,TH_NP15_GEN-APND,ALL_APNODES,0,29.9164,305
2017-09-16T16:00:00-00:00,2017-09-16T17:00:00-00:00,2017-09-16,10,0,TH_NP15_GEN-APND,TH_NP15_GEN-APND,TH_NP15_GEN-APND,DAM,LMP,LMP_PRC,TH_NP15_GEN-APND,ALL_APNODES,0,19.27252,305
2017-09-17T06:00:00-00:00,2017-09-17T07:00:00-00:00,2017-09-16,24,0,TH_NP15_GEN-APND,TH_NP15_GEN-APND,TH_NP15_GEN-APND,DAM,LMP,LMP_PRC,TH_NP15_GEN-APND,ALL_APNODES,0,30.24673,305
2017-09-17T05:00:00-00:00,2017-09-17T06:00:00-00:00,2017-09-16,23,0,TH_NP15_GEN-APND,TH_NP15_GEN-APND,TH_NP15_GEN-APND,DAM,LMP,LMP_PRC,TH_NP15_GEN-APND,ALL_APNODES,0,34.71387,305
2017-09-17T04:00:00-00:00,2017-09-17T05:00:00-00:00,2017-09-16,22,0,TH_NP15_GEN-APND,TH_NP15_GEN-APND,TH_NP15_GEN-APND,DAM,LMP,LMP_PRC,TH_NP15_GEN-APND,ALL_APNODES,0,36.08492,305
2017-09-17T00:00:00-00:00,2017-09-17T01:00:00-00:00,2017-09-16,18,0,TH_NP15_GEN-APND,TH_NP15_GEN-APND,TH_NP15_GEN-APND,DAM,LMP,LMP_PRC,TH_NP15_GEN-APND,ALL_APNODES,0,43.04534,305
2017-09-17T01:00:00-00:00,2017-09-17T02:00:00-00:00,2017-09-16,19,0,TH_NP15_GEN-APND,TH_NP15_GEN-APND,TH_NP15_GEN-APND,DAM,LMP,LMP_PRC,TH_NP15_GEN-APND,ALL_APNODES,0,53,305
2017-09-16T23:00:00-00:00,2017-09-17T00:00:00-00:00,2017-09-16,17,0,TH_NP15_GEN-APND,TH_NP15_GEN-APND,TH_NP15_GEN-APND,DAM,LMP,LMP_PRC,TH_NP15_GEN-APND,ALL_APNODES,0,35.24736,305
2017-09-16T19:00:00-00:00,2017-09-16T20:00:00-00:00,2017-09-16,13,0,TH_NP15_GEN-APND,TH_NP15_GEN-APND,TH_NP15_GEN-APND,DAM,LMP,LMP_PRC,TH_NP15_GEN-APND,ALL_APNODES,0,23.3529,305
2017-09-16T18:00:00-00:00,2017-09-16T19:00:00-00:00,2017-09-16,12,0,TH_NP15_GEN-APND,TH_NP15_GEN-APND,TH_NP15_GEN-APND,DAM,LMP,LMP_PRC,TH_NP15_GEN-APND,ALL_APNODES,0,21.82601,305
2017-09-16T08:00:00-00:00,2017-09-16T09:00:00-00:00,2017-09-16,2,0,TH_NP15_GEN-APND,TH_NP15_GEN-APND,TH_NP15_GEN-APND,DAM,LMP,LMP_PRC,TH_NP15_GEN-APND,ALL_APNODES,0,28.93603,305
2017-09-16T07:00:00-00:00,2017-09-16T08:00:00-00:00,2017-09-16,1,0,TH_NP15_GEN-APND,TH_NP15_GEN-APND,TH_NP15_GEN-APND,DAM,LMP,LMP_PRC,TH_NP15_GEN-APND,ALL_APNODES,0,33.45322,305
2017-09-16T14:00:00-00:00,2017-09-16T15:00:00-00:00,2017-09-16,8,0,TH_NP15_GEN-APND,TH_NP15_GEN-APND,TH_NP15_GEN-APND,DAM,LMP,LMP_PRC,TH_NP15_GEN-APND,ALL_APNODES,0,31.96181,305
2017-09-16T17:00:00-00:00,2017-09-16T18:00:00-00:00,2017-09-16,11,0,TH_NP15_GEN-APND,TH_NP15_GEN-APND,TH_NP15_GEN-APND,DAM,LMP,LMP_PRC,TH_NP15_GEN-APND,ALL_APNODES,0,19.96542,305
2017-09-16T10:00:00-00:00,2017-09-16T11:00:00-00:00,2017-09-16,4,0,TH_NP15_GEN-APND,TH_NP15_GEN-APND,TH_NP15_GEN-APND,DAM,MCC,LMP_CONG_PRC,TH_NP15_GEN-APND,ALL_APNODES,0,0,306
2017-09-16T14:00:00-00:00,2017-09-16T15:00:00-00:00,2017-09-16,8,0,TH_NP15_GEN-APND,TH_NP15_GEN-APND,TH_NP15_GEN-APND,DAM,MCC,LMP_CONG_PRC,TH_NP15_GEN-APND,ALL_APNODES,0,0,306
2017-09-16T23:00:00-00:00,2017-09-17T00:00:00-00:00,2017-09-16,17,0,TH_NP15_GEN-APND,TH_NP15_GEN-APND,TH_NP15_GEN-APND,DAM,MCC,LMP_CONG_PRC,TH_NP15_GEN-APND,ALL_APNODES,0,2.05589,306
2017-09-16T17:00:00-00:00,2017-09-16T18:00:00-00:00,2017-09-16,11,0,TH_NP15_GEN-APND,TH_NP15_GEN-APND,TH_NP15_GEN-APND,DAM,MCC,LMP_CONG_PRC,TH_NP15_GEN-APND,ALL_APNODES,0,1.15122,306
2017-09-16T19:00:00-00:00,2017-09-16T20:00:00-00:00,2017-09-16,13,0,TH_NP15_GEN-APND,TH_NP15_GEN-APND,TH_NP15_GEN-APND,DAM,MCC,LMP_CONG_PRC,TH_NP15_GEN-APND,ALL_APNODES,0,1.08565,306
2017-09-16T12:00:00-00:00,2017-09-16T13:00:00-00:00,2017-09-16,6,0,TH_NP15_GEN-APND,TH_NP15_GEN-APND,TH_NP15_GEN-APND,DAM,MCC,LMP_CONG_PRC,TH_NP15_GEN-APND,ALL_APNODES,0,0,306
2017-09-16T08:00:00-00:00,2017-09-16T09:00:00-00:00,2017-09-16,2,0,TH_NP15_GEN-APND,TH_NP15_GEN-APND,TH_NP15_GEN-APND,DAM,MCC,LMP_CONG_PRC,TH_NP15_GEN-APND,ALL_APNODES,0,0,306
2017-09-16T07:00:00-00:00,2017-09-16T08:00:00-00:00,2017-09-16,1,0,TH_NP15_GEN-APND,TH_NP15_GEN-APND,TH_NP15_GEN-APND,DAM,MCC,LMP_CONG_PRC,TH_NP15_GEN-APND,ALL_APNODES,0,0,306
2017-09-17T05:00:00-00:00,2017-09-17T06:00:00-00:00,2017-09-16,23,0,TH_NP15_GEN-APND,TH_NP15_GEN-APND,TH_NP15_GEN-APND,DAM,MCC,LMP_CONG_PRC,TH_NP15_GEN-APND,ALL_APNODES,0,0,306
2017-09-16T18:00:00-00:00,2017-09-16T19:00:00-00:00,2017-09-16,12,0,TH_NP15_GEN-APND,TH_NP15_GEN-APND,TH_NP15_GEN-APND,DAM,MCC,LMP_CONG_PRC,TH_NP15_GEN-APND,ALL_APNODES,0,0.50452,306
2017-09-16T11:00:00-00:00,2017-09-16T12:00:00-00:00,2017-09-16,5,0,TH_NP15_GEN-APND,TH_NP15_GEN-APND,TH_NP15_GEN-APND,DAM,MCC,LMP_CONG_PRC,TH_NP15_GEN-APND,ALL_APNODES,0,0,306
2017-09-17T06:00:00-00:00,2017-09-17T07:00:00-00:00,2017-09-16,24,0,TH_NP15_GEN-APND,TH_NP15_GEN-APND,TH_NP15_GEN-APND,DAM,MCC,LMP_CONG_PRC,TH_NP15_GEN-APND,ALL_APNODES,0,0,306
2017-09-16T13:00:00-00:00,2017-09-16T14:00:00-00:00,2017-09-16,7,0,TH_NP15_GEN-APND,TH_NP15_GEN-APND,TH_NP15_GEN-APND,DAM,MCC,LMP_CONG_PRC,TH_NP15_GEN-APND,ALL_APNODES,0,0,306
2017-09-16T22:00:00-00:00,2017-09-16T23:00:00-00:00,2017-09-16,16,0,TH_NP15_GEN-APND,TH_NP15_GEN-APND,TH_NP15_GEN-APND,DAM,MCC,LMP_CONG_PRC,TH_NP15_GEN-APND,ALL_APNODES,0,1.78986,306
2017-09-16T21:00:00-00:00,2017-09-16T22:00:00-00:00,2017-09-16,15,0,TH_NP15_GEN-APND,TH_NP15_GEN-APND,TH_NP15_GEN-APND,DAM,MCC,LMP_CONG_PRC,TH_NP15_GEN-APND,ALL_APNODES,0,1.81348,306
2017-09-17T01:00:00-00:00,2017-09-17T02:00:00-00:00,2017-09-16,19,0,TH_NP15_GEN-APND,TH_NP15_GEN-APND,TH_NP15_GEN-APND,DAM,MCC,LMP_CONG_PRC,TH_NP15_GEN-APND,ALL_APNODES,0,0.95712,306
2017-09-17T04:00:00-00:00,2017-09-17T05:00:00-00:00,2017-09-16,22,0,TH_NP15_GEN-APND,TH_NP15_GEN-APND,TH_NP15_GEN-APND,DAM,MCC,LMP_CONG_PRC,TH_NP15_GEN-APND,ALL_APNODES,0,0,306
2017-09-16T20:00:00-00:00,2017-09-16T21:00:00-00:00,2017-09-16,14,0,TH_NP15_GEN-APND,TH_NP15_GEN-APND,TH_NP15_GEN-APND,DAM,MCC,LMP_CONG_PRC,TH_NP15_GEN-APND,ALL_APNODES,0,1.12129,306
2017-09-16T09:00:00-00:00,2017-09-16T10:00:00-00:00,2017-09-16,3,0,TH_NP15_GEN-APND,TH_NP15_GEN-APND,TH_NP15_GEN-APND,DAM,MCC,LMP_CONG_PRC,TH_NP15_GEN-APND,ALL_APNODES,0,0,306
2017-09-17T03:00:00-00:00,2017-09-17T04:00:00-00:00,2017-09-16,21,0,TH_NP15_GEN-APND,TH_NP15_GEN-APND,TH_NP15_GEN-APND,DAM,MCC,LMP_CONG_PRC,TH_NP15_GEN-APND,ALL_APNODES,0,0,306
2017-09-17T02:00:00-00:00,2017-09-17T03:00:00-00:00,2017-09-16,20,0,TH_NP15_GEN-APND,TH_NP15_GEN-APND,TH_NP15_GEN-APND,DAM,MCC,LMP_CONG_PRC,TH_NP15_GEN-APND,ALL_APNODES,0,0,306
2017-09-16T15:00:00-00:00,2017-09-16T16:00:00-00:00,2017-09-16,9,0,TH_NP15_GEN-APND,TH_NP15_GEN-APND,TH_NP15_GEN-APND,DAM,MCC,LMP_CONG_PRC,TH_NP15_GEN-APND,ALL_APNODES,0,-0.20916,306
2017-09-16T16:00:00-00:00,2017-09-16T17:00:00-00:00,2017-09-16,10,0,TH_NP15_GEN-APND,TH_NP15_GEN-APND,TH_NP15_GEN-APND,DAM,MCC,LMP_CONG_PRC,TH_NP15_GEN-APND,ALL_APNODES,0,-0.49311,306
2017-09-17T00:00:00-00:00,2017-09-17T01:00:00-00:00,2017-09-16,18,0,TH_NP15_GEN-APND,TH_NP15_GEN-APND,TH_NP15_GEN-APND,DAM,MCC,LMP_CONG_PRC,TH_NP15_GEN-APND,ALL_APNODES,0,1.40922,306
2017-09-17T02:00:00-00:00,2017-09-17T03:00:00-00:00,2017-09-16,20,0,TH_NP15_GEN-APND,TH_NP15_GEN-APND,TH_NP15_GEN-APND,DAM,MCE,LMP_ENE_PRC,TH_NP15_GEN-APND,ALL_APNODES,0,61.42029,307
2017-09-16T07:00:00-00:00,2017-09-16T08:00:00-00:00,2017-09-16,1,0,TH_NP15_GEN-APND,TH_NP15_GEN-APND,TH_NP15_GEN-APND,DAM,MCE,LMP_ENE_PRC,TH_NP15_GEN-APND,ALL_APNODES,0,33.37646,307
2017-09-16T23:00:00-00:00,2017-09-17T00:00:00-00:00,2017-09-16,17,0,TH_NP15_GEN-APND,TH_NP15_GEN-APND,TH_NP15_GEN-APND,DAM,MCE,LMP_ENE_PRC,TH_NP15_GEN-APND,ALL_APNODES,0,33.01977,307
2017-09-17T01:00:00-00:00,2017-09-17T02:00:00-00:00,2017-09-16,19,0,TH_NP15_GEN-APND,TH_NP15_GEN-APND,TH_NP15_GEN-APND,DAM,MCE,LMP_ENE_PRC,TH_NP15_GEN-APND,ALL_APNODES,0,52.31492,307
2017-09-16T17:00:00-00:00,2017-09-16T18:00:00-00:00,2017-09-16,11,0,TH_NP15_GEN-APND,TH_NP15_GEN-APND,TH_NP15_GEN-APND,DAM,MCE,LMP_ENE_PRC,TH_NP15_GEN-APND,ALL_APNODES,0,18.42182,307
2017-09-17T05:00:00-00:00,2017-09-17T06:00:00-00:00,2017-09-16,23,0,TH_NP15_GEN-APND,TH_NP15_GEN-APND,TH_NP15_GEN-APND,DAM,MCE,LMP_ENE_PRC,TH_NP15_GEN-APND,ALL_APNODES,0,34.94098,307
2017-09-16T14:00:00-00:00,2017-09-16T15:00:00-00:00,2017-09-16,8,0,TH_NP15_GEN-APND,TH_NP15_GEN-APND,TH_NP15_GEN-APND,DAM,MCE,LMP_ENE_PRC,TH_NP15_GEN-APND,ALL_APNODES,0,31.67672,307
2017-09-16T18:00:00-00:00,2017-09-16T19:00:00-00:00,2017-09-16,12,0,TH_NP15_GEN-APND,TH_NP15_GEN-APND,TH_NP15_GEN-APND,DAM,MCE,LMP_ENE_PRC,TH_NP15_GEN-APND,ALL_APNODES,0,20.86251,307
2017-09-17T04:00:00-00:00,2017-09-17T05:00:00-00:00,2017-09-16,22,0,TH_NP15_GEN-APND,TH_NP15_GEN-APND,TH_NP15_GEN-APND,DAM,MCE,LMP_ENE_PRC,TH_NP15_GEN-APND,ALL_APNODES,0,36.63815,307
2017-09-17T06:00:00-00:00,2017-09-17T07:00:00-00:00,2017-09-16,24,0,TH_NP15_GEN-APND,TH_NP15_GEN-APND,TH_NP15_GEN-APND,DAM,MCE,LMP_ENE_PRC,TH_NP15_GEN-APND,ALL_APNODES,0,30.36516,307
2017-09-16T22:00:00-00:00,2017-09-16T23:00:00-00:00,2017-09-16,16,0,TH_NP15_GEN-APND,TH_NP15_GEN-APND,TH_NP15_GEN-APND,DAM,MCE,LMP_ENE_PRC,TH_NP15_GEN-APND,ALL_APNODES,0,30.13813,307
2017-09-16T09:00:00-00:00,2017-09-16T10:00:00-00:00,2017-09-16,3,0,TH_NP15_GEN-APND,TH_NP15_GEN-APND,TH_NP15_GEN-APND,DAM,MCE,LMP_ENE_PRC,TH_NP15_GEN-APND,ALL_APNODES,0,29.88422,307
2017-09-16T12:00:00-00:00,2017-09-16T13:00:00-00:00,2017-09-16,6,0,TH_NP15_GEN-APND,TH_NP15_GEN-APND,TH_NP15_GEN-APND,DAM,MCE,LMP_ENE_PRC,TH_NP15_GEN-APND,ALL_APNODES,0,32.89631,307
2017-09-16T15:00:00-00:00,2017-09-16T16:00:00-00:00,2017-09-16,9,0,TH_NP15_GEN-APND,TH_NP15_GEN-APND,TH_NP15_GEN-APND,DAM,MCE,LMP_ENE_PRC,TH_NP15_GEN-APND,ALL_APNODES,0,23.02421,307
2017-09-16T16:00:00-00:00,2017-09-16T17:00:00-00:00,2017-09-16,10,0,TH_NP15_GEN-APND,TH_NP15_GEN-APND,TH_NP15_GEN-APND,DAM,MCE,LMP_ENE_PRC,TH_NP15_GEN-APND,ALL_APNODES,0,19.33258,307
2017-09-16T19:00:00-00:00,2017-09-16T20:00:00-00:00,2017-09-16,13,0,TH_NP15_GEN-APND,TH_NP15_GEN-APND,TH_NP15_GEN-APND,DAM,MCE,LMP_ENE_PRC,TH_NP15_GEN-APND,ALL_APNODES,0,21.84134,307
2017-09-16T13:00:00-00:00,2017-09-16T14:00:00-00:00,2017-09-16,7,0,TH_NP15_GEN-APND,TH_NP15_GEN-APND,TH_NP15_GEN-APND,DAM,MCE,LMP_ENE_PRC,TH_NP15_GEN-APND,ALL_APNODES,0,34.98662,307
2017-09-17T00:00:00-00:00,2017-09-17T01:00:00-00:00,2017-09-16,18,0,TH_NP15_GEN-APND,TH_NP15_GEN-APND,TH_NP15_GEN-APND,DAM,MCE,LMP_ENE_PRC,TH_NP15_GEN-APND,ALL_APNODES,0,41.83273,307
2017-09-17T03:00:00-00:00,2017-09-17T04:00:00-00:00,2017-09-16,21,0,TH_NP15_GEN-APND,TH_NP15_GEN-APND,TH_NP15_GEN-APND,DAM,MCE,LMP_ENE_PRC,TH_NP15_GEN-APND,ALL_APNODES,0,47.41564,307
2017-09-16T20:00:00-00:00,2017-09-16T21:00:00-00:00,2017-09-16,14,0,TH_NP15_GEN-APND,TH_NP15_GEN-APND,TH_NP15_GEN-APND,DAM,MCE,LMP_ENE_PRC,TH_NP15_GEN-APND,ALL_APNODES,0,25.20843,307
2017-09-16T10:00:00-00:00,2017-09-16T11:00:00-00:00,2017-09-16,4,0,TH_NP15_GEN-APND,TH_NP15_GEN-APND,TH_NP15_GEN-APND,DAM,MCE,LMP_ENE_PRC,TH_NP15_GEN-APND,ALL_APNODES,0,29.51751,307
2017-09-16T21:00:00-00:00,2017-09-16T22:00:00-00:00,2017-09-16,15,0,TH_NP15_GEN-APND,TH_NP15_GEN-APND,TH_NP15_GEN-APND,DAM,MCE,LMP_ENE_PRC,TH_NP15_GEN-APND,ALL_APNODES,0,27.67942,307
2017-09-16T08:00:00-00:00,2017-09-16T09:00:00-00:00,2017-09-16,2,0,TH_NP15_GEN-APND,TH_NP15_GEN-APND,TH_NP15_GEN-APND,DAM,MCE,LMP_ENE_PRC,TH_NP15_GEN-APND,ALL_APNODES,0,28.91579,307
2017-09-16T11:00:00-00:00,2017-09-16T12:00:00-00:00,2017-09-16,5,0,TH_NP15_GEN-APND,TH_NP15_GEN-APND,TH_NP15_GEN-APND,DAM,MCE,LMP_ENE_PRC,TH_NP15_GEN-APND,ALL_APNODES,0,29.84375,307
2017-09-17T06:00:00-00:00,2017-09-17T07:00:00-00:00,2017-09-16,24,0,TH_NP15_GEN-APND,TH_NP15_GEN-APND,TH_NP15_GEN-APND,DAM,MCL,LMP_LOSS_PRC,TH_NP15_GEN-APND,ALL_APNODES,0,-0.11842,308
2017-09-17T04:00:00-00:00,2017-09-17T05:00:00-00:00,2017-09-16,22,0,TH_NP15_GEN-APND,TH_NP15_GEN-APND,TH_NP15_GEN-APND,DAM,MCL,LMP_LOSS_PRC,TH_NP15_GEN-APND,ALL_APNODES,0,-0.55324,308
2017-09-16T20:00:00-00:00,2017-09-16T21:00:00-00:00,2017-09-16,14,0,TH_NP15_GEN-APND,TH_NP15_GEN-APND,TH_NP15_GEN-APND,DAM,MCL,LMP_LOSS_PRC,TH_NP15_GEN-APND,ALL_APNODES,0,0.4109,308
2017-09-16T07:00:00-00:00,2017-09-16T08:00:00-00:00,2017-09-16,1,0,TH_NP15_GEN-APND,TH_NP15_GEN-APND,TH_NP15_GEN-APND,DAM,MCL,LMP_LOSS_PRC,TH_NP15_GEN-APND,ALL_APNODES,0,0.07677,308
2017-09-16T09:00:00-00:00,2017-09-16T10:00:00-00:00,2017-09-16,3,0,TH_NP15_GEN-APND,TH_NP15_GEN-APND,TH_NP15_GEN-APND,DAM,MCL,LMP_LOSS_PRC,TH_NP15_GEN-APND,ALL_APNODES,0,-0.01494,308
2017-09-17T05:00:00-00:00,2017-09-17T06:00:00-00:00,2017-09-16,23,0,TH_NP15_GEN-APND,TH_NP15_GEN-APND,TH_NP15_GEN-APND,DAM,MCL,LMP_LOSS_PRC,TH_NP15_GEN-APND,ALL_APNODES,0,-0.22712,308
2017-09-16T15:00:00-00:00,2017-09-16T16:00:00-00:00,2017-09-16,9,0,TH_NP15_GEN-APND,TH_NP15_GEN-APND,TH_NP15_GEN-APND,DAM,MCL,LMP_LOSS_PRC,TH_NP15_GEN-APND,ALL_APNODES,0,0.39832,308
2017-09-16T17:00:00-00:00,2017-09-16T18:00:00-00:00,2017-09-16,11,0,TH_NP15_GEN-APND,TH_NP15_GEN-APND,TH_NP15_GEN-APND,DAM,MCL,LMP_LOSS_PRC,TH_NP15_GEN-APND,ALL_APNODES,0,0.39238,308
2017-09-16T08:00:00-00:00,2017-09-16T09:00:00-00:00,2017-09-16,2,0,TH_NP15_GEN-APND,TH_NP15_GEN-APND,TH_NP15_GEN-APND,DAM,MCL,LMP_LOSS_PRC,TH_NP15_GEN-APND,ALL_APNODES,0,0.02024,308
2017-09-16T10:00:00-00:00,2017-09-16T11:00:00-00:00,2017-09-16,4,0,TH_NP15_GEN-APND,TH_NP15_GEN-APND,TH_NP15_GEN-APND,DAM,MCL,LMP_LOSS_PRC,TH_NP15_GEN-APND,ALL_APNODES,0,0.01771,308
2017-09-17T03:00:00-00:00,2017-09-17T04:00:00-00:00,2017-09-16,21,0,TH_NP15_GEN-APND,TH_NP15_GEN-APND,TH_NP15_GEN-APND,DAM,MCL,LMP_LOSS_PRC,TH_NP15_GEN-APND,ALL_APNODES,0,-0.52631,308
2017-09-16T13:00:00-00:00,2017-09-16T14:00:00-00:00,2017-09-16,7,0,TH_NP15_GEN-APND,TH_NP15_GEN-APND,TH_NP15_GEN-APND,DAM,MCL,LMP_LOSS_PRC,TH_NP15_GEN-APND,ALL_APNODES,0,-0.04548,308
2017-09-17T00:00:00-00:00,2017-09-17T01:00:00-00:00,2017-09-16,18,0,TH_NP15_GEN-APND,TH_NP15_GEN-APND,TH_NP15_GEN-APND,DAM,MCL,LMP_LOSS_PRC,TH_NP15_GEN-APND,ALL_APNODES,0,-0.19661,308
2017-09-16T19:00:00-00:00,2017-09-16T20:00:00-00:00,2017-09-16,13,0,TH_NP15_GEN-APND,TH_NP15_GEN-APND,TH_NP15_GEN-APND,DAM,MCL,LMP_LOSS_PRC,TH_NP15_GEN-APND,ALL_APNODES,0,0.42591,308
2017-09-16T22:00:00-00:00,2017-09-16T23:00:00-00:00,2017-09-16,16,0,TH_NP15_GEN-APND,TH_NP15_GEN-APND,TH_NP15_GEN-APND,DAM,MCL,LMP_LOSS_PRC,TH_NP15_GEN-APND,ALL_APNODES,0,0.49728,308
2017-09-17T02:00:00-00:00,2017-09-17T03:00:00-00:00,2017-09-16,20,0,TH_NP15_GEN-APND,TH_NP15_GEN-APND,TH_NP15_GEN-APND,DAM,MCL,LMP_LOSS_PRC,TH_NP15_GEN-APND,ALL_APNODES,0,-0.4975,308
2017-09-16T14:00:00-00:00,2017-09-16T15:00:00-00:00,2017-09-16,8,0,TH_NP15_GEN-APND,TH_NP15_GEN-APND,TH_NP15_GEN-APND,DAM,MCL,LMP_LOSS_PRC,TH_NP15_GEN-APND,ALL_APNODES,0,0.28509,308
2017-09-16T18:00:00-00:00,2017-09-16T19:00:00-00:00,2017-09-16,12,0,TH_NP15_GEN-APND,TH_NP15_GEN-APND,TH_NP15_GEN-APND,DAM,MCL,LMP_LOSS_PRC,TH_NP15_GEN-APND,ALL_APNODES,0,0.45898,308
2017-09-16T21:00:00-00:00,2017-09-16T22:00:00-00:00,2017-09-16,15,0,TH_NP15_GEN-APND,TH_NP15_GEN-APND,TH_NP15_GEN-APND,DAM,MCL,LMP_LOSS_PRC,TH_NP15_GEN-APND,ALL_APNODES,0,0.4235,308
2017-09-16T11:00:00-00:00,2017-09-16T12:00:00-00:00,2017-09-16,5,0,TH_NP15_GEN-APND,TH_NP15_GEN-APND,TH_NP15_GEN-APND,DAM,MCL,LMP_LOSS_PRC,TH_NP15_GEN-APND,ALL_APNODES,0,-0.04178,308
2017-09-16T12:00:00-00:00,2017-09-16T13:00:00-00:00,2017-09-16,6,0,TH_NP15_GEN-APND,TH_NP15_GEN-APND,TH_NP15_GEN-APND,DAM,MCL,LMP_LOSS_PRC,TH_NP15_GEN-APND,ALL_APNODES,0,0.01974,308
2017-09-16T23:00:00-00:00,2017-09-17T00:00:00-00:00,2017-09-16,17,0,TH_NP15_GEN-APND,TH_NP15_GEN-APND,TH_NP15_GEN-APND,DAM,MCL,LMP_LOSS_PRC,TH_NP15_GEN-APND,ALL_APNODES,0,0.1717,308
2017-09-17T01:00:00-00:00,2017-09-17T02:00:00-00:00,2017-09-16,19,0,TH_NP15_GEN-APND,TH_NP15_GEN-APND,TH_NP15_GEN-APND,DAM,MCL,LMP_LOSS_PRC,TH_NP15_GEN-APND,ALL_APNODES,0,-0.27204,308
2017-09-16T16:00:00-00:00,2017-09-16T17:00:00-00:00,2017-09-16,10,0,TH_NP15_GEN-APND,TH_NP15_GEN-APND,TH_NP15_GEN-APND,DAM,MCL,LMP_LOSS_PRC,TH_NP15_GEN-APND,ALL_APNODES,0,0.43305,308
2017-09-16T07:00:00-00:00,2017-09-16T08:00:00-00:00,2017-09-16,1,0,TH_SP15_GEN-APND,TH_SP15_GEN-APND,TH_SP15_GEN-APND,DAM,LMP,LMP_PRC,TH_SP15_GEN-APND,ALL_APNODES,0,32.08145,309
2017-09-17T05:00:00-00:00,2017-09-17T06:00:00-00:00,2017-09-16,23,0,TH_SP15_GEN-APND,TH_SP15_GEN-APND,TH_SP15_GEN-APND,DAM,LMP,LMP_PRC,TH_SP15_GEN-APND,ALL_APNODES,0,33.65166,309
2017-09-17T00:00:00-00:00,2017-09-17T01:00:00-00:00,2017-09-16,18,0,TH_SP15_GEN-APND,TH_SP15_GEN-APND,TH_SP15_GEN-APND,DAM,LMP,LMP_PRC,TH_SP15_GEN-APND,ALL_APNODES,0,38.76327,309
2017-09-17T01:00:00-00:00,2017-09-17T02:00:00-00:00,2017-09-16,19,0,TH_SP15_GEN-APND,TH_SP15_GEN-APND,TH_SP15_GEN-APND,DAM,LMP,LMP_PRC,TH_SP15_GEN-APND,ALL_APNODES,0,49.33252,309
2017-09-16T23:00:00-00:00,2017-09-17T00:00:00-00:00,2017-09-16,17,0,TH_SP15_GEN-APND,TH_SP15_GEN-APND,TH_SP15_GEN-APND,DAM,LMP,LMP_PRC,TH_SP15_GEN-APND,ALL_APNODES,0,29.69808,309
2017-09-16T21:00:00-00:00,2017-09-16T22:00:00-00:00,2017-09-16,15,0,TH_SP15_GEN-APND,TH_SP15_GEN-APND,TH_SP15_GEN-APND,DAM,LMP,LMP_PRC,TH_SP15_GEN-APND,ALL_APNODES,0,24.7272,309
2017-09-16T16:00:00-00:00,2017-09-16T17:00:00-00:00,2017-09-16,10,0,TH_SP15_GEN-APND,TH_SP15_GEN-APND,TH_SP15_GEN-APND,DAM,LMP,LMP_PRC,TH_SP15_GEN-APND,ALL_APNODES,0,18.65135,309
2017-09-17T02:00:00-00:00,2017-09-17T03:00:00-00:00,2017-09-16,20,0,TH_SP15_GEN-APND,TH_SP15_GEN-APND,TH_SP15_GEN-APND,DAM,LMP,LMP_PRC,TH_SP15_GEN-APND,ALL_APNODES,0,58.95734,309
2017-09-16T08:00:00-00:00,2017-09-16T09:00:00-00:00,2017-09-16,2,0,TH_SP15_GEN-APND,TH_SP15_GEN-APND,TH_SP15_GEN-APND,DAM,LMP,LMP_PRC,TH_SP15_GEN-APND,ALL_APNODES,0,27.86036,309
2017-09-16T18:00:00-00:00,2017-09-16T19:00:00-00:00,2017-09-16,12,0,TH_SP15_GEN-APND,TH_SP15_GEN-APND,TH_SP15_GEN-APND,DAM,LMP,LMP_PRC,TH_SP15_GEN-APND,ALL_APNODES,0,19.44364,309
2017-09-16T20:00:00-00:00,2017-09-16T21:00:00-00:00,2017-09-16,14,0,TH_SP15_GEN-APND,TH_SP15_GEN-APND,TH_SP15_GEN-APND,DAM,LMP,LMP_PRC,TH_SP15_GEN-APND,ALL_APNODES,0,23.06,309
2017-09-16T15:00:00-00:00,2017-09-16T16:00:00-00:00,2017-09-16,9,0,TH_SP15_GEN-APND,TH_SP15_GEN-APND,TH_SP15_GEN-APND,DAM,LMP,LMP_PRC,TH_SP15_GEN-APND,ALL_APNODES,0,22.04238,309
2017-09-17T04:00:00-00:00,2017-09-17T05:00:00-00:00,2017-09-16,22,0,TH_SP15_GEN-APND,TH_SP15_GEN-APND,TH_SP15_GEN-APND,DAM,LMP,LMP_PRC,TH_SP15_GEN-APND,ALL_APNODES,0,35.38513,309
2017-09-17T03:00:00-00:00,2017-09-17T04:00:00-00:00,2017-09-16,21,0,TH_SP15_GEN-APND,TH_SP15_GEN-APND,TH_SP15_GEN-APND,DAM,LMP,LMP_PRC,TH_SP15_GEN-APND,ALL_APNODES,0,45.55695,309
2017-09-16T17:00:00-00:00,2017-09-16T18:00:00-00:00,2017-09-16,11,0,TH_SP15_GEN-APND,TH_SP15_GEN-APND,TH_SP15_GEN-APND,DAM,LMP,LMP_PRC,TH_SP15_GEN-APND,ALL_APNODES,0,16.80774,309
2017-09-16T10:00:00-00:00,2017-09-16T11:00:00-00:00,2017-09-16,4,0,TH_SP15_GEN-APND,TH_SP15_GEN-APND,TH_SP15_GEN-APND,DAM,LMP,LMP_PRC,TH_SP15_GEN-APND,ALL_APNODES,0,28.51096,309
2017-09-16T19:00:00-00:00,2017-09-16T20:00:00-00:00,2017-09-16,13,0,TH_SP15_GEN-APND,TH_SP15_GEN-APND,TH_SP15_GEN-APND,DAM,LMP,LMP_PRC,TH_SP15_GEN-APND,ALL_APNODES,0,19.8624,309
2017-09-16T22:00:00-00:00,2017-09-16T23:00:00-00:00,2017-09-16,16,0,TH_SP15_GEN-APND,TH_SP15_GEN-APND,TH_SP15_GEN-APND,DAM,LMP,LMP_PRC,TH_SP15_GEN-APND,ALL_APNODES,0,27.04619,309
2017-09-16T14:00:00-00:00,2017-09-16T15:00:00-00:00,2017-09-16,8,0,TH_SP15_GEN-APND,TH_SP15_GEN-APND,TH_SP15_GEN-APND,DAM,LMP,LMP_PRC,TH_SP15_GEN-APND,ALL_APNODES,0,30.3558,309
2017-09-16T13:00:00-00:00,2017-09-16T14:00:00-00:00,2017-09-16,7,0,TH_SP15_GEN-APND,TH_SP15_GEN-APND,TH_SP15_GEN-APND,DAM,LMP,LMP_PRC,TH_SP15_GEN-APND,ALL_APNODES,0,33.80407,309
2017-09-16T12:00:00-00:00,2017-09-16T13:00:00-00:00,2017-09-16,6,0,TH_SP15_GEN-APND,TH_SP15_GEN-APND,TH_SP15_GEN-APND,DAM,LMP,LMP_PRC,TH_SP15_GEN-APND,ALL_APNODES,0,31.80744,309
2017-09-16T11:00:00-00:00,2017-09-16T12:00:00-00:00,2017-09-16,5,0,TH_SP15_GEN-APND,TH_SP15_GEN-APND,TH_SP15_GEN-APND,DAM,LMP,LMP_PRC,TH_SP15_GEN-APND,ALL_APNODES,0,28.87084,309
2017-09-16T09:00:00-00:00,2017-09-16T10:00:00-00:00,2017-09-16,3,0,TH_SP15_GEN-APND,TH_SP15_GEN-APND,TH_SP15_GEN-APND,DAM,LMP,LMP_PRC,TH_SP15_GEN-APND,ALL_APNODES,0,28.8831,309
2017-09-17T06:00:00-00:00,2017-09-17T07:00:00-00:00,2017-09-16,24,0,TH_SP15_GEN-APND,TH_SP15_GEN-APND,TH_SP15_GEN-APND,DAM,LMP,LMP_PRC,TH_SP15_GEN-APND,ALL_APNODES,0,29.26594,309
2017-09-17T00:00:00-00:00,2017-09-17T01:00:00-00:00,2017-09-16,18,0,TH_SP15_GEN-APND,TH_SP15_GEN-APND,TH_SP15_GEN-APND,DAM,MCC,LMP_CONG_PRC,TH_SP15_GEN-APND,ALL_APNODES,0,-1.2079,310
2017-09-17T03:00:00-00:00,2017-09-17T04:00:00-00:00,2017-09-16,21,0,TH_SP15_GEN-APND,TH_SP15_GEN-APND,TH_SP15_GEN-APND,DAM,MCC,LMP_CONG_PRC,TH_SP15_GEN-APND,ALL_APNODES,0,0,310
2017-09-16T10:00:00-00:00,2017-09-16T11:00:00-00:00,2017-09-16,4,0,TH_SP15_GEN-APND,TH_SP15_GEN-APND,TH_SP15_GEN-APND,DAM,MCC,LMP_CONG_PRC,TH_SP15_GEN-APND,ALL_APNODES,0,0,310
2017-09-16T13:00:00-00:00,2017-09-16T14:00:00-00:00,2017-09-16,7,0,TH_SP15_GEN-APND,TH_SP15_GEN-APND,TH_SP15_GEN-APND,DAM,MCC,LMP_CONG_PRC,TH_SP15_GEN-APND,ALL_APNODES,0,0,310
2017-09-16T08:00:00-00:00,2017-09-16T09:00:00-00:00,2017-09-16,2,0,TH_SP15_GEN-APND,TH_SP15_GEN-APND,TH_SP15_GEN-APND,DAM,MCC,LMP_CONG_PRC,TH_SP15_GEN-APND,ALL_APNODES,0,0,310
2017-09-16T19:00:00-00:00,2017-09-16T20:00:00-00:00,2017-09-16,13,0,TH_SP15_GEN-APND,TH_SP15_GEN-APND,TH_SP15_GEN-APND,DAM,MCC,LMP_CONG_PRC,TH_SP15_GEN-APND,ALL_APNODES,0,-0.93056,310
2017-09-16T18:00:00-00:00,2017-09-16T19:00:00-00:00,2017-09-16,12,0,TH_SP15_GEN-APND,TH_SP15_GEN-APND,TH_SP15_GEN-APND,DAM,MCC,LMP_CONG_PRC,TH_SP15_GEN-APND,ALL_APNODES,0,-0.36531,310
2017-09-16T23:00:00-00:00,2017-09-17T00:00:00-00:00,2017-09-16,17,0,TH_SP15_GEN-APND,TH_SP15_GEN-APND,TH_SP15_GEN-APND,DAM,MCC,LMP_CONG_PRC,TH_SP15_GEN-APND,ALL_APNODES,0,-1.72023,310
2017-09-16T21:00:00-00:00,2017-09-16T22:00:00-00:00,2017-09-16,15,0,TH_SP15_GEN-APND,TH_SP15_GEN-APND,TH_SP15_GEN-APND,DAM,MCC,LMP_CONG_PRC,TH_SP15_GEN-APND,ALL_APNODES,0,-1.55441,310
2017-09-16T20:00:00-00:00,2017-09-16T21:00:00-00:00,2017-09-16,14,0,TH_SP15_GEN-APND,TH_SP15_GEN-APND,TH_SP15_GEN-APND,DAM,MCC,LMP_CONG_PRC,TH_SP15_GEN-APND,ALL_APNODES,0,-0.96111,310
2017-09-16T11:00:00-00:00,2017-09-16T12:00:00-00:00,2017-09-16,5,0,TH_SP15_GEN-APND,TH_SP15_GEN-APND,TH_SP15_GEN-APND,DAM,MCC,LMP_CONG_PRC,TH_SP15_GEN-APND,ALL_APNODES,0,0,310
2017-09-17T01:00:00-00:00,2017-09-17T02:00:00-00:00,2017-09-16,19,0,TH_SP15_GEN-APND,TH_SP15_GEN-APND,TH_SP15_GEN-APND,DAM,MCC,LMP_CONG_PRC,TH_SP15_GEN-APND,ALL_APNODES,0,-0.83748,310
2017-09-16T17:00:00-00:00,2017-09-16T18:00:00-00:00,2017-09-16,11,0,TH_SP15_GEN-APND,TH_SP15_GEN-APND,TH_SP15_GEN-APND,DAM,MCC,LMP_CONG_PRC,TH_SP15_GEN-APND,ALL_APNODES,0,-0.68378,310
2017-09-16T14:00:00-00:00,2017-09-16T15:00:00-00:00,2017-09-16,8,0,TH_SP15_GEN-APND,TH_SP15_GEN-APND,TH_SP15_GEN-APND,DAM,MCC,LMP_CONG_PRC,TH_SP15_GEN-APND,ALL_APNODES,0,0,310
2017-09-17T06:00:00-00:00,2017-09-17T07:00:00-00:00,2017-09-16,24,0,TH_SP15_GEN-APND,TH_SP15_GEN-APND,TH_SP15_GEN-APND,DAM,MCC,LMP_CONG_PRC,TH_SP15_GEN-APND,ALL_APNODES,0,0,310
2017-09-17T04:00:00-00:00,2017-09-17T05:00:00-00:00,2017-09-16,22,0,TH_SP15_GEN-APND,TH_SP15_GEN-APND,TH_SP15_GEN-APND,DAM,MCC,LMP_CONG_PRC,TH_SP15_GEN-APND,ALL_APNODES,0,0,310
2017-09-17T02:00:00-00:00,2017-09-17T03:00:00-00:00,2017-09-16,20,0,TH_SP15_GEN-APND,TH_SP15_GEN-APND,TH_SP15_GEN-APND,DAM,MCC,LMP_CONG_PRC,TH_SP15_GEN-APND,ALL_APNODES,0,0,310
2017-09-16T12:00:00-00:00,2017-09-16T13:00:00-00:00,2017-09-16,6,0,TH_SP15_GEN-APND,TH_SP15_GEN-APND,TH_SP15_GEN-APND,DAM,MCC,LMP_CONG_PRC,TH_SP15_GEN-APND,ALL_APNODES,0,0,310
2017-09-16T09:00:00-00:00,2017-09-16T10:00:00-00:00,2017-09-16,3,0,TH_SP15_GEN-APND,TH_SP15_GEN-APND,TH_SP15_GEN-APND,DAM,MCC,LMP_CONG_PRC,TH_SP15_GEN-APND,ALL_APNODES,0,0,310
2017-09-16T22:00:00-00:00,2017-09-16T23:00:00-00:00,2017-09-16,16,0,TH_SP15_GEN-APND,TH_SP15_GEN-APND,TH_SP15_GEN-APND,DAM,MCC,LMP_CONG_PRC,TH_SP15_GEN-APND,ALL_APNODES,0,-1.49764,310
2017-09-16T07:00:00-00:00,2017-09-16T08:00:00-00:00,2017-09-16,1,0,TH_SP15_GEN-APND,TH_SP15_GEN-APND,TH_SP15_GEN-APND,DAM,MCC,LMP_CONG_PRC,TH_SP15_GEN-APND,ALL_APNODES,0,0,310
2017-09-16T16:00:00-00:00,2017-09-16T17:00:00-00:00,2017-09-16,10,0,TH_SP15_GEN-APND,TH_SP15_GEN-APND,TH_SP15_GEN-APND,DAM,MCC,LMP_CONG_PRC,TH_SP15_GEN-APND,ALL_APNODES,0,0.31633,310
2017-09-17T05:00:00-00:00,2017-09-17T06:00:00-00:00,2017-09-16,23,0,TH_SP15_GEN-APND,TH_SP15_GEN-APND,TH_SP15_GEN-APND,DAM,MCC,LMP_CONG_PRC,TH_SP15_GEN-APND,ALL_APNODES,0,0,310
2017-09-16T15:00:00-00:00,2017-09-16T16:00:00-00:00,2017-09-16,9,0,TH_SP15_GEN-APND,TH_SP15_GEN-APND,TH_SP15_GEN-APND,DAM,MCC,LMP_CONG_PRC,TH_SP15_GEN-APND,ALL_APNODES,0,0.13023,310
2017-09-17T00:00:00-00:00,2017-09-17T01:00:00-00:00,2017-09-16,18,0,TH_SP15_GEN-APND,TH_SP15_GEN-APND,TH_SP15_GEN-APND,DAM,MCE,LMP_ENE_PRC,TH_SP15_GEN-APND,ALL_APNODES,0,41.83273,311
2017-09-16T21:00:00-00:00,2017-09-16T22:00:00-00:00,2017-09-16,15,0,TH_SP15_GEN-APND,TH_SP15_GEN-APND,TH_SP15_GEN-APND,DAM,MCE,LMP_ENE_PRC,TH_SP15_GEN-APND,ALL_APNODES,0,27.67942,311
2017-09-17T06:00:00-00:00,2017-09-17T07:00:00-00:00,2017-09-16,24,0,TH_SP15_GEN-APND,TH_SP15_GEN-APND,TH_SP15_GEN-APND,DAM,MCE,LMP_ENE_PRC,TH_SP15_GEN-APND,ALL_APNODES,0,30.36516,311
2017-09-16T10:00:00-00:00,2017-09-16T11:00:00-00:00,2017-09-16,4,0,TH_SP15_GEN-APND,TH_SP15_GEN-APND,TH_SP15_GEN-APND,DAM,MCE,LMP_ENE_PRC,TH_SP15_GEN-APND,ALL_APNODES,0,29.51751,311
2017-09-17T01:00:00-00:00,2017-09-17T02:00:00-00:00,2017-09-16,19,0,TH_SP15_GEN-APND,TH_SP15_GEN-APND,TH_SP15_GEN-APND,DAM,MCE,LMP_ENE_PRC,TH_SP15_GEN-APND,ALL_APNODES,0,52.31492,311
2017-09-16T15:00:00-00:00,2017-09-16T16:00:00-00:00,2017-09-16,9,0,TH_SP15_GEN-APND,TH_SP15_GEN-APND,TH_SP15_GEN-APND,DAM,MCE,LMP_ENE_PRC,TH_SP15_GEN-APND,ALL_APNODES,0,23.02421,311
2017-09-16T20:00:00-00:00,2017-09-16T21:00:00-00:00,2017-09-16,14,0,TH_SP15_GEN-APND,TH_SP15_GEN-APND,TH_SP15_GEN-APND,DAM,MCE,LMP_ENE_PRC,TH_SP15_GEN-APND,ALL_APNODES,0,25.20843,311
2017-09-16T19:00:00-00:00,2017-09-16T20:00:00-00:00,2017-09-16,13,0,TH_SP15_GEN-APND,TH_SP15_GEN-APND,TH_SP15_GEN-APND,DAM,MCE,LMP_ENE_PRC,TH_SP15_GEN-APND,ALL_APNODES,0,21.84134,311
2017-09-16T08:00:00-00:00,2017-09-16T09:00:00-00:00,2017-09-16,2,0,TH_SP15_GEN-APND,TH_SP15_GEN-APND,TH_SP15_GEN-APND,DAM,MCE,LMP_ENE_PRC,TH_SP15_GEN-APND,ALL_APNODES,0,28.91579,311
2017-09-16T22:00:00-00:00,2017-09-16T23:00:00-00:00,2017-09-16,16,0,TH_SP15_GEN-APND,TH_SP15_GEN-APND,TH_SP15_GEN-APND,DAM,MCE,LMP_ENE_PRC,TH_SP15_GEN-APND,ALL_APNODES,0,30.13813,311
2017-09-16T23:00:00-00:00,2017-09-17T00:00:00-00:00,2017-09-16,17,0,TH_SP15_GEN-APND,TH_SP15_GEN-APND,TH_SP15_GEN-APND,DAM,MCE,LMP_ENE_PRC,TH_SP15_GEN-APND,ALL_APNODES,0,33.01977,311
2017-09-16T18:00:00-00:00,2017-09-16T19:00:00-00:00,2017-09-16,12,0,TH_SP15_GEN-APND,TH_SP15_GEN-APND,TH_SP15_GEN-APND,DAM,MCE,LMP_ENE_PRC,TH_SP15_GEN-APND,ALL_APNODES,0,20.86251,311
2017-09-16T11:00:00-00:00,2017-09-16T12:00:00-00:00,2017-09-16,5,0,TH_SP15_GEN-APND,TH_SP15_GEN-APND,TH_SP15_GEN-APND,DAM,MCE,LMP_ENE_PRC,TH_SP15_GEN-APND,ALL_APNODES,0,29.84375,311
2017-09-16T07:00:00-00:00,2017-09-16T08:00:00-00:00,2017-09-16,1,0,TH_SP15_GEN-APND,TH_SP15_GEN-APND,TH_SP15_GEN-APND,DAM,MCE,LMP_ENE_PRC,TH_SP15_GEN-APND,ALL_APNODES,0,33.37646,311
2017-09-17T03:00:00-00:00,2017-09-17T04:00:00-00:00,2017-09-16,21,0,TH_SP15_GEN-APND,TH_SP15_GEN-APND,TH_SP15_GEN-APND,DAM,MCE,LMP_ENE_PRC,TH_SP15_GEN-APND,ALL_APNODES,0,47.41564,311
2017-09-17T04:00:00-00:00,2017-09-17T05:00:00-00:00,2017-09-16,22,0,TH_SP15_GEN-APND,TH_SP15_GEN-APND,TH_SP15_GEN-APND,DAM,MCE,LMP_ENE_PRC,TH_SP15_GEN-APND,ALL_APNODES,0,36.63815,311
2017-09-17T05:00:00-00:00,2017-09-17T06:00:00-00:00,2017-09-16,23,0,TH_SP15_GEN-APND,TH_SP15_GEN-APND,TH_SP15_GEN-APND,DAM,MCE,LMP_ENE_PRC,TH_SP15_GEN-APND,ALL_APNODES,0,34.94098,311
2017-09-16T17:00:00-00:00,2017-09-16T18:00:00-00:00,2017-09-16,11,0,TH_SP15_GEN-APND,TH_SP15_GEN-APND,TH_SP15_GEN-APND,DAM,MCE,LMP_ENE_PRC,TH_SP15_GEN-APND,ALL_APNODES,0,18.42182,311
2017-09-16T09:00:00-00:00,2017-09-16T10:00:00-00:00,2017-09-16,3,0,TH_SP15_GEN-APND,TH_SP15_GEN-APND,TH_SP15_GEN-APND,DAM,MCE,LMP_ENE_PRC,TH_SP15_GEN-APND,ALL_APNODES,0,29.88422,311
2017-09-16T12:00:00-00:00,2017-09-16T13:00:00-00:00,2017-09-16,6,0,TH_SP15_GEN-APND,TH_SP15_GEN-APND,TH_SP15_GEN-APND,DAM,MCE,LMP_ENE_PRC,TH_SP15_GEN-APND,ALL_APNODES,0,32.89631,311
2017-09-17T02:00:00-00:00,2017-09-17T03:00:00-00:00,2017-09-16,20,0,TH_SP15_GEN-APND,TH_SP15_GEN-APND,TH_SP15_GEN-APND,DAM,MCE,LMP_ENE_PRC,TH_SP15_GEN-APND,ALL_APNODES,0,61.42029,311
2017-09-16T13:00:00-00:00,2017-09-16T14:00:00-00:00,2017-09-16,7,0,TH_SP15_GEN-APND,TH_SP15_GEN-APND,TH_SP15_GEN-APND,DAM,MCE,LMP_ENE_PRC,TH_SP15_GEN-APND,ALL_APNODES,0,34.98662,311
2017-09-16T14:00:00-00:00,2017-09-16T15:00:00-00:00,2017-09-16,8,0,TH_SP15_GEN-APND,TH_SP15_GEN-APND,TH_SP15_GEN-APND,DAM,MCE,LMP_ENE_PRC,TH_SP15_GEN-APND,ALL_APNODES,0,31.67672,311
2017-09-16T16:00:00-00:00,2017-09-16T17:00:00-00:00,2017-09-16,10,0,TH_SP15_GEN-APND,TH_SP15_GEN-APND,TH_SP15_GEN-APND,DAM,MCE,LMP_ENE_PRC,TH_SP15_GEN-APND,ALL_APNODES,0,19.33258,311
2017-09-16T07:00:00-00:00,2017-09-16T08:00:00-00:00,2017-09-16,1,0,TH_SP15_GEN-APND,TH_SP15_GEN-APND,TH_SP15_GEN-APND,DAM,MCL,LMP_LOSS_PRC,TH_SP15_GEN-APND,ALL_APNODES,0,-1.29501,312
2017-09-16T14:00:00-00:00,2017-09-16T15:00:00-00:00,2017-09-16,8,0,TH_SP15_GEN-APND,TH_SP15_GEN-APND,TH_SP15_GEN-APND,DAM,MCL,LMP_LOSS_PRC,TH_SP15_GEN-APND,ALL_APNODES,0,-1.32092,312
2017-09-16T17:00:00-00:00,2017-09-16T18:00:00-00:00,2017-09-16,11,0,TH_SP15_GEN-APND,TH_SP15_GEN-APND,TH_SP15_GEN-APND,DAM,MCL,LMP_LOSS_PRC,TH_SP15_GEN-APND,ALL_APNODES,0,-0.9303,312
2017-09-17T05:00:00-00:00,2017-09-17T06:00:00-00:00,2017-09-16,23,0,TH_SP15_GEN-APND,TH_SP15_GEN-APND,TH_SP15_GEN-APND,DAM,MCL,LMP_LOSS_PRC,TH_SP15_GEN-APND,ALL_APNODES,0,-1.28932,312
2017-09-17T06:00:00-00:00,2017-09-17T07:00:00-00:00,2017-09-16,24,0,TH_SP15_GEN-APND,TH_SP15_GEN-APND,TH_SP15_GEN-APND,DAM,MCL,LMP_LOSS_PRC,TH_SP15_GEN-APND,ALL_APNODES,0,-1.09922,312
2017-09-16T16:00:00-00:00,2017-09-16T17:00:00-00:00,2017-09-16,10,0,TH_SP15_GEN-APND,TH_SP15_GEN-APND,TH_SP15_GEN-APND,DAM,MCL,LMP_LOSS_PRC,TH_SP15_GEN-APND,ALL_APNODES,0,-0.99756,312
2017-09-16T13:00:00-00:00,2017-09-16T14:00:00-00:00,2017-09-16,7,0,TH_SP15_GEN-APND,TH_SP15_GEN-APND,TH_SP15_GEN-APND,DAM,MCL,LMP_LOSS_PRC,TH_SP15_GEN-APND,ALL_APNODES,0,-1.18255,312
2017-09-16T18:00:00-00:00,2017-09-16T19:00:00-00:00,2017-09-16,12,0,TH_SP15_GEN-APND,TH_SP15_GEN-APND,TH_SP15_GEN-APND,DAM,MCL,LMP_LOSS_PRC,TH_SP15_GEN-APND,ALL_APNODES,0,-1.05356,312
2017-09-16T20:00:00-00:00,2017-09-16T21:00:00-00:00,2017-09-16,14,0,TH_SP15_GEN-APND,TH_SP15_GEN-APND,TH_SP15_GEN-APND,DAM,MCL,LMP_LOSS_PRC,TH_SP15_GEN-APND,ALL_APNODES,0,-1.18732,312
2017-09-16T22:00:00-00:00,2017-09-16T23:00:00-00:00,2017-09-16,16,0,TH_SP15_GEN-APND,TH_SP15_GEN-APND,TH_SP15_GEN-APND,DAM,MCL,LMP_LOSS_PRC,TH_SP15_GEN-APND,ALL_APNODES,0,-1.59431,312
2017-09-16T08:00:00-00:00,2017-09-16T09:00:00-00:00,2017-09-16,2,0,TH_SP15_GEN-APND,TH_SP15_GEN-APND,TH_SP15_GEN-APND,DAM,MCL,LMP_LOSS_PRC,TH_SP15_GEN-APND,ALL_APNODES,0,-1.05543,312
2017-09-16T10:00:00-00:00,2017-09-16T11:00:00-00:00,2017-09-16,4,0,TH_SP15_GEN-APND,TH_SP15_GEN-APND,TH_SP15_GEN-APND,DAM,MCL,LMP_LOSS_PRC,TH_SP15_GEN-APND,ALL_APNODES,0,-1.00655,312
2017-09-16T11:00:00-00:00,2017-09-16T12:00:00-00:00,2017-09-16,5,0,TH_SP15_GEN-APND,TH_SP15_GEN-APND,TH_SP15_GEN-APND,DAM,MCL,LMP_LOSS_PRC,TH_SP15_GEN-APND,ALL_APNODES,0,-0.97291,312
2017-09-17T04:00:00-00:00,2017-09-17T05:00:00-00:00,2017-09-16,22,0,TH_SP15_GEN-APND,TH_SP15_GEN-APND,TH_SP15_GEN-APND,DAM,MCL,LMP_LOSS_PRC,TH_SP15_GEN-APND,ALL_APNODES,0,-1.25302,312
2017-09-16T23:00:00-00:00,2017-09-17T00:00:00-00:00,2017-09-16,17,0,TH_SP15_GEN-APND,TH_SP15_GEN-APND,TH_SP15_GEN-APND,DAM,MCL,LMP_LOSS_PRC,TH_SP15_GEN-APND,ALL_APNODES,0,-1.60146,312
2017-09-17T02:00:00-00:00,2017-09-17T03:00:00-00:00,2017-09-16,20,0,TH_SP15_GEN-APND,TH_SP15_GEN-APND,TH_SP15_GEN-APND,DAM,MCL,LMP_LOSS_PRC,TH_SP15_GEN-APND,ALL_APNODES,0,-2.46295,312
2017-09-17T03:00:00-00:00,2017-09-17T04:00:00-00:00,2017-09-16,21,0,TH_SP15_GEN-APND,TH_SP15_GEN-APND,TH_SP15_GEN-APND,DAM,MCL,LMP_LOSS_PRC,TH_SP15_GEN-APND,ALL_APNODES,0,-1.85869,312
2017-09-16T19:00:00-00:00,2017-09-16T20:00:00-00:00,2017-09-16,13,0,TH_SP15_GEN-APND,TH_SP15_GEN-APND,TH_SP15_GEN-APND,DAM,MCL,LMP_LOSS_PRC,TH_SP15_GEN-APND,ALL_APNODES,0,-1.04838,312
2017-09-16T21:00:00-00:00,2017-09-16T22:00:00-00:00,2017-09-16,15,0,TH_SP15_GEN-APND,TH_SP15_GEN-APND,TH_SP15_GEN-APND,DAM,MCL,LMP_LOSS_PRC,TH_SP15_GEN-APND,ALL_APNODES,0,-1.39781,312
2017-09-16T15:00:00-00:00,2017-09-16T16:00:00-00:00,2017-09-16,9,0,TH_SP15_GEN-APND,TH_SP15_GEN-APND,TH_SP15_GEN-APND,DAM,MCL,LMP_LOSS_PRC,TH_SP15_GEN-APND,ALL_APNODES,0,-1.11207,312
2017-09-16T12:00:00-00:00,2017-09-16T13:00:00-00:00,2017-09-16,6,0,TH_SP15_GEN-APND,TH_SP15_GEN-APND,TH_SP15_GEN-APND,DAM,MCL,LMP_LOSS_PRC,TH_SP15_GEN-APND,ALL_APNODES,0,-1.08887,312
2017-09-17T00:00:00-00:00,2017-09-17T01:00:00-00:00,2017-09-16,18,0,TH_SP15_GEN-APND,TH_SP15_GEN-APND,TH_SP15_GEN-APND,DAM,MCL,LMP_LOSS_PRC,TH_SP15_GEN-APND,ALL_APNODES,0,-1.86156,312
2017-09-17T01:00:00-00:00,2017-09-17T02:00:00-00:00,2017-09-16,19,0,TH_SP15_GEN-APND,TH_SP15_GEN-APND,TH_SP15_GEN-APND,DAM,MCL,LMP_LOSS_PRC,TH_SP15_GEN-APND,ALL_APNODES,0,-2.14491,312
2017-09-16T09:00:00-00:00,2017-09-16T10:00:00-00:00,2017-09-16,3,0,TH_SP15_GEN-APND,TH_SP15_GEN-APND,TH_SP15_GEN-APND,DAM,MCL,LMP_LOSS_PRC,TH_SP15_GEN-APND,ALL_APNODES,0,-1.00112,312
2017-09-16T18:00:00-00:00,2017-09-16T19:00:00-00:00,2017-09-16,12,0,TH_ZP26_GEN-APND,TH_ZP26_GEN-APND,TH_ZP26_GEN-APND,DAM,LMP,LMP_PRC,TH_ZP26_GEN-APND,ALL_APNODES,0,18.85849,313
2017-09-17T02:00:00-00:00,2017-09-17T03:00:00-00:00,2017-09-16,20,0,TH_ZP26_GEN-APND,TH_ZP26_GEN-APND,TH_ZP26_GEN-APND,DAM,LMP,LMP_PRC,TH_ZP26_GEN-APND,ALL_APNODES,0,59.53469,313
2017-09-16T13:00:00-00:00,2017-09-16T14:00:00-00:00,2017-09-16,7,0,TH_ZP26_GEN-APND,TH_ZP26_GEN-APND,TH_ZP26_GEN-APND,DAM,LMP,LMP_PRC,TH_ZP26_GEN-APND,ALL_APNODES,0,34.02449,313
2017-09-17T04:00:00-00:00,2017-09-17T05:00:00-00:00,2017-09-16,22,0,TH_ZP26_GEN-APND,TH_ZP26_GEN-APND,TH_ZP26_GEN-APND,DAM,LMP,LMP_PRC,TH_ZP26_GEN-APND,ALL_APNODES,0,35.56466,313
2017-09-16T15:00:00-00:00,2017-09-16T16:00:00-00:00,2017-09-16,9,0,TH_ZP26_GEN-APND,TH_ZP26_GEN-APND,TH_ZP26_GEN-APND,DAM,LMP,LMP_PRC,TH_ZP26_GEN-APND,ALL_APNODES,0,21.82895,313
2017-09-16T16:00:00-00:00,2017-09-16T17:00:00-00:00,2017-09-16,10,0,TH_ZP26_GEN-APND,TH_ZP26_GEN-APND,TH_ZP26_GEN-APND,DAM,LMP,LMP_PRC,TH_ZP26_GEN-APND,ALL_APNODES,0,17.98594,313
2017-09-16T22:00:00-00:00,2017-09-16T23:00:00-00:00,2017-09-16,16,0,TH_ZP26_GEN-APND,TH_ZP26_GEN-APND,TH_ZP26_GEN-APND,DAM,LMP,LMP_PRC,TH_ZP26_GEN-APND,ALL_APNODES,0,27.15131,313
2017-09-17T05:00:00-00:00,2017-09-17T06:00:00-00:00,2017-09-16,23,0,TH_ZP26_GEN-APND,TH_ZP26_GEN-APND,TH_ZP26_GEN-APND,DAM,LMP,LMP_PRC,TH_ZP26_GEN-APND,ALL_APNODES,0,33.87179,313
2017-09-16T08:00:00-00:00,2017-09-16T09:00:00-00:00,2017-09-16,2,0,TH_ZP26_GEN-APND,TH_ZP26_GEN-APND,TH_ZP26_GEN-APND,DAM,LMP,LMP_PRC,TH_ZP26_GEN-APND,ALL_APNODES,0,28.0888,313
2017-09-16T10:00:00-00:00,2017-09-16T11:00:00-00:00,2017-09-16,4,0,TH_ZP26_GEN-APND,TH_ZP26_GEN-APND,TH_ZP26_GEN-APND,DAM,LMP,LMP_PRC,TH_ZP26_GEN-APND,ALL_APNODES,0,28.67921,313
2017-09-16T19:00:00-00:00,2017-09-16T20:00:00-00:00,2017-09-16,13,0,TH_ZP26_GEN-APND,TH_ZP26_GEN-APND,TH_ZP26_GEN-APND,DAM,LMP,LMP_PRC,TH_ZP26_GEN-APND,ALL_APNODES,0,19.78814,313
2017-09-16T21:00:00-00:00,2017-09-16T22:00:00-00:00,2017-09-16,15,0,TH_ZP26_GEN-APND,TH_ZP26_GEN-APND,TH_ZP26_GEN-APND,DAM,LMP,LMP_PRC,TH_ZP26_GEN-APND,ALL_APNODES,0,24.76872,313
2017-09-16T07:00:00-00:00,2017-09-16T08:00:00-00:00,2017-09-16,1,0,TH_ZP26_GEN-APND,TH_ZP26_GEN-APND,TH_ZP26_GEN-APND,DAM,LMP,LMP_PRC,TH_ZP26_GEN-APND,ALL_APNODES,0,32.36515,313
2017-09-16T23:00:00-00:00,2017-09-17T00:00:00-00:00,2017-09-16,17,0,TH_ZP26_GEN-APND,TH_ZP26_GEN-APND,TH_ZP26_GEN-APND,DAM,LMP,LMP_PRC,TH_ZP26_GEN-APND,ALL_APNODES,0,29.80471,313
2017-09-17T06:00:00-00:00,2017-09-17T07:00:00-00:00,2017-09-16,24,0,TH_ZP26_GEN-APND,TH_ZP26_GEN-APND,TH_ZP26_GEN-APND,DAM,LMP,LMP_PRC,TH_ZP26_GEN-APND,ALL_APNODES,0,29.47242,313
2017-09-16T14:00:00-00:00,2017-09-16T15:00:00-00:00,2017-09-16,8,0,TH_ZP26_GEN-APND,TH_ZP26_GEN-APND,TH_ZP26_GEN-APND,DAM,LMP,LMP_PRC,TH_ZP26_GEN-APND,ALL_APNODES,0,30.63455,313
2017-09-16T11:00:00-00:00,2017-09-16T12:00:00-00:00,2017-09-16,5,0,TH_ZP26_GEN-APND,TH_ZP26_GEN-APND,TH_ZP26_GEN-APND,DAM,LMP,LMP_PRC,TH_ZP26_GEN-APND,ALL_APNODES,0,28.98127,313
2017-09-16T12:00:00-00:00,2017-09-16T13:00:00-00:00,2017-09-16,6,0,TH_ZP26_GEN-APND,TH_ZP26_GEN-APND,TH_ZP26_GEN-APND,DAM,LMP,LMP_PRC,TH_ZP26_GEN-APND,ALL_APNODES,0,31.92586,313
2017-09-17T00:00:00-00:00,2017-09-17T01:00:00-00:00,2017-09-16,18,0,TH_ZP26_GEN-APND,TH_ZP26_GEN-APND,TH_ZP26_GEN-APND,DAM,LMP,LMP_PRC,TH_ZP26_GEN-APND,ALL_APNODES,0,39.01427,313
2017-09-17T03:00:00-00:00,2017-09-17T04:00:00-00:00,2017-09-16,21,0,TH_ZP26_GEN-APND,TH_ZP26_GEN-APND,TH_ZP26_GEN-APND,DAM,LMP,LMP_PRC,TH_ZP26_GEN-APND,ALL_APNODES,0,45.98843,313
2017-09-17T01:00:00-00:00,2017-09-17T02:00:00-00:00,2017-09-16,19,0,TH_ZP26_GEN-APND,TH_ZP26_GEN-APND,TH_ZP26_GEN-APND,DAM,LMP,LMP_PRC,TH_ZP26_GEN-APND,ALL_APNODES,0,49.7772,313
2017-09-16T20:00:00-00:00,2017-09-16T21:00:00-00:00,2017-09-16,14,0,TH_ZP26_GEN-APND,TH_ZP26_GEN-APND,TH_ZP26_GEN-APND,DAM,LMP,LMP_PRC,TH_ZP26_GEN-APND,ALL_APNODES,0,22.96673,313
2017-09-16T09:00:00-00:00,2017-09-16T10:00:00-00:00,2017-09-16,3,0,TH_ZP26_GEN-APND,TH_ZP26_GEN-APND,TH_ZP26_GEN-APND,DAM,LMP,LMP_PRC,TH_ZP26_GEN-APND,ALL_APNODES,0,29.03252,313
2017-09-16T17:00:00-00:00,2017-09-16T18:00:00-00:00,2017-09-16,11,0,TH_ZP26_GEN-APND,TH_ZP26_GEN-APND,TH_ZP26_GEN-APND,DAM,LMP,LMP_PRC,TH_ZP26_GEN-APND,ALL_APNODES,0,16.98839,313
2017-09-16T19:00:00-00:00,2017-09-16T20:00:00-00:00,2017-09-16,13,0,TH_ZP26_GEN-APND,TH_ZP26_GEN-APND,TH_ZP26_GEN-APND,DAM,MCC,LMP_CONG_PRC,TH_ZP26_GEN-APND,ALL_APNODES,0,-0.93056,314
2017-09-17T04:00:00-00:00,2017-09-17T05:00:00-00:00,2017-09-16,22,0,TH_ZP26_GEN-APND,TH_ZP26_GEN-APND,TH_ZP26_GEN-APND,DAM,MCC,LMP_CONG_PRC,TH_ZP26_GEN-APND,ALL_APNODES,0,0,314
2017-09-16T10:00:00-00:00,2017-09-16T11:00:00-00:00,2017-09-16,4,0,TH_ZP26_GEN-APND,TH_ZP26_GEN-APND,TH_ZP26_GEN-APND,DAM,MCC,LMP_CONG_PRC,TH_ZP26_GEN-APND,ALL_APNODES,0,0,314
2017-09-16T12:00:00-00:00,2017-09-16T13:00:00-00:00,2017-09-16,6,0,TH_ZP26_GEN-APND,TH_ZP26_GEN-APND,TH_ZP26_GEN-APND,DAM,MCC,LMP_CONG_PRC,TH_ZP26_GEN-APND,ALL_APNODES,0,0,314
2017-09-17T02:00:00-00:00,2017-09-17T03:00:00-00:00,2017-09-16,20,0,TH_ZP26_GEN-APND,TH_ZP26_GEN-APND,TH_ZP26_GEN-APND,DAM,MCC,LMP_CONG_PRC,TH_ZP26_GEN-APND,ALL_APNODES,0,0,314
2017-09-16T14:00:00-00:00,2017-09-16T15:00:00-00:00,2017-09-16,8,0,TH_ZP26_GEN-APND,TH_ZP26_GEN-APND,TH_ZP26_GEN-APND,DAM,MCC,LMP_CONG_PRC,TH_ZP26_GEN-APND,ALL_APNODES,0,0,314
2017-09-16T17:00:00-00:00,2017-09-16T18:00:00-00:00,2017-09-16,11,0,TH_ZP26_GEN-APND,TH_ZP26_GEN-APND,TH_ZP26_GEN-APND,DAM,MCC,LMP_CONG_PRC,TH_ZP26_GEN-APND,ALL_APNODES,0,-0.52339,314
2017-09-17T00:00:00-00:00,2017-09-17T01:00:00-00:00,2017-09-16,18,0,TH_ZP26_GEN-APND,TH_ZP26_GEN-APND,TH_ZP26_GEN-APND,DAM,MCC,LMP_CONG_PRC,TH_ZP26_GEN-APND,ALL_APNODES,0,-1.2079,314
2017-09-16T15:00:00-00:00,2017-09-16T16:00:00-00:00,2017-09-16,9,0,TH_ZP26_GEN-APND,TH_ZP26_GEN-APND,TH_ZP26_GEN-APND,DAM,MCC,LMP_CONG_PRC,TH_ZP26_GEN-APND,ALL_APNODES,0,-0.17759,314
2017-09-17T01:00:00-00:00,2017-09-17T02:00:00-00:00,2017-09-16,19,0,TH_ZP26_GEN-APND,TH_ZP26_GEN-APND,TH_ZP26_GEN-APND,DAM,MCC,LMP_CONG_PRC,TH_ZP26_GEN-APND,ALL_APNODES,0,-0.83748,314
2017-09-17T03:00:00-00:00,2017-09-17T04:00:00-00:00,2017-09-16,21,0,TH_ZP26_GEN-APND,TH_ZP26_GEN-APND,TH_ZP26_GEN-APND,DAM,MCC,LMP_CONG_PRC,TH_ZP26_GEN-APND,ALL_APNODES,0,0,314
2017-09-17T06:00:00-00:00,2017-09-17T07:00:00-00:00,2017-09-16,24,0,TH_ZP26_GEN-APND,TH_ZP26_GEN-APND,TH_ZP26_GEN-APND,DAM,MCC,LMP_CONG_PRC,TH_ZP26_GEN-APND,ALL_APNODES,0,0,314
2017-09-16T08:00:00-00:00,2017-09-16T09:00:00-00:00,2017-09-16,2,0,TH_ZP26_GEN-APND,TH_ZP26_GEN-APND,TH_ZP26_GEN-APND,DAM,MCC,LMP_CONG_PRC,TH_ZP26_GEN-APND,ALL_APNODES,0,0,314
2017-09-16T13:00:00-00:00,2017-09-16T14:00:00-00:00,2017-09-16,7,0,TH_ZP26_GEN-APND,TH_ZP26_GEN-APND,TH_ZP26_GEN-APND,DAM,MCC,LMP_CONG_PRC,TH_ZP26_GEN-APND,ALL_APNODES,0,0,314
2017-09-16T16:00:00-00:00,2017-09-16T17:00:00-00:00,2017-09-16,10,0,TH_ZP26_GEN-APND,TH_ZP26_GEN-APND,TH_ZP26_GEN-APND,DAM,MCC,LMP_CONG_PRC,TH_ZP26_GEN-APND,ALL_APNODES,0,-0.41868,314
2017-09-16T20:00:00-00:00,2017-09-16T21:00:00-00:00,2017-09-16,14,0,TH_ZP26_GEN-APND,TH_ZP26_GEN-APND,TH_ZP26_GEN-APND,DAM,MCC,LMP_CONG_PRC,TH_ZP26_GEN-APND,ALL_APNODES,0,-0.96111,314
2017-09-16T07:00:00-00:00,2017-09-16T08:00:00-00:00,2017-09-16,1,0,TH_ZP26_GEN-APND,TH_ZP26_GEN-APND,TH_ZP26_GEN-APND,DAM,MCC,LMP_CONG_PRC,TH_ZP26_GEN-APND,ALL_APNODES,0,0,314
2017-09-16T23:00:00-00:00,2017-09-17T00:00:00-00:00,2017-09-16,17,0,TH_ZP26_GEN-APND,TH_ZP26_GEN-APND,TH_ZP26_GEN-APND,DAM,MCC,LMP_CONG_PRC,TH_ZP26_GEN-APND,ALL_APNODES,0,-1.76219,314
2017-09-16T22:00:00-00:00,2017-09-16T23:00:00-00:00,2017-09-16,16,0,TH_ZP26_GEN-APND,TH_ZP26_GEN-APND,TH_ZP26_GEN-APND,DAM,MCC,LMP_CONG_PRC,TH_ZP26_GEN-APND,ALL_APNODES,0,-1.53417,314
2017-09-16T18:00:00-00:00,2017-09-16T19:00:00-00:00,2017-09-16,12,0,TH_ZP26_GEN-APND,TH_ZP26_GEN-APND,TH_ZP26_GEN-APND,DAM,MCC,LMP_CONG_PRC,TH_ZP26_GEN-APND,ALL_APNODES,0,-0.94212,314
2017-09-16T21:00:00-00:00,2017-09-16T22:00:00-00:00,2017-09-16,15,0,TH_ZP26_GEN-APND,TH_ZP26_GEN-APND,TH_ZP26_GEN-APND,DAM,MCC,LMP_CONG_PRC,TH_ZP26_GEN-APND,ALL_APNODES,0,-1.55441,314
2017-09-16T09:00:00-00:00,2017-09-16T10:00:00-00:00,2017-09-16,3,0,TH_ZP26_GEN-APND,TH_ZP26_GEN-APND,TH_ZP26_GEN-APND,DAM,MCC,LMP_CONG_PRC,TH_ZP26_GEN-APND,ALL_APNODES,0,0,314
2017-09-16T11:00:00-00:00,2017-09-16T12:00:00-00:00,2017-09-16,5,0,TH_ZP26_GEN-APND,TH_ZP26_GEN-APND,TH_ZP26_GEN-APND,DAM,MCC,LMP_CONG_PRC,TH_ZP26_GEN-APND,ALL_APNODES,0,0,314
2017-09-17T05:00:00-00:00,2017-09-17T06:00:00-00:00,2017-09-16,23,0,TH_ZP26_GEN-APND,TH_ZP26_GEN-APND,TH_ZP26_GEN-APND,DAM,MCC,LMP_CONG_PRC,TH_ZP26_GEN-APND,ALL_APNODES,0,0,314
2017-09-16T11:00:00-00:00,2017-09-16T12:00:00-00:00,2017-09-16,5,0,TH_ZP26_GEN-APND,TH_ZP26_GEN-APND,TH_ZP26_GEN-APND,DAM,MCE,LMP_ENE_PRC,TH_ZP26_GEN-APND,ALL_APNODES,0,29.84375,315
2017-09-17T02:00:00-00:00,2017-09-17T03:00:00-00:00,2017-09-16,20,0,TH_ZP26_GEN-APND,TH_ZP26_GEN-APND,TH_ZP26_GEN-APND,DAM,MCE,LMP_ENE_PRC,TH_ZP26_GEN-APND,ALL_APNODES,0,61.42029,315
2017-09-16T15:00:00-00:00,2017-09-16T16:00:00-00:00,2017-09-16,9,0,TH_ZP26_GEN-APND,TH_ZP26_GEN-APND,TH_ZP26_GEN-APND,DAM,MCE,LMP_ENE_PRC,TH_ZP26_GEN-APND,ALL_APNODES,0,23.02421,315
2017-09-16T10:00:00-00:00,2017-09-16T11:00:00-00:00,2017-09-16,4,0,TH_ZP26_GEN-APND,TH_ZP26_GEN-APND,TH_ZP26_GEN-APND,DAM,MCE,LMP_ENE_PRC,TH_ZP26_GEN-APND,ALL_APNODES,0,29.51751,315
2017-09-17T01:00:00-00:00,2017-09-17T02:00:00-00:00,2017-09-16,19,0,TH_ZP26_GEN-APND,TH_ZP26_GEN-APND,TH_ZP26_GEN-APND,DAM,MCE,LMP_ENE_PRC,TH_ZP26_GEN-APND,ALL_APNODES,0,52.31492,315
2017-09-16T23:00:00-00:00,2017-09-17T00:00:00-00:00,2017-09-16,17,0,TH_ZP26_GEN-APND,TH_ZP26_GEN-APND,TH_ZP26_GEN-APND,DAM,MCE,LMP_ENE_PRC,TH_ZP26_GEN-APND,ALL_APNODES,0,33.01977,315
2017-09-16T13:00:00-00:00,2017-09-16T14:00:00-00:00,2017-09-16,7,0,TH_ZP26_GEN-APND,TH_ZP26_GEN-APND,TH_ZP26_GEN-APND,DAM,MCE,LMP_ENE_PRC,TH_ZP26_GEN-APND,ALL_APNODES,0,34.98662,315
2017-09-17T06:00:00-00:00,2017-09-17T07:00:00-00:00,2017-09-16,24,0,TH_ZP26_GEN-APND,TH_ZP26_GEN-APND,TH_ZP26_GEN-APND,DAM,MCE,LMP_ENE_PRC,TH_ZP26_GEN-APND,ALL_APNODES,0,30.36516,315
2017-09-16T22:00:00-00:00,2017-09-16T23:00:00-00:00,2017-09-16,16,0,TH_ZP26_GEN-APND,TH_ZP26_GEN-APND,TH_ZP26_GEN-APND,DAM,MCE,LMP_ENE_PRC,TH_ZP26_GEN-APND,ALL_APNODES,0,30.13813,315
2017-09-16T08:00:00-00:00,2017-09-16T09:00:00-00:00,2017-09-16,2,0,TH_ZP26_GEN-APND,TH_ZP26_GEN-APND,TH_ZP26_GEN-APND,DAM,MCE,LMP_ENE_PRC,TH_ZP26_GEN-APND,ALL_APNODES,0,28.91579,315
2017-09-16T17:00:00-00:00,2017-09-16T18:00:00-00:00,2017-09-16,11,0,TH_ZP26_GEN-APND,TH_ZP26_GEN-APND,TH_ZP26_GEN-APND,DAM,MCE,LMP_ENE_PRC,TH_ZP26_GEN-APND,ALL_APNODES,0,18.42182,315
2017-09-17T04:00:00-00:00,2017-09-17T05:00:00-00:00,2017-09-16,22,0,TH_ZP26_GEN-APND,TH_ZP26_GEN-APND,TH_ZP26_GEN-APND,DAM,MCE,LMP_ENE_PRC,TH_ZP26_GEN-APND,ALL_APNODES,0,36.63815,315
2017-09-16T07:00:00-00:00,2017-09-16T08:00:00-00:00,2017-09-16,1,0,TH_ZP26_GEN-APND,TH_ZP26_GEN-APND,TH_ZP26_GEN-APND,DAM,MCE,LMP_ENE_PRC,TH_ZP26_GEN-APND,ALL_APNODES,0,33.37646,315
2017-09-17T05:00:00-00:00,2017-09-17T06:00:00-00:00,2017-09-16,23,0,TH_ZP26_GEN-APND,TH_ZP26_GEN-APND,TH_ZP26_GEN-APND,DAM,MCE,LMP_ENE_PRC,TH_ZP26_GEN-APND,ALL_APNODES,0,34.94098,315
2017-09-16T21:00:00-00:00,2017-09-16T22:00:00-00:00,2017-09-16,15,0,TH_ZP26_GEN-APND,TH_ZP26_GEN-APND,TH_ZP26_GEN-APND,DAM,MCE,LMP_ENE_PRC,TH_ZP26_GEN-APND,ALL_APNODES,0,27.67942,315
2017-09-16T20:00:00-00:00,2017-09-16T21:00:00-00:00,2017-09-16,14,0,TH_ZP26_GEN-APND,TH_ZP26_GEN-APND,TH_ZP26_GEN-APND,DAM,MCE,LMP_ENE_PRC,TH_ZP26_GEN-APND,ALL_APNODES,0,25.20843,315
2017-09-16T19:00:00-00:00,2017-09-16T20:00:00-00:00,2017-09-16,13,0,TH_ZP26_GEN-APND,TH_ZP26_GEN-APND,TH_ZP26_GEN-APND,DAM,MCE,LMP_ENE_PRC,TH_ZP26_GEN-APND,ALL_APNODES,0,21.84134,315
2017-09-16T12:00:00-00:00,2017-09-16T13:00:00-00:00,2017-09-16,6,0,TH_ZP26_GEN-APND,TH_ZP26_GEN-APND,TH_ZP26_GEN-APND,DAM,MCE,LMP_ENE_PRC,TH_ZP26_GEN-APND,ALL_APNODES,0,32.89631,315
2017-09-17T03:00:00-00:00,2017-09-17T04:00:00-00:00,2017-09-16,21,0,TH_ZP26_GEN-APND,TH_ZP26_GEN-APND,TH_ZP26_GEN-APND,DAM,MCE,LMP_ENE_PRC,TH_ZP26_GEN-APND,ALL_APNODES,0,47.41564,315
2017-09-16T09:00:00-00:00,2017-09-16T10:00:00-00:00,2017-09-16,3,0,TH_ZP26_GEN-APND,TH_ZP26_GEN-APND,TH_ZP26_GEN-APND,DAM,MCE,LMP_ENE_PRC,TH_ZP26_GEN-APND,ALL_APNODES,0,29.88422,315
2017-09-16T16:00:00-00:00,2017-09-16T17:00:00-00:00,2017-09-16,10,0,TH_ZP26_GEN-APND,TH_ZP26_GEN-APND,TH_ZP26_GEN-APND,DAM,MCE,LMP_ENE_PRC,TH_ZP26_GEN-APND,ALL_APNODES,0,19.33258,315
2017-09-16T14:00:00-00:00,2017-09-16T15:00:00-00:00,2017-09-16,8,0,TH_ZP26_GEN-APND,TH_ZP26_GEN-APND,TH_ZP26_GEN-APND,DAM,MCE,LMP_ENE_PRC,TH_ZP26_GEN-APND,ALL_APNODES,0,31.67672,315
2017-09-17T00:00:00-00:00,2017-09-17T01:00:00-00:00,2017-09-16,18,0,TH_ZP26_GEN-APND,TH_ZP26_GEN-APND,TH_ZP26_GEN-APND,DAM,MCE,LMP_ENE_PRC,TH_ZP26_GEN-APND,ALL_APNODES,0,41.83273,315
2017-09-16T18:00:00-00:00,2017-09-16T19:00:00-00:00,2017-09-16,12,0,TH_ZP26_GEN-APND,TH_ZP26_GEN-APND,TH_ZP26_GEN-APND,DAM,MCE,LMP_ENE_PRC,TH_ZP26_GEN-APND,ALL_APNODES,0,20.86251,315
2017-09-16T12:00:00-00:00,2017-09-16T13:00:00-00:00,2017-09-16,6,0,TH_ZP26_GEN-APND,TH_ZP26_GEN-APND,TH_ZP26_GEN-APND,DAM,MCL,LMP_LOSS_PRC,TH_ZP26_GEN-APND,ALL_APNODES,0,-0.97044,316
2017-09-16T14:00:00-00:00,2017-09-16T15:00:00-00:00,2017-09-16,8,0,TH_ZP26_GEN-APND,TH_ZP26_GEN-APND,TH_ZP26_GEN-APND,DAM,MCL,LMP_LOSS_PRC,TH_ZP26_GEN-APND,ALL_APNODES,0,-1.04216,316
2017-09-17T05:00:00-00:00,2017-09-17T06:00:00-00:00,2017-09-16,23,0,TH_ZP26_GEN-APND,TH_ZP26_GEN-APND,TH_ZP26_GEN-APND,DAM,MCL,LMP_LOSS_PRC,TH_ZP26_GEN-APND,ALL_APNODES,0,-1.06919,316
2017-09-16T09:00:00-00:00,2017-09-16T10:00:00-00:00,2017-09-16,3,0,TH_ZP26_GEN-APND,TH_ZP26_GEN-APND,TH_ZP26_GEN-APND,DAM,MCL,LMP_LOSS_PRC,TH_ZP26_GEN-APND,ALL_APNODES,0,-0.8517,316
2017-09-16T21:00:00-00:00,2017-09-16T22:00:00-00:00,2017-09-16,15,0,TH_ZP26_GEN-APND,TH_ZP26_GEN-APND,TH_ZP26_GEN-APND,DAM,MCL,LMP_LOSS_PRC,TH_ZP26_GEN-APND,ALL_APNODES,0,-1.35629,316
2017-09-16T23:00:00-00:00,2017-09-17T00:00:00-00:00,2017-09-16,17,0,TH_ZP26_GEN-APND,TH_ZP26_GEN-APND,TH_ZP26_GEN-APND,DAM,MCL,LMP_LOSS_PRC,TH_ZP26_GEN-APND,ALL_APNODES,0,-1.45287,316
2017-09-16T08:00:00-00:00,2017-09-16T09:00:00-00:00,2017-09-16,2,0,TH_ZP26_GEN-APND,TH_ZP26_GEN-APND,TH_ZP26_GEN-APND,DAM,MCL,LMP_LOSS_PRC,TH_ZP26_GEN-APND,ALL_APNODES,0,-0.82699,316
2017-09-16T07:00:00-00:00,2017-09-16T08:00:00-00:00,2017-09-16,1,0,TH_ZP26_GEN-APND,TH_ZP26_GEN-APND,TH_ZP26_GEN-APND,DAM,MCL,LMP_LOSS_PRC,TH_ZP26_GEN-APND,ALL_APNODES,0,-1.01131,316
2017-09-16T19:00:00-00:00,2017-09-16T20:00:00-00:00,2017-09-16,13,0,TH_ZP26_GEN-APND,TH_ZP26_GEN-APND,TH_ZP26_GEN-APND,DAM,MCL,LMP_LOSS_PRC,TH_ZP26_GEN-APND,ALL_APNODES,0,-1.12265,316
2017-09-16T20:00:00-00:00,2017-09-16T21:00:00-00:00,2017-09-16,14,0,TH_ZP26_GEN-APND,TH_ZP26_GEN-APND,TH_ZP26_GEN-APND,DAM,MCL,LMP_LOSS_PRC,TH_ZP26_GEN-APND,ALL_APNODES,0,-1.28059,316
2017-09-16T18:00:00-00:00,2017-09-16T19:00:00-00:00,2017-09-16,12,0,TH_ZP26_GEN-APND,TH_ZP26_GEN-APND,TH_ZP26_GEN-APND,DAM,MCL,LMP_LOSS_PRC,TH_ZP26_GEN-APND,ALL_APNODES,0,-1.0619,316
2017-09-17T03:00:00-00:00,2017-09-17T04:00:00-00:00,2017-09-16,21,0,TH_ZP26_GEN-APND,TH_ZP26_GEN-APND,TH_ZP26_GEN-APND,DAM,MCL,LMP_LOSS_PRC,TH_ZP26_GEN-APND,ALL_APNODES,0,-1.42721,316
2017-09-16T11:00:00-00:00,2017-09-16T12:00:00-00:00,2017-09-16,5,0,TH_ZP26_GEN-APND,TH_ZP26_GEN-APND,TH_ZP26_GEN-APND,DAM,MCL,LMP_LOSS_PRC,TH_ZP26_GEN-APND,ALL_APNODES,0,-0.86248,316
2017-09-16T16:00:00-00:00,2017-09-16T17:00:00-00:00,2017-09-16,10,0,TH_ZP26_GEN-APND,TH_ZP26_GEN-APND,TH_ZP26_GEN-APND,DAM,MCL,LMP_LOSS_PRC,TH_ZP26_GEN-APND,ALL_APNODES,0,-0.92796,316
2017-09-16T15:00:00-00:00,2017-09-16T16:00:00-00:00,2017-09-16,9,0,TH_ZP26_GEN-APND,TH_ZP26_GEN-APND,TH_ZP26_GEN-APND,DAM,MCL,LMP_LOSS_PRC,TH_ZP26_GEN-APND,ALL_APNODES,0,-1.01767,316
2017-09-17T04:00:00-00:00,2017-09-17T05:00:00-00:00,2017-09-16,22,0,TH_ZP26_GEN-APND,TH_ZP26_GEN-APND,TH_ZP26_GEN-APND,DAM,MCL,LMP_LOSS_PRC,TH_ZP26_GEN-APND,ALL_APNODES,0,-1.0735,316
2017-09-17T02:00:00-00:00,2017-09-17T03:00:00-00:00,2017-09-16,20,0,TH_ZP26_GEN-APND,TH_ZP26_GEN-APND,TH_ZP26_GEN-APND,DAM,MCL,LMP_LOSS_PRC,TH_ZP26_GEN-APND,ALL_APNODES,0,-1.8856,316
2017-09-17T01:00:00-00:00,2017-09-17T02:00:00-00:00,2017-09-16,19,0,TH_ZP26_GEN-APND,TH_ZP26_GEN-APND,TH_ZP26_GEN-APND,DAM,MCL,LMP_LOSS_PRC,TH_ZP26_GEN-APND,ALL_APNODES,0,-1.70023,316
2017-09-17T00:00:00-00:00,2017-09-17T01:00:00-00:00,2017-09-16,18,0,TH_ZP26_GEN-APND,TH_ZP26_GEN-APND,TH_ZP26_GEN-APND,DAM,MCL,LMP_LOSS_PRC,TH_ZP26_GEN-APND,ALL_APNODES,0,-1.61056,316
2017-09-16T10:00:00-00:00,2017-09-16T11:00:00-00:00,2017-09-16,4,0,TH_ZP26_GEN-APND,TH_ZP26_GEN-APND,TH_ZP26_GEN-APND,DAM,MCL,LMP_LOSS_PRC,TH_ZP26_GEN-APND,ALL_APNODES,0,-0.8383,316
2017-09-17T06:00:00-00:00,2017-09-17T07:00:00-00:00,2017-09-16,24,0,TH_ZP26_GEN-APND,TH_ZP26_GEN-APND,TH_ZP26_GEN-APND,DAM,MCL,LMP_LOSS_PRC,TH_ZP26_GEN-APND,ALL_APNODES,0,-0.89274,316
2017-09-16T22:00:00-00:00,2017-09-16T23:00:00-00:00,2017-09-16,16,0,TH_ZP26_GEN-APND,TH_ZP26_GEN-APND,TH_ZP26_GEN-APND,DAM,MCL,LMP_LOSS_PRC,TH_ZP26_GEN-APND,ALL_APNODES,0,-1.45266,316
2017-09-16T13:00:00-00:00,2017-09-16T14:00:00-00:00,2017-09-16,7,0,TH_ZP26_GEN-APND,TH_ZP26_GEN-APND,TH_ZP26_GEN-APND,DAM,MCL,LMP_LOSS_PRC,TH_ZP26_GEN-APND,ALL_APNODES,0,-0.96213,316
2017-09-16T17:00:00-00:00,2017-09-16T18:00:00-00:00,2017-09-16,11,0,TH_ZP26_GEN-APND,TH_ZP26_GEN-APND,TH_ZP26_GEN-APND,DAM,MCL,LMP_LOSS_PRC,TH_ZP26_GEN-APND,ALL_APNODES,0,-0.91004,316
2017-09-16T23:00:00-00:00,2017-09-17T00:00:00-00:00,2017-09-16,17,0,URBAN_6_N005,URBAN_6_N005,URBAN_6_N005,DAM,LMP,LMP_PRC,URBAN_6_N005,ALL,1,18.74187,317
2017-09-17T05:00:00-00:00,2017-09-17T06:00:00-00:00,2017-09-16,23,0,URBAN_6_N005,URBAN_6_N005,URBAN_6_N005,DAM,LMP,LMP_PRC,URBAN_6_N005,ALL,1,34.67893,317
2017-09-17T01:00:00-00:00,2017-09-17T02:00:00-00:00,2017-09-16,19,0,URBAN_6_N005,URBAN_6_N005,URBAN_6_N005,DAM,LMP,LMP_PRC,URBAN_6_N005,ALL,1,50.6404,317
2017-09-16T16:00:00-00:00,2017-09-16T17:00:00-00:00,2017-09-16,10,0,URBAN_6_N005,URBAN_6_N005,URBAN_6_N005,DAM,LMP,LMP_PRC,URBAN_6_N005,ALL,1,16.21173,317
2017-09-16T15:00:00-00:00,2017-09-16T16:00:00-00:00,2017-09-16,9,0,URBAN_6_N005,URBAN_6_N005,URBAN_6_N005,DAM,LMP,LMP_PRC,URBAN_6_N005,ALL,1,19.94658,317
2017-09-16T14:00:00-00:00,2017-09-16T15:00:00-00:00,2017-09-16,8,0,URBAN_6_N005,URBAN_6_N005,URBAN_6_N005,DAM,LMP,LMP_PRC,URBAN_6_N005,ALL,1,31.23007,317
2017-09-17T00:00:00-00:00,2017-09-17T01:00:00-00:00,2017-09-16,18,0,URBAN_6_N005,URBAN_6_N005,URBAN_6_N005,DAM,LMP,LMP_PRC,URBAN_6_N005,ALL,1,33.65756,317
2017-09-16T12:00:00-00:00,2017-09-16T13:00:00-00:00,2017-09-16,6,0,URBAN_6_N005,URBAN_6_N005,URBAN_6_N005,DAM,LMP,LMP_PRC,URBAN_6_N005,ALL,1,32.85025,317
2017-09-16T07:00:00-00:00,2017-09-16T08:00:00-00:00,2017-09-16,1,0,URBAN_6_N005,URBAN_6_N005,URBAN_6_N005,DAM,LMP,LMP_PRC,URBAN_6_N005,ALL,1,33.11946,317
2017-09-16T13:00:00-00:00,2017-09-16T14:00:00-00:00,2017-09-16,7,0,URBAN_6_N005,URBAN_6_N005,URBAN_6_N005,DAM,LMP,LMP_PRC,URBAN_6_N005,ALL,1,34.91315,317
2017-09-17T03:00:00-00:00,2017-09-17T04:00:00-00:00,2017-09-16,21,0,URBAN_6_N005,URBAN_6_N005,URBAN_6_N005,DAM,LMP,LMP_PRC,URBAN_6_N005,ALL,1,47.12166,317
2017-09-17T04:00:00-00:00,2017-09-17T05:00:00-00:00,2017-09-16,22,0,URBAN_6_N005,URBAN_6_N005,URBAN_6_N005,DAM,LMP,LMP_PRC,URBAN_6_N005,ALL,1,36.61617,317
2017-09-17T02:00:00-00:00,2017-09-17T03:00:00-00:00,2017-09-16,20,0,URBAN_6_N005,URBAN_6_N005,URBAN_6_N005,DAM,LMP,LMP_PRC,URBAN_6_N005,ALL,1,57.73012,317
2017-09-16T21:00:00-00:00,2017-09-16T22:00:00-00:00,2017-09-16,15,0,URBAN_6_N005,URBAN_6_N005,URBAN_6_N005,DAM,LMP,LMP_PRC,URBAN_6_N005,ALL,1,23.40611,317
2017-09-16T09:00:00-00:00,2017-09-16T10:00:00-00:00,2017-09-16,3,0,URBAN_6_N005,URBAN_6_N005,URBAN_6_N005,DAM,LMP,LMP_PRC,URBAN_6_N005,ALL,1,29.7079,317
2017-09-16T22:00:00-00:00,2017-09-16T23:00:00-00:00,2017-09-16,16,0,URBAN_6_N005,URBAN_6_N005,URBAN_6_N005,DAM,LMP,LMP_PRC,URBAN_6_N005,ALL,1,19.22043,317
2017-09-17T06:00:00-00:00,2017-09-17T07:00:00-00:00,2017-09-16,24,0,URBAN_6_N005,URBAN_6_N005,URBAN_6_N005,DAM,LMP,LMP_PRC,URBAN_6_N005,ALL,1,30.07972,317
2017-09-16T08:00:00-00:00,2017-09-16T09:00:00-00:00,2017-09-16,2,0,URBAN_6_N005,URBAN_6_N005,URBAN_6_N005,DAM,LMP,LMP_PRC,URBAN_6_N005,ALL,1,28.7047,317
2017-09-16T20:00:00-00:00,2017-09-16T21:00:00-00:00,2017-09-16,14,0,URBAN_6_N005,URBAN_6_N005,URBAN_6_N005,DAM,LMP,LMP_PRC,URBAN_6_N005,ALL,1,20.52199,317
2017-09-16T19:00:00-00:00,2017-09-16T20:00:00-00:00,2017-09-16,13,0,URBAN_6_N005,URBAN_6_N005,URBAN_6_N005,DAM,LMP,LMP_PRC,URBAN_6_N005,ALL,1,16.7211,317
2017-09-16T18:00:00-00:00,2017-09-16T19:00:00-00:00,2017-09-16,12,0,URBAN_6_N005,URBAN_6_N005,URBAN_6_N005,DAM,LMP,LMP_PRC,URBAN_6_N005,ALL,1,16.30862,317
2017-09-16T10:00:00-00:00,2017-09-16T11:00:00-00:00,2017-09-16,4,0,URBAN_6_N005,URBAN_6_N005,URBAN_6_N005,DAM,LMP,LMP_PRC,URBAN_6_N005,ALL,1,29.30499,317
2017-09-16T11:00:00-00:00,2017-09-16T12:00:00-00:00,2017-09-16,5,0,URBAN_6_N005,URBAN_6_N005,URBAN_6_N005,DAM,LMP,LMP_PRC,URBAN_6_N005,ALL,1,29.80197,317
2017-09-16T17:00:00-00:00,2017-09-16T18:00:00-00:00,2017-09-16,11,0,URBAN_6_N005,URBAN_6_N005,URBAN_6_N005,DAM,LMP,LMP_PRC,URBAN_6_N005,ALL,1,7.13215,317
2017-09-16T18:00:00-00:00,2017-09-16T19:00:00-00:00,2017-09-16,12,0,URBAN_6_N005,URBAN_6_N005,URBAN_6_N005,DAM,MCC,LMP_CONG_PRC,URBAN_6_N005,ALL,1,-4.19088,318
2017-09-16T21:00:00-00:00,2017-09-16T22:00:00-00:00,2017-09-16,15,0,URBAN_6_N005,URBAN_6_N005,URBAN_6_N005,DAM,MCC,LMP_CONG_PRC,URBAN_6_N005,ALL,1,-3.72526,318
2017-09-17T05:00:00-00:00,2017-09-17T06:00:00-00:00,2017-09-16,23,0,URBAN_6_N005,URBAN_6_N005,URBAN_6_N005,DAM,MCC,LMP_CONG_PRC,URBAN_6_N005,ALL,1,0,318
2017-09-17T01:00:00-00:00,2017-09-17T02:00:00-00:00,2017-09-16,19,0,URBAN_6_N005,URBAN_6_N005,URBAN_6_N005,DAM,MCC,LMP_CONG_PRC,URBAN_6_N005,ALL,1,-0.83748,318
2017-09-17T04:00:00-00:00,2017-09-17T05:00:00-00:00,2017-09-16,22,0,URBAN_6_N005,URBAN_6_N005,URBAN_6_N005,DAM,MCC,LMP_CONG_PRC,URBAN_6_N005,ALL,1,0,318
2017-09-16T22:00:00-00:00,2017-09-16T23:00:00-00:00,2017-09-16,16,0,URBAN_6_N005,URBAN_6_N005,URBAN_6_N005,DAM,MCC,LMP_CONG_PRC,URBAN_6_N005,ALL,1,-10.20645,318
2017-09-16T20:00:00-00:00,2017-09-16T21:00:00-00:00,2017-09-16,14,0,URBAN_6_N005,URBAN_6_N005,URBAN_6_N005,DAM,MCC,LMP_CONG_PRC,URBAN_6_N005,ALL,1,-4.29066,318
2017-09-16T19:00:00-00:00,2017-09-16T20:00:00-00:00,2017-09-16,13,0,URBAN_6_N005,URBAN_6_N005,URBAN_6_N005,DAM,MCC,LMP_CONG_PRC,URBAN_6_N005,ALL,1,-4.75987,318
2017-09-17T02:00:00-00:00,2017-09-17T03:00:00-00:00,2017-09-16,20,0,URBAN_6_N005,URBAN_6_N005,URBAN_6_N005,DAM,MCC,LMP_CONG_PRC,URBAN_6_N005,ALL,1,-2.7443,318
2017-09-16T12:00:00-00:00,2017-09-16T13:00:00-00:00,2017-09-16,6,0,URBAN_6_N005,URBAN_6_N005,URBAN_6_N005,DAM,MCC,LMP_CONG_PRC,URBAN_6_N005,ALL,1,0,318
2017-09-16T17:00:00-00:00,2017-09-16T18:00:00-00:00,2017-09-16,11,0,URBAN_6_N005,URBAN_6_N005,URBAN_6_N005,DAM,MCC,LMP_CONG_PRC,URBAN_6_N005,ALL,1,-10.97097,318
2017-09-16T16:00:00-00:00,2017-09-16T17:00:00-00:00,2017-09-16,10,0,URBAN_6_N005,URBAN_6_N005,URBAN_6_N005,DAM,MCC,LMP_CONG_PRC,URBAN_6_N005,ALL,1,-2.76513,318
2017-09-16T15:00:00-00:00,2017-09-16T16:00:00-00:00,2017-09-16,9,0,URBAN_6_N005,URBAN_6_N005,URBAN_6_N005,DAM,MCC,LMP_CONG_PRC,URBAN_6_N005,ALL,1,-2.67701,318
2017-09-16T10:00:00-00:00,2017-09-16T11:00:00-00:00,2017-09-16,4,0,URBAN_6_N005,URBAN_6_N005,URBAN_6_N005,DAM,MCC,LMP_CONG_PRC,URBAN_6_N005,ALL,1,0,318
2017-09-16T09:00:00-00:00,2017-09-16T10:00:00-00:00,2017-09-16,3,0,URBAN_6_N005,URBAN_6_N005,URBAN_6_N005,DAM,MCC,LMP_CONG_PRC,URBAN_6_N005,ALL,1,0,318
2017-09-16T07:00:00-00:00,2017-09-16T08:00:00-00:00,2017-09-16,1,0,URBAN_6_N005,URBAN_6_N005,URBAN_6_N005,DAM,MCC,LMP_CONG_PRC,URBAN_6_N005,ALL,1,0,318
2017-09-16T14:00:00-00:00,2017-09-16T15:00:00-00:00,2017-09-16,8,0,URBAN_6_N005,URBAN_6_N005,URBAN_6_N005,DAM,MCC,LMP_CONG_PRC,URBAN_6_N005,ALL,1,0,318
2017-09-17T03:00:00-00:00,2017-09-17T04:00:00-00:00,2017-09-16,21,0,URBAN_6_N005,URBAN_6_N005,URBAN_6_N005,DAM,MCC,LMP_CONG_PRC,URBAN_6_N005,ALL,1,0,318
2017-09-17T00:00:00-00:00,2017-09-17T01:00:00-00:00,2017-09-16,18,0,URBAN_6_N005,URBAN_6_N005,URBAN_6_N005,DAM,MCC,LMP_CONG_PRC,URBAN_6_N005,ALL,1,-7.78613,318
2017-09-16T11:00:00-00:00,2017-09-16T12:00:00-00:00,2017-09-16,5,0,URBAN_6_N005,URBAN_6_N005,URBAN_6_N005,DAM,MCC,LMP_CONG_PRC,URBAN_6_N005,ALL,1,0,318
2017-09-16T08:00:00-00:00,2017-09-16T09:00:00-00:00,2017-09-16,2,0,URBAN_6_N005,URBAN_6_N005,URBAN_6_N005,DAM,MCC,LMP_CONG_PRC,URBAN_6_N005,ALL,1,0,318
2017-09-16T23:00:00-00:00,2017-09-17T00:00:00-00:00,2017-09-16,17,0,URBAN_6_N005,URBAN_6_N005,URBAN_6_N005,DAM,MCC,LMP_CONG_PRC,URBAN_6_N005,ALL,1,-13.75949,318
2017-09-16T13:00:00-00:00,2017-09-16T14:00:00-00:00,2017-09-16,7,0,URBAN_6_N005,URBAN_6_N005,URBAN_6_N005,DAM,MCC,LMP_CONG_PRC,URBAN_6_N005,ALL,1,0,318
2017-09-17T06:00:00-00:00,2017-09-17T07:00:00-00:00,2017-09-16,24,0,URBAN_6_N005,URBAN_6_N005,URBAN_6_N005,DAM,MCC,LMP_CONG_PRC,URBAN_6_N005,ALL,1,0,318
2017-09-16T19:00:00-00:00,2017-09-16T20:00:00-00:00,2017-09-16,13,0,URBAN_6_N005,URBAN_6_N005,URBAN_6_N005,DAM,MCE,LMP_ENE_PRC,URBAN_6_N005,ALL,1,21.84134,319
2017-09-16T21:00:00-00:00,2017-09-16T22:00:00-00:00,2017-09-16,15,0,URBAN_6_N005,URBAN_6_N005,URBAN_6_N005,DAM,MCE,LMP_ENE_PRC,URBAN_6_N005,ALL,1,27.67942,319
2017-09-16T09:00:00-00:00,2017-09-16T10:00:00-00:00,2017-09-16,3,0,URBAN_6_N005,URBAN_6_N005,URBAN_6_N005,DAM,MCE,LMP_ENE_PRC,URBAN_6_N005,ALL,1,29.88422,319
2017-09-17T05:00:00-00:00,2017-09-17T06:00:00-00:00,2017-09-16,23,0,URBAN_6_N005,URBAN_6_N005,URBAN_6_N005,DAM,MCE,LMP_ENE_PRC,URBAN_6_N005,ALL,1,34.94098,319
2017-09-16T16:00:00-00:00,2017-09-16T17:00:00-00:00,2017-09-16,10,0,URBAN_6_N005,URBAN_6_N005,URBAN_6_N005,DAM,MCE,LMP_ENE_PRC,URBAN_6_N005,ALL,1,19.33258,319
2017-09-16T08:00:00-00:00,2017-09-16T09:00:00-00:00,2017-09-16,2,0,URBAN_6_N005,URBAN_6_N005,URBAN_6_N005,DAM,MCE,LMP_ENE_PRC,URBAN_6_N005,ALL,1,28.91579,319
2017-09-17T01:00:00-00:00,2017-09-17T02:00:00-00:00,2017-09-16,19,0,URBAN_6_N005,URBAN_6_N005,URBAN_6_N005,DAM,MCE,LMP_ENE_PRC,URBAN_6_N005,ALL,1,52.31492,319
2017-09-17T06:00:00-00:00,2017-09-17T07:00:00-00:00,2017-09-16,24,0,URBAN_6_N005,URBAN_6_N005,URBAN_6_N005,DAM,MCE,LMP_ENE_PRC,URBAN_6_N005,ALL,1,30.36516,319
2017-09-16T20:00:00-00:00,2017-09-16T21:00:00-00:00,2017-09-16,14,0,URBAN_6_N005,URBAN_6_N005,URBAN_6_N005,DAM,MCE,LMP_ENE_PRC,URBAN_6_N005,ALL,1,25.20843,319
2017-09-17T02:00:00-00:00,2017-09-17T03:00:00-00:00,2017-09-16,20,0,URBAN_6_N005,URBAN_6_N005,URBAN_6_N005,DAM,MCE,LMP_ENE_PRC,URBAN_6_N005,ALL,1,61.42029,319
2017-09-17T04:00:00-00:00,2017-09-17T05:00:00-00:00,2017-09-16,22,0,URBAN_6_N005,URBAN_6_N005,URBAN_6_N005,DAM,MCE,LMP_ENE_PRC,URBAN_6_N005,ALL,1,36.63815,319
2017-09-16T13:00:00-00:00,2017-09-16T14:00:00-00:00,2017-09-16,7,0,URBAN_6_N005,URBAN_6_N005,URBAN_6_N005,DAM,MCE,LMP_ENE_PRC,URBAN_6_N005,ALL,1,34.98662,319
2017-09-16T17:00:00-00:00,2017-09-16T18:00:00-00:00,2017-09-16,11,0,URBAN_6_N005,URBAN_6_N005,URBAN_6_N005,DAM,MCE,LMP_ENE_PRC,URBAN_6_N005,ALL,1,18.42182,319
2017-09-16T22:00:00-00:00,2017-09-16T23:00:00-00:00,2017-09-16,16,0,URBAN_6_N005,URBAN_6_N005,URBAN_6_N005,DAM,MCE,LMP_ENE_PRC,URBAN_6_N005,ALL,1,30.13813,319
2017-09-16T23:00:00-00:00,2017-09-17T00:00:00-00:00,2017-09-16,17,0,URBAN_6_N005,URBAN_6_N005,URBAN_6_N005,DAM,MCE,LMP_ENE_PRC,URBAN_6_N005,ALL,1,33.01977,319
2017-09-16T18:00:00-00:00,2017-09-16T19:00:00-00:00,2017-09-16,12,0,URBAN_6_N005,URBAN_6_N005,URBAN_6_N005,DAM,MCE,LMP_ENE_PRC,URBAN_6_N005,ALL,1,20.86251,319
2017-09-16T07:00:00-00:00,2017-09-16T08:00:00-00:00,2017-09-16,1,0,URBAN_6_N005,URBAN_6_N005,URBAN_6_N005,DAM,MCE,LMP_ENE_PRC,URBAN_6_N005,ALL,1,33.37646,319
2017-09-17T00:00:00-00:00,2017-09-17T01:00:00-00:00,2017-09-16,18,0,URBAN_6_N005,URBAN_6_N005,URBAN_6_N005,DAM,MCE,LMP_ENE_PRC,URBAN_6_N005,ALL,1,41.83273,319
2017-09-17T03:00:00-00:00,2017-09-17T04:00:00-00:00,2017-09-16,21,0,URBAN_6_N005,URBAN_6_N005,URBAN_6_N005,DAM,MCE,LMP_ENE_PRC,URBAN_6_N005,ALL,1,47.41564,319
2017-09-16T14:00:00-00:00,2017-09-16T15:00:00-00:00,2017-09-16,8,0,URBAN_6_N005,URBAN_6_N005,URBAN_6_N005,DAM,MCE,LMP_ENE_PRC,URBAN_6_N005,ALL,1,31.67672,319
2017-09-16T15:00:00-00:00,2017-09-16T16:00:00-00:00,2017-09-16,9,0,URBAN_6_N005,URBAN_6_N005,URBAN_6_N005,DAM,MCE,LMP_ENE_PRC,URBAN_6_N005,ALL,1,23.02421,319
2017-09-16T10:00:00-00:00,2017-09-16T11:00:00-00:00,2017-09-16,4,0,URBAN_6_N005,URBAN_6_N005,URBAN_6_N005,DAM,MCE,LMP_ENE_PRC,URBAN_6_N005,ALL,1,29.51751,319
2017-09-16T11:00:00-00:00,2017-09-16T12:00:00-00:00,2017-09-16,5,0,URBAN_6_N005,URBAN_6_N005,URBAN_6_N005,DAM,MCE,LMP_ENE_PRC,URBAN_6_N005,ALL,1,29.84375,319
2017-09-16T12:00:00-00:00,2017-09-16T13:00:00-00:00,2017-09-16,6,0,URBAN_6_N005,URBAN_6_N005,URBAN_6_N005,DAM,MCE,LMP_ENE_PRC,URBAN_6_N005,ALL,1,32.89631,319
2017-09-16T21:00:00-00:00,2017-09-16T22:00:00-00:00,2017-09-16,15,0,URBAN_6_N005,URBAN_6_N005,URBAN_6_N005,DAM,MCL,LMP_LOSS_PRC,URBAN_6_N005,ALL,1,-0.54805,320
2017-09-16T17:00:00-00:00,2017-09-16T18:00:00-00:00,2017-09-16,11,0,URBAN_6_N005,URBAN_6_N005,URBAN_6_N005,DAM,MCL,LMP_LOSS_PRC,URBAN_6_N005,ALL,1,-0.3187,320
2017-09-16T19:00:00-00:00,2017-09-16T20:00:00-00:00,2017-09-16,13,0,URBAN_6_N005,URBAN_6_N005,URBAN_6_N005,DAM,MCL,LMP_LOSS_PRC,URBAN_6_N005,ALL,1,-0.36038,320
2017-09-17T02:00:00-00:00,2017-09-17T03:00:00-00:00,2017-09-16,20,0,URBAN_6_N005,URBAN_6_N005,URBAN_6_N005,DAM,MCL,LMP_LOSS_PRC,URBAN_6_N005,ALL,1,-0.94587,320
2017-09-17T04:00:00-00:00,2017-09-17T05:00:00-00:00,2017-09-16,22,0,URBAN_6_N005,URBAN_6_N005,URBAN_6_N005,DAM,MCL,LMP_LOSS_PRC,URBAN_6_N005,ALL,1,-0.02198,320
2017-09-17T06:00:00-00:00,2017-09-17T07:00:00-00:00,2017-09-16,24,0,URBAN_6_N005,URBAN_6_N005,URBAN_6_N005,DAM,MCL,LMP_LOSS_PRC,URBAN_6_N005,ALL,1,-0.28543,320
2017-09-16T15:00:00-00:00,2017-09-16T16:00:00-00:00,2017-09-16,9,0,URBAN_6_N005,URBAN_6_N005,URBAN_6_N005,DAM,MCL,LMP_LOSS_PRC,URBAN_6_N005,ALL,1,-0.40062,320
2017-09-16T23:00:00-00:00,2017-09-17T00:00:00-00:00,2017-09-16,17,0,URBAN_6_N005,URBAN_6_N005,URBAN_6_N005,DAM,MCL,LMP_LOSS_PRC,URBAN_6_N005,ALL,1,-0.51841,320
2017-09-16T07:00:00-00:00,2017-09-16T08:00:00-00:00,2017-09-16,1,0,URBAN_6_N005,URBAN_6_N005,URBAN_6_N005,DAM,MCL,LMP_LOSS_PRC,URBAN_6_N005,ALL,1,-0.257,320
2017-09-17T01:00:00-00:00,2017-09-17T02:00:00-00:00,2017-09-16,19,0,URBAN_6_N005,URBAN_6_N005,URBAN_6_N005,DAM,MCL,LMP_LOSS_PRC,URBAN_6_N005,ALL,1,-0.83704,320
2017-09-16T22:00:00-00:00,2017-09-16T23:00:00-00:00,2017-09-16,16,0,URBAN_6_N005,URBAN_6_N005,URBAN_6_N005,DAM,MCL,LMP_LOSS_PRC,URBAN_6_N005,ALL,1,-0.71126,320
2017-09-16T09:00:00-00:00,2017-09-16T10:00:00-00:00,2017-09-16,3,0,URBAN_6_N005,URBAN_6_N005,URBAN_6_N005,DAM,MCL,LMP_LOSS_PRC,URBAN_6_N005,ALL,1,-0.17632,320
2017-09-17T00:00:00-00:00,2017-09-17T01:00:00-00:00,2017-09-16,18,0,URBAN_6_N005,URBAN_6_N005,URBAN_6_N005,DAM,MCL,LMP_LOSS_PRC,URBAN_6_N005,ALL,1,-0.38904,320
2017-09-17T05:00:00-00:00,2017-09-17T06:00:00-00:00,2017-09-16,23,0,URBAN_6_N005,URBAN_6_N005,URBAN_6_N005,DAM,MCL,LMP_LOSS_PRC,URBAN_6_N005,ALL,1,-0.26206,320
2017-09-16T14:00:00-00:00,2017-09-16T15:00:00-00:00,2017-09-16,8,0,URBAN_6_N005,URBAN_6_N005,URBAN_6_N005,DAM,MCL,LMP_LOSS_PRC,URBAN_6_N005,ALL,1,-0.44664,320
2017-09-16T16:00:00-00:00,2017-09-16T17:00:00-00:00,2017-09-16,10,0,URBAN_6_N005,URBAN_6_N005,URBAN_6_N005,DAM,MCL,LMP_LOSS_PRC,URBAN_6_N005,ALL,1,-0.35572,320
2017-09-17T03:00:00-00:00,2017-09-17T04:00:00-00:00,2017-09-16,21,0,URBAN_6_N005,URBAN_6_N005,URBAN_6_N005,DAM,MCL,LMP_LOSS_PRC,URBAN_6_N005,ALL,1,-0.29398,320
2017-09-16T13:00:00-00:00,2017-09-16T14:00:00-00:00,2017-09-16,7,0,URBAN_6_N005,URBAN_6_N005,URBAN_6_N005,DAM,MCL,LMP_LOSS_PRC,URBAN_6_N005,ALL,1,-0.07347,320
2017-09-16T08:00:00-00:00,2017-09-16T09:00:00-00:00,2017-09-16,2,0,URBAN_6_N005,URBAN_6_N005,URBAN_6_N005,DAM,MCL,LMP_LOSS_PRC,URBAN_6_N005,ALL,1,-0.21109,320
2017-09-16T11:00:00-00:00,2017-09-16T12:00:00-00:00,2017-09-16,5,0,URBAN_6_N005,URBAN_6_N005,URBAN_6_N005,DAM,MCL,LMP_LOSS_PRC,URBAN_6_N005,ALL,1,-0.04178,320
2017-09-16T20:00:00-00:00,2017-09-16T21:00:00-00:00,2017-09-16,14,0,URBAN_6_N005,URBAN_6_N005,URBAN_6_N005,DAM,MCL,LMP_LOSS_PRC,URBAN_6_N005,ALL,1,-0.39577,320
2017-09-16T10:00:00-00:00,2017-09-16T11:00:00-00:00,2017-09-16,4,0,URBAN_6_N005,URBAN_6_N005,URBAN_6_N005,DAM,MCL,LMP_LOSS_PRC,URBAN_6_N005,ALL,1,-0.21253,320
2017-09-16T12:00:00-00:00,2017-09-16T13:00:00-00:00,2017-09-16,6,0,URBAN_6_N005,URBAN_6_N005,URBAN_6_N005,DAM,MCL,LMP_LOSS_PRC,URBAN_6_N005,ALL,1,-0.04605,320
2017-09-16T18:00:00-00:00,2017-09-16T19:00:00-00:00,2017-09-16,12,0,URBAN_6_N005,URBAN_6_N005,URBAN_6_N005,DAM,MCL,LMP_LOSS_PRC,URBAN_6_N005,ALL,1,-0.36301,320
2017-09-18T04:00:00-00:00,2017-09-18T05:00:00-00:00,2017-09-17,22,0,BAYSHOR2_1_N001,BAYSHOR2_1_N001,BAYSHOR2_1_N001,DAM,LMP,LMP_PRC,BAYSHOR2_1_N001,ALL,1,37.2749,321
2017-09-17T09:00:00-00:00,2017-09-17T10:00:00-00:00,2017-09-17,3,0,BAYSHOR2_1_N001,BAYSHOR2_1_N001,BAYSHOR2_1_N001,DAM,LMP,LMP_PRC,BAYSHOR2_1_N001,ALL,1,31.17264,321
2017-09-17T12:00:00-00:00,2017-09-17T13:00:00-00:00,2017-09-17,6,0,BAYSHOR2_1_N001,BAYSHOR2_1_N001,BAYSHOR2_1_N001,DAM,LMP,LMP_PRC,BAYSHOR2_1_N001,ALL,1,29.97484,321
2017-09-18T02:00:00-00:00,2017-09-18T03:00:00-00:00,2017-09-17,20,0,BAYSHOR2_1_N001,BAYSHOR2_1_N001,BAYSHOR2_1_N001,DAM,LMP,LMP_PRC,BAYSHOR2_1_N001,ALL,1,57.29938,321
2017-09-17T21:00:00-00:00,2017-09-17T22:00:00-00:00,2017-09-17,15,0,BAYSHOR2_1_N001,BAYSHOR2_1_N001,BAYSHOR2_1_N001,DAM,LMP,LMP_PRC,BAYSHOR2_1_N001,ALL,1,21.64494,321
2017-09-17T08:00:00-00:00,2017-09-17T09:00:00-00:00,2017-09-17,2,0,BAYSHOR2_1_N001,BAYSHOR2_1_N001,BAYSHOR2_1_N001,DAM,LMP,LMP_PRC,BAYSHOR2_1_N001,ALL,1,28.52914,321
2017-09-17T10:00:00-00:00,2017-09-17T11:00:00-00:00,2017-09-17,4,0,BAYSHOR2_1_N001,BAYSHOR2_1_N001,BAYSHOR2_1_N001,DAM,LMP,LMP_PRC,BAYSHOR2_1_N001,ALL,1,30.0859,321
2017-09-18T03:00:00-00:00,2017-09-18T04:00:00-00:00,2017-09-17,21,0,BAYSHOR2_1_N001,BAYSHOR2_1_N001,BAYSHOR2_1_N001,DAM,LMP,LMP_PRC,BAYSHOR2_1_N001,ALL,1,49.06422,321
2017-09-17T23:00:00-00:00,2017-09-18T00:00:00-00:00,2017-09-17,17,0,BAYSHOR2_1_N001,BAYSHOR2_1_N001,BAYSHOR2_1_N001,DAM,LMP,LMP_PRC,BAYSHOR2_1_N001,ALL,1,29.25639,321
2017-09-17T13:00:00-00:00,2017-09-17T14:00:00-00:00,2017-09-17,7,0,BAYSHOR2_1_N001,BAYSHOR2_1_N001,BAYSHOR2_1_N001,DAM,LMP,LMP_PRC,BAYSHOR2_1_N001,ALL,1,30.59519,321
2017-09-18T01:00:00-00:00,2017-09-18T02:00:00-00:00,2017-09-17,19,0,BAYSHOR2_1_N001,BAYSHOR2_1_N001,BAYSHOR2_1_N001,DAM,LMP,LMP_PRC,BAYSHOR2_1_N001,ALL,1,52.72445,321
2017-09-17T17:00:00-00:00,2017-09-17T18:00:00-00:00,2017-09-17,11,0,BAYSHOR2_1_N001,BAYSHOR2_1_N001,BAYSHOR2_1_N001,DAM,LMP,LMP_PRC,BAYSHOR2_1_N001,ALL,1,14.90566,321
2017-09-17T20:00:00-00:00,2017-09-17T21:00:00-00:00,2017-09-17,14,0,BAYSHOR2_1_N001,BAYSHOR2_1_N001,BAYSHOR2_1_N001,DAM,LMP,LMP_PRC,BAYSHOR2_1_N001,ALL,1,20.05951,321
2017-09-18T06:00:00-00:00,2017-09-18T07:00:00-00:00,2017-09-17,24,0,BAYSHOR2_1_N001,BAYSHOR2_1_N001,BAYSHOR2_1_N001,DAM,LMP,LMP_PRC,BAYSHOR2_1_N001,ALL,1,31.33887,321
2017-09-17T15:00:00-00:00,2017-09-17T16:00:00-00:00,2017-09-17,9,0,BAYSHOR2_1_N001,BAYSHOR2_1_N001,BAYSHOR2_1_N001,DAM,LMP,LMP_PRC,BAYSHOR2_1_N001,ALL,1,19.67043,321
2017-09-17T11:00:00-00:00,2017-09-17T12:00:00-00:00,2017-09-17,5,0,BAYSHOR2_1_N001,BAYSHOR2_1_N001,BAYSHOR2_1_N001,DAM,LMP,LMP_PRC,BAYSHOR2_1_N001,ALL,1,28.9442,321
2017-09-17T14:00:00-00:00,2017-09-17T15:00:00-00:00,2017-09-17,8,0,BAYSHOR2_1_N001,BAYSHOR2_1_N001,BAYSHOR2_1_N001,DAM,LMP,LMP_PRC,BAYSHOR2_1_N001,ALL,1,27.17198,321
2017-09-18T05:00:00-00:00,2017-09-18T06:00:00-00:00,2017-09-17,23,0,BAYSHOR2_1_N001,BAYSHOR2_1_N001,BAYSHOR2_1_N001,DAM,LMP,LMP_PRC,BAYSHOR2_1_N001,ALL,1,33.54684,321
2017-09-18T00:00:00-00:00,2017-09-18T01:00:00-00:00,2017-09-17,18,0,BAYSHOR2_1_N001,BAYSHOR2_1_N001,BAYSHOR2_1_N001,DAM,LMP,LMP_PRC,BAYSHOR2_1_N001,ALL,1,38.54403,321
2017-09-17T07:00:00-00:00,2017-09-17T08:00:00-00:00,2017-09-17,1,0,BAYSHOR2_1_N001,BAYSHOR2_1_N001,BAYSHOR2_1_N001,DAM,LMP,LMP_PRC,BAYSHOR2_1_N001,ALL,1,30.11735,321
2017-09-17T16:00:00-00:00,2017-09-17T17:00:00-00:00,2017-09-17,10,0,BAYSHOR2_1_N001,BAYSHOR2_1_N001,BAYSHOR2_1_N001,DAM,LMP,LMP_PRC,BAYSHOR2_1_N001,ALL,1,15.80655,321
2017-09-17T18:00:00-00:00,2017-09-17T19:00:00-00:00,2017-09-17,12,0,BAYSHOR2_1_N001,BAYSHOR2_1_N001,BAYSHOR2_1_N001,DAM,LMP,LMP_PRC,BAYSHOR2_1_N001,ALL,1,16.93093,321
2017-09-17T22:00:00-00:00,2017-09-17T23:00:00-00:00,2017-09-17,16,0,BAYSHOR2_1_N001,BAYSHOR2_1_N001,BAYSHOR2_1_N001,DAM,LMP,LMP_PRC,BAYSHOR2_1_N001,ALL,1,27.52104,321
2017-09-17T19:00:00-00:00,2017-09-17T20:00:00-00:00,2017-09-17,13,0,BAYSHOR2_1_N001,BAYSHOR2_1_N001,BAYSHOR2_1_N001,DAM,LMP,LMP_PRC,BAYSHOR2_1_N001,ALL,1,19.3433,321
2017-09-18T05:00:00-00:00,2017-09-18T06:00:00-00:00,2017-09-17,23,0,BAYSHOR2_1_N001,BAYSHOR2_1_N001,BAYSHOR2_1_N001,DAM,MCC,LMP_CONG_PRC,BAYSHOR2_1_N001,ALL,1,0,322
2017-09-17T16:00:00-00:00,2017-09-17T17:00:00-00:00,2017-09-17,10,0,BAYSHOR2_1_N001,BAYSHOR2_1_N001,BAYSHOR2_1_N001,DAM,MCC,LMP_CONG_PRC,BAYSHOR2_1_N001,ALL,1,-0.05773,322
2017-09-17T20:00:00-00:00,2017-09-17T21:00:00-00:00,2017-09-17,14,0,BAYSHOR2_1_N001,BAYSHOR2_1_N001,BAYSHOR2_1_N001,DAM,MCC,LMP_CONG_PRC,BAYSHOR2_1_N001,ALL,1,0,322
2017-09-17T12:00:00-00:00,2017-09-17T13:00:00-00:00,2017-09-17,6,0,BAYSHOR2_1_N001,BAYSHOR2_1_N001,BAYSHOR2_1_N001,DAM,MCC,LMP_CONG_PRC,BAYSHOR2_1_N001,ALL,1,0,322
2017-09-17T21:00:00-00:00,2017-09-17T22:00:00-00:00,2017-09-17,15,0,BAYSHOR2_1_N001,BAYSHOR2_1_N001,BAYSHOR2_1_N001,DAM,MCC,LMP_CONG_PRC,BAYSHOR2_1_N001,ALL,1,0,322
2017-09-17T19:00:00-00:00,2017-09-17T20:00:00-00:00,2017-09-17,13,0,BAYSHOR2_1_N001,BAYSHOR2_1_N001,BAYSHOR2_1_N001,DAM,MCC,LMP_CONG_PRC,BAYSHOR2_1_N001,ALL,1,0,322
2017-09-17T14:00:00-00:00,2017-09-17T15:00:00-00:00,2017-09-17,8,0,BAYSHOR2_1_N001,BAYSHOR2_1_N001,BAYSHOR2_1_N001,DAM,MCC,LMP_CONG_PRC,BAYSHOR2_1_N001,ALL,1,0,322
2017-09-17T10:00:00-00:00,2017-09-17T11:00:00-00:00,2017-09-17,4,0,BAYSHOR2_1_N001,BAYSHOR2_1_N001,BAYSHOR2_1_N001,DAM,MCC,LMP_CONG_PRC,BAYSHOR2_1_N001,ALL,1,0,322
2017-09-17T08:00:00-00:00,2017-09-17T09:00:00-00:00,2017-09-17,2,0,BAYSHOR2_1_N001,BAYSHOR2_1_N001,BAYSHOR2_1_N001,DAM,MCC,LMP_CONG_PRC,BAYSHOR2_1_N001,ALL,1,0,322
2017-09-17T07:00:00-00:00,2017-09-17T08:00:00-00:00,2017-09-17,1,0,BAYSHOR2_1_N001,BAYSHOR2_1_N001,BAYSHOR2_1_N001,DAM,MCC,LMP_CONG_PRC,BAYSHOR2_1_N001,ALL,1,0,322
2017-09-18T03:00:00-00:00,2017-09-18T04:00:00-00:00,2017-09-17,21,0,BAYSHOR2_1_N001,BAYSHOR2_1_N001,BAYSHOR2_1_N001,DAM,MCC,LMP_CONG_PRC,BAYSHOR2_1_N001,ALL,1,0,322
2017-09-18T04:00:00-00:00,2017-09-18T05:00:00-00:00,2017-09-17,22,0,BAYSHOR2_1_N001,BAYSHOR2_1_N001,BAYSHOR2_1_N001,DAM,MCC,LMP_CONG_PRC,BAYSHOR2_1_N001,ALL,1,0,322
2017-09-18T01:00:00-00:00,2017-09-18T02:00:00-00:00,2017-09-17,19,0,BAYSHOR2_1_N001,BAYSHOR2_1_N001,BAYSHOR2_1_N001,DAM,MCC,LMP_CONG_PRC,BAYSHOR2_1_N001,ALL,1,0,322
2017-09-17T15:00:00-00:00,2017-09-17T16:00:00-00:00,2017-09-17,9,0,BAYSHOR2_1_N001,BAYSHOR2_1_N001,BAYSHOR2_1_N001,DAM,MCC,LMP_CONG_PRC,BAYSHOR2_1_N001,ALL,1,0,322
2017-09-18T06:00:00-00:00,2017-09-18T07:00:00-00:00,2017-09-17,24,0,BAYSHOR2_1_N001,BAYSHOR2_1_N001,BAYSHOR2_1_N001,DAM,MCC,LMP_CONG_PRC,BAYSHOR2_1_N001,ALL,1,0,322
2017-09-18T02:00:00-00:00,2017-09-18T03:00:00-00:00,2017-09-17,20,0,BAYSHOR2_1_N001,BAYSHOR2_1_N001,BAYSHOR2_1_N001,DAM,MCC,LMP_CONG_PRC,BAYSHOR2_1_N001,ALL,1,0,322
2017-09-17T13:00:00-00:00,2017-09-17T14:00:00-00:00,2017-09-17,7,0,BAYSHOR2_1_N001,BAYSHOR2_1_N001,BAYSHOR2_1_N001,DAM,MCC,LMP_CONG_PRC,BAYSHOR2_1_N001,ALL,1,0,322
2017-09-18T00:00:00-00:00,2017-09-18T01:00:00-00:00,2017-09-17,18,0,BAYSHOR2_1_N001,BAYSHOR2_1_N001,BAYSHOR2_1_N001,DAM,MCC,LMP_CONG_PRC,BAYSHOR2_1_N001,ALL,1,0,322
2017-09-17T11:00:00-00:00,2017-09-17T12:00:00-00:00,2017-09-17,5,0,BAYSHOR2_1_N001,BAYSHOR2_1_N001,BAYSHOR2_1_N001,DAM,MCC,LMP_CONG_PRC,BAYSHOR2_1_N001,ALL,1,0,322
2017-09-17T09:00:00-00:00,2017-09-17T10:00:00-00:00,2017-09-17,3,0,BAYSHOR2_1_N001,BAYSHOR2_1_N001,BAYSHOR2_1_N001,DAM,MCC,LMP_CONG_PRC,BAYSHOR2_1_N001,ALL,1,0,322
2017-09-17T23:00:00-00:00,2017-09-18T00:00:00-00:00,2017-09-17,17,0,BAYSHOR2_1_N001,BAYSHOR2_1_N001,BAYSHOR2_1_N001,DAM,MCC,LMP_CONG_PRC,BAYSHOR2_1_N001,ALL,1,0,322
2017-09-17T22:00:00-00:00,2017-09-17T23:00:00-00:00,2017-09-17,16,0,BAYSHOR2_1_N001,BAYSHOR2_1_N001,BAYSHOR2_1_N001,DAM,MCC,LMP_CONG_PRC,BAYSHOR2_1_N001,ALL,1,0,322
2017-09-17T18:00:00-00:00,2017-09-17T19:00:00-00:00,2017-09-17,12,0,BAYSHOR2_1_N001,BAYSHOR2_1_N001,BAYSHOR2_1_N001,DAM,MCC,LMP_CONG_PRC,BAYSHOR2_1_N001,ALL,1,0,322
2017-09-17T17:00:00-00:00,2017-09-17T18:00:00-00:00,2017-09-17,11,0,BAYSHOR2_1_N001,BAYSHOR2_1_N001,BAYSHOR2_1_N001,DAM,MCC,LMP_CONG_PRC,BAYSHOR2_1_N001,ALL,1,0,322
2017-09-18T01:00:00-00:00,2017-09-18T02:00:00-00:00,2017-09-17,19,0,BAYSHOR2_1_N001,BAYSHOR2_1_N001,BAYSHOR2_1_N001,DAM,MCE,LMP_ENE_PRC,BAYSHOR2_1_N001,ALL,1,51.01049,323
2017-09-17T21:00:00-00:00,2017-09-17T22:00:00-00:00,2017-09-17,15,0,BAYSHOR2_1_N001,BAYSHOR2_1_N001,BAYSHOR2_1_N001,DAM,MCE,LMP_ENE_PRC,BAYSHOR2_1_N001,ALL,1,20.69108,323
2017-09-17T20:00:00-00:00,2017-09-17T21:00:00-00:00,2017-09-17,14,0,BAYSHOR2_1_N001,BAYSHOR2_1_N001,BAYSHOR2_1_N001,DAM,MCE,LMP_ENE_PRC,BAYSHOR2_1_N001,ALL,1,19.26576,323
2017-09-17T15:00:00-00:00,2017-09-17T16:00:00-00:00,2017-09-17,9,0,BAYSHOR2_1_N001,BAYSHOR2_1_N001,BAYSHOR2_1_N001,DAM,MCE,LMP_ENE_PRC,BAYSHOR2_1_N001,ALL,1,18.89207,323
2017-09-18T05:00:00-00:00,2017-09-18T06:00:00-00:00,2017-09-17,23,0,BAYSHOR2_1_N001,BAYSHOR2_1_N001,BAYSHOR2_1_N001,DAM,MCE,LMP_ENE_PRC,BAYSHOR2_1_N001,ALL,1,32.46887,323
2017-09-17T17:00:00-00:00,2017-09-17T18:00:00-00:00,2017-09-17,11,0,BAYSHOR2_1_N001,BAYSHOR2_1_N001,BAYSHOR2_1_N001,DAM,MCE,LMP_ENE_PRC,BAYSHOR2_1_N001,ALL,1,14.21753,323
2017-09-17T22:00:00-00:00,2017-09-17T23:00:00-00:00,2017-09-17,16,0,BAYSHOR2_1_N001,BAYSHOR2_1_N001,BAYSHOR2_1_N001,DAM,MCE,LMP_ENE_PRC,BAYSHOR2_1_N001,ALL,1,26.36115,323
2017-09-17T08:00:00-00:00,2017-09-17T09:00:00-00:00,2017-09-17,2,0,BAYSHOR2_1_N001,BAYSHOR2_1_N001,BAYSHOR2_1_N001,DAM,MCE,LMP_ENE_PRC,BAYSHOR2_1_N001,ALL,1,27.67938,323
2017-09-17T07:00:00-00:00,2017-09-17T08:00:00-00:00,2017-09-17,1,0,BAYSHOR2_1_N001,BAYSHOR2_1_N001,BAYSHOR2_1_N001,DAM,MCE,LMP_ENE_PRC,BAYSHOR2_1_N001,ALL,1,29.20045,323
2017-09-17T19:00:00-00:00,2017-09-17T20:00:00-00:00,2017-09-17,13,0,BAYSHOR2_1_N001,BAYSHOR2_1_N001,BAYSHOR2_1_N001,DAM,MCE,LMP_ENE_PRC,BAYSHOR2_1_N001,ALL,1,18.46264,323
2017-09-17T14:00:00-00:00,2017-09-17T15:00:00-00:00,2017-09-17,8,0,BAYSHOR2_1_N001,BAYSHOR2_1_N001,BAYSHOR2_1_N001,DAM,MCE,LMP_ENE_PRC,BAYSHOR2_1_N001,ALL,1,26.37032,323
2017-09-17T11:00:00-00:00,2017-09-17T12:00:00-00:00,2017-09-17,5,0,BAYSHOR2_1_N001,BAYSHOR2_1_N001,BAYSHOR2_1_N001,DAM,MCE,LMP_ENE_PRC,BAYSHOR2_1_N001,ALL,1,28.13942,323
2017-09-17T10:00:00-00:00,2017-09-17T11:00:00-00:00,2017-09-17,4,0,BAYSHOR2_1_N001,BAYSHOR2_1_N001,BAYSHOR2_1_N001,DAM,MCE,LMP_ENE_PRC,BAYSHOR2_1_N001,ALL,1,29.21244,323
2017-09-18T00:00:00-00:00,2017-09-18T01:00:00-00:00,2017-09-17,18,0,BAYSHOR2_1_N001,BAYSHOR2_1_N001,BAYSHOR2_1_N001,DAM,MCE,LMP_ENE_PRC,BAYSHOR2_1_N001,ALL,1,37.05444,323
2017-09-17T23:00:00-00:00,2017-09-18T00:00:00-00:00,2017-09-17,17,0,BAYSHOR2_1_N001,BAYSHOR2_1_N001,BAYSHOR2_1_N001,DAM,MCE,LMP_ENE_PRC,BAYSHOR2_1_N001,ALL,1,27.98316,323
2017-09-17T13:00:00-00:00,2017-09-17T14:00:00-00:00,2017-09-17,7,0,BAYSHOR2_1_N001,BAYSHOR2_1_N001,BAYSHOR2_1_N001,DAM,MCE,LMP_ENE_PRC,BAYSHOR2_1_N001,ALL,1,29.83732,323
2017-09-18T04:00:00-00:00,2017-09-18T05:00:00-00:00,2017-09-17,22,0,BAYSHOR2_1_N001,BAYSHOR2_1_N001,BAYSHOR2_1_N001,DAM,MCE,LMP_ENE_PRC,BAYSHOR2_1_N001,ALL,1,36.2808,323
2017-09-17T09:00:00-00:00,2017-09-17T10:00:00-00:00,2017-09-17,3,0,BAYSHOR2_1_N001,BAYSHOR2_1_N001,BAYSHOR2_1_N001,DAM,MCE,LMP_ENE_PRC,BAYSHOR2_1_N001,ALL,1,30.18849,323
2017-09-17T16:00:00-00:00,2017-09-17T17:00:00-00:00,2017-09-17,10,0,BAYSHOR2_1_N001,BAYSHOR2_1_N001,BAYSHOR2_1_N001,DAM,MCE,LMP_ENE_PRC,BAYSHOR2_1_N001,ALL,1,15.12468,323
2017-09-18T06:00:00-00:00,2017-09-18T07:00:00-00:00,2017-09-17,24,0,BAYSHOR2_1_N001,BAYSHOR2_1_N001,BAYSHOR2_1_N001,DAM,MCE,LMP_ENE_PRC,BAYSHOR2_1_N001,ALL,1,30.34653,323
2017-09-17T18:00:00-00:00,2017-09-17T19:00:00-00:00,2017-09-17,12,0,BAYSHOR2_1_N001,BAYSHOR2_1_N001,BAYSHOR2_1_N001,DAM,MCE,LMP_ENE_PRC,BAYSHOR2_1_N001,ALL,1,16.15392,323
2017-09-18T02:00:00-00:00,2017-09-18T03:00:00-00:00,2017-09-17,20,0,BAYSHOR2_1_N001,BAYSHOR2_1_N001,BAYSHOR2_1_N001,DAM,MCE,LMP_ENE_PRC,BAYSHOR2_1_N001,ALL,1,55.78211,323
2017-09-18T03:00:00-00:00,2017-09-18T04:00:00-00:00,2017-09-17,21,0,BAYSHOR2_1_N001,BAYSHOR2_1_N001,BAYSHOR2_1_N001,DAM,MCE,LMP_ENE_PRC,BAYSHOR2_1_N001,ALL,1,47.61205,323
2017-09-17T12:00:00-00:00,2017-09-17T13:00:00-00:00,2017-09-17,6,0,BAYSHOR2_1_N001,BAYSHOR2_1_N001,BAYSHOR2_1_N001,DAM,MCE,LMP_ENE_PRC,BAYSHOR2_1_N001,ALL,1,29.15556,323
2017-09-17T21:00:00-00:00,2017-09-17T22:00:00-00:00,2017-09-17,15,0,BAYSHOR2_1_N001,BAYSHOR2_1_N001,BAYSHOR2_1_N001,DAM,MCL,LMP_LOSS_PRC,BAYSHOR2_1_N001,ALL,1,0.95386,324
2017-09-18T05:00:00-00:00,2017-09-18T06:00:00-00:00,2017-09-17,23,0,BAYSHOR2_1_N001,BAYSHOR2_1_N001,BAYSHOR2_1_N001,DAM,MCL,LMP_LOSS_PRC,BAYSHOR2_1_N001,ALL,1,1.07797,324
2017-09-17T23:00:00-00:00,2017-09-18T00:00:00-00:00,2017-09-17,17,0,BAYSHOR2_1_N001,BAYSHOR2_1_N001,BAYSHOR2_1_N001,DAM,MCL,LMP_LOSS_PRC,BAYSHOR2_1_N001,ALL,1,1.27323,324
2017-09-17T09:00:00-00:00,2017-09-17T10:00:00-00:00,2017-09-17,3,0,BAYSHOR2_1_N001,BAYSHOR2_1_N001,BAYSHOR2_1_N001,DAM,MCL,LMP_LOSS_PRC,BAYSHOR2_1_N001,ALL,1,0.98414,324
2017-09-18T06:00:00-00:00,2017-09-18T07:00:00-00:00,2017-09-17,24,0,BAYSHOR2_1_N001,BAYSHOR2_1_N001,BAYSHOR2_1_N001,DAM,MCL,LMP_LOSS_PRC,BAYSHOR2_1_N001,ALL,1,0.99233,324
2017-09-17T18:00:00-00:00,2017-09-17T19:00:00-00:00,2017-09-17,12,0,BAYSHOR2_1_N001,BAYSHOR2_1_N001,BAYSHOR2_1_N001,DAM,MCL,LMP_LOSS_PRC,BAYSHOR2_1_N001,ALL,1,0.777,324
2017-09-17T20:00:00-00:00,2017-09-17T21:00:00-00:00,2017-09-17,14,0,BAYSHOR2_1_N001,BAYSHOR2_1_N001,BAYSHOR2_1_N001,DAM,MCL,LMP_LOSS_PRC,BAYSHOR2_1_N001,ALL,1,0.79375,324
2017-09-17T11:00:00-00:00,2017-09-17T12:00:00-00:00,2017-09-17,5,0,BAYSHOR2_1_N001,BAYSHOR2_1_N001,BAYSHOR2_1_N001,DAM,MCL,LMP_LOSS_PRC,BAYSHOR2_1_N001,ALL,1,0.80479,324
2017-09-17T13:00:00-00:00,2017-09-17T14:00:00-00:00,2017-09-17,7,0,BAYSHOR2_1_N001,BAYSHOR2_1_N001,BAYSHOR2_1_N001,DAM,MCL,LMP_LOSS_PRC,BAYSHOR2_1_N001,ALL,1,0.75787,324
2017-09-17T16:00:00-00:00,2017-09-17T17:00:00-00:00,2017-09-17,10,0,BAYSHOR2_1_N001,BAYSHOR2_1_N001,BAYSHOR2_1_N001,DAM,MCL,LMP_LOSS_PRC,BAYSHOR2_1_N001,ALL,1,0.7396,324
2017-09-17T19:00:00-00:00,2017-09-17T20:00:00-00:00,2017-09-17,13,0,BAYSHOR2_1_N001,BAYSHOR2_1_N001,BAYSHOR2_1_N001,DAM,MCL,LMP_LOSS_PRC,BAYSHOR2_1_N001,ALL,1,0.88067,324
2017-09-17T15:00:00-00:00,2017-09-17T16:00:00-00:00,2017-09-17,9,0,BAYSHOR2_1_N001,BAYSHOR2_1_N001,BAYSHOR2_1_N001,DAM,MCL,LMP_LOSS_PRC,BAYSHOR2_1_N001,ALL,1,0.77835,324
2017-09-17T17:00:00-00:00,2017-09-17T18:00:00-00:00,2017-09-17,11,0,BAYSHOR2_1_N001,BAYSHOR2_1_N001,BAYSHOR2_1_N001,DAM,MCL,LMP_LOSS_PRC,BAYSHOR2_1_N001,ALL,1,0.68813,324
2017-09-18T01:00:00-00:00,2017-09-18T02:00:00-00:00,2017-09-17,19,0,BAYSHOR2_1_N001,BAYSHOR2_1_N001,BAYSHOR2_1_N001,DAM,MCL,LMP_LOSS_PRC,BAYSHOR2_1_N001,ALL,1,1.71395,324
2017-09-17T22:00:00-00:00,2017-09-17T23:00:00-00:00,2017-09-17,16,0,BAYSHOR2_1_N001,BAYSHOR2_1_N001,BAYSHOR2_1_N001,DAM,MCL,LMP_LOSS_PRC,BAYSHOR2_1_N001,ALL,1,1.15989,324
2017-09-18T00:00:00-00:00,2017-09-18T01:00:00-00:00,2017-09-17,18,0,BAYSHOR2_1_N001,BAYSHOR2_1_N001,BAYSHOR2_1_N001,DAM,MCL,LMP_LOSS_PRC,BAYSHOR2_1_N001,ALL,1,1.48959,324
2017-09-17T08:00:00-00:00,2017-09-17T09:00:00-00:00,2017-09-17,2,0,BAYSHOR2_1_N001,BAYSHOR2_1_N001,BAYSHOR2_1_N001,DAM,MCL,LMP_LOSS_PRC,BAYSHOR2_1_N001,ALL,1,0.84976,324
2017-09-18T02:00:00-00:00,2017-09-18T03:00:00-00:00,2017-09-17,20,0,BAYSHOR2_1_N001,BAYSHOR2_1_N001,BAYSHOR2_1_N001,DAM,MCL,LMP_LOSS_PRC,BAYSHOR2_1_N001,ALL,1,1.51727,324
2017-09-18T03:00:00-00:00,2017-09-18T04:00:00-00:00,2017-09-17,21,0,BAYSHOR2_1_N001,BAYSHOR2_1_N001,BAYSHOR2_1_N001,DAM,MCL,LMP_LOSS_PRC,BAYSHOR2_1_N001,ALL,1,1.45217,324
2017-09-18T04:00:00-00:00,2017-09-18T05:00:00-00:00,2017-09-17,22,0,BAYSHOR2_1_N001,BAYSHOR2_1_N001,BAYSHOR2_1_N001,DAM,MCL,LMP_LOSS_PRC,BAYSHOR2_1_N001,ALL,1,0.99409,324
2017-09-17T07:00:00-00:00,2017-09-17T08:00:00-00:00,2017-09-17,1,0,BAYSHOR2_1_N001,BAYSHOR2_1_N001,BAYSHOR2_1_N001,DAM,MCL,LMP_LOSS_PRC,BAYSHOR2_1_N001,ALL,1,0.91689,324
2017-09-17T10:00:00-00:00,2017-09-17T11:00:00-00:00,2017-09-17,4,0,BAYSHOR2_1_N001,BAYSHOR2_1_N001,BAYSHOR2_1_N001,DAM,MCL,LMP_LOSS_PRC,BAYSHOR2_1_N001,ALL,1,0.87345,324
2017-09-17T12:00:00-00:00,2017-09-17T13:00:00-00:00,2017-09-17,6,0,BAYSHOR2_1_N001,BAYSHOR2_1_N001,BAYSHOR2_1_N001,DAM,MCL,LMP_LOSS_PRC,BAYSHOR2_1_N001,ALL,1,0.81927,324
2017-09-17T14:00:00-00:00,2017-09-17T15:00:00-00:00,2017-09-17,8,0,BAYSHOR2_1_N001,BAYSHOR2_1_N001,BAYSHOR2_1_N001,DAM,MCL,LMP_LOSS_PRC,BAYSHOR2_1_N001,ALL,1,0.80166,324
2017-09-18T05:00:00-00:00,2017-09-18T06:00:00-00:00,2017-09-17,23,0,TH_NP15_GEN-APND,TH_NP15_GEN-APND,TH_NP15_GEN-APND,DAM,LMP,LMP_PRC,TH_NP15_GEN-APND,ALL_APNODES,0,32.10197,325
2017-09-17T20:00:00-00:00,2017-09-17T21:00:00-00:00,2017-09-17,14,0,TH_NP15_GEN-APND,TH_NP15_GEN-APND,TH_NP15_GEN-APND,DAM,LMP,LMP_PRC,TH_NP15_GEN-APND,ALL_APNODES,0,19.35053,325
2017-09-17T13:00:00-00:00,2017-09-17T14:00:00-00:00,2017-09-17,7,0,TH_NP15_GEN-APND,TH_NP15_GEN-APND,TH_NP15_GEN-APND,DAM,LMP,LMP_PRC,TH_NP15_GEN-APND,ALL_APNODES,0,29.50016,325
2017-09-18T04:00:00-00:00,2017-09-18T05:00:00-00:00,2017-09-17,22,0,TH_NP15_GEN-APND,TH_NP15_GEN-APND,TH_NP15_GEN-APND,DAM,LMP,LMP_PRC,TH_NP15_GEN-APND,ALL_APNODES,0,35.4282,325
2017-09-17T22:00:00-00:00,2017-09-17T23:00:00-00:00,2017-09-17,16,0,TH_NP15_GEN-APND,TH_NP15_GEN-APND,TH_NP15_GEN-APND,DAM,LMP,LMP_PRC,TH_NP15_GEN-APND,ALL_APNODES,0,26.46659,325
2017-09-18T06:00:00-00:00,2017-09-18T07:00:00-00:00,2017-09-17,24,0,TH_NP15_GEN-APND,TH_NP15_GEN-APND,TH_NP15_GEN-APND,DAM,LMP,LMP_PRC,TH_NP15_GEN-APND,ALL_APNODES,0,30.07645,325
2017-09-17T07:00:00-00:00,2017-09-17T08:00:00-00:00,2017-09-17,1,0,TH_NP15_GEN-APND,TH_NP15_GEN-APND,TH_NP15_GEN-APND,DAM,LMP,LMP_PRC,TH_NP15_GEN-APND,ALL_APNODES,0,29.01357,325
2017-09-18T00:00:00-00:00,2017-09-18T01:00:00-00:00,2017-09-17,18,0,TH_NP15_GEN-APND,TH_NP15_GEN-APND,TH_NP15_GEN-APND,DAM,LMP,LMP_PRC,TH_NP15_GEN-APND,ALL_APNODES,0,36.83952,325
2017-09-17T10:00:00-00:00,2017-09-17T11:00:00-00:00,2017-09-17,4,0,TH_NP15_GEN-APND,TH_NP15_GEN-APND,TH_NP15_GEN-APND,DAM,LMP,LMP_PRC,TH_NP15_GEN-APND,ALL_APNODES,0,29.06054,325
2017-09-17T09:00:00-00:00,2017-09-17T10:00:00-00:00,2017-09-17,3,0,TH_NP15_GEN-APND,TH_NP15_GEN-APND,TH_NP15_GEN-APND,DAM,LMP,LMP_PRC,TH_NP15_GEN-APND,ALL_APNODES,0,30.09793,325
2017-09-17T15:00:00-00:00,2017-09-17T16:00:00-00:00,2017-09-17,9,0,TH_NP15_GEN-APND,TH_NP15_GEN-APND,TH_NP15_GEN-APND,DAM,LMP,LMP_PRC,TH_NP15_GEN-APND,ALL_APNODES,0,18.9393,325
2017-09-18T01:00:00-00:00,2017-09-18T02:00:00-00:00,2017-09-17,19,0,TH_NP15_GEN-APND,TH_NP15_GEN-APND,TH_NP15_GEN-APND,DAM,LMP,LMP_PRC,TH_NP15_GEN-APND,ALL_APNODES,0,50.41367,325
2017-09-17T14:00:00-00:00,2017-09-17T15:00:00-00:00,2017-09-17,8,0,TH_NP15_GEN-APND,TH_NP15_GEN-APND,TH_NP15_GEN-APND,DAM,LMP,LMP_PRC,TH_NP15_GEN-APND,ALL_APNODES,0,26.18573,325
2017-09-17T12:00:00-00:00,2017-09-17T13:00:00-00:00,2017-09-17,6,0,TH_NP15_GEN-APND,TH_NP15_GEN-APND,TH_NP15_GEN-APND,DAM,LMP,LMP_PRC,TH_NP15_GEN-APND,ALL_APNODES,0,28.93398,325
2017-09-17T16:00:00-00:00,2017-09-17T17:00:00-00:00,2017-09-17,10,0,TH_NP15_GEN-APND,TH_NP15_GEN-APND,TH_NP15_GEN-APND,DAM,LMP,LMP_PRC,TH_NP15_GEN-APND,ALL_APNODES,0,15.18795,325
2017-09-18T03:00:00-00:00,2017-09-18T04:00:00-00:00,2017-09-17,21,0,TH_NP15_GEN-APND,TH_NP15_GEN-APND,TH_NP15_GEN-APND,DAM,LMP,LMP_PRC,TH_NP15_GEN-APND,ALL_APNODES,0,46.72647,325
2017-09-18T02:00:00-00:00,2017-09-18T03:00:00-00:00,2017-09-17,20,0,TH_NP15_GEN-APND,TH_NP15_GEN-APND,TH_NP15_GEN-APND,DAM,LMP,LMP_PRC,TH_NP15_GEN-APND,ALL_APNODES,0,54.97327,325
2017-09-17T11:00:00-00:00,2017-09-17T12:00:00-00:00,2017-09-17,5,0,TH_NP15_GEN-APND,TH_NP15_GEN-APND,TH_NP15_GEN-APND,DAM,LMP,LMP_PRC,TH_NP15_GEN-APND,ALL_APNODES,0,27.95932,325
2017-09-17T08:00:00-00:00,2017-09-17T09:00:00-00:00,2017-09-17,2,0,TH_NP15_GEN-APND,TH_NP15_GEN-APND,TH_NP15_GEN-APND,DAM,LMP,LMP_PRC,TH_NP15_GEN-APND,ALL_APNODES,0,27.50224,325
2017-09-17T23:00:00-00:00,2017-09-18T00:00:00-00:00,2017-09-17,17,0,TH_NP15_GEN-APND,TH_NP15_GEN-APND,TH_NP15_GEN-APND,DAM,LMP,LMP_PRC,TH_NP15_GEN-APND,ALL_APNODES,0,28.07271,325
2017-09-17T21:00:00-00:00,2017-09-17T22:00:00-00:00,2017-09-17,15,0,TH_NP15_GEN-APND,TH_NP15_GEN-APND,TH_NP15_GEN-APND,DAM,LMP,LMP_PRC,TH_NP15_GEN-APND,ALL_APNODES,0,20.84006,325
2017-09-17T19:00:00-00:00,2017-09-17T20:00:00-00:00,2017-09-17,13,0,TH_NP15_GEN-APND,TH_NP15_GEN-APND,TH_NP15_GEN-APND,DAM,LMP,LMP_PRC,TH_NP15_GEN-APND,ALL_APNODES,0,18.63988,325
2017-09-17T18:00:00-00:00,2017-09-17T19:00:00-00:00,2017-09-17,12,0,TH_NP15_GEN-APND,TH_NP15_GEN-APND,TH_NP15_GEN-APND,DAM,LMP,LMP_PRC,TH_NP15_GEN-APND,ALL_APNODES,0,16.31223,325
2017-09-17T17:00:00-00:00,2017-09-17T18:00:00-00:00,2017-09-17,11,0,TH_NP15_GEN-APND,TH_NP15_GEN-APND,TH_NP15_GEN-APND,DAM,LMP,LMP_PRC,TH_NP15_GEN-APND,ALL_APNODES,0,14.34833,325
2017-09-17T09:00:00-00:00,2017-09-17T10:00:00-00:00,2017-09-17,3,0,TH_NP15_GEN-APND,TH_NP15_GEN-APND,TH_NP15_GEN-APND,DAM,MCC,LMP_CONG_PRC,TH_NP15_GEN-APND,ALL_APNODES,0,0,326
2017-09-18T04:00:00-00:00,2017-09-18T05:00:00-00:00,2017-09-17,22,0,TH_NP15_GEN-APND,TH_NP15_GEN-APND,TH_NP15_GEN-APND,DAM,MCC,LMP_CONG_PRC,TH_NP15_GEN-APND,ALL_APNODES,0,0,326
2017-09-17T17:00:00-00:00,2017-09-17T18:00:00-00:00,2017-09-17,11,0,TH_NP15_GEN-APND,TH_NP15_GEN-APND,TH_NP15_GEN-APND,DAM,MCC,LMP_CONG_PRC,TH_NP15_GEN-APND,ALL_APNODES,0,0,326
2017-09-17T15:00:00-00:00,2017-09-17T16:00:00-00:00,2017-09-17,9,0,TH_NP15_GEN-APND,TH_NP15_GEN-APND,TH_NP15_GEN-APND,DAM,MCC,LMP_CONG_PRC,TH_NP15_GEN-APND,ALL_APNODES,0,0,326
2017-09-17T23:00:00-00:00,2017-09-18T00:00:00-00:00,2017-09-17,17,0,TH_NP15_GEN-APND,TH_NP15_GEN-APND,TH_NP15_GEN-APND,DAM,MCC,LMP_CONG_PRC,TH_NP15_GEN-APND,ALL_APNODES,0,0,326
2017-09-17T21:00:00-00:00,2017-09-17T22:00:00-00:00,2017-09-17,15,0,TH_NP15_GEN-APND,TH_NP15_GEN-APND,TH_NP15_GEN-APND,DAM,MCC,LMP_CONG_PRC,TH_NP15_GEN-APND,ALL_APNODES,0,0,326
2017-09-17T11:00:00-00:00,2017-09-17T12:00:00-00:00,2017-09-17,5,0,TH_NP15_GEN-APND,TH_NP15_GEN-APND,TH_NP15_GEN-APND,DAM,MCC,LMP_CONG_PRC,TH_NP15_GEN-APND,ALL_APNODES,0,0,326
2017-09-17T07:00:00-00:00,2017-09-17T08:00:00-00:00,2017-09-17,1,0,TH_NP15_GEN-APND,TH_NP15_GEN-APND,TH_NP15_GEN-APND,DAM,MCC,LMP_CONG_PRC,TH_NP15_GEN-APND,ALL_APNODES,0,0,326
2017-09-18T00:00:00-00:00,2017-09-18T01:00:00-00:00,2017-09-17,18,0,TH_NP15_GEN-APND,TH_NP15_GEN-APND,TH_NP15_GEN-APND,DAM,MCC,LMP_CONG_PRC,TH_NP15_GEN-APND,ALL_APNODES,0,0,326
2017-09-17T22:00:00-00:00,2017-09-17T23:00:00-00:00,2017-09-17,16,0,TH_NP15_GEN-APND,TH_NP15_GEN-APND,TH_NP15_GEN-APND,DAM,MCC,LMP_CONG_PRC,TH_NP15_GEN-APND,ALL_APNODES,0,0,326
2017-09-18T06:00:00-00:00,2017-09-18T07:00:00-00:00,2017-09-17,24,0,TH_NP15_GEN-APND,TH_NP15_GEN-APND,TH_NP15_GEN-APND,DAM,MCC,LMP_CONG_PRC,TH_NP15_GEN-APND,ALL_APNODES,0,0,326
2017-09-17T16:00:00-00:00,2017-09-17T17:00:00-00:00,2017-09-17,10,0,TH_NP15_GEN-APND,TH_NP15_GEN-APND,TH_NP15_GEN-APND,DAM,MCC,LMP_CONG_PRC,TH_NP15_GEN-APND,ALL_APNODES,0,-0.05773,326
2017-09-18T05:00:00-00:00,2017-09-18T06:00:00-00:00,2017-09-17,23,0,TH_NP15_GEN-APND,TH_NP15_GEN-APND,TH_NP15_GEN-APND,DAM,MCC,LMP_CONG_PRC,TH_NP15_GEN-APND,ALL_APNODES,0,0,326
2017-09-17T14:00:00-00:00,2017-09-17T15:00:00-00:00,2017-09-17,8,0,TH_NP15_GEN-APND,TH_NP15_GEN-APND,TH_NP15_GEN-APND,DAM,MCC,LMP_CONG_PRC,TH_NP15_GEN-APND,ALL_APNODES,0,0,326
2017-09-17T19:00:00-00:00,2017-09-17T20:00:00-00:00,2017-09-17,13,0,TH_NP15_GEN-APND,TH_NP15_GEN-APND,TH_NP15_GEN-APND,DAM,MCC,LMP_CONG_PRC,TH_NP15_GEN-APND,ALL_APNODES,0,0,326
2017-09-17T08:00:00-00:00,2017-09-17T09:00:00-00:00,2017-09-17,2,0,TH_NP15_GEN-APND,TH_NP15_GEN-APND,TH_NP15_GEN-APND,DAM,MCC,LMP_CONG_PRC,TH_NP15_GEN-APND,ALL_APNODES,0,0,326
2017-09-17T13:00:00-00:00,2017-09-17T14:00:00-00:00,2017-09-17,7,0,TH_NP15_GEN-APND,TH_NP15_GEN-APND,TH_NP15_GEN-APND,DAM,MCC,LMP_CONG_PRC,TH_NP15_GEN-APND,ALL_APNODES,0,0,326
2017-09-18T02:00:00-00:00,2017-09-18T03:00:00-00:00,2017-09-17,20,0,TH_NP15_GEN-APND,TH_NP15_GEN-APND,TH_NP15_GEN-APND,DAM,MCC,LMP_CONG_PRC,TH_NP15_GEN-APND,ALL_APNODES,0,0,326
2017-09-18T01:00:00-00:00,2017-09-18T02:00:00-00:00,2017-09-17,19,0,TH_NP15_GEN-APND,TH_NP15_GEN-APND,TH_NP15_GEN-APND,DAM,MCC,LMP_CONG_PRC,TH_NP15_GEN-APND,ALL_APNODES,0,0,326
2017-09-17T12:00:00-00:00,2017-09-17T13:00:00-00:00,2017-09-17,6,0,TH_NP15_GEN-APND,TH_NP15_GEN-APND,TH_NP15_GEN-APND,DAM,MCC,LMP_CONG_PRC,TH_NP15_GEN-APND,ALL_APNODES,0,0,326
2017-09-17T18:00:00-00:00,2017-09-17T19:00:00-00:00,2017-09-17,12,0,TH_NP15_GEN-APND,TH_NP15_GEN-APND,TH_NP15_GEN-APND,DAM,MCC,LMP_CONG_PRC,TH_NP15_GEN-APND,ALL_APNODES,0,0,326
2017-09-17T10:00:00-00:00,2017-09-17T11:00:00-00:00,2017-09-17,4,0,TH_NP15_GEN-APND,TH_NP15_GEN-APND,TH_NP15_GEN-APND,DAM,MCC,LMP_CONG_PRC,TH_NP15_GEN-APND,ALL_APNODES,0,0,326
2017-09-17T20:00:00-00:00,2017-09-17T21:00:00-00:00,2017-09-17,14,0,TH_NP15_GEN-APND,TH_NP15_GEN-APND,TH_NP15_GEN-APND,DAM,MCC,LMP_CONG_PRC,TH_NP15_GEN-APND,ALL_APNODES,0,0,326
2017-09-18T03:00:00-00:00,2017-09-18T04:00:00-00:00,2017-09-17,21,0,TH_NP15_GEN-APND,TH_NP15_GEN-APND,TH_NP15_GEN-APND,DAM,MCC,LMP_CONG_PRC,TH_NP15_GEN-APND,ALL_APNODES,0,0,326
2017-09-18T05:00:00-00:00,2017-09-18T06:00:00-00:00,2017-09-17,23,0,TH_NP15_GEN-APND,TH_NP15_GEN-APND,TH_NP15_GEN-APND,DAM,MCE,LMP_ENE_PRC,TH_NP15_GEN-APND,ALL_APNODES,0,32.46887,327
2017-09-17T18:00:00-00:00,2017-09-17T19:00:00-00:00,2017-09-17,12,0,TH_NP15_GEN-APND,TH_NP15_GEN-APND,TH_NP15_GEN-APND,DAM,MCE,LMP_ENE_PRC,TH_NP15_GEN-APND,ALL_APNODES,0,16.15392,327
2017-09-17T20:00:00-00:00,2017-09-17T21:00:00-00:00,2017-09-17,14,0,TH_NP15_GEN-APND,TH_NP15_GEN-APND,TH_NP15_GEN-APND,DAM,MCE,LMP_ENE_PRC,TH_NP15_GEN-APND,ALL_APNODES,0,19.26576,327
2017-09-17T11:00:00-00:00,2017-09-17T12:00:00-00:00,2017-09-17,5,0,TH_NP15_GEN-APND,TH_NP15_GEN-APND,TH_NP15_GEN-APND,DAM,MCE,LMP_ENE_PRC,TH_NP15_GEN-APND,ALL_APNODES,0,28.13942,327
2017-09-17T13:00:00-00:00,2017-09-17T14:00:00-00:00,2017-09-17,7,0,TH_NP15_GEN-APND,TH_NP15_GEN-APND,TH_NP15_GEN-APND,DAM,MCE,LMP_ENE_PRC,TH_NP15_GEN-APND,ALL_APNODES,0,29.83732,327
2017-09-18T04:00:00-00:00,2017-09-18T05:00:00-00:00,2017-09-17,22,0,TH_NP15_GEN-APND,TH_NP15_GEN-APND,TH_NP15_GEN-APND,DAM,MCE,LMP_ENE_PRC,TH_NP15_GEN-APND,ALL_APNODES,0,36.2808,327
2017-09-18T06:00:00-00:00,2017-09-18T07:00:00-00:00,2017-09-17,24,0,TH_NP15_GEN-APND,TH_NP15_GEN-APND,TH_NP15_GEN-APND,DAM,MCE,LMP_ENE_PRC,TH_NP15_GEN-APND,ALL_APNODES,0,30.34653,327
2017-09-17T17:00:00-00:00,2017-09-17T18:00:00-00:00,2017-09-17,11,0,TH_NP15_GEN-APND,TH_NP15_GEN-APND,TH_NP15_GEN-APND,DAM,MCE,LMP_ENE_PRC,TH_NP15_GEN-APND,ALL_APNODES,0,14.21753,327
2017-09-17T07:00:00-00:00,2017-09-17T08:00:00-00:00,2017-09-17,1,0,TH_NP15_GEN-APND,TH_NP15_GEN-APND,TH_NP15_GEN-APND,DAM,MCE,LMP_ENE_PRC,TH_NP15_GEN-APND,ALL_APNODES,0,29.20045,327
2017-09-17T23:00:00-00:00,2017-09-18T00:00:00-00:00,2017-09-17,17,0,TH_NP15_GEN-APND,TH_NP15_GEN-APND,TH_NP15_GEN-APND,DAM,MCE,LMP_ENE_PRC,TH_NP15_GEN-APND,ALL_APNODES,0,27.98316,327
2017-09-17T12:00:00-00:00,2017-09-17T13:00:00-00:00,2017-09-17,6,0,TH_NP15_GEN-APND,TH_NP15_GEN-APND,TH_NP15_GEN-APND,DAM,MCE,LMP_ENE_PRC,TH_NP15_GEN-APND,ALL_APNODES,0,29.15556,327
2017-09-18T01:00:00-00:00,2017-09-18T02:00:00-00:00,2017-09-17,19,0,TH_NP15_GEN-APND,TH_NP15_GEN-APND,TH_NP15_GEN-APND,DAM,MCE,LMP_ENE_PRC,TH_NP15_GEN-APND,ALL_APNODES,0,51.01049,327
2017-09-17T10:00:00-00:00,2017-09-17T11:00:00-00:00,2017-09-17,4,0,TH_NP15_GEN-APND,TH_NP15_GEN-APND,TH_NP15_GEN-APND,DAM,MCE,LMP_ENE_PRC,TH_NP15_GEN-APND,ALL_APNODES,0,29.21244,327
2017-09-18T02:00:00-00:00,2017-09-18T03:00:00-00:00,2017-09-17,20,0,TH_NP15_GEN-APND,TH_NP15_GEN-APND,TH_NP15_GEN-APND,DAM,MCE,LMP_ENE_PRC,TH_NP15_GEN-APND,ALL_APNODES,0,55.78211,327
2017-09-17T19:00:00-00:00,2017-09-17T20:00:00-00:00,2017-09-17,13,0,TH_NP15_GEN-APND,TH_NP15_GEN-APND,TH_NP15_GEN-APND,DAM,MCE,LMP_ENE_PRC,TH_NP15_GEN-APND,ALL_APNODES,0,18.46264,327
2017-09-17T22:00:00-00:00,2017-09-17T23:00:00-00:00,2017-09-17,16,0,TH_NP15_GEN-APND,TH_NP15_GEN-APND,TH_NP15_GEN-APND,DAM,MCE,LMP_ENE_PRC,TH_NP15_GEN-APND,ALL_APNODES,0,26.36115,327
2017-09-17T09:00:00-00:00,2017-09-17T10:00:00-00:00,2017-09-17,3,0,TH_NP15_GEN-APND,TH_NP15_GEN-APND,TH_NP15_GEN-APND,DAM,MCE,LMP_ENE_PRC,TH_NP15_GEN-APND,ALL_APNODES,0,30.18849,327
2017-09-17T14:00:00-00:00,2017-09-17T15:00:00-00:00,2017-09-17,8,0,TH_NP15_GEN-APND,TH_NP15_GEN-APND,TH_NP15_GEN-APND,DAM,MCE,LMP_ENE_PRC,TH_NP15_GEN-APND,ALL_APNODES,0,26.37032,327
2017-09-17T21:00:00-00:00,2017-09-17T22:00:00-00:00,2017-09-17,15,0,TH_NP15_GEN-APND,TH_NP15_GEN-APND,TH_NP15_GEN-APND,DAM,MCE,LMP_ENE_PRC,TH_NP15_GEN-APND,ALL_APNODES,0,20.69108,327
2017-09-18T00:00:00-00:00,2017-09-18T01:00:00-00:00,2017-09-17,18,0,TH_NP15_GEN-APND,TH_NP15_GEN-APND,TH_NP15_GEN-APND,DAM,MCE,LMP_ENE_PRC,TH_NP15_GEN-APND,ALL_APNODES,0,37.05444,327
2017-09-17T08:00:00-00:00,2017-09-17T09:00:00-00:00,2017-09-17,2,0,TH_NP15_GEN-APND,TH_NP15_GEN-APND,TH_NP15_GEN-APND,DAM,MCE,LMP_ENE_PRC,TH_NP15_GEN-APND,ALL_APNODES,0,27.67938,327
2017-09-18T03:00:00-00:00,2017-09-18T04:00:00-00:00,2017-09-17,21,0,TH_NP15_GEN-APND,TH_NP15_GEN-APND,TH_NP15_GEN-APND,DAM,MCE,LMP_ENE_PRC,TH_NP15_GEN-APND,ALL_APNODES,0,47.61205,327
2017-09-17T15:00:00-00:00,2017-09-17T16:00:00-00:00,2017-09-17,9,0,TH_NP15_GEN-APND,TH_NP15_GEN-APND,TH_NP15_GEN-APND,DAM,MCE,LMP_ENE_PRC,TH_NP15_GEN-APND,ALL_APNODES,0,18.89207,327
2017-09-17T16:00:00-00:00,2017-09-17T17:00:00-00:00,2017-09-17,10,0,TH_NP15_GEN-APND,TH_NP15_GEN-APND,TH_NP15_GEN-APND,DAM,MCE,LMP_ENE_PRC,TH_NP15_GEN-APND,ALL_APNODES,0,15.12468,327
2017-09-17T12:00:00-00:00,2017-09-17T13:00:00-00:00,2017-09-17,6,0,TH_NP15_GEN-APND,TH_NP15_GEN-APND,TH_NP15_GEN-APND,DAM,MCL,LMP_LOSS_PRC,TH_NP15_GEN-APND,ALL_APNODES,0,-0.22158,328
2017-09-17T23:00:00-00:00,2017-09-18T00:00:00-00:00,2017-09-17,17,0,TH_NP15_GEN-APND,TH_NP15_GEN-APND,TH_NP15_GEN-APND,DAM,MCL,LMP_LOSS_PRC,TH_NP15_GEN-APND,ALL_APNODES,0,0.08955,328
2017-09-17T15:00:00-00:00,2017-09-17T16:00:00-00:00,2017-09-17,9,0,TH_NP15_GEN-APND,TH_NP15_GEN-APND,TH_NP15_GEN-APND,DAM,MCL,LMP_LOSS_PRC,TH_NP15_GEN-APND,ALL_APNODES,0,0.04723,328
2017-09-17T19:00:00-00:00,2017-09-17T20:00:00-00:00,2017-09-17,13,0,TH_NP15_GEN-APND,TH_NP15_GEN-APND,TH_NP15_GEN-APND,DAM,MCL,LMP_LOSS_PRC,TH_NP15_GEN-APND,ALL_APNODES,0,0.17724,328
2017-09-18T00:00:00-00:00,2017-09-18T01:00:00-00:00,2017-09-17,18,0,TH_NP15_GEN-APND,TH_NP15_GEN-APND,TH_NP15_GEN-APND,DAM,MCL,LMP_LOSS_PRC,TH_NP15_GEN-APND,ALL_APNODES,0,-0.21492,328
2017-09-17T07:00:00-00:00,2017-09-17T08:00:00-00:00,2017-09-17,1,0,TH_NP15_GEN-APND,TH_NP15_GEN-APND,TH_NP15_GEN-APND,DAM,MCL,LMP_LOSS_PRC,TH_NP15_GEN-APND,ALL_APNODES,0,-0.18688,328
2017-09-18T03:00:00-00:00,2017-09-18T04:00:00-00:00,2017-09-17,21,0,TH_NP15_GEN-APND,TH_NP15_GEN-APND,TH_NP15_GEN-APND,DAM,MCL,LMP_LOSS_PRC,TH_NP15_GEN-APND,ALL_APNODES,0,-0.88558,328
2017-09-17T16:00:00-00:00,2017-09-17T17:00:00-00:00,2017-09-17,10,0,TH_NP15_GEN-APND,TH_NP15_GEN-APND,TH_NP15_GEN-APND,DAM,MCL,LMP_LOSS_PRC,TH_NP15_GEN-APND,ALL_APNODES,0,0.121,328
2017-09-17T11:00:00-00:00,2017-09-17T12:00:00-00:00,2017-09-17,5,0,TH_NP15_GEN-APND,TH_NP15_GEN-APND,TH_NP15_GEN-APND,DAM,MCL,LMP_LOSS_PRC,TH_NP15_GEN-APND,ALL_APNODES,0,-0.18009,328
2017-09-17T13:00:00-00:00,2017-09-17T14:00:00-00:00,2017-09-17,7,0,TH_NP15_GEN-APND,TH_NP15_GEN-APND,TH_NP15_GEN-APND,DAM,MCL,LMP_LOSS_PRC,TH_NP15_GEN-APND,ALL_APNODES,0,-0.33716,328
2017-09-18T04:00:00-00:00,2017-09-18T05:00:00-00:00,2017-09-17,22,0,TH_NP15_GEN-APND,TH_NP15_GEN-APND,TH_NP15_GEN-APND,DAM,MCL,LMP_LOSS_PRC,TH_NP15_GEN-APND,ALL_APNODES,0,-0.8526,328
2017-09-18T06:00:00-00:00,2017-09-18T07:00:00-00:00,2017-09-17,24,0,TH_NP15_GEN-APND,TH_NP15_GEN-APND,TH_NP15_GEN-APND,DAM,MCL,LMP_LOSS_PRC,TH_NP15_GEN-APND,ALL_APNODES,0,-0.27008,328
2017-09-17T22:00:00-00:00,2017-09-17T23:00:00-00:00,2017-09-17,16,0,TH_NP15_GEN-APND,TH_NP15_GEN-APND,TH_NP15_GEN-APND,DAM,MCL,LMP_LOSS_PRC,TH_NP15_GEN-APND,ALL_APNODES,0,0.10544,328
2017-09-17T10:00:00-00:00,2017-09-17T11:00:00-00:00,2017-09-17,4,0,TH_NP15_GEN-APND,TH_NP15_GEN-APND,TH_NP15_GEN-APND,DAM,MCL,LMP_LOSS_PRC,TH_NP15_GEN-APND,ALL_APNODES,0,-0.1519,328
2017-09-17T14:00:00-00:00,2017-09-17T15:00:00-00:00,2017-09-17,8,0,TH_NP15_GEN-APND,TH_NP15_GEN-APND,TH_NP15_GEN-APND,DAM,MCL,LMP_LOSS_PRC,TH_NP15_GEN-APND,ALL_APNODES,0,-0.18459,328
2017-09-17T18:00:00-00:00,2017-09-17T19:00:00-00:00,2017-09-17,12,0,TH_NP15_GEN-APND,TH_NP15_GEN-APND,TH_NP15_GEN-APND,DAM,MCL,LMP_LOSS_PRC,TH_NP15_GEN-APND,ALL_APNODES,0,0.15831,328
2017-09-17T21:00:00-00:00,2017-09-17T22:00:00-00:00,2017-09-17,15,0,TH_NP15_GEN-APND,TH_NP15_GEN-APND,TH_NP15_GEN-APND,DAM,MCL,LMP_LOSS_PRC,TH_NP15_GEN-APND,ALL_APNODES,0,0.14898,328
2017-09-17T20:00:00-00:00,2017-09-17T21:00:00-00:00,2017-09-17,14,0,TH_NP15_GEN-APND,TH_NP15_GEN-APND,TH_NP15_GEN-APND,DAM,MCL,LMP_LOSS_PRC,TH_NP15_GEN-APND,ALL_APNODES,0,0.08477,328
2017-09-17T08:00:00-00:00,2017-09-17T09:00:00-00:00,2017-09-17,2,0,TH_NP15_GEN-APND,TH_NP15_GEN-APND,TH_NP15_GEN-APND,DAM,MCL,LMP_LOSS_PRC,TH_NP15_GEN-APND,ALL_APNODES,0,-0.17715,328
2017-09-17T09:00:00-00:00,2017-09-17T10:00:00-00:00,2017-09-17,3,0,TH_NP15_GEN-APND,TH_NP15_GEN-APND,TH_NP15_GEN-APND,DAM,MCL,LMP_LOSS_PRC,TH_NP15_GEN-APND,ALL_APNODES,0,-0.09057,328
2017-09-18T02:00:00-00:00,2017-09-18T03:00:00-00:00,2017-09-17,20,0,TH_NP15_GEN-APND,TH_NP15_GEN-APND,TH_NP15_GEN-APND,DAM,MCL,LMP_LOSS_PRC,TH_NP15_GEN-APND,ALL_APNODES,0,-0.80884,328
2017-09-18T05:00:00-00:00,2017-09-18T06:00:00-00:00,2017-09-17,23,0,TH_NP15_GEN-APND,TH_NP15_GEN-APND,TH_NP15_GEN-APND,DAM,MCL,LMP_LOSS_PRC,TH_NP15_GEN-APND,ALL_APNODES,0,-0.3669,328
2017-09-17T17:00:00-00:00,2017-09-17T18:00:00-00:00,2017-09-17,11,0,TH_NP15_GEN-APND,TH_NP15_GEN-APND,TH_NP15_GEN-APND,DAM,MCL,LMP_LOSS_PRC,TH_NP15_GEN-APND,ALL_APNODES,0,0.1308,328
2017-09-18T01:00:00-00:00,2017-09-18T02:00:00-00:00,2017-09-17,19,0,TH_NP15_GEN-APND,TH_NP15_GEN-APND,TH_NP15_GEN-APND,DAM,MCL,LMP_LOSS_PRC,TH_NP15_GEN-APND,ALL_APNODES,0,-0.59682,328
2017-09-18T03:00:00-00:00,2017-09-18T04:00:00-00:00,2017-09-17,21,0,TH_SP15_GEN-APND,TH_SP15_GEN-APND,TH_SP15_GEN-APND,DAM,LMP,LMP_PRC,TH_SP15_GEN-APND,ALL_APNODES,0,46.17417,329
2017-09-17T16:00:00-00:00,2017-09-17T17:00:00-00:00,2017-09-17,10,0,TH_SP15_GEN-APND,TH_SP15_GEN-APND,TH_SP15_GEN-APND,DAM,LMP,LMP_PRC,TH_SP15_GEN-APND,ALL_APNODES,0,14.63085,329
2017-09-17T17:00:00-00:00,2017-09-17T18:00:00-00:00,2017-09-17,11,0,TH_SP15_GEN-APND,TH_SP15_GEN-APND,TH_SP15_GEN-APND,DAM,LMP,LMP_PRC,TH_SP15_GEN-APND,ALL_APNODES,0,13.69006,329
2017-09-17T23:00:00-00:00,2017-09-18T00:00:00-00:00,2017-09-17,17,0,TH_SP15_GEN-APND,TH_SP15_GEN-APND,TH_SP15_GEN-APND,DAM,LMP,LMP_PRC,TH_SP15_GEN-APND,ALL_APNODES,0,26.87783,329
2017-09-17T08:00:00-00:00,2017-09-17T09:00:00-00:00,2017-09-17,2,0,TH_SP15_GEN-APND,TH_SP15_GEN-APND,TH_SP15_GEN-APND,DAM,LMP,LMP_PRC,TH_SP15_GEN-APND,ALL_APNODES,0,26.89606,329
2017-09-17T14:00:00-00:00,2017-09-17T15:00:00-00:00,2017-09-17,8,0,TH_SP15_GEN-APND,TH_SP15_GEN-APND,TH_SP15_GEN-APND,DAM,LMP,LMP_PRC,TH_SP15_GEN-APND,ALL_APNODES,0,25.71898,329
2017-09-18T01:00:00-00:00,2017-09-18T02:00:00-00:00,2017-09-17,19,0,TH_SP15_GEN-APND,TH_SP15_GEN-APND,TH_SP15_GEN-APND,DAM,LMP,LMP_PRC,TH_SP15_GEN-APND,ALL_APNODES,0,49.35265,329
2017-09-17T12:00:00-00:00,2017-09-17T13:00:00-00:00,2017-09-17,6,0,TH_SP15_GEN-APND,TH_SP15_GEN-APND,TH_SP15_GEN-APND,DAM,LMP,LMP_PRC,TH_SP15_GEN-APND,ALL_APNODES,0,28.45583,329
2017-09-17T07:00:00-00:00,2017-09-17T08:00:00-00:00,2017-09-17,1,0,TH_SP15_GEN-APND,TH_SP15_GEN-APND,TH_SP15_GEN-APND,DAM,LMP,LMP_PRC,TH_SP15_GEN-APND,ALL_APNODES,0,28.31276,329
2017-09-17T22:00:00-00:00,2017-09-17T23:00:00-00:00,2017-09-17,16,0,TH_SP15_GEN-APND,TH_SP15_GEN-APND,TH_SP15_GEN-APND,DAM,LMP,LMP_PRC,TH_SP15_GEN-APND,ALL_APNODES,0,25.37788,329
2017-09-17T13:00:00-00:00,2017-09-17T14:00:00-00:00,2017-09-17,7,0,TH_SP15_GEN-APND,TH_SP15_GEN-APND,TH_SP15_GEN-APND,DAM,LMP,LMP_PRC,TH_SP15_GEN-APND,ALL_APNODES,0,29.18687,329
2017-09-17T20:00:00-00:00,2017-09-17T21:00:00-00:00,2017-09-17,14,0,TH_SP15_GEN-APND,TH_SP15_GEN-APND,TH_SP15_GEN-APND,DAM,LMP,LMP_PRC,TH_SP15_GEN-APND,ALL_APNODES,0,18.56449,329
2017-09-18T00:00:00-00:00,2017-09-18T01:00:00-00:00,2017-09-17,18,0,TH_SP15_GEN-APND,TH_SP15_GEN-APND,TH_SP15_GEN-APND,DAM,LMP,LMP_PRC,TH_SP15_GEN-APND,ALL_APNODES,0,35.74271,329
2017-09-17T19:00:00-00:00,2017-09-17T20:00:00-00:00,2017-09-17,13,0,TH_SP15_GEN-APND,TH_SP15_GEN-APND,TH_SP15_GEN-APND,DAM,LMP,LMP_PRC,TH_SP15_GEN-APND,ALL_APNODES,0,17.77767,329
2017-09-18T05:00:00-00:00,2017-09-18T06:00:00-00:00,2017-09-17,23,0,TH_SP15_GEN-APND,TH_SP15_GEN-APND,TH_SP15_GEN-APND,DAM,LMP,LMP_PRC,TH_SP15_GEN-APND,ALL_APNODES,0,31.46233,329
2017-09-18T06:00:00-00:00,2017-09-18T07:00:00-00:00,2017-09-17,24,0,TH_SP15_GEN-APND,TH_SP15_GEN-APND,TH_SP15_GEN-APND,DAM,LMP,LMP_PRC,TH_SP15_GEN-APND,ALL_APNODES,0,29.43614,329
2017-09-18T02:00:00-00:00,2017-09-18T03:00:00-00:00,2017-09-17,20,0,TH_SP15_GEN-APND,TH_SP15_GEN-APND,TH_SP15_GEN-APND,DAM,LMP,LMP_PRC,TH_SP15_GEN-APND,ALL_APNODES,0,53.99708,329
2017-09-18T04:00:00-00:00,2017-09-18T05:00:00-00:00,2017-09-17,22,0,TH_SP15_GEN-APND,TH_SP15_GEN-APND,TH_SP15_GEN-APND,DAM,LMP,LMP_PRC,TH_SP15_GEN-APND,ALL_APNODES,0,35.30122,329
2017-09-17T09:00:00-00:00,2017-09-17T10:00:00-00:00,2017-09-17,3,0,TH_SP15_GEN-APND,TH_SP15_GEN-APND,TH_SP15_GEN-APND,DAM,LMP,LMP_PRC,TH_SP15_GEN-APND,ALL_APNODES,0,29.30699,329
2017-09-17T21:00:00-00:00,2017-09-17T22:00:00-00:00,2017-09-17,15,0,TH_SP15_GEN-APND,TH_SP15_GEN-APND,TH_SP15_GEN-APND,DAM,LMP,LMP_PRC,TH_SP15_GEN-APND,ALL_APNODES,0,19.85723,329
2017-09-17T11:00:00-00:00,2017-09-17T12:00:00-00:00,2017-09-17,5,0,TH_SP15_GEN-APND,TH_SP15_GEN-APND,TH_SP15_GEN-APND,DAM,LMP,LMP_PRC,TH_SP15_GEN-APND,ALL_APNODES,0,27.40779,329
2017-09-17T15:00:00-00:00,2017-09-17T16:00:00-00:00,2017-09-17,9,0,TH_SP15_GEN-APND,TH_SP15_GEN-APND,TH_SP15_GEN-APND,DAM,LMP,LMP_PRC,TH_SP15_GEN-APND,ALL_APNODES,0,18.2743,329
2017-09-17T10:00:00-00:00,2017-09-17T11:00:00-00:00,2017-09-17,4,0,TH_SP15_GEN-APND,TH_SP15_GEN-APND,TH_SP15_GEN-APND,DAM,LMP,LMP_PRC,TH_SP15_GEN-APND,ALL_APNODES,0,28.40618,329
2017-09-17T18:00:00-00:00,2017-09-17T19:00:00-00:00,2017-09-17,12,0,TH_SP15_GEN-APND,TH_SP15_GEN-APND,TH_SP15_GEN-APND,DAM,LMP,LMP_PRC,TH_SP15_GEN-APND,ALL_APNODES,0,15.553,329
2017-09-17T08:00:00-00:00,2017-09-17T09:00:00-00:00,2017-09-17,2,0,TH_SP15_GEN-APND,TH_SP15_GEN-APND,TH_SP15_GEN-APND,DAM,MCC,LMP_CONG_PRC,TH_SP15_GEN-APND,ALL_APNODES,0,0,330
2017-09-17T07:00:00-00:00,2017-09-17T08:00:00-00:00,2017-09-17,1,0,TH_SP15_GEN-APND,TH_SP15_GEN-APND,TH_SP15_GEN-APND,DAM,MCC,LMP_CONG_PRC,TH_SP15_GEN-APND,ALL_APNODES,0,0,330
2017-09-18T05:00:00-00:00,2017-09-18T06:00:00-00:00,2017-09-17,23,0,TH_SP15_GEN-APND,TH_SP15_GEN-APND,TH_SP15_GEN-APND,DAM,MCC,LMP_CONG_PRC,TH_SP15_GEN-APND,ALL_APNODES,0,0,330
2017-09-18T03:00:00-00:00,2017-09-18T04:00:00-00:00,2017-09-17,21,0,TH_SP15_GEN-APND,TH_SP15_GEN-APND,TH_SP15_GEN-APND,DAM,MCC,LMP_CONG_PRC,TH_SP15_GEN-APND,ALL_APNODES,0,0,330
2017-09-17T11:00:00-00:00,2017-09-17T12:00:00-00:00,2017-09-17,5,0,TH_SP15_GEN-APND,TH_SP15_GEN-APND,TH_SP15_GEN-APND,DAM,MCC,LMP_CONG_PRC,TH_SP15_GEN-APND,ALL_APNODES,0,0,330
2017-09-18T04:00:00-00:00,2017-09-18T05:00:00-00:00,2017-09-17,22,0,TH_SP15_GEN-APND,TH_SP15_GEN-APND,TH_SP15_GEN-APND,DAM,MCC,LMP_CONG_PRC,TH_SP15_GEN-APND,ALL_APNODES,0,0,330
2017-09-17T09:00:00-00:00,2017-09-17T10:00:00-00:00,2017-09-17,3,0,TH_SP15_GEN-APND,TH_SP15_GEN-APND,TH_SP15_GEN-APND,DAM,MCC,LMP_CONG_PRC,TH_SP15_GEN-APND,ALL_APNODES,0,0,330
2017-09-17T16:00:00-00:00,2017-09-17T17:00:00-00:00,2017-09-17,10,0,TH_SP15_GEN-APND,TH_SP15_GEN-APND,TH_SP15_GEN-APND,DAM,MCC,LMP_CONG_PRC,TH_SP15_GEN-APND,ALL_APNODES,0,0.04461,330
2017-09-18T00:00:00-00:00,2017-09-18T01:00:00-00:00,2017-09-17,18,0,TH_SP15_GEN-APND,TH_SP15_GEN-APND,TH_SP15_GEN-APND,DAM,MCC,LMP_CONG_PRC,TH_SP15_GEN-APND,ALL_APNODES,0,0,330
2017-09-17T21:00:00-00:00,2017-09-17T22:00:00-00:00,2017-09-17,15,0,TH_SP15_GEN-APND,TH_SP15_GEN-APND,TH_SP15_GEN-APND,DAM,MCC,LMP_CONG_PRC,TH_SP15_GEN-APND,ALL_APNODES,0,0,330
2017-09-17T18:00:00-00:00,2017-09-17T19:00:00-00:00,2017-09-17,12,0,TH_SP15_GEN-APND,TH_SP15_GEN-APND,TH_SP15_GEN-APND,DAM,MCC,LMP_CONG_PRC,TH_SP15_GEN-APND,ALL_APNODES,0,0,330
2017-09-18T06:00:00-00:00,2017-09-18T07:00:00-00:00,2017-09-17,24,0,TH_SP15_GEN-APND,TH_SP15_GEN-APND,TH_SP15_GEN-APND,DAM,MCC,LMP_CONG_PRC,TH_SP15_GEN-APND,ALL_APNODES,0,0,330
2017-09-17T19:00:00-00:00,2017-09-17T20:00:00-00:00,2017-09-17,13,0,TH_SP15_GEN-APND,TH_SP15_GEN-APND,TH_SP15_GEN-APND,DAM,MCC,LMP_CONG_PRC,TH_SP15_GEN-APND,ALL_APNODES,0,0,330
2017-09-18T02:00:00-00:00,2017-09-18T03:00:00-00:00,2017-09-17,20,0,TH_SP15_GEN-APND,TH_SP15_GEN-APND,TH_SP15_GEN-APND,DAM,MCC,LMP_CONG_PRC,TH_SP15_GEN-APND,ALL_APNODES,0,0,330
2017-09-18T01:00:00-00:00,2017-09-18T02:00:00-00:00,2017-09-17,19,0,TH_SP15_GEN-APND,TH_SP15_GEN-APND,TH_SP15_GEN-APND,DAM,MCC,LMP_CONG_PRC,TH_SP15_GEN-APND,ALL_APNODES,0,0,330
2017-09-17T12:00:00-00:00,2017-09-17T13:00:00-00:00,2017-09-17,6,0,TH_SP15_GEN-APND,TH_SP15_GEN-APND,TH_SP15_GEN-APND,DAM,MCC,LMP_CONG_PRC,TH_SP15_GEN-APND,ALL_APNODES,0,0,330
2017-09-17T23:00:00-00:00,2017-09-18T00:00:00-00:00,2017-09-17,17,0,TH_SP15_GEN-APND,TH_SP15_GEN-APND,TH_SP15_GEN-APND,DAM,MCC,LMP_CONG_PRC,TH_SP15_GEN-APND,ALL_APNODES,0,0,330
2017-09-17T17:00:00-00:00,2017-09-17T18:00:00-00:00,2017-09-17,11,0,TH_SP15_GEN-APND,TH_SP15_GEN-APND,TH_SP15_GEN-APND,DAM,MCC,LMP_CONG_PRC,TH_SP15_GEN-APND,ALL_APNODES,0,0,330
2017-09-17T13:00:00-00:00,2017-09-17T14:00:00-00:00,2017-09-17,7,0,TH_SP15_GEN-APND,TH_SP15_GEN-APND,TH_SP15_GEN-APND,DAM,MCC,LMP_CONG_PRC,TH_SP15_GEN-APND,ALL_APNODES,0,0,330
2017-09-17T22:00:00-00:00,2017-09-17T23:00:00-00:00,2017-09-17,16,0,TH_SP15_GEN-APND,TH_SP15_GEN-APND,TH_SP15_GEN-APND,DAM,MCC,LMP_CONG_PRC,TH_SP15_GEN-APND,ALL_APNODES,0,0,330
2017-09-17T15:00:00-00:00,2017-09-17T16:00:00-00:00,2017-09-17,9,0,TH_SP15_GEN-APND,TH_SP15_GEN-APND,TH_SP15_GEN-APND,DAM,MCC,LMP_CONG_PRC,TH_SP15_GEN-APND,ALL_APNODES,0,0,330
2017-09-17T10:00:00-00:00,2017-09-17T11:00:00-00:00,2017-09-17,4,0,TH_SP15_GEN-APND,TH_SP15_GEN-APND,TH_SP15_GEN-APND,DAM,MCC,LMP_CONG_PRC,TH_SP15_GEN-APND,ALL_APNODES,0,0,330
2017-09-17T20:00:00-00:00,2017-09-17T21:00:00-00:00,2017-09-17,14,0,TH_SP15_GEN-APND,TH_SP15_GEN-APND,TH_SP15_GEN-APND,DAM,MCC,LMP_CONG_PRC,TH_SP15_GEN-APND,ALL_APNODES,0,0,330
2017-09-17T14:00:00-00:00,2017-09-17T15:00:00-00:00,2017-09-17,8,0,TH_SP15_GEN-APND,TH_SP15_GEN-APND,TH_SP15_GEN-APND,DAM,MCC,LMP_CONG_PRC,TH_SP15_GEN-APND,ALL_APNODES,0,0,330
2017-09-17T18:00:00-00:00,2017-09-17T19:00:00-00:00,2017-09-17,12,0,TH_SP15_GEN-APND,TH_SP15_GEN-APND,TH_SP15_GEN-APND,DAM,MCE,LMP_ENE_PRC,TH_SP15_GEN-APND,ALL_APNODES,0,16.15392,331
2017-09-18T04:00:00-00:00,2017-09-18T05:00:00-00:00,2017-09-17,22,0,TH_SP15_GEN-APND,TH_SP15_GEN-APND,TH_SP15_GEN-APND,DAM,MCE,LMP_ENE_PRC,TH_SP15_GEN-APND,ALL_APNODES,0,36.2808,331
2017-09-18T06:00:00-00:00,2017-09-18T07:00:00-00:00,2017-09-17,24,0,TH_SP15_GEN-APND,TH_SP15_GEN-APND,TH_SP15_GEN-APND,DAM,MCE,LMP_ENE_PRC,TH_SP15_GEN-APND,ALL_APNODES,0,30.34653,331
2017-09-17T23:00:00-00:00,2017-09-18T00:00:00-00:00,2017-09-17,17,0,TH_SP15_GEN-APND,TH_SP15_GEN-APND,TH_SP15_GEN-APND,DAM,MCE,LMP_ENE_PRC,TH_SP15_GEN-APND,ALL_APNODES,0,27.98316,331
2017-09-18T01:00:00-00:00,2017-09-18T02:00:00-00:00,2017-09-17,19,0,TH_SP15_GEN-APND,TH_SP15_GEN-APND,TH_SP15_GEN-APND,DAM,MCE,LMP_ENE_PRC,TH_SP15_GEN-APND,ALL_APNODES,0,51.01049,331
2017-09-17T20:00:00-00:00,2017-09-17T21:00:00-00:00,2017-09-17,14,0,TH_SP15_GEN-APND,TH_SP15_GEN-APND,TH_SP15_GEN-APND,DAM,MCE,LMP_ENE_PRC,TH_SP15_GEN-APND,ALL_APNODES,0,19.26576,331
2017-09-17T13:00:00-00:00,2017-09-17T14:00:00-00:00,2017-09-17,7,0,TH_SP15_GEN-APND,TH_SP15_GEN-APND,TH_SP15_GEN-APND,DAM,MCE,LMP_ENE_PRC,TH_SP15_GEN-APND,ALL_APNODES,0,29.83732,331
2017-09-18T02:00:00-00:00,2017-09-18T03:00:00-00:00,2017-09-17,20,0,TH_SP15_GEN-APND,TH_SP15_GEN-APND,TH_SP15_GEN-APND,DAM,MCE,LMP_ENE_PRC,TH_SP15_GEN-APND,ALL_APNODES,0,55.78211,331
2017-09-18T00:00:00-00:00,2017-09-18T01:00:00-00:00,2017-09-17,18,0,TH_SP15_GEN-APND,TH_SP15_GEN-APND,TH_SP15_GEN-APND,DAM,MCE,LMP_ENE_PRC,TH_SP15_GEN-APND,ALL_APNODES,0,37.05444,331
2017-09-17T14:00:00-00:00,2017-09-17T15:00:00-00:00,2017-09-17,8,0,TH_SP15_GEN-APND,TH_SP15_GEN-APND,TH_SP15_GEN-APND,DAM,MCE,LMP_ENE_PRC,TH_SP15_GEN-APND,ALL_APNODES,0,26.37032,331
2017-09-17T07:00:00-00:00,2017-09-17T08:00:00-00:00,2017-09-17,1,0,TH_SP15_GEN-APND,TH_SP15_GEN-APND,TH_SP15_GEN-APND,DAM,MCE,LMP_ENE_PRC,TH_SP15_GEN-APND,ALL_APNODES,0,29.20045,331
2017-09-17T08:00:00-00:00,2017-09-17T09:00:00-00:00,2017-09-17,2,0,TH_SP15_GEN-APND,TH_SP15_GEN-APND,TH_SP15_GEN-APND,DAM,MCE,LMP_ENE_PRC,TH_SP15_GEN-APND,ALL_APNODES,0,27.67938,331
2017-09-17T09:00:00-00:00,2017-09-17T10:00:00-00:00,2017-09-17,3,0,TH_SP15_GEN-APND,TH_SP15_GEN-APND,TH_SP15_GEN-APND,DAM,MCE,LMP_ENE_PRC,TH_SP15_GEN-APND,ALL_APNODES,0,30.18849,331
2017-09-17T12:00:00-00:00,2017-09-17T13:00:00-00:00,2017-09-17,6,0,TH_SP15_GEN-APND,TH_SP15_GEN-APND,TH_SP15_GEN-APND,DAM,MCE,LMP_ENE_PRC,TH_SP15_GEN-APND,ALL_APNODES,0,29.15556,331
2017-09-18T03:00:00-00:00,2017-09-18T04:00:00-00:00,2017-09-17,21,0,TH_SP15_GEN-APND,TH_SP15_GEN-APND,TH_SP15_GEN-APND,DAM,MCE,LMP_ENE_PRC,TH_SP15_GEN-APND,ALL_APNODES,0,47.61205,331
2017-09-17T15:00:00-00:00,2017-09-17T16:00:00-00:00,2017-09-17,9,0,TH_SP15_GEN-APND,TH_SP15_GEN-APND,TH_SP15_GEN-APND,DAM,MCE,LMP_ENE_PRC,TH_SP15_GEN-APND,ALL_APNODES,0,18.89207,331
2017-09-17T17:00:00-00:00,2017-09-17T18:00:00-00:00,2017-09-17,11,0,TH_SP15_GEN-APND,TH_SP15_GEN-APND,TH_SP15_GEN-APND,DAM,MCE,LMP_ENE_PRC,TH_SP15_GEN-APND,ALL_APNODES,0,14.21753,331
2017-09-17T19:00:00-00:00,2017-09-17T20:00:00-00:00,2017-09-17,13,0,TH_SP15_GEN-APND,TH_SP15_GEN-APND,TH_SP15_GEN-APND,DAM,MCE,LMP_ENE_PRC,TH_SP15_GEN-APND,ALL_APNODES,0,18.46264,331
2017-09-17T10:00:00-00:00,2017-09-17T11:00:00-00:00,2017-09-17,4,0,TH_SP15_GEN-APND,TH_SP15_GEN-APND,TH_SP15_GEN-APND,DAM,MCE,LMP_ENE_PRC,TH_SP15_GEN-APND,ALL_APNODES,0,29.21244,331
2017-09-18T05:00:00-00:00,2017-09-18T06:00:00-00:00,2017-09-17,23,0,TH_SP15_GEN-APND,TH_SP15_GEN-APND,TH_SP15_GEN-APND,DAM,MCE,LMP_ENE_PRC,TH_SP15_GEN-APND,ALL_APNODES,0,32.46887,331
2017-09-17T16:00:00-00:00,2017-09-17T17:00:00-00:00,2017-09-17,10,0,TH_SP15_GEN-APND,TH_SP15_GEN-APND,TH_SP15_GEN-APND,DAM,MCE,LMP_ENE_PRC,TH_SP15_GEN-APND,ALL_APNODES,0,15.12468,331
2017-09-17T22:00:00-00:00,2017-09-17T23:00:00-00:00,2017-09-17,16,0,TH_SP15_GEN-APND,TH_SP15_GEN-APND,TH_SP15_GEN-APND,DAM,MCE,LMP_ENE_PRC,TH_SP15_GEN-APND,ALL_APNODES,0,26.36115,331
2017-09-17T11:00:00-00:00,2017-09-17T12:00:00-00:00,2017-09-17,5,0,TH_SP15_GEN-APND,TH_SP15_GEN-APND,TH_SP15_GEN-APND,DAM,MCE,LMP_ENE_PRC,TH_SP15_GEN-APND,ALL_APNODES,0,28.13942,331
2017-09-17T21:00:00-00:00,2017-09-17T22:00:00-00:00,2017-09-17,15,0,TH_SP15_GEN-APND,TH_SP15_GEN-APND,TH_SP15_GEN-APND,DAM,MCE,LMP_ENE_PRC,TH_SP15_GEN-APND,ALL_APNODES,0,20.69108,331
2017-09-17T08:00:00-00:00,2017-09-17T09:00:00-00:00,2017-09-17,2,0,TH_SP15_GEN-APND,TH_SP15_GEN-APND,TH_SP15_GEN-APND,DAM,MCL,LMP_LOSS_PRC,TH_SP15_GEN-APND,ALL_APNODES,0,-0.78333,332
2017-09-17T23:00:00-00:00,2017-09-18T00:00:00-00:00,2017-09-17,17,0,TH_SP15_GEN-APND,TH_SP15_GEN-APND,TH_SP15_GEN-APND,DAM,MCL,LMP_LOSS_PRC,TH_SP15_GEN-APND,ALL_APNODES,0,-1.10533,332
2017-09-18T06:00:00-00:00,2017-09-18T07:00:00-00:00,2017-09-17,24,0,TH_SP15_GEN-APND,TH_SP15_GEN-APND,TH_SP15_GEN-APND,DAM,MCL,LMP_LOSS_PRC,TH_SP15_GEN-APND,ALL_APNODES,0,-0.9104,332
2017-09-18T05:00:00-00:00,2017-09-18T06:00:00-00:00,2017-09-17,23,0,TH_SP15_GEN-APND,TH_SP15_GEN-APND,TH_SP15_GEN-APND,DAM,MCL,LMP_LOSS_PRC,TH_SP15_GEN-APND,ALL_APNODES,0,-1.00653,332
2017-09-17T07:00:00-00:00,2017-09-17T08:00:00-00:00,2017-09-17,1,0,TH_SP15_GEN-APND,TH_SP15_GEN-APND,TH_SP15_GEN-APND,DAM,MCL,LMP_LOSS_PRC,TH_SP15_GEN-APND,ALL_APNODES,0,-0.88769,332
2017-09-17T18:00:00-00:00,2017-09-17T19:00:00-00:00,2017-09-17,12,0,TH_SP15_GEN-APND,TH_SP15_GEN-APND,TH_SP15_GEN-APND,DAM,MCL,LMP_LOSS_PRC,TH_SP15_GEN-APND,ALL_APNODES,0,-0.60093,332
2017-09-17T21:00:00-00:00,2017-09-17T22:00:00-00:00,2017-09-17,15,0,TH_SP15_GEN-APND,TH_SP15_GEN-APND,TH_SP15_GEN-APND,DAM,MCL,LMP_LOSS_PRC,TH_SP15_GEN-APND,ALL_APNODES,0,-0.83385,332
2017-09-17T10:00:00-00:00,2017-09-17T11:00:00-00:00,2017-09-17,4,0,TH_SP15_GEN-APND,TH_SP15_GEN-APND,TH_SP15_GEN-APND,DAM,MCL,LMP_LOSS_PRC,TH_SP15_GEN-APND,ALL_APNODES,0,-0.80626,332
2017-09-18T01:00:00-00:00,2017-09-18T02:00:00-00:00,2017-09-17,19,0,TH_SP15_GEN-APND,TH_SP15_GEN-APND,TH_SP15_GEN-APND,DAM,MCL,LMP_LOSS_PRC,TH_SP15_GEN-APND,ALL_APNODES,0,-1.65784,332
2017-09-18T02:00:00-00:00,2017-09-18T03:00:00-00:00,2017-09-17,20,0,TH_SP15_GEN-APND,TH_SP15_GEN-APND,TH_SP15_GEN-APND,DAM,MCL,LMP_LOSS_PRC,TH_SP15_GEN-APND,ALL_APNODES,0,-1.78503,332
2017-09-17T20:00:00-00:00,2017-09-17T21:00:00-00:00,2017-09-17,14,0,TH_SP15_GEN-APND,TH_SP15_GEN-APND,TH_SP15_GEN-APND,DAM,MCL,LMP_LOSS_PRC,TH_SP15_GEN-APND,ALL_APNODES,0,-0.70127,332
2017-09-18T04:00:00-00:00,2017-09-18T05:00:00-00:00,2017-09-17,22,0,TH_SP15_GEN-APND,TH_SP15_GEN-APND,TH_SP15_GEN-APND,DAM,MCL,LMP_LOSS_PRC,TH_SP15_GEN-APND,ALL_APNODES,0,-0.97958,332
2017-09-17T22:00:00-00:00,2017-09-17T23:00:00-00:00,2017-09-17,16,0,TH_SP15_GEN-APND,TH_SP15_GEN-APND,TH_SP15_GEN-APND,DAM,MCL,LMP_LOSS_PRC,TH_SP15_GEN-APND,ALL_APNODES,0,-0.98327,332
2017-09-17T13:00:00-00:00,2017-09-17T14:00:00-00:00,2017-09-17,7,0,TH_SP15_GEN-APND,TH_SP15_GEN-APND,TH_SP15_GEN-APND,DAM,MCL,LMP_LOSS_PRC,TH_SP15_GEN-APND,ALL_APNODES,0,-0.65045,332
2017-09-17T15:00:00-00:00,2017-09-17T16:00:00-00:00,2017-09-17,9,0,TH_SP15_GEN-APND,TH_SP15_GEN-APND,TH_SP15_GEN-APND,DAM,MCL,LMP_LOSS_PRC,TH_SP15_GEN-APND,ALL_APNODES,0,-0.61777,332
2017-09-17T16:00:00-00:00,2017-09-17T17:00:00-00:00,2017-09-17,10,0,TH_SP15_GEN-APND,TH_SP15_GEN-APND,TH_SP15_GEN-APND,DAM,MCL,LMP_LOSS_PRC,TH_SP15_GEN-APND,ALL_APNODES,0,-0.53844,332
2017-09-17T19:00:00-00:00,2017-09-17T20:00:00-00:00,2017-09-17,13,0,TH_SP15_GEN-APND,TH_SP15_GEN-APND,TH_SP15_GEN-APND,DAM,MCL,LMP_LOSS_PRC,TH_SP15_GEN-APND,ALL_APNODES,0,-0.68496,332
2017-09-18T00:00:00-00:00,2017-09-18T01:00:00-00:00,2017-09-17,18,0,TH_SP15_GEN-APND,TH_SP15_GEN-APND,TH_SP15_GEN-APND,DAM,MCL,LMP_LOSS_PRC,TH_SP15_GEN-APND,ALL_APNODES,0,-1.31173,332
2017-09-17T09:00:00-00:00,2017-09-17T10:00:00-00:00,2017-09-17,3,0,TH_SP15_GEN-APND,TH_SP15_GEN-APND,TH_SP15_GEN-APND,DAM,MCL,LMP_LOSS_PRC,TH_SP15_GEN-APND,ALL_APNODES,0,-0.8815,332
2017-09-17T11:00:00-00:00,2017-09-17T12:00:00-00:00,2017-09-17,5,0,TH_SP15_GEN-APND,TH_SP15_GEN-APND,TH_SP15_GEN-APND,DAM,MCL,LMP_LOSS_PRC,TH_SP15_GEN-APND,ALL_APNODES,0,-0.73162,332
2017-09-17T14:00:00-00:00,2017-09-17T15:00:00-00:00,2017-09-17,8,0,TH_SP15_GEN-APND,TH_SP15_GEN-APND,TH_SP15_GEN-APND,DAM,MCL,LMP_LOSS_PRC,TH_SP15_GEN-APND,ALL_APNODES,0,-0.65135,332
2017-09-17T12:00:00-00:00,2017-09-17T13:00:00-00:00,2017-09-17,6,0,TH_SP15_GEN-APND,TH_SP15_GEN-APND,TH_SP15_GEN-APND,DAM,MCL,LMP_LOSS_PRC,TH_SP15_GEN-APND,ALL_APNODES,0,-0.69973,332
2017-09-17T17:00:00-00:00,2017-09-17T18:00:00-00:00,2017-09-17,11,0,TH_SP15_GEN-APND,TH_SP15_GEN-APND,TH_SP15_GEN-APND,DAM,MCL,LMP_LOSS_PRC,TH_SP15_GEN-APND,ALL_APNODES,0,-0.52747,332
2017-09-18T03:00:00-00:00,2017-09-18T04:00:00-00:00,2017-09-17,21,0,TH_SP15_GEN-APND,TH_SP15_GEN-APND,TH_SP15_GEN-APND,DAM,MCL,LMP_LOSS_PRC,TH_SP15_GEN-APND,ALL_APNODES,0,-1.43788,332
2017-09-17T08:00:00-00:00,2017-09-17T09:00:00-00:00,2017-09-17,2,0,TH_ZP26_GEN-APND,TH_ZP26_GEN-APND,TH_ZP26_GEN-APND,DAM,LMP,LMP_PRC,TH_ZP26_GEN-APND,ALL_APNODES,0,26.9099,333
2017-09-17T18:00:00-00:00,2017-09-17T19:00:00-00:00,2017-09-17,12,0,TH_ZP26_GEN-APND,TH_ZP26_GEN-APND,TH_ZP26_GEN-APND,DAM,LMP,LMP_PRC,TH_ZP26_GEN-APND,ALL_APNODES,0,15.45931,333
2017-09-18T03:00:00-00:00,2017-09-18T04:00:00-00:00,2017-09-17,21,0,TH_ZP26_GEN-APND,TH_ZP26_GEN-APND,TH_ZP26_GEN-APND,DAM,LMP,LMP_PRC,TH_ZP26_GEN-APND,ALL_APNODES,0,45.93134,333
2017-09-17T11:00:00-00:00,2017-09-17T12:00:00-00:00,2017-09-17,5,0,TH_ZP26_GEN-APND,TH_ZP26_GEN-APND,TH_ZP26_GEN-APND,DAM,LMP,LMP_PRC,TH_ZP26_GEN-APND,ALL_APNODES,0,27.32337,333
2017-09-18T01:00:00-00:00,2017-09-18T02:00:00-00:00,2017-09-17,19,0,TH_ZP26_GEN-APND,TH_ZP26_GEN-APND,TH_ZP26_GEN-APND,DAM,LMP,LMP_PRC,TH_ZP26_GEN-APND,ALL_APNODES,0,49.1027,333
2017-09-18T04:00:00-00:00,2017-09-18T05:00:00-00:00,2017-09-17,22,0,TH_ZP26_GEN-APND,TH_ZP26_GEN-APND,TH_ZP26_GEN-APND,DAM,LMP,LMP_PRC,TH_ZP26_GEN-APND,ALL_APNODES,0,35.04,333
2017-09-17T14:00:00-00:00,2017-09-17T15:00:00-00:00,2017-09-17,8,0,TH_ZP26_GEN-APND,TH_ZP26_GEN-APND,TH_ZP26_GEN-APND,DAM,LMP,LMP_PRC,TH_ZP26_GEN-APND,ALL_APNODES,0,25.58713,333
2017-09-17T13:00:00-00:00,2017-09-17T14:00:00-00:00,2017-09-17,7,0,TH_ZP26_GEN-APND,TH_ZP26_GEN-APND,TH_ZP26_GEN-APND,DAM,LMP,LMP_PRC,TH_ZP26_GEN-APND,ALL_APNODES,0,28.96309,333
2017-09-18T02:00:00-00:00,2017-09-18T03:00:00-00:00,2017-09-17,20,0,TH_ZP26_GEN-APND,TH_ZP26_GEN-APND,TH_ZP26_GEN-APND,DAM,LMP,LMP_PRC,TH_ZP26_GEN-APND,ALL_APNODES,0,53.813,333
2017-09-17T09:00:00-00:00,2017-09-17T10:00:00-00:00,2017-09-17,3,0,TH_ZP26_GEN-APND,TH_ZP26_GEN-APND,TH_ZP26_GEN-APND,DAM,LMP,LMP_PRC,TH_ZP26_GEN-APND,ALL_APNODES,0,29.31302,333
2017-09-17T10:00:00-00:00,2017-09-17T11:00:00-00:00,2017-09-17,4,0,TH_ZP26_GEN-APND,TH_ZP26_GEN-APND,TH_ZP26_GEN-APND,DAM,LMP,LMP_PRC,TH_ZP26_GEN-APND,ALL_APNODES,0,28.36236,333
2017-09-17T23:00:00-00:00,2017-09-18T00:00:00-00:00,2017-09-17,17,0,TH_ZP26_GEN-APND,TH_ZP26_GEN-APND,TH_ZP26_GEN-APND,DAM,LMP,LMP_PRC,TH_ZP26_GEN-APND,ALL_APNODES,0,26.79667,333
2017-09-17T21:00:00-00:00,2017-09-17T22:00:00-00:00,2017-09-17,15,0,TH_ZP26_GEN-APND,TH_ZP26_GEN-APND,TH_ZP26_GEN-APND,DAM,LMP,LMP_PRC,TH_ZP26_GEN-APND,ALL_APNODES,0,19.79723,333
2017-09-17T19:00:00-00:00,2017-09-17T20:00:00-00:00,2017-09-17,13,0,TH_ZP26_GEN-APND,TH_ZP26_GEN-APND,TH_ZP26_GEN-APND,DAM,LMP,LMP_PRC,TH_ZP26_GEN-APND,ALL_APNODES,0,17.69274,333
2017-09-17T17:00:00-00:00,2017-09-17T18:00:00-00:00,2017-09-17,11,0,TH_ZP26_GEN-APND,TH_ZP26_GEN-APND,TH_ZP26_GEN-APND,DAM,LMP,LMP_PRC,TH_ZP26_GEN-APND,ALL_APNODES,0,13.6275,333
2017-09-18T05:00:00-00:00,2017-09-18T06:00:00-00:00,2017-09-17,23,0,TH_ZP26_GEN-APND,TH_ZP26_GEN-APND,TH_ZP26_GEN-APND,DAM,LMP,LMP_PRC,TH_ZP26_GEN-APND,ALL_APNODES,0,31.43311,333
2017-09-18T00:00:00-00:00,2017-09-18T01:00:00-00:00,2017-09-17,18,0,TH_ZP26_GEN-APND,TH_ZP26_GEN-APND,TH_ZP26_GEN-APND,DAM,LMP,LMP_PRC,TH_ZP26_GEN-APND,ALL_APNODES,0,35.50186,333
2017-09-17T12:00:00-00:00,2017-09-17T13:00:00-00:00,2017-09-17,6,0,TH_ZP26_GEN-APND,TH_ZP26_GEN-APND,TH_ZP26_GEN-APND,DAM,LMP,LMP_PRC,TH_ZP26_GEN-APND,ALL_APNODES,0,28.28964,333
2017-09-17T07:00:00-00:00,2017-09-17T08:00:00-00:00,2017-09-17,1,0,TH_ZP26_GEN-APND,TH_ZP26_GEN-APND,TH_ZP26_GEN-APND,DAM,LMP,LMP_PRC,TH_ZP26_GEN-APND,ALL_APNODES,0,28.39452,333
2017-09-17T16:00:00-00:00,2017-09-17T17:00:00-00:00,2017-09-17,10,0,TH_ZP26_GEN-APND,TH_ZP26_GEN-APND,TH_ZP26_GEN-APND,DAM,LMP,LMP_PRC,TH_ZP26_GEN-APND,ALL_APNODES,0,14.47378,333
2017-09-17T22:00:00-00:00,2017-09-17T23:00:00-00:00,2017-09-17,16,0,TH_ZP26_GEN-APND,TH_ZP26_GEN-APND,TH_ZP26_GEN-APND,DAM,LMP,LMP_PRC,TH_ZP26_GEN-APND,ALL_APNODES,0,25.2118,333
2017-09-17T20:00:00-00:00,2017-09-17T21:00:00-00:00,2017-09-17,14,0,TH_ZP26_GEN-APND,TH_ZP26_GEN-APND,TH_ZP26_GEN-APND,DAM,LMP,LMP_PRC,TH_ZP26_GEN-APND,ALL_APNODES,0,18.47201,333
2017-09-18T06:00:00-00:00,2017-09-18T07:00:00-00:00,2017-09-17,24,0,TH_ZP26_GEN-APND,TH_ZP26_GEN-APND,TH_ZP26_GEN-APND,DAM,LMP,LMP_PRC,TH_ZP26_GEN-APND,ALL_APNODES,0,29.41793,333
2017-09-17T15:00:00-00:00,2017-09-17T16:00:00-00:00,2017-09-17,9,0,TH_ZP26_GEN-APND,TH_ZP26_GEN-APND,TH_ZP26_GEN-APND,DAM,LMP,LMP_PRC,TH_ZP26_GEN-APND,ALL_APNODES,0,18.21196,333
2017-09-17T15:00:00-00:00,2017-09-17T16:00:00-00:00,2017-09-17,9,0,TH_ZP26_GEN-APND,TH_ZP26_GEN-APND,TH_ZP26_GEN-APND,DAM,MCC,LMP_CONG_PRC,TH_ZP26_GEN-APND,ALL_APNODES,0,0,334
2017-09-17T12:00:00-00:00,2017-09-17T13:00:00-00:00,2017-09-17,6,0,TH_ZP26_GEN-APND,TH_ZP26_GEN-APND,TH_ZP26_GEN-APND,DAM,MCC,LMP_CONG_PRC,TH_ZP26_GEN-APND,ALL_APNODES,0,0,334
2017-09-17T10:00:00-00:00,2017-09-17T11:00:00-00:00,2017-09-17,4,0,TH_ZP26_GEN-APND,TH_ZP26_GEN-APND,TH_ZP26_GEN-APND,DAM,MCC,LMP_CONG_PRC,TH_ZP26_GEN-APND,ALL_APNODES,0,0,334
2017-09-18T00:00:00-00:00,2017-09-18T01:00:00-00:00,2017-09-17,18,0,TH_ZP26_GEN-APND,TH_ZP26_GEN-APND,TH_ZP26_GEN-APND,DAM,MCC,LMP_CONG_PRC,TH_ZP26_GEN-APND,ALL_APNODES,0,0,334
2017-09-18T03:00:00-00:00,2017-09-18T04:00:00-00:00,2017-09-17,21,0,TH_ZP26_GEN-APND,TH_ZP26_GEN-APND,TH_ZP26_GEN-APND,DAM,MCC,LMP_CONG_PRC,TH_ZP26_GEN-APND,ALL_APNODES,0,0,334
2017-09-17T07:00:00-00:00,2017-09-17T08:00:00-00:00,2017-09-17,1,0,TH_ZP26_GEN-APND,TH_ZP26_GEN-APND,TH_ZP26_GEN-APND,DAM,MCC,LMP_CONG_PRC,TH_ZP26_GEN-APND,ALL_APNODES,0,0,334
2017-09-18T01:00:00-00:00,2017-09-18T02:00:00-00:00,2017-09-17,19,0,TH_ZP26_GEN-APND,TH_ZP26_GEN-APND,TH_ZP26_GEN-APND,DAM,MCC,LMP_CONG_PRC,TH_ZP26_GEN-APND,ALL_APNODES,0,0,334
2017-09-17T19:00:00-00:00,2017-09-17T20:00:00-00:00,2017-09-17,13,0,TH_ZP26_GEN-APND,TH_ZP26_GEN-APND,TH_ZP26_GEN-APND,DAM,MCC,LMP_CONG_PRC,TH_ZP26_GEN-APND,ALL_APNODES,0,0,334
2017-09-17T18:00:00-00:00,2017-09-17T19:00:00-00:00,2017-09-17,12,0,TH_ZP26_GEN-APND,TH_ZP26_GEN-APND,TH_ZP26_GEN-APND,DAM,MCC,LMP_CONG_PRC,TH_ZP26_GEN-APND,ALL_APNODES,0,0,334
2017-09-18T06:00:00-00:00,2017-09-18T07:00:00-00:00,2017-09-17,24,0,TH_ZP26_GEN-APND,TH_ZP26_GEN-APND,TH_ZP26_GEN-APND,DAM,MCC,LMP_CONG_PRC,TH_ZP26_GEN-APND,ALL_APNODES,0,0,334
2017-09-17T09:00:00-00:00,2017-09-17T10:00:00-00:00,2017-09-17,3,0,TH_ZP26_GEN-APND,TH_ZP26_GEN-APND,TH_ZP26_GEN-APND,DAM,MCC,LMP_CONG_PRC,TH_ZP26_GEN-APND,ALL_APNODES,0,0,334
2017-09-17T20:00:00-00:00,2017-09-17T21:00:00-00:00,2017-09-17,14,0,TH_ZP26_GEN-APND,TH_ZP26_GEN-APND,TH_ZP26_GEN-APND,DAM,MCC,LMP_CONG_PRC,TH_ZP26_GEN-APND,ALL_APNODES,0,0,334
2017-09-17T14:00:00-00:00,2017-09-17T15:00:00-00:00,2017-09-17,8,0,TH_ZP26_GEN-APND,TH_ZP26_GEN-APND,TH_ZP26_GEN-APND,DAM,MCC,LMP_CONG_PRC,TH_ZP26_GEN-APND,ALL_APNODES,0,0,334
2017-09-17T13:00:00-00:00,2017-09-17T14:00:00-00:00,2017-09-17,7,0,TH_ZP26_GEN-APND,TH_ZP26_GEN-APND,TH_ZP26_GEN-APND,DAM,MCC,LMP_CONG_PRC,TH_ZP26_GEN-APND,ALL_APNODES,0,0,334
2017-09-17T11:00:00-00:00,2017-09-17T12:00:00-00:00,2017-09-17,5,0,TH_ZP26_GEN-APND,TH_ZP26_GEN-APND,TH_ZP26_GEN-APND,DAM,MCC,LMP_CONG_PRC,TH_ZP26_GEN-APND,ALL_APNODES,0,0,334
2017-09-17T22:00:00-00:00,2017-09-17T23:00:00-00:00,2017-09-17,16,0,TH_ZP26_GEN-APND,TH_ZP26_GEN-APND,TH_ZP26_GEN-APND,DAM,MCC,LMP_CONG_PRC,TH_ZP26_GEN-APND,ALL_APNODES,0,0,334
2017-09-17T17:00:00-00:00,2017-09-17T18:00:00-00:00,2017-09-17,11,0,TH_ZP26_GEN-APND,TH_ZP26_GEN-APND,TH_ZP26_GEN-APND,DAM,MCC,LMP_CONG_PRC,TH_ZP26_GEN-APND,ALL_APNODES,0,0,334
2017-09-17T23:00:00-00:00,2017-09-18T00:00:00-00:00,2017-09-17,17,0,TH_ZP26_GEN-APND,TH_ZP26_GEN-APND,TH_ZP26_GEN-APND,DAM,MCC,LMP_CONG_PRC,TH_ZP26_GEN-APND,ALL_APNODES,0,0,334
2017-09-17T16:00:00-00:00,2017-09-17T17:00:00-00:00,2017-09-17,10,0,TH_ZP26_GEN-APND,TH_ZP26_GEN-APND,TH_ZP26_GEN-APND,DAM,MCC,LMP_CONG_PRC,TH_ZP26_GEN-APND,ALL_APNODES,0,-0.04592,334
2017-09-18T02:00:00-00:00,2017-09-18T03:00:00-00:00,2017-09-17,20,0,TH_ZP26_GEN-APND,TH_ZP26_GEN-APND,TH_ZP26_GEN-APND,DAM,MCC,LMP_CONG_PRC,TH_ZP26_GEN-APND,ALL_APNODES,0,0,334
2017-09-17T08:00:00-00:00,2017-09-17T09:00:00-00:00,2017-09-17,2,0,TH_ZP26_GEN-APND,TH_ZP26_GEN-APND,TH_ZP26_GEN-APND,DAM,MCC,LMP_CONG_PRC,TH_ZP26_GEN-APND,ALL_APNODES,0,0,334
2017-09-18T04:00:00-00:00,2017-09-18T05:00:00-00:00,2017-09-17,22,0,TH_ZP26_GEN-APND,TH_ZP26_GEN-APND,TH_ZP26_GEN-APND,DAM,MCC,LMP_CONG_PRC,TH_ZP26_GEN-APND,ALL_APNODES,0,0,334
2017-09-17T21:00:00-00:00,2017-09-17T22:00:00-00:00,2017-09-17,15,0,TH_ZP26_GEN-APND,TH_ZP26_GEN-APND,TH_ZP26_GEN-APND,DAM,MCC,LMP_CONG_PRC,TH_ZP26_GEN-APND,ALL_APNODES,0,0,334
2017-09-18T05:00:00-00:00,2017-09-18T06:00:00-00:00,2017-09-17,23,0,TH_ZP26_GEN-APND,TH_ZP26_GEN-APND,TH_ZP26_GEN-APND,DAM,MCC,LMP_CONG_PRC,TH_ZP26_GEN-APND,ALL_APNODES,0,0,334
2017-09-17T20:00:00-00:00,2017-09-17T21:00:00-00:00,2017-09-17,14,0,TH_ZP26_GEN-APND,TH_ZP26_GEN-APND,TH_ZP26_GEN-APND,DAM,MCE,LMP_ENE_PRC,TH_ZP26_GEN-APND,ALL_APNODES,0,19.26576,335
2017-09-18T01:00:00-00:00,2017-09-18T02:00:00-00:00,2017-09-17,19,0,TH_ZP26_GEN-APND,TH_ZP26_GEN-APND,TH_ZP26_GEN-APND,DAM,MCE,LMP_ENE_PRC,TH_ZP26_GEN-APND,ALL_APNODES,0,51.01049,335
2017-09-17T07:00:00-00:00,2017-09-17T08:00:00-00:00,2017-09-17,1,0,TH_ZP26_GEN-APND,TH_ZP26_GEN-APND,TH_ZP26_GEN-APND,DAM,MCE,LMP_ENE_PRC,TH_ZP26_GEN-APND,ALL_APNODES,0,29.20045,335
2017-09-18T02:00:00-00:00,2017-09-18T03:00:00-00:00,2017-09-17,20,0,TH_ZP26_GEN-APND,TH_ZP26_GEN-APND,TH_ZP26_GEN-APND,DAM,MCE,LMP_ENE_PRC,TH_ZP26_GEN-APND,ALL_APNODES,0,55.78211,335
2017-09-17T17:00:00-00:00,2017-09-17T18:00:00-00:00,2017-09-17,11,0,TH_ZP26_GEN-APND,TH_ZP26_GEN-APND,TH_ZP26_GEN-APND,DAM,MCE,LMP_ENE_PRC,TH_ZP26_GEN-APND,ALL_APNODES,0,14.21753,335
2017-09-18T06:00:00-00:00,2017-09-18T07:00:00-00:00,2017-09-17,24,0,TH_ZP26_GEN-APND,TH_ZP26_GEN-APND,TH_ZP26_GEN-APND,DAM,MCE,LMP_ENE_PRC,TH_ZP26_GEN-APND,ALL_APNODES,0,30.34653,335
2017-09-17T18:00:00-00:00,2017-09-17T19:00:00-00:00,2017-09-17,12,0,TH_ZP26_GEN-APND,TH_ZP26_GEN-APND,TH_ZP26_GEN-APND,DAM,MCE,LMP_ENE_PRC,TH_ZP26_GEN-APND,ALL_APNODES,0,16.15392,335
2017-09-17T21:00:00-00:00,2017-09-17T22:00:00-00:00,2017-09-17,15,0,TH_ZP26_GEN-APND,TH_ZP26_GEN-APND,TH_ZP26_GEN-APND,DAM,MCE,LMP_ENE_PRC,TH_ZP26_GEN-APND,ALL_APNODES,0,20.69108,335
2017-09-17T23:00:00-00:00,2017-09-18T00:00:00-00:00,2017-09-17,17,0,TH_ZP26_GEN-APND,TH_ZP26_GEN-APND,TH_ZP26_GEN-APND,DAM,MCE,LMP_ENE_PRC,TH_ZP26_GEN-APND,ALL_APNODES,0,27.98316,335
2017-09-17T08:00:00-00:00,2017-09-17T09:00:00-00:00,2017-09-17,2,0,TH_ZP26_GEN-APND,TH_ZP26_GEN-APND,TH_ZP26_GEN-APND,DAM,MCE,LMP_ENE_PRC,TH_ZP26_GEN-APND,ALL_APNODES,0,27.67938,335
2017-09-17T12:00:00-00:00,2017-09-17T13:00:00-00:00,2017-09-17,6,0,TH_ZP26_GEN-APND,TH_ZP26_GEN-APND,TH_ZP26_GEN-APND,DAM,MCE,LMP_ENE_PRC,TH_ZP26_GEN-APND,ALL_APNODES,0,29.15556,335
2017-09-17T13:00:00-00:00,2017-09-17T14:00:00-00:00,2017-09-17,7,0,TH_ZP26_GEN-APND,TH_ZP26_GEN-APND,TH_ZP26_GEN-APND,DAM,MCE,LMP_ENE_PRC,TH_ZP26_GEN-APND,ALL_APNODES,0,29.83732,335
2017-09-18T05:00:00-00:00,2017-09-18T06:00:00-00:00,2017-09-17,23,0,TH_ZP26_GEN-APND,TH_ZP26_GEN-APND,TH_ZP26_GEN-APND,DAM,MCE,LMP_ENE_PRC,TH_ZP26_GEN-APND,ALL_APNODES,0,32.46887,335
2017-09-17T11:00:00-00:00,2017-09-17T12:00:00-00:00,2017-09-17,5,0,TH_ZP26_GEN-APND,TH_ZP26_GEN-APND,TH_ZP26_GEN-APND,DAM,MCE,LMP_ENE_PRC,TH_ZP26_GEN-APND,ALL_APNODES,0,28.13942,335
2017-09-18T04:00:00-00:00,2017-09-18T05:00:00-00:00,2017-09-17,22,0,TH_ZP26_GEN-APND,TH_ZP26_GEN-APND,TH_ZP26_GEN-APND,DAM,MCE,LMP_ENE_PRC,TH_ZP26_GEN-APND,ALL_APNODES,0,36.2808,335
2017-09-17T15:00:00-00:00,2017-09-17T16:00:00-00:00,2017-09-17,9,0,TH_ZP26_GEN-APND,TH_ZP26_GEN-APND,TH_ZP26_GEN-APND,DAM,MCE,LMP_ENE_PRC,TH_ZP26_GEN-APND,ALL_APNODES,0,18.89207,335
2017-09-18T00:00:00-00:00,2017-09-18T01:00:00-00:00,2017-09-17,18,0,TH_ZP26_GEN-APND,TH_ZP26_GEN-APND,TH_ZP26_GEN-APND,DAM,MCE,LMP_ENE_PRC,TH_ZP26_GEN-APND,ALL_APNODES,0,37.05444,335
2017-09-17T09:00:00-00:00,2017-09-17T10:00:00-00:00,2017-09-17,3,0,TH_ZP26_GEN-APND,TH_ZP26_GEN-APND,TH_ZP26_GEN-APND,DAM,MCE,LMP_ENE_PRC,TH_ZP26_GEN-APND,ALL_APNODES,0,30.18849,335
2017-09-18T03:00:00-00:00,2017-09-18T04:00:00-00:00,2017-09-17,21,0,TH_ZP26_GEN-APND,TH_ZP26_GEN-APND,TH_ZP26_GEN-APND,DAM,MCE,LMP_ENE_PRC,TH_ZP26_GEN-APND,ALL_APNODES,0,47.61205,335
2017-09-17T16:00:00-00:00,2017-09-17T17:00:00-00:00,2017-09-17,10,0,TH_ZP26_GEN-APND,TH_ZP26_GEN-APND,TH_ZP26_GEN-APND,DAM,MCE,LMP_ENE_PRC,TH_ZP26_GEN-APND,ALL_APNODES,0,15.12468,335
2017-09-17T19:00:00-00:00,2017-09-17T20:00:00-00:00,2017-09-17,13,0,TH_ZP26_GEN-APND,TH_ZP26_GEN-APND,TH_ZP26_GEN-APND,DAM,MCE,LMP_ENE_PRC,TH_ZP26_GEN-APND,ALL_APNODES,0,18.46264,335
2017-09-17T22:00:00-00:00,2017-09-17T23:00:00-00:00,2017-09-17,16,0,TH_ZP26_GEN-APND,TH_ZP26_GEN-APND,TH_ZP26_GEN-APND,DAM,MCE,LMP_ENE_PRC,TH_ZP26_GEN-APND,ALL_APNODES,0,26.36115,335
2017-09-17T10:00:00-00:00,2017-09-17T11:00:00-00:00,2017-09-17,4,0,TH_ZP26_GEN-APND,TH_ZP26_GEN-APND,TH_ZP26_GEN-APND,DAM,MCE,LMP_ENE_PRC,TH_ZP26_GEN-APND,ALL_APNODES,0,29.21244,335
2017-09-17T14:00:00-00:00,2017-09-17T15:00:00-00:00,2017-09-17,8,0,TH_ZP26_GEN-APND,TH_ZP26_GEN-APND,TH_ZP26_GEN-APND,DAM,MCE,LMP_ENE_PRC,TH_ZP26_GEN-APND,ALL_APNODES,0,26.37032,335
2017-09-17T21:00:00-00:00,2017-09-17T22:00:00-00:00,2017-09-17,15,0,TH_ZP26_GEN-APND,TH_ZP26_GEN-APND,TH_ZP26_GEN-APND,DAM,MCL,LMP_LOSS_PRC,TH_ZP26_GEN-APND,ALL_APNODES,0,-0.89385,336
2017-09-17T17:00:00-00:00,2017-09-17T18:00:00-00:00,2017-09-17,11,0,TH_ZP26_GEN-APND,TH_ZP26_GEN-APND,TH_ZP26_GEN-APND,DAM,MCL,LMP_LOSS_PRC,TH_ZP26_GEN-APND,ALL_APNODES,0,-0.59003,336
2017-09-18T03:00:00-00:00,2017-09-18T04:00:00-00:00,2017-09-17,21,0,TH_ZP26_GEN-APND,TH_ZP26_GEN-APND,TH_ZP26_GEN-APND,DAM,MCL,LMP_LOSS_PRC,TH_ZP26_GEN-APND,ALL_APNODES,0,-1.68071,336
2017-09-17T16:00:00-00:00,2017-09-17T17:00:00-00:00,2017-09-17,10,0,TH_ZP26_GEN-APND,TH_ZP26_GEN-APND,TH_ZP26_GEN-APND,DAM,MCL,LMP_LOSS_PRC,TH_ZP26_GEN-APND,ALL_APNODES,0,-0.60499,336
2017-09-17T10:00:00-00:00,2017-09-17T11:00:00-00:00,2017-09-17,4,0,TH_ZP26_GEN-APND,TH_ZP26_GEN-APND,TH_ZP26_GEN-APND,DAM,MCL,LMP_LOSS_PRC,TH_ZP26_GEN-APND,ALL_APNODES,0,-0.85008,336
2017-09-17T18:00:00-00:00,2017-09-17T19:00:00-00:00,2017-09-17,12,0,TH_ZP26_GEN-APND,TH_ZP26_GEN-APND,TH_ZP26_GEN-APND,DAM,MCL,LMP_LOSS_PRC,TH_ZP26_GEN-APND,ALL_APNODES,0,-0.69462,336
2017-09-17T22:00:00-00:00,2017-09-17T23:00:00-00:00,2017-09-17,16,0,TH_ZP26_GEN-APND,TH_ZP26_GEN-APND,TH_ZP26_GEN-APND,DAM,MCL,LMP_LOSS_PRC,TH_ZP26_GEN-APND,ALL_APNODES,0,-1.14935,336
2017-09-17T23:00:00-00:00,2017-09-18T00:00:00-00:00,2017-09-17,17,0,TH_ZP26_GEN-APND,TH_ZP26_GEN-APND,TH_ZP26_GEN-APND,DAM,MCL,LMP_LOSS_PRC,TH_ZP26_GEN-APND,ALL_APNODES,0,-1.18649,336
2017-09-17T08:00:00-00:00,2017-09-17T09:00:00-00:00,2017-09-17,2,0,TH_ZP26_GEN-APND,TH_ZP26_GEN-APND,TH_ZP26_GEN-APND,DAM,MCL,LMP_LOSS_PRC,TH_ZP26_GEN-APND,ALL_APNODES,0,-0.76949,336
2017-09-17T14:00:00-00:00,2017-09-17T15:00:00-00:00,2017-09-17,8,0,TH_ZP26_GEN-APND,TH_ZP26_GEN-APND,TH_ZP26_GEN-APND,DAM,MCL,LMP_LOSS_PRC,TH_ZP26_GEN-APND,ALL_APNODES,0,-0.7832,336
2017-09-17T20:00:00-00:00,2017-09-17T21:00:00-00:00,2017-09-17,14,0,TH_ZP26_GEN-APND,TH_ZP26_GEN-APND,TH_ZP26_GEN-APND,DAM,MCL,LMP_LOSS_PRC,TH_ZP26_GEN-APND,ALL_APNODES,0,-0.79375,336
2017-09-17T12:00:00-00:00,2017-09-17T13:00:00-00:00,2017-09-17,6,0,TH_ZP26_GEN-APND,TH_ZP26_GEN-APND,TH_ZP26_GEN-APND,DAM,MCL,LMP_LOSS_PRC,TH_ZP26_GEN-APND,ALL_APNODES,0,-0.86592,336
2017-09-18T02:00:00-00:00,2017-09-18T03:00:00-00:00,2017-09-17,20,0,TH_ZP26_GEN-APND,TH_ZP26_GEN-APND,TH_ZP26_GEN-APND,DAM,MCL,LMP_LOSS_PRC,TH_ZP26_GEN-APND,ALL_APNODES,0,-1.96911,336
2017-09-18T01:00:00-00:00,2017-09-18T02:00:00-00:00,2017-09-17,19,0,TH_ZP26_GEN-APND,TH_ZP26_GEN-APND,TH_ZP26_GEN-APND,DAM,MCL,LMP_LOSS_PRC,TH_ZP26_GEN-APND,ALL_APNODES,0,-1.90779,336
2017-09-17T13:00:00-00:00,2017-09-17T14:00:00-00:00,2017-09-17,7,0,TH_ZP26_GEN-APND,TH_ZP26_GEN-APND,TH_ZP26_GEN-APND,DAM,MCL,LMP_LOSS_PRC,TH_ZP26_GEN-APND,ALL_APNODES,0,-0.87423,336
2017-09-18T04:00:00-00:00,2017-09-18T05:00:00-00:00,2017-09-17,22,0,TH_ZP26_GEN-APND,TH_ZP26_GEN-APND,TH_ZP26_GEN-APND,DAM,MCL,LMP_LOSS_PRC,TH_ZP26_GEN-APND,ALL_APNODES,0,-1.2408,336
2017-09-18T00:00:00-00:00,2017-09-18T01:00:00-00:00,2017-09-17,18,0,TH_ZP26_GEN-APND,TH_ZP26_GEN-APND,TH_ZP26_GEN-APND,DAM,MCL,LMP_LOSS_PRC,TH_ZP26_GEN-APND,ALL_APNODES,0,-1.55258,336
2017-09-17T07:00:00-00:00,2017-09-17T08:00:00-00:00,2017-09-17,1,0,TH_ZP26_GEN-APND,TH_ZP26_GEN-APND,TH_ZP26_GEN-APND,DAM,MCL,LMP_LOSS_PRC,TH_ZP26_GEN-APND,ALL_APNODES,0,-0.80593,336
2017-09-17T09:00:00-00:00,2017-09-17T10:00:00-00:00,2017-09-17,3,0,TH_ZP26_GEN-APND,TH_ZP26_GEN-APND,TH_ZP26_GEN-APND,DAM,MCL,LMP_LOSS_PRC,TH_ZP26_GEN-APND,ALL_APNODES,0,-0.87547,336
2017-09-18T05:00:00-00:00,2017-09-18T06:00:00-00:00,2017-09-17,23,0,TH_ZP26_GEN-APND,TH_ZP26_GEN-APND,TH_ZP26_GEN-APND,DAM,MCL,LMP_LOSS_PRC,TH_ZP26_GEN-APND,ALL_APNODES,0,-1.03576,336
2017-09-18T06:00:00-00:00,2017-09-18T07:00:00-00:00,2017-09-17,24,0,TH_ZP26_GEN-APND,TH_ZP26_GEN-APND,TH_ZP26_GEN-APND,DAM,MCL,LMP_LOSS_PRC,TH_ZP26_GEN-APND,ALL_APNODES,0,-0.9286,336
2017-09-17T19:00:00-00:00,2017-09-17T20:00:00-00:00,2017-09-17,13,0,TH_ZP26_GEN-APND,TH_ZP26_GEN-APND,TH_ZP26_GEN-APND,DAM,MCL,LMP_LOSS_PRC,TH_ZP26_GEN-APND,ALL_APNODES,0,-0.76989,336
2017-09-17T11:00:00-00:00,2017-09-17T12:00:00-00:00,2017-09-17,5,0,TH_ZP26_GEN-APND,TH_ZP26_GEN-APND,TH_ZP26_GEN-APND,DAM,MCL,LMP_LOSS_PRC,TH_ZP26_GEN-APND,ALL_APNODES,0,-0.81604,336
2017-09-17T15:00:00-00:00,2017-09-17T16:00:00-00:00,2017-09-17,9,0,TH_ZP26_GEN-APND,TH_ZP26_GEN-APND,TH_ZP26_GEN-APND,DAM,MCL,LMP_LOSS_PRC,TH_ZP26_GEN-APND,ALL_APNODES,0,-0.68011,336
2017-09-17T13:00:00-00:00,2017-09-17T14:00:00-00:00,2017-09-17,7,0,URBAN_6_N005,URBAN_6_N005,URBAN_6_N005,DAM,LMP,LMP_PRC,URBAN_6_N005,ALL,1,29.75975,337
2017-09-17T11:00:00-00:00,2017-09-17T12:00:00-00:00,2017-09-17,5,0,URBAN_6_N005,URBAN_6_N005,URBAN_6_N005,DAM,LMP,LMP_PRC,URBAN_6_N005,ALL,1,27.934,337
2017-09-17T09:00:00-00:00,2017-09-17T10:00:00-00:00,2017-09-17,3,0,URBAN_6_N005,URBAN_6_N005,URBAN_6_N005,DAM,LMP,LMP_PRC,URBAN_6_N005,ALL,1,29.95906,337
2017-09-18T03:00:00-00:00,2017-09-18T04:00:00-00:00,2017-09-17,21,0,URBAN_6_N005,URBAN_6_N005,URBAN_6_N005,DAM,LMP,LMP_PRC,URBAN_6_N005,ALL,1,47.41208,337
2017-09-17T10:00:00-00:00,2017-09-17T11:00:00-00:00,2017-09-17,4,0,URBAN_6_N005,URBAN_6_N005,URBAN_6_N005,DAM,LMP,LMP_PRC,URBAN_6_N005,ALL,1,28.98751,337
2017-09-17T15:00:00-00:00,2017-09-17T16:00:00-00:00,2017-09-17,9,0,URBAN_6_N005,URBAN_6_N005,URBAN_6_N005,DAM,LMP,LMP_PRC,URBAN_6_N005,ALL,1,18.68426,337
2017-09-18T00:00:00-00:00,2017-09-18T01:00:00-00:00,2017-09-17,18,0,URBAN_6_N005,URBAN_6_N005,URBAN_6_N005,DAM,LMP,LMP_PRC,URBAN_6_N005,ALL,1,36.37264,337
2017-09-18T05:00:00-00:00,2017-09-18T06:00:00-00:00,2017-09-17,23,0,URBAN_6_N005,URBAN_6_N005,URBAN_6_N005,DAM,LMP,LMP_PRC,URBAN_6_N005,ALL,1,32.21561,337
2017-09-17T16:00:00-00:00,2017-09-17T17:00:00-00:00,2017-09-17,10,0,URBAN_6_N005,URBAN_6_N005,URBAN_6_N005,DAM,LMP,LMP_PRC,URBAN_6_N005,ALL,1,15.65503,337
2017-09-17T19:00:00-00:00,2017-09-17T20:00:00-00:00,2017-09-17,13,0,URBAN_6_N005,URBAN_6_N005,URBAN_6_N005,DAM,LMP,LMP_PRC,URBAN_6_N005,ALL,1,16.81837,337
2017-09-17T20:00:00-00:00,2017-09-17T21:00:00-00:00,2017-09-17,14,0,URBAN_6_N005,URBAN_6_N005,URBAN_6_N005,DAM,LMP,LMP_PRC,URBAN_6_N005,ALL,1,18.72524,337
2017-09-17T14:00:00-00:00,2017-09-17T15:00:00-00:00,2017-09-17,8,0,URBAN_6_N005,URBAN_6_N005,URBAN_6_N005,DAM,LMP,LMP_PRC,URBAN_6_N005,ALL,1,26.20947,337
2017-09-18T04:00:00-00:00,2017-09-18T05:00:00-00:00,2017-09-17,22,0,URBAN_6_N005,URBAN_6_N005,URBAN_6_N005,DAM,LMP,LMP_PRC,URBAN_6_N005,ALL,1,36.2808,337
2017-09-17T18:00:00-00:00,2017-09-17T19:00:00-00:00,2017-09-17,12,0,URBAN_6_N005,URBAN_6_N005,URBAN_6_N005,DAM,LMP,LMP_PRC,URBAN_6_N005,ALL,1,15.17488,337
2017-09-17T23:00:00-00:00,2017-09-18T00:00:00-00:00,2017-09-17,17,0,URBAN_6_N005,URBAN_6_N005,URBAN_6_N005,DAM,LMP,LMP_PRC,URBAN_6_N005,ALL,1,24.62254,337
2017-09-17T07:00:00-00:00,2017-09-17T08:00:00-00:00,2017-09-17,1,0,URBAN_6_N005,URBAN_6_N005,URBAN_6_N005,DAM,LMP,LMP_PRC,URBAN_6_N005,ALL,1,28.90845,337
2017-09-18T02:00:00-00:00,2017-09-18T03:00:00-00:00,2017-09-17,20,0,URBAN_6_N005,URBAN_6_N005,URBAN_6_N005,DAM,LMP,LMP_PRC,URBAN_6_N005,ALL,1,53.24807,337
2017-09-18T06:00:00-00:00,2017-09-18T07:00:00-00:00,2017-09-17,24,0,URBAN_6_N005,URBAN_6_N005,URBAN_6_N005,DAM,LMP,LMP_PRC,URBAN_6_N005,ALL,1,30.08252,337
2017-09-17T21:00:00-00:00,2017-09-17T22:00:00-00:00,2017-09-17,15,0,URBAN_6_N005,URBAN_6_N005,URBAN_6_N005,DAM,LMP,LMP_PRC,URBAN_6_N005,ALL,1,20.3352,337
2017-09-17T22:00:00-00:00,2017-09-17T23:00:00-00:00,2017-09-17,16,0,URBAN_6_N005,URBAN_6_N005,URBAN_6_N005,DAM,LMP,LMP_PRC,URBAN_6_N005,ALL,1,25.89983,337
2017-09-17T12:00:00-00:00,2017-09-17T13:00:00-00:00,2017-09-17,6,0,URBAN_6_N005,URBAN_6_N005,URBAN_6_N005,DAM,LMP,LMP_PRC,URBAN_6_N005,ALL,1,28.98355,337
2017-09-17T17:00:00-00:00,2017-09-17T18:00:00-00:00,2017-09-17,11,0,URBAN_6_N005,URBAN_6_N005,URBAN_6_N005,DAM,LMP,LMP_PRC,URBAN_6_N005,ALL,1,13.98294,337
2017-09-18T01:00:00-00:00,2017-09-18T02:00:00-00:00,2017-09-17,19,0,URBAN_6_N005,URBAN_6_N005,URBAN_6_N005,DAM,LMP,LMP_PRC,URBAN_6_N005,ALL,1,50.23513,337
2017-09-17T08:00:00-00:00,2017-09-17T09:00:00-00:00,2017-09-17,2,0,URBAN_6_N005,URBAN_6_N005,URBAN_6_N005,DAM,LMP,LMP_PRC,URBAN_6_N005,ALL,1,27.36938,337
2017-09-17T15:00:00-00:00,2017-09-17T16:00:00-00:00,2017-09-17,9,0,URBAN_6_N005,URBAN_6_N005,URBAN_6_N005,DAM,MCC,LMP_CONG_PRC,URBAN_6_N005,ALL,1,0,338
2017-09-18T01:00:00-00:00,2017-09-18T02:00:00-00:00,2017-09-17,19,0,URBAN_6_N005,URBAN_6_N005,URBAN_6_N005,DAM,MCC,LMP_CONG_PRC,URBAN_6_N005,ALL,1,0,338
2017-09-17T17:00:00-00:00,2017-09-17T18:00:00-00:00,2017-09-17,11,0,URBAN_6_N005,URBAN_6_N005,URBAN_6_N005,DAM,MCC,LMP_CONG_PRC,URBAN_6_N005,ALL,1,0,338
2017-09-17T20:00:00-00:00,2017-09-17T21:00:00-00:00,2017-09-17,14,0,URBAN_6_N005,URBAN_6_N005,URBAN_6_N005,DAM,MCC,LMP_CONG_PRC,URBAN_6_N005,ALL,1,-0.23804,338
2017-09-17T23:00:00-00:00,2017-09-18T00:00:00-00:00,2017-09-17,17,0,URBAN_6_N005,URBAN_6_N005,URBAN_6_N005,DAM,MCC,LMP_CONG_PRC,URBAN_6_N005,ALL,1,-2.76458,338
2017-09-17T22:00:00-00:00,2017-09-17T23:00:00-00:00,2017-09-17,16,0,URBAN_6_N005,URBAN_6_N005,URBAN_6_N005,DAM,MCC,LMP_CONG_PRC,URBAN_6_N005,ALL,1,0,338
2017-09-17T07:00:00-00:00,2017-09-17T08:00:00-00:00,2017-09-17,1,0,URBAN_6_N005,URBAN_6_N005,URBAN_6_N005,DAM,MCC,LMP_CONG_PRC,URBAN_6_N005,ALL,1,0,338
2017-09-17T13:00:00-00:00,2017-09-17T14:00:00-00:00,2017-09-17,7,0,URBAN_6_N005,URBAN_6_N005,URBAN_6_N005,DAM,MCC,LMP_CONG_PRC,URBAN_6_N005,ALL,1,0,338
2017-09-17T14:00:00-00:00,2017-09-17T15:00:00-00:00,2017-09-17,8,0,URBAN_6_N005,URBAN_6_N005,URBAN_6_N005,DAM,MCC,LMP_CONG_PRC,URBAN_6_N005,ALL,1,0,338
2017-09-17T18:00:00-00:00,2017-09-17T19:00:00-00:00,2017-09-17,12,0,URBAN_6_N005,URBAN_6_N005,URBAN_6_N005,DAM,MCC,LMP_CONG_PRC,URBAN_6_N005,ALL,1,-0.69635,338
2017-09-17T09:00:00-00:00,2017-09-17T10:00:00-00:00,2017-09-17,3,0,URBAN_6_N005,URBAN_6_N005,URBAN_6_N005,DAM,MCC,LMP_CONG_PRC,URBAN_6_N005,ALL,1,0,338
2017-09-18T03:00:00-00:00,2017-09-18T04:00:00-00:00,2017-09-17,21,0,URBAN_6_N005,URBAN_6_N005,URBAN_6_N005,DAM,MCC,LMP_CONG_PRC,URBAN_6_N005,ALL,1,0,338
2017-09-17T19:00:00-00:00,2017-09-17T20:00:00-00:00,2017-09-17,13,0,URBAN_6_N005,URBAN_6_N005,URBAN_6_N005,DAM,MCC,LMP_CONG_PRC,URBAN_6_N005,ALL,1,-1.27316,338
2017-09-18T04:00:00-00:00,2017-09-18T05:00:00-00:00,2017-09-17,22,0,URBAN_6_N005,URBAN_6_N005,URBAN_6_N005,DAM,MCC,LMP_CONG_PRC,URBAN_6_N005,ALL,1,0,338
2017-09-17T16:00:00-00:00,2017-09-17T17:00:00-00:00,2017-09-17,10,0,URBAN_6_N005,URBAN_6_N005,URBAN_6_N005,DAM,MCC,LMP_CONG_PRC,URBAN_6_N005,ALL,1,0.77537,338
2017-09-18T02:00:00-00:00,2017-09-18T03:00:00-00:00,2017-09-17,20,0,URBAN_6_N005,URBAN_6_N005,URBAN_6_N005,DAM,MCC,LMP_CONG_PRC,URBAN_6_N005,ALL,1,-1.53554,338
2017-09-18T05:00:00-00:00,2017-09-18T06:00:00-00:00,2017-09-17,23,0,URBAN_6_N005,URBAN_6_N005,URBAN_6_N005,DAM,MCC,LMP_CONG_PRC,URBAN_6_N005,ALL,1,0,338
2017-09-18T06:00:00-00:00,2017-09-18T07:00:00-00:00,2017-09-17,24,0,URBAN_6_N005,URBAN_6_N005,URBAN_6_N005,DAM,MCC,LMP_CONG_PRC,URBAN_6_N005,ALL,1,0,338
2017-09-17T21:00:00-00:00,2017-09-17T22:00:00-00:00,2017-09-17,15,0,URBAN_6_N005,URBAN_6_N005,URBAN_6_N005,DAM,MCC,LMP_CONG_PRC,URBAN_6_N005,ALL,1,0,338
2017-09-18T00:00:00-00:00,2017-09-18T01:00:00-00:00,2017-09-17,18,0,URBAN_6_N005,URBAN_6_N005,URBAN_6_N005,DAM,MCC,LMP_CONG_PRC,URBAN_6_N005,ALL,1,0,338
2017-09-17T11:00:00-00:00,2017-09-17T12:00:00-00:00,2017-09-17,5,0,URBAN_6_N005,URBAN_6_N005,URBAN_6_N005,DAM,MCC,LMP_CONG_PRC,URBAN_6_N005,ALL,1,0,338
2017-09-17T08:00:00-00:00,2017-09-17T09:00:00-00:00,2017-09-17,2,0,URBAN_6_N005,URBAN_6_N005,URBAN_6_N005,DAM,MCC,LMP_CONG_PRC,URBAN_6_N005,ALL,1,0,338
2017-09-17T10:00:00-00:00,2017-09-17T11:00:00-00:00,2017-09-17,4,0,URBAN_6_N005,URBAN_6_N005,URBAN_6_N005,DAM,MCC,LMP_CONG_PRC,URBAN_6_N005,ALL,1,0,338
2017-09-17T12:00:00-00:00,2017-09-17T13:00:00-00:00,2017-09-17,6,0,URBAN_6_N005,URBAN_6_N005,URBAN_6_N005,DAM,MCC,LMP_CONG_PRC,URBAN_6_N005,ALL,1,0,338
2017-09-18T01:00:00-00:00,2017-09-18T02:00:00-00:00,2017-09-17,19,0,URBAN_6_N005,URBAN_6_N005,URBAN_6_N005,DAM,MCE,LMP_ENE_PRC,URBAN_6_N005,ALL,1,51.01049,339
2017-09-17T09:00:00-00:00,2017-09-17T10:00:00-00:00,2017-09-17,3,0,URBAN_6_N005,URBAN_6_N005,URBAN_6_N005,DAM,MCE,LMP_ENE_PRC,URBAN_6_N005,ALL,1,30.18849,339
2017-09-17T19:00:00-00:00,2017-09-17T20:00:00-00:00,2017-09-17,13,0,URBAN_6_N005,URBAN_6_N005,URBAN_6_N005,DAM,MCE,LMP_ENE_PRC,URBAN_6_N005,ALL,1,18.46264,339
2017-09-18T04:00:00-00:00,2017-09-18T05:00:00-00:00,2017-09-17,22,0,URBAN_6_N005,URBAN_6_N005,URBAN_6_N005,DAM,MCE,LMP_ENE_PRC,URBAN_6_N005,ALL,1,36.2808,339
2017-09-17T22:00:00-00:00,2017-09-17T23:00:00-00:00,2017-09-17,16,0,URBAN_6_N005,URBAN_6_N005,URBAN_6_N005,DAM,MCE,LMP_ENE_PRC,URBAN_6_N005,ALL,1,26.36115,339
2017-09-17T13:00:00-00:00,2017-09-17T14:00:00-00:00,2017-09-17,7,0,URBAN_6_N005,URBAN_6_N005,URBAN_6_N005,DAM,MCE,LMP_ENE_PRC,URBAN_6_N005,ALL,1,29.83732,339
2017-09-17T08:00:00-00:00,2017-09-17T09:00:00-00:00,2017-09-17,2,0,URBAN_6_N005,URBAN_6_N005,URBAN_6_N005,DAM,MCE,LMP_ENE_PRC,URBAN_6_N005,ALL,1,27.67938,339
2017-09-17T20:00:00-00:00,2017-09-17T21:00:00-00:00,2017-09-17,14,0,URBAN_6_N005,URBAN_6_N005,URBAN_6_N005,DAM,MCE,LMP_ENE_PRC,URBAN_6_N005,ALL,1,19.26576,339
2017-09-17T23:00:00-00:00,2017-09-18T00:00:00-00:00,2017-09-17,17,0,URBAN_6_N005,URBAN_6_N005,URBAN_6_N005,DAM,MCE,LMP_ENE_PRC,URBAN_6_N005,ALL,1,27.98316,339
2017-09-17T21:00:00-00:00,2017-09-17T22:00:00-00:00,2017-09-17,15,0,URBAN_6_N005,URBAN_6_N005,URBAN_6_N005,DAM,MCE,LMP_ENE_PRC,URBAN_6_N005,ALL,1,20.69108,339
2017-09-17T18:00:00-00:00,2017-09-17T19:00:00-00:00,2017-09-17,12,0,URBAN_6_N005,URBAN_6_N005,URBAN_6_N005,DAM,MCE,LMP_ENE_PRC,URBAN_6_N005,ALL,1,16.15392,339
2017-09-17T16:00:00-00:00,2017-09-17T17:00:00-00:00,2017-09-17,10,0,URBAN_6_N005,URBAN_6_N005,URBAN_6_N005,DAM,MCE,LMP_ENE_PRC,URBAN_6_N005,ALL,1,15.12468,339
2017-09-18T05:00:00-00:00,2017-09-18T06:00:00-00:00,2017-09-17,23,0,URBAN_6_N005,URBAN_6_N005,URBAN_6_N005,DAM,MCE,LMP_ENE_PRC,URBAN_6_N005,ALL,1,32.46887,339
2017-09-18T03:00:00-00:00,2017-09-18T04:00:00-00:00,2017-09-17,21,0,URBAN_6_N005,URBAN_6_N005,URBAN_6_N005,DAM,MCE,LMP_ENE_PRC,URBAN_6_N005,ALL,1,47.61205,339
2017-09-17T14:00:00-00:00,2017-09-17T15:00:00-00:00,2017-09-17,8,0,URBAN_6_N005,URBAN_6_N005,URBAN_6_N005,DAM,MCE,LMP_ENE_PRC,URBAN_6_N005,ALL,1,26.37032,339
2017-09-17T11:00:00-00:00,2017-09-17T12:00:00-00:00,2017-09-17,5,0,URBAN_6_N005,URBAN_6_N005,URBAN_6_N005,DAM,MCE,LMP_ENE_PRC,URBAN_6_N005,ALL,1,28.13942,339
2017-09-17T17:00:00-00:00,2017-09-17T18:00:00-00:00,2017-09-17,11,0,URBAN_6_N005,URBAN_6_N005,URBAN_6_N005,DAM,MCE,LMP_ENE_PRC,URBAN_6_N005,ALL,1,14.21753,339
2017-09-18T06:00:00-00:00,2017-09-18T07:00:00-00:00,2017-09-17,24,0,URBAN_6_N005,URBAN_6_N005,URBAN_6_N005,DAM,MCE,LMP_ENE_PRC,URBAN_6_N005,ALL,1,30.34653,339
2017-09-18T02:00:00-00:00,2017-09-18T03:00:00-00:00,2017-09-17,20,0,URBAN_6_N005,URBAN_6_N005,URBAN_6_N005,DAM,MCE,LMP_ENE_PRC,URBAN_6_N005,ALL,1,55.78211,339
2017-09-18T00:00:00-00:00,2017-09-18T01:00:00-00:00,2017-09-17,18,0,URBAN_6_N005,URBAN_6_N005,URBAN_6_N005,DAM,MCE,LMP_ENE_PRC,URBAN_6_N005,ALL,1,37.05444,339
2017-09-17T12:00:00-00:00,2017-09-17T13:00:00-00:00,2017-09-17,6,0,URBAN_6_N005,URBAN_6_N005,URBAN_6_N005,DAM,MCE,LMP_ENE_PRC,URBAN_6_N005,ALL,1,29.15556,339
2017-09-17T07:00:00-00:00,2017-09-17T08:00:00-00:00,2017-09-17,1,0,URBAN_6_N005,URBAN_6_N005,URBAN_6_N005,DAM,MCE,LMP_ENE_PRC,URBAN_6_N005,ALL,1,29.20045,339
2017-09-17T15:00:00-00:00,2017-09-17T16:00:00-00:00,2017-09-17,9,0,URBAN_6_N005,URBAN_6_N005,URBAN_6_N005,DAM,MCE,LMP_ENE_PRC,URBAN_6_N005,ALL,1,18.89207,339
2017-09-17T10:00:00-00:00,2017-09-17T11:00:00-00:00,2017-09-17,4,0,URBAN_6_N005,URBAN_6_N005,URBAN_6_N005,DAM,MCE,LMP_ENE_PRC,URBAN_6_N005,ALL,1,29.21244,339
2017-09-18T02:00:00-00:00,2017-09-18T03:00:00-00:00,2017-09-17,20,0,URBAN_6_N005,URBAN_6_N005,URBAN_6_N005,DAM,MCL,LMP_LOSS_PRC,URBAN_6_N005,ALL,1,-0.9985,340
2017-09-17T23:00:00-00:00,2017-09-18T00:00:00-00:00,2017-09-17,17,0,URBAN_6_N005,URBAN_6_N005,URBAN_6_N005,DAM,MCL,LMP_LOSS_PRC,URBAN_6_N005,ALL,1,-0.59604,340
2017-09-17T08:00:00-00:00,2017-09-17T09:00:00-00:00,2017-09-17,2,0,URBAN_6_N005,URBAN_6_N005,URBAN_6_N005,DAM,MCL,LMP_LOSS_PRC,URBAN_6_N005,ALL,1,-0.31001,340
2017-09-17T18:00:00-00:00,2017-09-17T19:00:00-00:00,2017-09-17,12,0,URBAN_6_N005,URBAN_6_N005,URBAN_6_N005,DAM,MCL,LMP_LOSS_PRC,URBAN_6_N005,ALL,1,-0.28269,340
2017-09-18T01:00:00-00:00,2017-09-18T02:00:00-00:00,2017-09-17,19,0,URBAN_6_N005,URBAN_6_N005,URBAN_6_N005,DAM,MCL,LMP_LOSS_PRC,URBAN_6_N005,ALL,1,-0.77536,340
2017-09-18T06:00:00-00:00,2017-09-18T07:00:00-00:00,2017-09-17,24,0,URBAN_6_N005,URBAN_6_N005,URBAN_6_N005,DAM,MCL,LMP_LOSS_PRC,URBAN_6_N005,ALL,1,-0.26401,340
2017-09-17T17:00:00-00:00,2017-09-17T18:00:00-00:00,2017-09-17,11,0,URBAN_6_N005,URBAN_6_N005,URBAN_6_N005,DAM,MCL,LMP_LOSS_PRC,URBAN_6_N005,ALL,1,-0.23459,340
2017-09-18T04:00:00-00:00,2017-09-18T05:00:00-00:00,2017-09-17,22,0,URBAN_6_N005,URBAN_6_N005,URBAN_6_N005,DAM,MCL,LMP_LOSS_PRC,URBAN_6_N005,ALL,1,0,340
2017-09-18T03:00:00-00:00,2017-09-18T04:00:00-00:00,2017-09-17,21,0,URBAN_6_N005,URBAN_6_N005,URBAN_6_N005,DAM,MCL,LMP_LOSS_PRC,URBAN_6_N005,ALL,1,-0.19997,340
2017-09-17T11:00:00-00:00,2017-09-17T12:00:00-00:00,2017-09-17,5,0,URBAN_6_N005,URBAN_6_N005,URBAN_6_N005,DAM,MCL,LMP_LOSS_PRC,URBAN_6_N005,ALL,1,-0.20542,340
2017-09-17T14:00:00-00:00,2017-09-17T15:00:00-00:00,2017-09-17,8,0,URBAN_6_N005,URBAN_6_N005,URBAN_6_N005,DAM,MCL,LMP_LOSS_PRC,URBAN_6_N005,ALL,1,-0.16086,340
2017-09-17T09:00:00-00:00,2017-09-17T10:00:00-00:00,2017-09-17,3,0,URBAN_6_N005,URBAN_6_N005,URBAN_6_N005,DAM,MCL,LMP_LOSS_PRC,URBAN_6_N005,ALL,1,-0.22943,340
2017-09-17T10:00:00-00:00,2017-09-17T11:00:00-00:00,2017-09-17,4,0,URBAN_6_N005,URBAN_6_N005,URBAN_6_N005,DAM,MCL,LMP_LOSS_PRC,URBAN_6_N005,ALL,1,-0.22494,340
2017-09-17T16:00:00-00:00,2017-09-17T17:00:00-00:00,2017-09-17,10,0,URBAN_6_N005,URBAN_6_N005,URBAN_6_N005,DAM,MCL,LMP_LOSS_PRC,URBAN_6_N005,ALL,1,-0.24502,340
2017-09-17T13:00:00-00:00,2017-09-17T14:00:00-00:00,2017-09-17,7,0,URBAN_6_N005,URBAN_6_N005,URBAN_6_N005,DAM,MCL,LMP_LOSS_PRC,URBAN_6_N005,ALL,1,-0.07758,340
2017-09-18T00:00:00-00:00,2017-09-18T01:00:00-00:00,2017-09-17,18,0,URBAN_6_N005,URBAN_6_N005,URBAN_6_N005,DAM,MCL,LMP_LOSS_PRC,URBAN_6_N005,ALL,1,-0.6818,340
2017-09-17T15:00:00-00:00,2017-09-17T16:00:00-00:00,2017-09-17,9,0,URBAN_6_N005,URBAN_6_N005,URBAN_6_N005,DAM,MCL,LMP_LOSS_PRC,URBAN_6_N005,ALL,1,-0.20781,340
2017-09-17T21:00:00-00:00,2017-09-17T22:00:00-00:00,2017-09-17,15,0,URBAN_6_N005,URBAN_6_N005,URBAN_6_N005,DAM,MCL,LMP_LOSS_PRC,URBAN_6_N005,ALL,1,-0.35589,340
2017-09-17T19:00:00-00:00,2017-09-17T20:00:00-00:00,2017-09-17,13,0,URBAN_6_N005,URBAN_6_N005,URBAN_6_N005,DAM,MCL,LMP_LOSS_PRC,URBAN_6_N005,ALL,1,-0.3711,340
2017-09-18T05:00:00-00:00,2017-09-18T06:00:00-00:00,2017-09-17,23,0,URBAN_6_N005,URBAN_6_N005,URBAN_6_N005,DAM,MCL,LMP_LOSS_PRC,URBAN_6_N005,ALL,1,-0.25326,340
2017-09-17T07:00:00-00:00,2017-09-17T08:00:00-00:00,2017-09-17,1,0,URBAN_6_N005,URBAN_6_N005,URBAN_6_N005,DAM,MCL,LMP_LOSS_PRC,URBAN_6_N005,ALL,1,-0.292,340
2017-09-17T12:00:00-00:00,2017-09-17T13:00:00-00:00,2017-09-17,6,0,URBAN_6_N005,URBAN_6_N005,URBAN_6_N005,DAM,MCL,LMP_LOSS_PRC,URBAN_6_N005,ALL,1,-0.17202,340
2017-09-17T22:00:00-00:00,2017-09-17T23:00:00-00:00,2017-09-17,16,0,URBAN_6_N005,URBAN_6_N005,URBAN_6_N005,DAM,MCL,LMP_LOSS_PRC,URBAN_6_N005,ALL,1,-0.46132,340
2017-09-17T20:00:00-00:00,2017-09-17T21:00:00-00:00,2017-09-17,14,0,URBAN_6_N005,URBAN_6_N005,URBAN_6_N005,DAM,MCL,LMP_LOSS_PRC,URBAN_6_N005,ALL,1,-0.30247,340
2017-09-19T02:00:00-00:00,2017-09-19T03:00:00-00:00,2017-09-18,20,0,BAYSHOR2_1_N001,BAYSHOR2_1_N001,BAYSHOR2_1_N001,DAM,LMP,LMP_PRC,BAYSHOR2_1_N001,ALL,1,64.07785,341
2017-09-18T12:00:00-00:00,2017-09-18T13:00:00-00:00,2017-09-18,6,0,BAYSHOR2_1_N001,BAYSHOR2_1_N001,BAYSHOR2_1_N001,DAM,LMP,LMP_PRC,BAYSHOR2_1_N001,ALL,1,30.5759,341
2017-09-18T09:00:00-00:00,2017-09-18T10:00:00-00:00,2017-09-18,3,0,BAYSHOR2_1_N001,BAYSHOR2_1_N001,BAYSHOR2_1_N001,DAM,LMP,LMP_PRC,BAYSHOR2_1_N001,ALL,1,26.66898,341
2017-09-18T08:00:00-00:00,2017-09-18T09:00:00-00:00,2017-09-18,2,0,BAYSHOR2_1_N001,BAYSHOR2_1_N001,BAYSHOR2_1_N001,DAM,LMP,LMP_PRC,BAYSHOR2_1_N001,ALL,1,26.9509,341
2017-09-18T16:00:00-00:00,2017-09-18T17:00:00-00:00,2017-09-18,10,0,BAYSHOR2_1_N001,BAYSHOR2_1_N001,BAYSHOR2_1_N001,DAM,LMP,LMP_PRC,BAYSHOR2_1_N001,ALL,1,26.49919,341
2017-09-18T18:00:00-00:00,2017-09-18T19:00:00-00:00,2017-09-18,12,0,BAYSHOR2_1_N001,BAYSHOR2_1_N001,BAYSHOR2_1_N001,DAM,LMP,LMP_PRC,BAYSHOR2_1_N001,ALL,1,27.54429,341
2017-09-18T07:00:00-00:00,2017-09-18T08:00:00-00:00,2017-09-18,1,0,BAYSHOR2_1_N001,BAYSHOR2_1_N001,BAYSHOR2_1_N001,DAM,LMP,LMP_PRC,BAYSHOR2_1_N001,ALL,1,27.5477,341
2017-09-18T19:00:00-00:00,2017-09-18T20:00:00-00:00,2017-09-18,13,0,BAYSHOR2_1_N001,BAYSHOR2_1_N001,BAYSHOR2_1_N001,DAM,LMP,LMP_PRC,BAYSHOR2_1_N001,ALL,1,26.14891,341
2017-09-18T21:00:00-00:00,2017-09-18T22:00:00-00:00,2017-09-18,15,0,BAYSHOR2_1_N001,BAYSHOR2_1_N001,BAYSHOR2_1_N001,DAM,LMP,LMP_PRC,BAYSHOR2_1_N001,ALL,1,28.51083,341
2017-09-18T22:00:00-00:00,2017-09-18T23:00:00-00:00,2017-09-18,16,0,BAYSHOR2_1_N001,BAYSHOR2_1_N001,BAYSHOR2_1_N001,DAM,LMP,LMP_PRC,BAYSHOR2_1_N001,ALL,1,28.33535,341
2017-09-19T01:00:00-00:00,2017-09-19T02:00:00-00:00,2017-09-18,19,0,BAYSHOR2_1_N001,BAYSHOR2_1_N001,BAYSHOR2_1_N001,DAM,LMP,LMP_PRC,BAYSHOR2_1_N001,ALL,1,52.72819,341
2017-09-18T17:00:00-00:00,2017-09-18T18:00:00-00:00,2017-09-18,11,0,BAYSHOR2_1_N001,BAYSHOR2_1_N001,BAYSHOR2_1_N001,DAM,LMP,LMP_PRC,BAYSHOR2_1_N001,ALL,1,51.27652,341
2017-09-19T00:00:00-00:00,2017-09-19T01:00:00-00:00,2017-09-18,18,0,BAYSHOR2_1_N001,BAYSHOR2_1_N001,BAYSHOR2_1_N001,DAM,LMP,LMP_PRC,BAYSHOR2_1_N001,ALL,1,39.03272,341
2017-09-18T14:00:00-00:00,2017-09-18T15:00:00-00:00,2017-09-18,8,0,BAYSHOR2_1_N001,BAYSHOR2_1_N001,BAYSHOR2_1_N001,DAM,LMP,LMP_PRC,BAYSHOR2_1_N001,ALL,1,39.86702,341
2017-09-18T15:00:00-00:00,2017-09-18T16:00:00-00:00,2017-09-18,9,0,BAYSHOR2_1_N001,BAYSHOR2_1_N001,BAYSHOR2_1_N001,DAM,LMP,LMP_PRC,BAYSHOR2_1_N001,ALL,1,28.79428,341
2017-09-18T11:00:00-00:00,2017-09-18T12:00:00-00:00,2017-09-18,5,0,BAYSHOR2_1_N001,BAYSHOR2_1_N001,BAYSHOR2_1_N001,DAM,LMP,LMP_PRC,BAYSHOR2_1_N001,ALL,1,27.1231,341
2017-09-18T13:00:00-00:00,2017-09-18T14:00:00-00:00,2017-09-18,7,0,BAYSHOR2_1_N001,BAYSHOR2_1_N001,BAYSHOR2_1_N001,DAM,LMP,LMP_PRC,BAYSHOR2_1_N001,ALL,1,41.66583,341
2017-09-18T20:00:00-00:00,2017-09-18T21:00:00-00:00,2017-09-18,14,0,BAYSHOR2_1_N001,BAYSHOR2_1_N001,BAYSHOR2_1_N001,DAM,LMP,LMP_PRC,BAYSHOR2_1_N001,ALL,1,27.46513,341
2017-09-19T06:00:00-00:00,2017-09-19T07:00:00-00:00,2017-09-18,24,0,BAYSHOR2_1_N001,BAYSHOR2_1_N001,BAYSHOR2_1_N001,DAM,LMP,LMP_PRC,BAYSHOR2_1_N001,ALL,1,32.07142,341
2017-09-19T03:00:00-00:00,2017-09-19T04:00:00-00:00,2017-09-18,21,0,BAYSHOR2_1_N001,BAYSHOR2_1_N001,BAYSHOR2_1_N001,DAM,LMP,LMP_PRC,BAYSHOR2_1_N001,ALL,1,52.09954,341
2017-09-18T10:00:00-00:00,2017-09-18T11:00:00-00:00,2017-09-18,4,0,BAYSHOR2_1_N001,BAYSHOR2_1_N001,BAYSHOR2_1_N001,DAM,LMP,LMP_PRC,BAYSHOR2_1_N001,ALL,1,26.60099,341
2017-09-18T23:00:00-00:00,2017-09-19T00:00:00-00:00,2017-09-18,17,0,BAYSHOR2_1_N001,BAYSHOR2_1_N001,BAYSHOR2_1_N001,DAM,LMP,LMP_PRC,BAYSHOR2_1_N001,ALL,1,29.50301,341
2017-09-19T04:00:00-00:00,2017-09-19T05:00:00-00:00,2017-09-18,22,0,BAYSHOR2_1_N001,BAYSHOR2_1_N001,BAYSHOR2_1_N001,DAM,LMP,LMP_PRC,BAYSHOR2_1_N001,ALL,1,37.72453,341
2017-09-19T05:00:00-00:00,2017-09-19T06:00:00-00:00,2017-09-18,23,0,BAYSHOR2_1_N001,BAYSHOR2_1_N001,BAYSHOR2_1_N001,DAM,LMP,LMP_PRC,BAYSHOR2_1_N001,ALL,1,34.71804,341
2017-09-19T00:00:00-00:00,2017-09-19T01:00:00-00:00,2017-09-18,18,0,BAYSHOR2_1_N001,BAYSHOR2_1_N001,BAYSHOR2_1_N001,DAM,MCC,LMP_CONG_PRC,BAYSHOR2_1_N001,ALL,1,0,342
2017-09-18T13:00:00-00:00,2017-09-18T14:00:00-00:00,2017-09-18,7,0,BAYSHOR2_1_N001,BAYSHOR2_1_N001,BAYSHOR2_1_N001,DAM,MCC,LMP_CONG_PRC,BAYSHOR2_1_N001,ALL,1,0,342
2017-09-18T07:00:00-00:00,2017-09-18T08:00:00-00:00,2017-09-18,1,0,BAYSHOR2_1_N001,BAYSHOR2_1_N001,BAYSHOR2_1_N001,DAM,MCC,LMP_CONG_PRC,BAYSHOR2_1_N001,ALL,1,0,342
2017-09-19T06:00:00-00:00,2017-09-19T07:00:00-00:00,2017-09-18,24,0,BAYSHOR2_1_N001,BAYSHOR2_1_N001,BAYSHOR2_1_N001,DAM,MCC,LMP_CONG_PRC,BAYSHOR2_1_N001,ALL,1,0,342
2017-09-19T01:00:00-00:00,2017-09-19T02:00:00-00:00,2017-09-18,19,0,BAYSHOR2_1_N001,BAYSHOR2_1_N001,BAYSHOR2_1_N001,DAM,MCC,LMP_CONG_PRC,BAYSHOR2_1_N001,ALL,1,0,342
2017-09-18T08:00:00-00:00,2017-09-18T09:00:00-00:00,2017-09-18,2,0,BAYSHOR2_1_N001,BAYSHOR2_1_N001,BAYSHOR2_1_N001,DAM,MCC,LMP_CONG_PRC,BAYSHOR2_1_N001,ALL,1,0,342
2017-09-18T21:00:00-00:00,2017-09-18T22:00:00-00:00,2017-09-18,15,0,BAYSHOR2_1_N001,BAYSHOR2_1_N001,BAYSHOR2_1_N001,DAM,MCC,LMP_CONG_PRC,BAYSHOR2_1_N001,ALL,1,-0.83089,342
2017-09-18T16:00:00-00:00,2017-09-18T17:00:00-00:00,2017-09-18,10,0,BAYSHOR2_1_N001,BAYSHOR2_1_N001,BAYSHOR2_1_N001,DAM,MCC,LMP_CONG_PRC,BAYSHOR2_1_N001,ALL,1,2.29451,342
2017-09-19T05:00:00-00:00,2017-09-19T06:00:00-00:00,2017-09-18,23,0,BAYSHOR2_1_N001,BAYSHOR2_1_N001,BAYSHOR2_1_N001,DAM,MCC,LMP_CONG_PRC,BAYSHOR2_1_N001,ALL,1,0,342
2017-09-18T11:00:00-00:00,2017-09-18T12:00:00-00:00,2017-09-18,5,0,BAYSHOR2_1_N001,BAYSHOR2_1_N001,BAYSHOR2_1_N001,DAM,MCC,LMP_CONG_PRC,BAYSHOR2_1_N001,ALL,1,0,342
2017-09-18T14:00:00-00:00,2017-09-18T15:00:00-00:00,2017-09-18,8,0,BAYSHOR2_1_N001,BAYSHOR2_1_N001,BAYSHOR2_1_N001,DAM,MCC,LMP_CONG_PRC,BAYSHOR2_1_N001,ALL,1,0,342
2017-09-19T04:00:00-00:00,2017-09-19T05:00:00-00:00,2017-09-18,22,0,BAYSHOR2_1_N001,BAYSHOR2_1_N001,BAYSHOR2_1_N001,DAM,MCC,LMP_CONG_PRC,BAYSHOR2_1_N001,ALL,1,0,342
2017-09-18T22:00:00-00:00,2017-09-18T23:00:00-00:00,2017-09-18,16,0,BAYSHOR2_1_N001,BAYSHOR2_1_N001,BAYSHOR2_1_N001,DAM,MCC,LMP_CONG_PRC,BAYSHOR2_1_N001,ALL,1,0,342
2017-09-18T09:00:00-00:00,2017-09-18T10:00:00-00:00,2017-09-18,3,0,BAYSHOR2_1_N001,BAYSHOR2_1_N001,BAYSHOR2_1_N001,DAM,MCC,LMP_CONG_PRC,BAYSHOR2_1_N001,ALL,1,0,342
2017-09-18T10:00:00-00:00,2017-09-18T11:00:00-00:00,2017-09-18,4,0,BAYSHOR2_1_N001,BAYSHOR2_1_N001,BAYSHOR2_1_N001,DAM,MCC,LMP_CONG_PRC,BAYSHOR2_1_N001,ALL,1,0,342
2017-09-18T19:00:00-00:00,2017-09-18T20:00:00-00:00,2017-09-18,13,0,BAYSHOR2_1_N001,BAYSHOR2_1_N001,BAYSHOR2_1_N001,DAM,MCC,LMP_CONG_PRC,BAYSHOR2_1_N001,ALL,1,-0.53006,342
2017-09-18T12:00:00-00:00,2017-09-18T13:00:00-00:00,2017-09-18,6,0,BAYSHOR2_1_N001,BAYSHOR2_1_N001,BAYSHOR2_1_N001,DAM,MCC,LMP_CONG_PRC,BAYSHOR2_1_N001,ALL,1,0,342
2017-09-18T15:00:00-00:00,2017-09-18T16:00:00-00:00,2017-09-18,9,0,BAYSHOR2_1_N001,BAYSHOR2_1_N001,BAYSHOR2_1_N001,DAM,MCC,LMP_CONG_PRC,BAYSHOR2_1_N001,ALL,1,0.42363,342
2017-09-18T17:00:00-00:00,2017-09-18T18:00:00-00:00,2017-09-18,11,0,BAYSHOR2_1_N001,BAYSHOR2_1_N001,BAYSHOR2_1_N001,DAM,MCC,LMP_CONG_PRC,BAYSHOR2_1_N001,ALL,1,26.37736,342
2017-09-18T18:00:00-00:00,2017-09-18T19:00:00-00:00,2017-09-18,12,0,BAYSHOR2_1_N001,BAYSHOR2_1_N001,BAYSHOR2_1_N001,DAM,MCC,LMP_CONG_PRC,BAYSHOR2_1_N001,ALL,1,0.85329,342
2017-09-18T20:00:00-00:00,2017-09-18T21:00:00-00:00,2017-09-18,14,0,BAYSHOR2_1_N001,BAYSHOR2_1_N001,BAYSHOR2_1_N001,DAM,MCC,LMP_CONG_PRC,BAYSHOR2_1_N001,ALL,1,-0.74245,342
2017-09-18T23:00:00-00:00,2017-09-19T00:00:00-00:00,2017-09-18,17,0,BAYSHOR2_1_N001,BAYSHOR2_1_N001,BAYSHOR2_1_N001,DAM,MCC,LMP_CONG_PRC,BAYSHOR2_1_N001,ALL,1,0,342
2017-09-19T02:00:00-00:00,2017-09-19T03:00:00-00:00,2017-09-18,20,0,BAYSHOR2_1_N001,BAYSHOR2_1_N001,BAYSHOR2_1_N001,DAM,MCC,LMP_CONG_PRC,BAYSHOR2_1_N001,ALL,1,0,342
2017-09-19T03:00:00-00:00,2017-09-19T04:00:00-00:00,2017-09-18,21,0,BAYSHOR2_1_N001,BAYSHOR2_1_N001,BAYSHOR2_1_N001,DAM,MCC,LMP_CONG_PRC,BAYSHOR2_1_N001,ALL,1,0,342
2017-09-18T12:00:00-00:00,2017-09-18T13:00:00-00:00,2017-09-18,6,0,BAYSHOR2_1_N001,BAYSHOR2_1_N001,BAYSHOR2_1_N001,DAM,MCE,LMP_ENE_PRC,BAYSHOR2_1_N001,ALL,1,29.3632,343
2017-09-19T03:00:00-00:00,2017-09-19T04:00:00-00:00,2017-09-18,21,0,BAYSHOR2_1_N001,BAYSHOR2_1_N001,BAYSHOR2_1_N001,DAM,MCE,LMP_ENE_PRC,BAYSHOR2_1_N001,ALL,1,50.25518,343
2017-09-19T01:00:00-00:00,2017-09-19T02:00:00-00:00,2017-09-18,19,0,BAYSHOR2_1_N001,BAYSHOR2_1_N001,BAYSHOR2_1_N001,DAM,MCE,LMP_ENE_PRC,BAYSHOR2_1_N001,ALL,1,50.70994,343
2017-09-19T05:00:00-00:00,2017-09-19T06:00:00-00:00,2017-09-18,23,0,BAYSHOR2_1_N001,BAYSHOR2_1_N001,BAYSHOR2_1_N001,DAM,MCE,LMP_ENE_PRC,BAYSHOR2_1_N001,ALL,1,33.5667,343
2017-09-19T00:00:00-00:00,2017-09-19T01:00:00-00:00,2017-09-18,18,0,BAYSHOR2_1_N001,BAYSHOR2_1_N001,BAYSHOR2_1_N001,DAM,MCE,LMP_ENE_PRC,BAYSHOR2_1_N001,ALL,1,37.39483,343
2017-09-18T23:00:00-00:00,2017-09-19T00:00:00-00:00,2017-09-18,17,0,BAYSHOR2_1_N001,BAYSHOR2_1_N001,BAYSHOR2_1_N001,DAM,MCE,LMP_ENE_PRC,BAYSHOR2_1_N001,ALL,1,28.09276,343
2017-09-18T22:00:00-00:00,2017-09-18T23:00:00-00:00,2017-09-18,16,0,BAYSHOR2_1_N001,BAYSHOR2_1_N001,BAYSHOR2_1_N001,DAM,MCE,LMP_ENE_PRC,BAYSHOR2_1_N001,ALL,1,26.93731,343
2017-09-18T20:00:00-00:00,2017-09-18T21:00:00-00:00,2017-09-18,14,0,BAYSHOR2_1_N001,BAYSHOR2_1_N001,BAYSHOR2_1_N001,DAM,MCE,LMP_ENE_PRC,BAYSHOR2_1_N001,ALL,1,26.6814,343
2017-09-18T08:00:00-00:00,2017-09-18T09:00:00-00:00,2017-09-18,2,0,BAYSHOR2_1_N001,BAYSHOR2_1_N001,BAYSHOR2_1_N001,DAM,MCE,LMP_ENE_PRC,BAYSHOR2_1_N001,ALL,1,26.10256,343
2017-09-18T18:00:00-00:00,2017-09-18T19:00:00-00:00,2017-09-18,12,0,BAYSHOR2_1_N001,BAYSHOR2_1_N001,BAYSHOR2_1_N001,DAM,MCE,LMP_ENE_PRC,BAYSHOR2_1_N001,ALL,1,25.17306,343
2017-09-18T17:00:00-00:00,2017-09-18T18:00:00-00:00,2017-09-18,11,0,BAYSHOR2_1_N001,BAYSHOR2_1_N001,BAYSHOR2_1_N001,DAM,MCE,LMP_ENE_PRC,BAYSHOR2_1_N001,ALL,1,23.47428,343
2017-09-18T09:00:00-00:00,2017-09-18T10:00:00-00:00,2017-09-18,3,0,BAYSHOR2_1_N001,BAYSHOR2_1_N001,BAYSHOR2_1_N001,DAM,MCE,LMP_ENE_PRC,BAYSHOR2_1_N001,ALL,1,25.82953,343
2017-09-19T02:00:00-00:00,2017-09-19T03:00:00-00:00,2017-09-18,20,0,BAYSHOR2_1_N001,BAYSHOR2_1_N001,BAYSHOR2_1_N001,DAM,MCE,LMP_ENE_PRC,BAYSHOR2_1_N001,ALL,1,61.7856,343
2017-09-18T10:00:00-00:00,2017-09-18T11:00:00-00:00,2017-09-18,4,0,BAYSHOR2_1_N001,BAYSHOR2_1_N001,BAYSHOR2_1_N001,DAM,MCE,LMP_ENE_PRC,BAYSHOR2_1_N001,ALL,1,25.72132,343
2017-09-18T21:00:00-00:00,2017-09-18T22:00:00-00:00,2017-09-18,15,0,BAYSHOR2_1_N001,BAYSHOR2_1_N001,BAYSHOR2_1_N001,DAM,MCE,LMP_ENE_PRC,BAYSHOR2_1_N001,ALL,1,27.84109,343
2017-09-18T19:00:00-00:00,2017-09-18T20:00:00-00:00,2017-09-18,13,0,BAYSHOR2_1_N001,BAYSHOR2_1_N001,BAYSHOR2_1_N001,DAM,MCE,LMP_ENE_PRC,BAYSHOR2_1_N001,ALL,1,25.17835,343
2017-09-19T04:00:00-00:00,2017-09-19T05:00:00-00:00,2017-09-18,22,0,BAYSHOR2_1_N001,BAYSHOR2_1_N001,BAYSHOR2_1_N001,DAM,MCE,LMP_ENE_PRC,BAYSHOR2_1_N001,ALL,1,36.55124,343
2017-09-18T07:00:00-00:00,2017-09-18T08:00:00-00:00,2017-09-18,1,0,BAYSHOR2_1_N001,BAYSHOR2_1_N001,BAYSHOR2_1_N001,DAM,MCE,LMP_ENE_PRC,BAYSHOR2_1_N001,ALL,1,26.61871,343
2017-09-18T13:00:00-00:00,2017-09-18T14:00:00-00:00,2017-09-18,7,0,BAYSHOR2_1_N001,BAYSHOR2_1_N001,BAYSHOR2_1_N001,DAM,MCE,LMP_ENE_PRC,BAYSHOR2_1_N001,ALL,1,39.93274,343
2017-09-18T16:00:00-00:00,2017-09-18T17:00:00-00:00,2017-09-18,10,0,BAYSHOR2_1_N001,BAYSHOR2_1_N001,BAYSHOR2_1_N001,DAM,MCE,LMP_ENE_PRC,BAYSHOR2_1_N001,ALL,1,22.86697,343
2017-09-18T15:00:00-00:00,2017-09-18T16:00:00-00:00,2017-09-18,9,0,BAYSHOR2_1_N001,BAYSHOR2_1_N001,BAYSHOR2_1_N001,DAM,MCE,LMP_ENE_PRC,BAYSHOR2_1_N001,ALL,1,26.7043,343
2017-09-18T11:00:00-00:00,2017-09-18T12:00:00-00:00,2017-09-18,5,0,BAYSHOR2_1_N001,BAYSHOR2_1_N001,BAYSHOR2_1_N001,DAM,MCE,LMP_ENE_PRC,BAYSHOR2_1_N001,ALL,1,26.18313,343
2017-09-18T14:00:00-00:00,2017-09-18T15:00:00-00:00,2017-09-18,8,0,BAYSHOR2_1_N001,BAYSHOR2_1_N001,BAYSHOR2_1_N001,DAM,MCE,LMP_ENE_PRC,BAYSHOR2_1_N001,ALL,1,37.7779,343
2017-09-19T06:00:00-00:00,2017-09-19T07:00:00-00:00,2017-09-18,24,0,BAYSHOR2_1_N001,BAYSHOR2_1_N001,BAYSHOR2_1_N001,DAM,MCE,LMP_ENE_PRC,BAYSHOR2_1_N001,ALL,1,30.93905,343
2017-09-18T09:00:00-00:00,2017-09-18T10:00:00-00:00,2017-09-18,3,0,BAYSHOR2_1_N001,BAYSHOR2_1_N001,BAYSHOR2_1_N001,DAM,MCL,LMP_LOSS_PRC,BAYSHOR2_1_N001,ALL,1,0.83946,344
2017-09-19T05:00:00-00:00,2017-09-19T06:00:00-00:00,2017-09-18,23,0,BAYSHOR2_1_N001,BAYSHOR2_1_N001,BAYSHOR2_1_N001,DAM,MCL,LMP_LOSS_PRC,BAYSHOR2_1_N001,ALL,1,1.15134,344
2017-09-19T01:00:00-00:00,2017-09-19T02:00:00-00:00,2017-09-18,19,0,BAYSHOR2_1_N001,BAYSHOR2_1_N001,BAYSHOR2_1_N001,DAM,MCL,LMP_LOSS_PRC,BAYSHOR2_1_N001,ALL,1,2.01826,344
2017-09-18T23:00:00-00:00,2017-09-19T00:00:00-00:00,2017-09-18,17,0,BAYSHOR2_1_N001,BAYSHOR2_1_N001,BAYSHOR2_1_N001,DAM,MCL,LMP_LOSS_PRC,BAYSHOR2_1_N001,ALL,1,1.41026,344
2017-09-18T16:00:00-00:00,2017-09-18T17:00:00-00:00,2017-09-18,10,0,BAYSHOR2_1_N001,BAYSHOR2_1_N001,BAYSHOR2_1_N001,DAM,MCL,LMP_LOSS_PRC,BAYSHOR2_1_N001,ALL,1,1.33772,344
2017-09-18T11:00:00-00:00,2017-09-18T12:00:00-00:00,2017-09-18,5,0,BAYSHOR2_1_N001,BAYSHOR2_1_N001,BAYSHOR2_1_N001,DAM,MCL,LMP_LOSS_PRC,BAYSHOR2_1_N001,ALL,1,0.93997,344
2017-09-19T00:00:00-00:00,2017-09-19T01:00:00-00:00,2017-09-18,18,0,BAYSHOR2_1_N001,BAYSHOR2_1_N001,BAYSHOR2_1_N001,DAM,MCL,LMP_LOSS_PRC,BAYSHOR2_1_N001,ALL,1,1.63789,344
2017-09-18T08:00:00-00:00,2017-09-18T09:00:00-00:00,2017-09-18,2,0,BAYSHOR2_1_N001,BAYSHOR2_1_N001,BAYSHOR2_1_N001,DAM,MCL,LMP_LOSS_PRC,BAYSHOR2_1_N001,ALL,1,0.84833,344
2017-09-18T07:00:00-00:00,2017-09-18T08:00:00-00:00,2017-09-18,1,0,BAYSHOR2_1_N001,BAYSHOR2_1_N001,BAYSHOR2_1_N001,DAM,MCL,LMP_LOSS_PRC,BAYSHOR2_1_N001,ALL,1,0.92899,344
2017-09-18T12:00:00-00:00,2017-09-18T13:00:00-00:00,2017-09-18,6,0,BAYSHOR2_1_N001,BAYSHOR2_1_N001,BAYSHOR2_1_N001,DAM,MCL,LMP_LOSS_PRC,BAYSHOR2_1_N001,ALL,1,1.2127,344
2017-09-18T10:00:00-00:00,2017-09-18T11:00:00-00:00,2017-09-18,4,0,BAYSHOR2_1_N001,BAYSHOR2_1_N001,BAYSHOR2_1_N001,DAM,MCL,LMP_LOSS_PRC,BAYSHOR2_1_N001,ALL,1,0.87967,344
2017-09-19T06:00:00-00:00,2017-09-19T07:00:00-00:00,2017-09-18,24,0,BAYSHOR2_1_N001,BAYSHOR2_1_N001,BAYSHOR2_1_N001,DAM,MCL,LMP_LOSS_PRC,BAYSHOR2_1_N001,ALL,1,1.13237,344
2017-09-18T19:00:00-00:00,2017-09-18T20:00:00-00:00,2017-09-18,13,0,BAYSHOR2_1_N001,BAYSHOR2_1_N001,BAYSHOR2_1_N001,DAM,MCL,LMP_LOSS_PRC,BAYSHOR2_1_N001,ALL,1,1.50063,344
2017-09-18T14:00:00-00:00,2017-09-18T15:00:00-00:00,2017-09-18,8,0,BAYSHOR2_1_N001,BAYSHOR2_1_N001,BAYSHOR2_1_N001,DAM,MCL,LMP_LOSS_PRC,BAYSHOR2_1_N001,ALL,1,2.08912,344
2017-09-18T15:00:00-00:00,2017-09-18T16:00:00-00:00,2017-09-18,9,0,BAYSHOR2_1_N001,BAYSHOR2_1_N001,BAYSHOR2_1_N001,DAM,MCL,LMP_LOSS_PRC,BAYSHOR2_1_N001,ALL,1,1.66635,344
2017-09-19T04:00:00-00:00,2017-09-19T05:00:00-00:00,2017-09-18,22,0,BAYSHOR2_1_N001,BAYSHOR2_1_N001,BAYSHOR2_1_N001,DAM,MCL,LMP_LOSS_PRC,BAYSHOR2_1_N001,ALL,1,1.17329,344
2017-09-19T03:00:00-00:00,2017-09-19T04:00:00-00:00,2017-09-18,21,0,BAYSHOR2_1_N001,BAYSHOR2_1_N001,BAYSHOR2_1_N001,DAM,MCL,LMP_LOSS_PRC,BAYSHOR2_1_N001,ALL,1,1.84437,344
2017-09-18T22:00:00-00:00,2017-09-18T23:00:00-00:00,2017-09-18,16,0,BAYSHOR2_1_N001,BAYSHOR2_1_N001,BAYSHOR2_1_N001,DAM,MCL,LMP_LOSS_PRC,BAYSHOR2_1_N001,ALL,1,1.39805,344
2017-09-18T21:00:00-00:00,2017-09-18T22:00:00-00:00,2017-09-18,15,0,BAYSHOR2_1_N001,BAYSHOR2_1_N001,BAYSHOR2_1_N001,DAM,MCL,LMP_LOSS_PRC,BAYSHOR2_1_N001,ALL,1,1.50063,344
2017-09-18T18:00:00-00:00,2017-09-18T19:00:00-00:00,2017-09-18,12,0,BAYSHOR2_1_N001,BAYSHOR2_1_N001,BAYSHOR2_1_N001,DAM,MCL,LMP_LOSS_PRC,BAYSHOR2_1_N001,ALL,1,1.51794,344
2017-09-18T17:00:00-00:00,2017-09-18T18:00:00-00:00,2017-09-18,11,0,BAYSHOR2_1_N001,BAYSHOR2_1_N001,BAYSHOR2_1_N001,DAM,MCL,LMP_LOSS_PRC,BAYSHOR2_1_N001,ALL,1,1.42489,344
2017-09-19T02:00:00-00:00,2017-09-19T03:00:00-00:00,2017-09-18,20,0,BAYSHOR2_1_N001,BAYSHOR2_1_N001,BAYSHOR2_1_N001,DAM,MCL,LMP_LOSS_PRC,BAYSHOR2_1_N001,ALL,1,2.29225,344
2017-09-18T13:00:00-00:00,2017-09-18T14:00:00-00:00,2017-09-18,7,0,BAYSHOR2_1_N001,BAYSHOR2_1_N001,BAYSHOR2_1_N001,DAM,MCL,LMP_LOSS_PRC,BAYSHOR2_1_N001,ALL,1,1.73308,344
2017-09-18T20:00:00-00:00,2017-09-18T21:00:00-00:00,2017-09-18,14,0,BAYSHOR2_1_N001,BAYSHOR2_1_N001,BAYSHOR2_1_N001,DAM,MCL,LMP_LOSS_PRC,BAYSHOR2_1_N001,ALL,1,1.52618,344
2017-09-18T17:00:00-00:00,2017-09-18T18:00:00-00:00,2017-09-18,11,0,TH_NP15_GEN-APND,TH_NP15_GEN-APND,TH_NP15_GEN-APND,DAM,LMP,LMP_PRC,TH_NP15_GEN-APND,ALL_APNODES,0,23.13369,345
2017-09-18T11:00:00-00:00,2017-09-18T12:00:00-00:00,2017-09-18,5,0,TH_NP15_GEN-APND,TH_NP15_GEN-APND,TH_NP15_GEN-APND,DAM,LMP,LMP_PRC,TH_NP15_GEN-APND,ALL_APNODES,0,26.11505,345
2017-09-18T20:00:00-00:00,2017-09-18T21:00:00-00:00,2017-09-18,14,0,TH_NP15_GEN-APND,TH_NP15_GEN-APND,TH_NP15_GEN-APND,DAM,LMP,LMP_PRC,TH_NP15_GEN-APND,ALL_APNODES,0,25.65401,345
2017-09-19T00:00:00-00:00,2017-09-19T01:00:00-00:00,2017-09-18,18,0,TH_NP15_GEN-APND,TH_NP15_GEN-APND,TH_NP15_GEN-APND,DAM,LMP,LMP_PRC,TH_NP15_GEN-APND,ALL_APNODES,0,37.03042,345
2017-09-19T04:00:00-00:00,2017-09-19T05:00:00-00:00,2017-09-18,22,0,TH_NP15_GEN-APND,TH_NP15_GEN-APND,TH_NP15_GEN-APND,DAM,LMP,LMP_PRC,TH_NP15_GEN-APND,ALL_APNODES,0,36.28441,345
2017-09-18T08:00:00-00:00,2017-09-18T09:00:00-00:00,2017-09-18,2,0,TH_NP15_GEN-APND,TH_NP15_GEN-APND,TH_NP15_GEN-APND,DAM,LMP,LMP_PRC,TH_NP15_GEN-APND,ALL_APNODES,0,25.94856,345
2017-09-18T09:00:00-00:00,2017-09-18T10:00:00-00:00,2017-09-18,3,0,TH_NP15_GEN-APND,TH_NP15_GEN-APND,TH_NP15_GEN-APND,DAM,LMP,LMP_PRC,TH_NP15_GEN-APND,ALL_APNODES,0,25.71588,345
2017-09-19T06:00:00-00:00,2017-09-19T07:00:00-00:00,2017-09-18,24,0,TH_NP15_GEN-APND,TH_NP15_GEN-APND,TH_NP15_GEN-APND,DAM,LMP,LMP_PRC,TH_NP15_GEN-APND,ALL_APNODES,0,30.89883,345
2017-09-18T12:00:00-00:00,2017-09-18T13:00:00-00:00,2017-09-18,6,0,TH_NP15_GEN-APND,TH_NP15_GEN-APND,TH_NP15_GEN-APND,DAM,LMP,LMP_PRC,TH_NP15_GEN-APND,ALL_APNODES,0,29.32502,345
2017-09-18T13:00:00-00:00,2017-09-18T14:00:00-00:00,2017-09-18,7,0,TH_NP15_GEN-APND,TH_NP15_GEN-APND,TH_NP15_GEN-APND,DAM,LMP,LMP_PRC,TH_NP15_GEN-APND,ALL_APNODES,0,39.96868,345
2017-09-18T15:00:00-00:00,2017-09-18T16:00:00-00:00,2017-09-18,9,0,TH_NP15_GEN-APND,TH_NP15_GEN-APND,TH_NP15_GEN-APND,DAM,LMP,LMP_PRC,TH_NP15_GEN-APND,ALL_APNODES,0,26.83559,345
2017-09-18T21:00:00-00:00,2017-09-18T22:00:00-00:00,2017-09-18,15,0,TH_NP15_GEN-APND,TH_NP15_GEN-APND,TH_NP15_GEN-APND,DAM,LMP,LMP_PRC,TH_NP15_GEN-APND,ALL_APNODES,0,26.96844,345
2017-09-19T03:00:00-00:00,2017-09-19T04:00:00-00:00,2017-09-18,21,0,TH_NP15_GEN-APND,TH_NP15_GEN-APND,TH_NP15_GEN-APND,DAM,LMP,LMP_PRC,TH_NP15_GEN-APND,ALL_APNODES,0,49.86821,345
2017-09-18T18:00:00-00:00,2017-09-18T19:00:00-00:00,2017-09-18,12,0,TH_NP15_GEN-APND,TH_NP15_GEN-APND,TH_NP15_GEN-APND,DAM,LMP,LMP_PRC,TH_NP15_GEN-APND,ALL_APNODES,0,24.53046,345
2017-09-18T22:00:00-00:00,2017-09-18T23:00:00-00:00,2017-09-18,16,0,TH_NP15_GEN-APND,TH_NP15_GEN-APND,TH_NP15_GEN-APND,DAM,LMP,LMP_PRC,TH_NP15_GEN-APND,ALL_APNODES,0,26.85505,345
2017-09-18T23:00:00-00:00,2017-09-19T00:00:00-00:00,2017-09-18,17,0,TH_NP15_GEN-APND,TH_NP15_GEN-APND,TH_NP15_GEN-APND,DAM,LMP,LMP_PRC,TH_NP15_GEN-APND,ALL_APNODES,0,27.98881,345
2017-09-18T19:00:00-00:00,2017-09-18T20:00:00-00:00,2017-09-18,13,0,TH_NP15_GEN-APND,TH_NP15_GEN-APND,TH_NP15_GEN-APND,DAM,LMP,LMP_PRC,TH_NP15_GEN-APND,ALL_APNODES,0,24.22991,345
2017-09-19T02:00:00-00:00,2017-09-19T03:00:00-00:00,2017-09-18,20,0,TH_NP15_GEN-APND,TH_NP15_GEN-APND,TH_NP15_GEN-APND,DAM,LMP,LMP_PRC,TH_NP15_GEN-APND,ALL_APNODES,0,61.19864,345
2017-09-18T10:00:00-00:00,2017-09-18T11:00:00-00:00,2017-09-18,4,0,TH_NP15_GEN-APND,TH_NP15_GEN-APND,TH_NP15_GEN-APND,DAM,LMP,LMP_PRC,TH_NP15_GEN-APND,ALL_APNODES,0,25.63387,345
2017-09-18T16:00:00-00:00,2017-09-18T17:00:00-00:00,2017-09-18,10,0,TH_NP15_GEN-APND,TH_NP15_GEN-APND,TH_NP15_GEN-APND,DAM,LMP,LMP_PRC,TH_NP15_GEN-APND,ALL_APNODES,0,23.04304,345
2017-09-19T05:00:00-00:00,2017-09-19T06:00:00-00:00,2017-09-18,23,0,TH_NP15_GEN-APND,TH_NP15_GEN-APND,TH_NP15_GEN-APND,DAM,LMP,LMP_PRC,TH_NP15_GEN-APND,ALL_APNODES,0,33.45593,345
2017-09-19T01:00:00-00:00,2017-09-19T02:00:00-00:00,2017-09-18,19,0,TH_NP15_GEN-APND,TH_NP15_GEN-APND,TH_NP15_GEN-APND,DAM,LMP,LMP_PRC,TH_NP15_GEN-APND,ALL_APNODES,0,50.1572,345
2017-09-18T14:00:00-00:00,2017-09-18T15:00:00-00:00,2017-09-18,8,0,TH_NP15_GEN-APND,TH_NP15_GEN-APND,TH_NP15_GEN-APND,DAM,LMP,LMP_PRC,TH_NP15_GEN-APND,ALL_APNODES,0,37.8799,345
2017-09-18T07:00:00-00:00,2017-09-18T08:00:00-00:00,2017-09-18,1,0,TH_NP15_GEN-APND,TH_NP15_GEN-APND,TH_NP15_GEN-APND,DAM,LMP,LMP_PRC,TH_NP15_GEN-APND,ALL_APNODES,0,26.51489,345
2017-09-18T11:00:00-00:00,2017-09-18T12:00:00-00:00,2017-09-18,5,0,TH_NP15_GEN-APND,TH_NP15_GEN-APND,TH_NP15_GEN-APND,DAM,MCC,LMP_CONG_PRC,TH_NP15_GEN-APND,ALL_APNODES,0,0,346
2017-09-18T07:00:00-00:00,2017-09-18T08:00:00-00:00,2017-09-18,1,0,TH_NP15_GEN-APND,TH_NP15_GEN-APND,TH_NP15_GEN-APND,DAM,MCC,LMP_CONG_PRC,TH_NP15_GEN-APND,ALL_APNODES,0,0,346
2017-09-19T00:00:00-00:00,2017-09-19T01:00:00-00:00,2017-09-18,18,0,TH_NP15_GEN-APND,TH_NP15_GEN-APND,TH_NP15_GEN-APND,DAM,MCC,LMP_CONG_PRC,TH_NP15_GEN-APND,ALL_APNODES,0,-0.08394,346
2017-09-19T03:00:00-00:00,2017-09-19T04:00:00-00:00,2017-09-18,21,0,TH_NP15_GEN-APND,TH_NP15_GEN-APND,TH_NP15_GEN-APND,DAM,MCC,LMP_CONG_PRC,TH_NP15_GEN-APND,ALL_APNODES,0,0,346
2017-09-18T12:00:00-00:00,2017-09-18T13:00:00-00:00,2017-09-18,6,0,TH_NP15_GEN-APND,TH_NP15_GEN-APND,TH_NP15_GEN-APND,DAM,MCC,LMP_CONG_PRC,TH_NP15_GEN-APND,ALL_APNODES,0,0,346
2017-09-18T18:00:00-00:00,2017-09-18T19:00:00-00:00,2017-09-18,12,0,TH_NP15_GEN-APND,TH_NP15_GEN-APND,TH_NP15_GEN-APND,DAM,MCC,LMP_CONG_PRC,TH_NP15_GEN-APND,ALL_APNODES,0,-0.84147,346
2017-09-18T08:00:00-00:00,2017-09-18T09:00:00-00:00,2017-09-18,2,0,TH_NP15_GEN-APND,TH_NP15_GEN-APND,TH_NP15_GEN-APND,DAM,MCC,LMP_CONG_PRC,TH_NP15_GEN-APND,ALL_APNODES,0,0,346
2017-09-18T09:00:00-00:00,2017-09-18T10:00:00-00:00,2017-09-18,3,0,TH_NP15_GEN-APND,TH_NP15_GEN-APND,TH_NP15_GEN-APND,DAM,MCC,LMP_CONG_PRC,TH_NP15_GEN-APND,ALL_APNODES,0,0,346
2017-09-18T22:00:00-00:00,2017-09-18T23:00:00-00:00,2017-09-18,16,0,TH_NP15_GEN-APND,TH_NP15_GEN-APND,TH_NP15_GEN-APND,DAM,MCC,LMP_CONG_PRC,TH_NP15_GEN-APND,ALL_APNODES,0,-0.00144,346
2017-09-18T10:00:00-00:00,2017-09-18T11:00:00-00:00,2017-09-18,4,0,TH_NP15_GEN-APND,TH_NP15_GEN-APND,TH_NP15_GEN-APND,DAM,MCC,LMP_CONG_PRC,TH_NP15_GEN-APND,ALL_APNODES,0,0,346
2017-09-18T16:00:00-00:00,2017-09-18T17:00:00-00:00,2017-09-18,10,0,TH_NP15_GEN-APND,TH_NP15_GEN-APND,TH_NP15_GEN-APND,DAM,MCC,LMP_CONG_PRC,TH_NP15_GEN-APND,ALL_APNODES,0,0,346
2017-09-18T20:00:00-00:00,2017-09-18T21:00:00-00:00,2017-09-18,14,0,TH_NP15_GEN-APND,TH_NP15_GEN-APND,TH_NP15_GEN-APND,DAM,MCC,LMP_CONG_PRC,TH_NP15_GEN-APND,ALL_APNODES,0,-1.1021,346
2017-09-19T01:00:00-00:00,2017-09-19T02:00:00-00:00,2017-09-18,19,0,TH_NP15_GEN-APND,TH_NP15_GEN-APND,TH_NP15_GEN-APND,DAM,MCC,LMP_CONG_PRC,TH_NP15_GEN-APND,ALL_APNODES,0,0,346
2017-09-18T14:00:00-00:00,2017-09-18T15:00:00-00:00,2017-09-18,8,0,TH_NP15_GEN-APND,TH_NP15_GEN-APND,TH_NP15_GEN-APND,DAM,MCC,LMP_CONG_PRC,TH_NP15_GEN-APND,ALL_APNODES,0,0,346
2017-09-18T17:00:00-00:00,2017-09-18T18:00:00-00:00,2017-09-18,11,0,TH_NP15_GEN-APND,TH_NP15_GEN-APND,TH_NP15_GEN-APND,DAM,MCC,LMP_CONG_PRC,TH_NP15_GEN-APND,ALL_APNODES,0,-0.58941,346
2017-09-18T19:00:00-00:00,2017-09-18T20:00:00-00:00,2017-09-18,13,0,TH_NP15_GEN-APND,TH_NP15_GEN-APND,TH_NP15_GEN-APND,DAM,MCC,LMP_CONG_PRC,TH_NP15_GEN-APND,ALL_APNODES,0,-1.1398,346
2017-09-18T21:00:00-00:00,2017-09-18T22:00:00-00:00,2017-09-18,15,0,TH_NP15_GEN-APND,TH_NP15_GEN-APND,TH_NP15_GEN-APND,DAM,MCC,LMP_CONG_PRC,TH_NP15_GEN-APND,ALL_APNODES,0,-0.83089,346
2017-09-19T06:00:00-00:00,2017-09-19T07:00:00-00:00,2017-09-18,24,0,TH_NP15_GEN-APND,TH_NP15_GEN-APND,TH_NP15_GEN-APND,DAM,MCC,LMP_CONG_PRC,TH_NP15_GEN-APND,ALL_APNODES,0,0,346
2017-09-19T04:00:00-00:00,2017-09-19T05:00:00-00:00,2017-09-18,22,0,TH_NP15_GEN-APND,TH_NP15_GEN-APND,TH_NP15_GEN-APND,DAM,MCC,LMP_CONG_PRC,TH_NP15_GEN-APND,ALL_APNODES,0,0,346
2017-09-19T05:00:00-00:00,2017-09-19T06:00:00-00:00,2017-09-18,23,0,TH_NP15_GEN-APND,TH_NP15_GEN-APND,TH_NP15_GEN-APND,DAM,MCC,LMP_CONG_PRC,TH_NP15_GEN-APND,ALL_APNODES,0,0,346
2017-09-18T23:00:00-00:00,2017-09-19T00:00:00-00:00,2017-09-18,17,0,TH_NP15_GEN-APND,TH_NP15_GEN-APND,TH_NP15_GEN-APND,DAM,MCC,LMP_CONG_PRC,TH_NP15_GEN-APND,ALL_APNODES,0,0,346
2017-09-19T02:00:00-00:00,2017-09-19T03:00:00-00:00,2017-09-18,20,0,TH_NP15_GEN-APND,TH_NP15_GEN-APND,TH_NP15_GEN-APND,DAM,MCC,LMP_CONG_PRC,TH_NP15_GEN-APND,ALL_APNODES,0,0,346
2017-09-18T13:00:00-00:00,2017-09-18T14:00:00-00:00,2017-09-18,7,0,TH_NP15_GEN-APND,TH_NP15_GEN-APND,TH_NP15_GEN-APND,DAM,MCC,LMP_CONG_PRC,TH_NP15_GEN-APND,ALL_APNODES,0,0,346
2017-09-18T15:00:00-00:00,2017-09-18T16:00:00-00:00,2017-09-18,9,0,TH_NP15_GEN-APND,TH_NP15_GEN-APND,TH_NP15_GEN-APND,DAM,MCC,LMP_CONG_PRC,TH_NP15_GEN-APND,ALL_APNODES,0,-0.05564,346
2017-09-18T15:00:00-00:00,2017-09-18T16:00:00-00:00,2017-09-18,9,0,TH_NP15_GEN-APND,TH_NP15_GEN-APND,TH_NP15_GEN-APND,DAM,MCE,LMP_ENE_PRC,TH_NP15_GEN-APND,ALL_APNODES,0,26.7043,347
2017-09-18T08:00:00-00:00,2017-09-18T09:00:00-00:00,2017-09-18,2,0,TH_NP15_GEN-APND,TH_NP15_GEN-APND,TH_NP15_GEN-APND,DAM,MCE,LMP_ENE_PRC,TH_NP15_GEN-APND,ALL_APNODES,0,26.10256,347
2017-09-19T03:00:00-00:00,2017-09-19T04:00:00-00:00,2017-09-18,21,0,TH_NP15_GEN-APND,TH_NP15_GEN-APND,TH_NP15_GEN-APND,DAM,MCE,LMP_ENE_PRC,TH_NP15_GEN-APND,ALL_APNODES,0,50.25518,347
2017-09-18T07:00:00-00:00,2017-09-18T08:00:00-00:00,2017-09-18,1,0,TH_NP15_GEN-APND,TH_NP15_GEN-APND,TH_NP15_GEN-APND,DAM,MCE,LMP_ENE_PRC,TH_NP15_GEN-APND,ALL_APNODES,0,26.61871,347
2017-09-18T13:00:00-00:00,2017-09-18T14:00:00-00:00,2017-09-18,7,0,TH_NP15_GEN-APND,TH_NP15_GEN-APND,TH_NP15_GEN-APND,DAM,MCE,LMP_ENE_PRC,TH_NP15_GEN-APND,ALL_APNODES,0,39.93274,347
2017-09-19T02:00:00-00:00,2017-09-19T03:00:00-00:00,2017-09-18,20,0,TH_NP15_GEN-APND,TH_NP15_GEN-APND,TH_NP15_GEN-APND,DAM,MCE,LMP_ENE_PRC,TH_NP15_GEN-APND,ALL_APNODES,0,61.7856,347
2017-09-18T22:00:00-00:00,2017-09-18T23:00:00-00:00,2017-09-18,16,0,TH_NP15_GEN-APND,TH_NP15_GEN-APND,TH_NP15_GEN-APND,DAM,MCE,LMP_ENE_PRC,TH_NP15_GEN-APND,ALL_APNODES,0,26.93731,347
2017-09-18T14:00:00-00:00,2017-09-18T15:00:00-00:00,2017-09-18,8,0,TH_NP15_GEN-APND,TH_NP15_GEN-APND,TH_NP15_GEN-APND,DAM,MCE,LMP_ENE_PRC,TH_NP15_GEN-APND,ALL_APNODES,0,37.7779,347
2017-09-18T10:00:00-00:00,2017-09-18T11:00:00-00:00,2017-09-18,4,0,TH_NP15_GEN-APND,TH_NP15_GEN-APND,TH_NP15_GEN-APND,DAM,MCE,LMP_ENE_PRC,TH_NP15_GEN-APND,ALL_APNODES,0,25.72132,347
2017-09-19T04:00:00-00:00,2017-09-19T05:00:00-00:00,2017-09-18,22,0,TH_NP15_GEN-APND,TH_NP15_GEN-APND,TH_NP15_GEN-APND,DAM,MCE,LMP_ENE_PRC,TH_NP15_GEN-APND,ALL_APNODES,0,36.55124,347
2017-09-19T01:00:00-00:00,2017-09-19T02:00:00-00:00,2017-09-18,19,0,TH_NP15_GEN-APND,TH_NP15_GEN-APND,TH_NP15_GEN-APND,DAM,MCE,LMP_ENE_PRC,TH_NP15_GEN-APND,ALL_APNODES,0,50.70994,347
2017-09-18T23:00:00-00:00,2017-09-19T00:00:00-00:00,2017-09-18,17,0,TH_NP15_GEN-APND,TH_NP15_GEN-APND,TH_NP15_GEN-APND,DAM,MCE,LMP_ENE_PRC,TH_NP15_GEN-APND,ALL_APNODES,0,28.09276,347
2017-09-19T05:00:00-00:00,2017-09-19T06:00:00-00:00,2017-09-18,23,0,TH_NP15_GEN-APND,TH_NP15_GEN-APND,TH_NP15_GEN-APND,DAM,MCE,LMP_ENE_PRC,TH_NP15_GEN-APND,ALL_APNODES,0,33.5667,347
2017-09-18T12:00:00-00:00,2017-09-18T13:00:00-00:00,2017-09-18,6,0,TH_NP15_GEN-APND,TH_NP15_GEN-APND,TH_NP15_GEN-APND,DAM,MCE,LMP_ENE_PRC,TH_NP15_GEN-APND,ALL_APNODES,0,29.3632,347
2017-09-18T11:00:00-00:00,2017-09-18T12:00:00-00:00,2017-09-18,5,0,TH_NP15_GEN-APND,TH_NP15_GEN-APND,TH_NP15_GEN-APND,DAM,MCE,LMP_ENE_PRC,TH_NP15_GEN-APND,ALL_APNODES,0,26.18313,347
2017-09-19T00:00:00-00:00,2017-09-19T01:00:00-00:00,2017-09-18,18,0,TH_NP15_GEN-APND,TH_NP15_GEN-APND,TH_NP15_GEN-APND,DAM,MCE,LMP_ENE_PRC,TH_NP15_GEN-APND,ALL_APNODES,0,37.39483,347
2017-09-18T09:00:00-00:00,2017-09-18T10:00:00-00:00,2017-09-18,3,0,TH_NP15_GEN-APND,TH_NP15_GEN-APND,TH_NP15_GEN-APND,DAM,MCE,LMP_ENE_PRC,TH_NP15_GEN-APND,ALL_APNODES,0,25.82953,347
2017-09-19T06:00:00-00:00,2017-09-19T07:00:00-00:00,2017-09-18,24,0,TH_NP15_GEN-APND,TH_NP15_GEN-APND,TH_NP15_GEN-APND,DAM,MCE,LMP_ENE_PRC,TH_NP15_GEN-APND,ALL_APNODES,0,30.93905,347
2017-09-18T20:00:00-00:00,2017-09-18T21:00:00-00:00,2017-09-18,14,0,TH_NP15_GEN-APND,TH_NP15_GEN-APND,TH_NP15_GEN-APND,DAM,MCE,LMP_ENE_PRC,TH_NP15_GEN-APND,ALL_APNODES,0,26.6814,347
2017-09-18T18:00:00-00:00,2017-09-18T19:00:00-00:00,2017-09-18,12,0,TH_NP15_GEN-APND,TH_NP15_GEN-APND,TH_NP15_GEN-APND,DAM,MCE,LMP_ENE_PRC,TH_NP15_GEN-APND,ALL_APNODES,0,25.17306,347
2017-09-18T17:00:00-00:00,2017-09-18T18:00:00-00:00,2017-09-18,11,0,TH_NP15_GEN-APND,TH_NP15_GEN-APND,TH_NP15_GEN-APND,DAM,MCE,LMP_ENE_PRC,TH_NP15_GEN-APND,ALL_APNODES,0,23.47428,347
2017-09-18T16:00:00-00:00,2017-09-18T17:00:00-00:00,2017-09-18,10,0,TH_NP15_GEN-APND,TH_NP15_GEN-APND,TH_NP15_GEN-APND,DAM,MCE,LMP_ENE_PRC,TH_NP15_GEN-APND,ALL_APNODES,0,22.86697,347
2017-09-18T21:00:00-00:00,2017-09-18T22:00:00-00:00,2017-09-18,15,0,TH_NP15_GEN-APND,TH_NP15_GEN-APND,TH_NP15_GEN-APND,DAM,MCE,LMP_ENE_PRC,TH_NP15_GEN-APND,ALL_APNODES,0,27.84109,347
2017-09-18T19:00:00-00:00,2017-09-18T20:00:00-00:00,2017-09-18,13,0,TH_NP15_GEN-APND,TH_NP15_GEN-APND,TH_NP15_GEN-APND,DAM,MCE,LMP_ENE_PRC,TH_NP15_GEN-APND,ALL_APNODES,0,25.17835,347
2017-09-18T09:00:00-00:00,2017-09-18T10:00:00-00:00,2017-09-18,3,0,TH_NP15_GEN-APND,TH_NP15_GEN-APND,TH_NP15_GEN-APND,DAM,MCL,LMP_LOSS_PRC,TH_NP15_GEN-APND,ALL_APNODES,0,-0.11365,348
2017-09-18T19:00:00-00:00,2017-09-18T20:00:00-00:00,2017-09-18,13,0,TH_NP15_GEN-APND,TH_NP15_GEN-APND,TH_NP15_GEN-APND,DAM,MCL,LMP_LOSS_PRC,TH_NP15_GEN-APND,ALL_APNODES,0,0.19136,348
2017-09-18T07:00:00-00:00,2017-09-18T08:00:00-00:00,2017-09-18,1,0,TH_NP15_GEN-APND,TH_NP15_GEN-APND,TH_NP15_GEN-APND,DAM,MCL,LMP_LOSS_PRC,TH_NP15_GEN-APND,ALL_APNODES,0,-0.10381,348
2017-09-18T15:00:00-00:00,2017-09-18T16:00:00-00:00,2017-09-18,9,0,TH_NP15_GEN-APND,TH_NP15_GEN-APND,TH_NP15_GEN-APND,DAM,MCL,LMP_LOSS_PRC,TH_NP15_GEN-APND,ALL_APNODES,0,0.18693,348
2017-09-19T00:00:00-00:00,2017-09-19T01:00:00-00:00,2017-09-18,18,0,TH_NP15_GEN-APND,TH_NP15_GEN-APND,TH_NP15_GEN-APND,DAM,MCL,LMP_LOSS_PRC,TH_NP15_GEN-APND,ALL_APNODES,0,-0.28046,348
2017-09-18T10:00:00-00:00,2017-09-18T11:00:00-00:00,2017-09-18,4,0,TH_NP15_GEN-APND,TH_NP15_GEN-APND,TH_NP15_GEN-APND,DAM,MCL,LMP_LOSS_PRC,TH_NP15_GEN-APND,ALL_APNODES,0,-0.08745,348
2017-09-19T02:00:00-00:00,2017-09-19T03:00:00-00:00,2017-09-18,20,0,TH_NP15_GEN-APND,TH_NP15_GEN-APND,TH_NP15_GEN-APND,DAM,MCL,LMP_LOSS_PRC,TH_NP15_GEN-APND,ALL_APNODES,0,-0.58696,348
2017-09-18T23:00:00-00:00,2017-09-19T00:00:00-00:00,2017-09-18,17,0,TH_NP15_GEN-APND,TH_NP15_GEN-APND,TH_NP15_GEN-APND,DAM,MCL,LMP_LOSS_PRC,TH_NP15_GEN-APND,ALL_APNODES,0,-0.10394,348
2017-09-18T17:00:00-00:00,2017-09-18T18:00:00-00:00,2017-09-18,11,0,TH_NP15_GEN-APND,TH_NP15_GEN-APND,TH_NP15_GEN-APND,DAM,MCL,LMP_LOSS_PRC,TH_NP15_GEN-APND,ALL_APNODES,0,0.24883,348
2017-09-18T14:00:00-00:00,2017-09-18T15:00:00-00:00,2017-09-18,8,0,TH_NP15_GEN-APND,TH_NP15_GEN-APND,TH_NP15_GEN-APND,DAM,MCL,LMP_LOSS_PRC,TH_NP15_GEN-APND,ALL_APNODES,0,0.102,348
2017-09-19T03:00:00-00:00,2017-09-19T04:00:00-00:00,2017-09-18,21,0,TH_NP15_GEN-APND,TH_NP15_GEN-APND,TH_NP15_GEN-APND,DAM,MCL,LMP_LOSS_PRC,TH_NP15_GEN-APND,ALL_APNODES,0,-0.38696,348
2017-09-18T21:00:00-00:00,2017-09-18T22:00:00-00:00,2017-09-18,15,0,TH_NP15_GEN-APND,TH_NP15_GEN-APND,TH_NP15_GEN-APND,DAM,MCL,LMP_LOSS_PRC,TH_NP15_GEN-APND,ALL_APNODES,0,-0.04176,348
2017-09-18T16:00:00-00:00,2017-09-18T17:00:00-00:00,2017-09-18,10,0,TH_NP15_GEN-APND,TH_NP15_GEN-APND,TH_NP15_GEN-APND,DAM,MCL,LMP_LOSS_PRC,TH_NP15_GEN-APND,ALL_APNODES,0,0.17608,348
2017-09-18T08:00:00-00:00,2017-09-18T09:00:00-00:00,2017-09-18,2,0,TH_NP15_GEN-APND,TH_NP15_GEN-APND,TH_NP15_GEN-APND,DAM,MCL,LMP_LOSS_PRC,TH_NP15_GEN-APND,ALL_APNODES,0,-0.15401,348
2017-09-18T22:00:00-00:00,2017-09-18T23:00:00-00:00,2017-09-18,16,0,TH_NP15_GEN-APND,TH_NP15_GEN-APND,TH_NP15_GEN-APND,DAM,MCL,LMP_LOSS_PRC,TH_NP15_GEN-APND,ALL_APNODES,0,-0.08081,348
2017-09-18T18:00:00-00:00,2017-09-18T19:00:00-00:00,2017-09-18,12,0,TH_NP15_GEN-APND,TH_NP15_GEN-APND,TH_NP15_GEN-APND,DAM,MCL,LMP_LOSS_PRC,TH_NP15_GEN-APND,ALL_APNODES,0,0.19887,348
2017-09-18T13:00:00-00:00,2017-09-18T14:00:00-00:00,2017-09-18,7,0,TH_NP15_GEN-APND,TH_NP15_GEN-APND,TH_NP15_GEN-APND,DAM,MCL,LMP_LOSS_PRC,TH_NP15_GEN-APND,ALL_APNODES,0,0.03594,348
2017-09-19T04:00:00-00:00,2017-09-19T05:00:00-00:00,2017-09-18,22,0,TH_NP15_GEN-APND,TH_NP15_GEN-APND,TH_NP15_GEN-APND,DAM,MCL,LMP_LOSS_PRC,TH_NP15_GEN-APND,ALL_APNODES,0,-0.26682,348
2017-09-19T01:00:00-00:00,2017-09-19T02:00:00-00:00,2017-09-18,19,0,TH_NP15_GEN-APND,TH_NP15_GEN-APND,TH_NP15_GEN-APND,DAM,MCL,LMP_LOSS_PRC,TH_NP15_GEN-APND,ALL_APNODES,0,-0.55274,348
2017-09-19T06:00:00-00:00,2017-09-19T07:00:00-00:00,2017-09-18,24,0,TH_NP15_GEN-APND,TH_NP15_GEN-APND,TH_NP15_GEN-APND,DAM,MCL,LMP_LOSS_PRC,TH_NP15_GEN-APND,ALL_APNODES,0,-0.04022,348
2017-09-19T05:00:00-00:00,2017-09-19T06:00:00-00:00,2017-09-18,23,0,TH_NP15_GEN-APND,TH_NP15_GEN-APND,TH_NP15_GEN-APND,DAM,MCL,LMP_LOSS_PRC,TH_NP15_GEN-APND,ALL_APNODES,0,-0.11077,348
2017-09-18T12:00:00-00:00,2017-09-18T13:00:00-00:00,2017-09-18,6,0,TH_NP15_GEN-APND,TH_NP15_GEN-APND,TH_NP15_GEN-APND,DAM,MCL,LMP_LOSS_PRC,TH_NP15_GEN-APND,ALL_APNODES,0,-0.03817,348
2017-09-18T20:00:00-00:00,2017-09-18T21:00:00-00:00,2017-09-18,14,0,TH_NP15_GEN-APND,TH_NP15_GEN-APND,TH_NP15_GEN-APND,DAM,MCL,LMP_LOSS_PRC,TH_NP15_GEN-APND,ALL_APNODES,0,0.07471,348
2017-09-18T11:00:00-00:00,2017-09-18T12:00:00-00:00,2017-09-18,5,0,TH_NP15_GEN-APND,TH_NP15_GEN-APND,TH_NP15_GEN-APND,DAM,MCL,LMP_LOSS_PRC,TH_NP15_GEN-APND,ALL_APNODES,0,-0.06808,348
2017-09-18T14:00:00-00:00,2017-09-18T15:00:00-00:00,2017-09-18,8,0,TH_SP15_GEN-APND,TH_SP15_GEN-APND,TH_SP15_GEN-APND,DAM,LMP,LMP_PRC,TH_SP15_GEN-APND,ALL_APNODES,0,36.12701,349
2017-09-18T07:00:00-00:00,2017-09-18T08:00:00-00:00,2017-09-18,1,0,TH_SP15_GEN-APND,TH_SP15_GEN-APND,TH_SP15_GEN-APND,DAM,LMP,LMP_PRC,TH_SP15_GEN-APND,ALL_APNODES,0,25.83345,349
2017-09-18T08:00:00-00:00,2017-09-18T09:00:00-00:00,2017-09-18,2,0,TH_SP15_GEN-APND,TH_SP15_GEN-APND,TH_SP15_GEN-APND,DAM,LMP,LMP_PRC,TH_SP15_GEN-APND,ALL_APNODES,0,25.36908,349
2017-09-18T22:00:00-00:00,2017-09-18T23:00:00-00:00,2017-09-18,16,0,TH_SP15_GEN-APND,TH_SP15_GEN-APND,TH_SP15_GEN-APND,DAM,LMP,LMP_PRC,TH_SP15_GEN-APND,ALL_APNODES,0,25.83826,349
2017-09-19T00:00:00-00:00,2017-09-19T01:00:00-00:00,2017-09-18,18,0,TH_SP15_GEN-APND,TH_SP15_GEN-APND,TH_SP15_GEN-APND,DAM,LMP,LMP_PRC,TH_SP15_GEN-APND,ALL_APNODES,0,35.78311,349
2017-09-19T01:00:00-00:00,2017-09-19T02:00:00-00:00,2017-09-18,19,0,TH_SP15_GEN-APND,TH_SP15_GEN-APND,TH_SP15_GEN-APND,DAM,LMP,LMP_PRC,TH_SP15_GEN-APND,ALL_APNODES,0,48.6714,349
2017-09-19T02:00:00-00:00,2017-09-19T03:00:00-00:00,2017-09-18,20,0,TH_SP15_GEN-APND,TH_SP15_GEN-APND,TH_SP15_GEN-APND,DAM,LMP,LMP_PRC,TH_SP15_GEN-APND,ALL_APNODES,0,59.44393,349
2017-09-18T13:00:00-00:00,2017-09-18T14:00:00-00:00,2017-09-18,7,0,TH_SP15_GEN-APND,TH_SP15_GEN-APND,TH_SP15_GEN-APND,DAM,LMP,LMP_PRC,TH_SP15_GEN-APND,ALL_APNODES,0,38.40731,349
2017-09-18T15:00:00-00:00,2017-09-18T16:00:00-00:00,2017-09-18,9,0,TH_SP15_GEN-APND,TH_SP15_GEN-APND,TH_SP15_GEN-APND,DAM,LMP,LMP_PRC,TH_SP15_GEN-APND,ALL_APNODES,0,25.45223,349
2017-09-18T18:00:00-00:00,2017-09-18T19:00:00-00:00,2017-09-18,12,0,TH_SP15_GEN-APND,TH_SP15_GEN-APND,TH_SP15_GEN-APND,DAM,LMP,LMP_PRC,TH_SP15_GEN-APND,ALL_APNODES,0,24,349
2017-09-18T10:00:00-00:00,2017-09-18T11:00:00-00:00,2017-09-18,4,0,TH_SP15_GEN-APND,TH_SP15_GEN-APND,TH_SP15_GEN-APND,DAM,LMP,LMP_PRC,TH_SP15_GEN-APND,ALL_APNODES,0,24.97797,349
2017-09-18T20:00:00-00:00,2017-09-18T21:00:00-00:00,2017-09-18,14,0,TH_SP15_GEN-APND,TH_SP15_GEN-APND,TH_SP15_GEN-APND,DAM,LMP,LMP_PRC,TH_SP15_GEN-APND,ALL_APNODES,0,25.53944,349
2017-09-18T09:00:00-00:00,2017-09-18T10:00:00-00:00,2017-09-18,3,0,TH_SP15_GEN-APND,TH_SP15_GEN-APND,TH_SP15_GEN-APND,DAM,LMP,LMP_PRC,TH_SP15_GEN-APND,ALL_APNODES,0,25.11405,349
2017-09-18T11:00:00-00:00,2017-09-18T12:00:00-00:00,2017-09-18,5,0,TH_SP15_GEN-APND,TH_SP15_GEN-APND,TH_SP15_GEN-APND,DAM,LMP,LMP_PRC,TH_SP15_GEN-APND,ALL_APNODES,0,25.38716,349
2017-09-18T17:00:00-00:00,2017-09-18T18:00:00-00:00,2017-09-18,11,0,TH_SP15_GEN-APND,TH_SP15_GEN-APND,TH_SP15_GEN-APND,DAM,LMP,LMP_PRC,TH_SP15_GEN-APND,ALL_APNODES,0,22.31934,349
2017-09-19T05:00:00-00:00,2017-09-19T06:00:00-00:00,2017-09-18,23,0,TH_SP15_GEN-APND,TH_SP15_GEN-APND,TH_SP15_GEN-APND,DAM,LMP,LMP_PRC,TH_SP15_GEN-APND,ALL_APNODES,0,32.24753,349
2017-09-19T03:00:00-00:00,2017-09-19T04:00:00-00:00,2017-09-18,21,0,TH_SP15_GEN-APND,TH_SP15_GEN-APND,TH_SP15_GEN-APND,DAM,LMP,LMP_PRC,TH_SP15_GEN-APND,ALL_APNODES,0,48.24497,349
2017-09-19T06:00:00-00:00,2017-09-19T07:00:00-00:00,2017-09-18,24,0,TH_SP15_GEN-APND,TH_SP15_GEN-APND,TH_SP15_GEN-APND,DAM,LMP,LMP_PRC,TH_SP15_GEN-APND,ALL_APNODES,0,29.8005,349
2017-09-18T19:00:00-00:00,2017-09-18T20:00:00-00:00,2017-09-18,13,0,TH_SP15_GEN-APND,TH_SP15_GEN-APND,TH_SP15_GEN-APND,DAM,LMP,LMP_PRC,TH_SP15_GEN-APND,ALL_APNODES,0,24,349
2017-09-18T12:00:00-00:00,2017-09-18T13:00:00-00:00,2017-09-18,6,0,TH_SP15_GEN-APND,TH_SP15_GEN-APND,TH_SP15_GEN-APND,DAM,LMP,LMP_PRC,TH_SP15_GEN-APND,ALL_APNODES,0,28.3854,349
2017-09-18T16:00:00-00:00,2017-09-18T17:00:00-00:00,2017-09-18,10,0,TH_SP15_GEN-APND,TH_SP15_GEN-APND,TH_SP15_GEN-APND,DAM,LMP,LMP_PRC,TH_SP15_GEN-APND,ALL_APNODES,0,21.78307,349
2017-09-18T21:00:00-00:00,2017-09-18T22:00:00-00:00,2017-09-18,15,0,TH_SP15_GEN-APND,TH_SP15_GEN-APND,TH_SP15_GEN-APND,DAM,LMP,LMP_PRC,TH_SP15_GEN-APND,ALL_APNODES,0,26.69403,349
2017-09-18T23:00:00-00:00,2017-09-19T00:00:00-00:00,2017-09-18,17,0,TH_SP15_GEN-APND,TH_SP15_GEN-APND,TH_SP15_GEN-APND,DAM,LMP,LMP_PRC,TH_SP15_GEN-APND,ALL_APNODES,0,26.93253,349
2017-09-19T04:00:00-00:00,2017-09-19T05:00:00-00:00,2017-09-18,22,0,TH_SP15_GEN-APND,TH_SP15_GEN-APND,TH_SP15_GEN-APND,DAM,LMP,LMP_PRC,TH_SP15_GEN-APND,ALL_APNODES,0,35.14402,349
2017-09-18T14:00:00-00:00,2017-09-18T15:00:00-00:00,2017-09-18,8,0,TH_SP15_GEN-APND,TH_SP15_GEN-APND,TH_SP15_GEN-APND,DAM,MCC,LMP_CONG_PRC,TH_SP15_GEN-APND,ALL_APNODES,0,0,350
2017-09-18T21:00:00-00:00,2017-09-18T22:00:00-00:00,2017-09-18,15,0,TH_SP15_GEN-APND,TH_SP15_GEN-APND,TH_SP15_GEN-APND,DAM,MCC,LMP_CONG_PRC,TH_SP15_GEN-APND,ALL_APNODES,0,0,350
2017-09-18T08:00:00-00:00,2017-09-18T09:00:00-00:00,2017-09-18,2,0,TH_SP15_GEN-APND,TH_SP15_GEN-APND,TH_SP15_GEN-APND,DAM,MCC,LMP_CONG_PRC,TH_SP15_GEN-APND,ALL_APNODES,0,0,350
2017-09-18T22:00:00-00:00,2017-09-18T23:00:00-00:00,2017-09-18,16,0,TH_SP15_GEN-APND,TH_SP15_GEN-APND,TH_SP15_GEN-APND,DAM,MCC,LMP_CONG_PRC,TH_SP15_GEN-APND,ALL_APNODES,0,0,350
2017-09-18T17:00:00-00:00,2017-09-18T18:00:00-00:00,2017-09-18,11,0,TH_SP15_GEN-APND,TH_SP15_GEN-APND,TH_SP15_GEN-APND,DAM,MCC,LMP_CONG_PRC,TH_SP15_GEN-APND,ALL_APNODES,0,0,350
2017-09-18T12:00:00-00:00,2017-09-18T13:00:00-00:00,2017-09-18,6,0,TH_SP15_GEN-APND,TH_SP15_GEN-APND,TH_SP15_GEN-APND,DAM,MCC,LMP_CONG_PRC,TH_SP15_GEN-APND,ALL_APNODES,0,0,350
2017-09-19T03:00:00-00:00,2017-09-19T04:00:00-00:00,2017-09-18,21,0,TH_SP15_GEN-APND,TH_SP15_GEN-APND,TH_SP15_GEN-APND,DAM,MCC,LMP_CONG_PRC,TH_SP15_GEN-APND,ALL_APNODES,0,0,350
2017-09-19T02:00:00-00:00,2017-09-19T03:00:00-00:00,2017-09-18,20,0,TH_SP15_GEN-APND,TH_SP15_GEN-APND,TH_SP15_GEN-APND,DAM,MCC,LMP_CONG_PRC,TH_SP15_GEN-APND,ALL_APNODES,0,0,350
2017-09-18T19:00:00-00:00,2017-09-18T20:00:00-00:00,2017-09-18,13,0,TH_SP15_GEN-APND,TH_SP15_GEN-APND,TH_SP15_GEN-APND,DAM,MCC,LMP_CONG_PRC,TH_SP15_GEN-APND,ALL_APNODES,0,0,350
2017-09-19T06:00:00-00:00,2017-09-19T07:00:00-00:00,2017-09-18,24,0,TH_SP15_GEN-APND,TH_SP15_GEN-APND,TH_SP15_GEN-APND,DAM,MCC,LMP_CONG_PRC,TH_SP15_GEN-APND,ALL_APNODES,0,0,350
2017-09-18T11:00:00-00:00,2017-09-18T12:00:00-00:00,2017-09-18,5,0,TH_SP15_GEN-APND,TH_SP15_GEN-APND,TH_SP15_GEN-APND,DAM,MCC,LMP_CONG_PRC,TH_SP15_GEN-APND,ALL_APNODES,0,0,350
2017-09-18T10:00:00-00:00,2017-09-18T11:00:00-00:00,2017-09-18,4,0,TH_SP15_GEN-APND,TH_SP15_GEN-APND,TH_SP15_GEN-APND,DAM,MCC,LMP_CONG_PRC,TH_SP15_GEN-APND,ALL_APNODES,0,0,350
2017-09-18T16:00:00-00:00,2017-09-18T17:00:00-00:00,2017-09-18,10,0,TH_SP15_GEN-APND,TH_SP15_GEN-APND,TH_SP15_GEN-APND,DAM,MCC,LMP_CONG_PRC,TH_SP15_GEN-APND,ALL_APNODES,0,0,350
2017-09-19T04:00:00-00:00,2017-09-19T05:00:00-00:00,2017-09-18,22,0,TH_SP15_GEN-APND,TH_SP15_GEN-APND,TH_SP15_GEN-APND,DAM,MCC,LMP_CONG_PRC,TH_SP15_GEN-APND,ALL_APNODES,0,0,350
2017-09-18T09:00:00-00:00,2017-09-18T10:00:00-00:00,2017-09-18,3,0,TH_SP15_GEN-APND,TH_SP15_GEN-APND,TH_SP15_GEN-APND,DAM,MCC,LMP_CONG_PRC,TH_SP15_GEN-APND,ALL_APNODES,0,0,350
2017-09-18T15:00:00-00:00,2017-09-18T16:00:00-00:00,2017-09-18,9,0,TH_SP15_GEN-APND,TH_SP15_GEN-APND,TH_SP15_GEN-APND,DAM,MCC,LMP_CONG_PRC,TH_SP15_GEN-APND,ALL_APNODES,0,0.03508,350
2017-09-19T00:00:00-00:00,2017-09-19T01:00:00-00:00,2017-09-18,18,0,TH_SP15_GEN-APND,TH_SP15_GEN-APND,TH_SP15_GEN-APND,DAM,MCC,LMP_CONG_PRC,TH_SP15_GEN-APND,ALL_APNODES,0,0,350
2017-09-18T23:00:00-00:00,2017-09-19T00:00:00-00:00,2017-09-18,17,0,TH_SP15_GEN-APND,TH_SP15_GEN-APND,TH_SP15_GEN-APND,DAM,MCC,LMP_CONG_PRC,TH_SP15_GEN-APND,ALL_APNODES,0,0,350
2017-09-18T07:00:00-00:00,2017-09-18T08:00:00-00:00,2017-09-18,1,0,TH_SP15_GEN-APND,TH_SP15_GEN-APND,TH_SP15_GEN-APND,DAM,MCC,LMP_CONG_PRC,TH_SP15_GEN-APND,ALL_APNODES,0,0,350
2017-09-19T05:00:00-00:00,2017-09-19T06:00:00-00:00,2017-09-18,23,0,TH_SP15_GEN-APND,TH_SP15_GEN-APND,TH_SP15_GEN-APND,DAM,MCC,LMP_CONG_PRC,TH_SP15_GEN-APND,ALL_APNODES,0,0,350
2017-09-18T13:00:00-00:00,2017-09-18T14:00:00-00:00,2017-09-18,7,0,TH_SP15_GEN-APND,TH_SP15_GEN-APND,TH_SP15_GEN-APND,DAM,MCC,LMP_CONG_PRC,TH_SP15_GEN-APND,ALL_APNODES,0,0,350
2017-09-19T01:00:00-00:00,2017-09-19T02:00:00-00:00,2017-09-18,19,0,TH_SP15_GEN-APND,TH_SP15_GEN-APND,TH_SP15_GEN-APND,DAM,MCC,LMP_CONG_PRC,TH_SP15_GEN-APND,ALL_APNODES,0,0,350
2017-09-18T18:00:00-00:00,2017-09-18T19:00:00-00:00,2017-09-18,12,0,TH_SP15_GEN-APND,TH_SP15_GEN-APND,TH_SP15_GEN-APND,DAM,MCC,LMP_CONG_PRC,TH_SP15_GEN-APND,ALL_APNODES,0,0,350
2017-09-18T20:00:00-00:00,2017-09-18T21:00:00-00:00,2017-09-18,14,0,TH_SP15_GEN-APND,TH_SP15_GEN-APND,TH_SP15_GEN-APND,DAM,MCC,LMP_CONG_PRC,TH_SP15_GEN-APND,ALL_APNODES,0,0,350
2017-09-18T20:00:00-00:00,2017-09-18T21:00:00-00:00,2017-09-18,14,0,TH_SP15_GEN-APND,TH_SP15_GEN-APND,TH_SP15_GEN-APND,DAM,MCE,LMP_ENE_PRC,TH_SP15_GEN-APND,ALL_APNODES,0,26.6814,351
2017-09-18T18:00:00-00:00,2017-09-18T19:00:00-00:00,2017-09-18,12,0,TH_SP15_GEN-APND,TH_SP15_GEN-APND,TH_SP15_GEN-APND,DAM,MCE,LMP_ENE_PRC,TH_SP15_GEN-APND,ALL_APNODES,0,25.17306,351
2017-09-18T09:00:00-00:00,2017-09-18T10:00:00-00:00,2017-09-18,3,0,TH_SP15_GEN-APND,TH_SP15_GEN-APND,TH_SP15_GEN-APND,DAM,MCE,LMP_ENE_PRC,TH_SP15_GEN-APND,ALL_APNODES,0,25.82953,351
2017-09-19T00:00:00-00:00,2017-09-19T01:00:00-00:00,2017-09-18,18,0,TH_SP15_GEN-APND,TH_SP15_GEN-APND,TH_SP15_GEN-APND,DAM,MCE,LMP_ENE_PRC,TH_SP15_GEN-APND,ALL_APNODES,0,37.39483,351
2017-09-18T22:00:00-00:00,2017-09-18T23:00:00-00:00,2017-09-18,16,0,TH_SP15_GEN-APND,TH_SP15_GEN-APND,TH_SP15_GEN-APND,DAM,MCE,LMP_ENE_PRC,TH_SP15_GEN-APND,ALL_APNODES,0,26.93731,351
2017-09-18T19:00:00-00:00,2017-09-18T20:00:00-00:00,2017-09-18,13,0,TH_SP15_GEN-APND,TH_SP15_GEN-APND,TH_SP15_GEN-APND,DAM,MCE,LMP_ENE_PRC,TH_SP15_GEN-APND,ALL_APNODES,0,25.17835,351
2017-09-18T12:00:00-00:00,2017-09-18T13:00:00-00:00,2017-09-18,6,0,TH_SP15_GEN-APND,TH_SP15_GEN-APND,TH_SP15_GEN-APND,DAM,MCE,LMP_ENE_PRC,TH_SP15_GEN-APND,ALL_APNODES,0,29.3632,351
2017-09-19T04:00:00-00:00,2017-09-19T05:00:00-00:00,2017-09-18,22,0,TH_SP15_GEN-APND,TH_SP15_GEN-APND,TH_SP15_GEN-APND,DAM,MCE,LMP_ENE_PRC,TH_SP15_GEN-APND,ALL_APNODES,0,36.55124,351
2017-09-18T11:00:00-00:00,2017-09-18T12:00:00-00:00,2017-09-18,5,0,TH_SP15_GEN-APND,TH_SP15_GEN-APND,TH_SP15_GEN-APND,DAM,MCE,LMP_ENE_PRC,TH_SP15_GEN-APND,ALL_APNODES,0,26.18313,351
2017-09-18T23:00:00-00:00,2017-09-19T00:00:00-00:00,2017-09-18,17,0,TH_SP15_GEN-APND,TH_SP15_GEN-APND,TH_SP15_GEN-APND,DAM,MCE,LMP_ENE_PRC,TH_SP15_GEN-APND,ALL_APNODES,0,28.09276,351
2017-09-19T05:00:00-00:00,2017-09-19T06:00:00-00:00,2017-09-18,23,0,TH_SP15_GEN-APND,TH_SP15_GEN-APND,TH_SP15_GEN-APND,DAM,MCE,LMP_ENE_PRC,TH_SP15_GEN-APND,ALL_APNODES,0,33.5667,351
2017-09-19T03:00:00-00:00,2017-09-19T04:00:00-00:00,2017-09-18,21,0,TH_SP15_GEN-APND,TH_SP15_GEN-APND,TH_SP15_GEN-APND,DAM,MCE,LMP_ENE_PRC,TH_SP15_GEN-APND,ALL_APNODES,0,50.25518,351
2017-09-18T17:00:00-00:00,2017-09-18T18:00:00-00:00,2017-09-18,11,0,TH_SP15_GEN-APND,TH_SP15_GEN-APND,TH_SP15_GEN-APND,DAM,MCE,LMP_ENE_PRC,TH_SP15_GEN-APND,ALL_APNODES,0,23.47428,351
2017-09-19T06:00:00-00:00,2017-09-19T07:00:00-00:00,2017-09-18,24,0,TH_SP15_GEN-APND,TH_SP15_GEN-APND,TH_SP15_GEN-APND,DAM,MCE,LMP_ENE_PRC,TH_SP15_GEN-APND,ALL_APNODES,0,30.93905,351
2017-09-18T07:00:00-00:00,2017-09-18T08:00:00-00:00,2017-09-18,1,0,TH_SP15_GEN-APND,TH_SP15_GEN-APND,TH_SP15_GEN-APND,DAM,MCE,LMP_ENE_PRC,TH_SP15_GEN-APND,ALL_APNODES,0,26.61871,351
2017-09-18T15:00:00-00:00,2017-09-18T16:00:00-00:00,2017-09-18,9,0,TH_SP15_GEN-APND,TH_SP15_GEN-APND,TH_SP15_GEN-APND,DAM,MCE,LMP_ENE_PRC,TH_SP15_GEN-APND,ALL_APNODES,0,26.7043,351
2017-09-18T13:00:00-00:00,2017-09-18T14:00:00-00:00,2017-09-18,7,0,TH_SP15_GEN-APND,TH_SP15_GEN-APND,TH_SP15_GEN-APND,DAM,MCE,LMP_ENE_PRC,TH_SP15_GEN-APND,ALL_APNODES,0,39.93274,351
2017-09-18T08:00:00-00:00,2017-09-18T09:00:00-00:00,2017-09-18,2,0,TH_SP15_GEN-APND,TH_SP15_GEN-APND,TH_SP15_GEN-APND,DAM,MCE,LMP_ENE_PRC,TH_SP15_GEN-APND,ALL_APNODES,0,26.10256,351
2017-09-18T14:00:00-00:00,2017-09-18T15:00:00-00:00,2017-09-18,8,0,TH_SP15_GEN-APND,TH_SP15_GEN-APND,TH_SP15_GEN-APND,DAM,MCE,LMP_ENE_PRC,TH_SP15_GEN-APND,ALL_APNODES,0,37.7779,351
2017-09-18T10:00:00-00:00,2017-09-18T11:00:00-00:00,2017-09-18,4,0,TH_SP15_GEN-APND,TH_SP15_GEN-APND,TH_SP15_GEN-APND,DAM,MCE,LMP_ENE_PRC,TH_SP15_GEN-APND,ALL_APNODES,0,25.72132,351
2017-09-19T02:00:00-00:00,2017-09-19T03:00:00-00:00,2017-09-18,20,0,TH_SP15_GEN-APND,TH_SP15_GEN-APND,TH_SP15_GEN-APND,DAM,MCE,LMP_ENE_PRC,TH_SP15_GEN-APND,ALL_APNODES,0,61.7856,351
2017-09-19T01:00:00-00:00,2017-09-19T02:00:00-00:00,2017-09-18,19,0,TH_SP15_GEN-APND,TH_SP15_GEN-APND,TH_SP15_GEN-APND,DAM,MCE,LMP_ENE_PRC,TH_SP15_GEN-APND,ALL_APNODES,0,50.70994,351
2017-09-18T21:00:00-00:00,2017-09-18T22:00:00-00:00,2017-09-18,15,0,TH_SP15_GEN-APND,TH_SP15_GEN-APND,TH_SP15_GEN-APND,DAM,MCE,LMP_ENE_PRC,TH_SP15_GEN-APND,ALL_APNODES,0,27.84109,351
2017-09-18T16:00:00-00:00,2017-09-18T17:00:00-00:00,2017-09-18,10,0,TH_SP15_GEN-APND,TH_SP15_GEN-APND,TH_SP15_GEN-APND,DAM,MCE,LMP_ENE_PRC,TH_SP15_GEN-APND,ALL_APNODES,0,22.86697,351
2017-09-18T21:00:00-00:00,2017-09-18T22:00:00-00:00,2017-09-18,15,0,TH_SP15_GEN-APND,TH_SP15_GEN-APND,TH_SP15_GEN-APND,DAM,MCL,LMP_LOSS_PRC,TH_SP15_GEN-APND,ALL_APNODES,0,-1.14705,352
2017-09-18T23:00:00-00:00,2017-09-19T00:00:00-00:00,2017-09-18,17,0,TH_SP15_GEN-APND,TH_SP15_GEN-APND,TH_SP15_GEN-APND,DAM,MCL,LMP_LOSS_PRC,TH_SP15_GEN-APND,ALL_APNODES,0,-1.16023,352
2017-09-19T04:00:00-00:00,2017-09-19T05:00:00-00:00,2017-09-18,22,0,TH_SP15_GEN-APND,TH_SP15_GEN-APND,TH_SP15_GEN-APND,DAM,MCL,LMP_LOSS_PRC,TH_SP15_GEN-APND,ALL_APNODES,0,-1.40722,352
2017-09-19T00:00:00-00:00,2017-09-19T01:00:00-00:00,2017-09-18,18,0,TH_SP15_GEN-APND,TH_SP15_GEN-APND,TH_SP15_GEN-APND,DAM,MCL,LMP_LOSS_PRC,TH_SP15_GEN-APND,ALL_APNODES,0,-1.61172,352
2017-09-19T06:00:00-00:00,2017-09-19T07:00:00-00:00,2017-09-18,24,0,TH_SP15_GEN-APND,TH_SP15_GEN-APND,TH_SP15_GEN-APND,DAM,MCL,LMP_LOSS_PRC,TH_SP15_GEN-APND,ALL_APNODES,0,-1.13856,352
2017-09-18T14:00:00-00:00,2017-09-18T15:00:00-00:00,2017-09-18,8,0,TH_SP15_GEN-APND,TH_SP15_GEN-APND,TH_SP15_GEN-APND,DAM,MCL,LMP_LOSS_PRC,TH_SP15_GEN-APND,ALL_APNODES,0,-1.65089,352
2017-09-18T16:00:00-00:00,2017-09-18T17:00:00-00:00,2017-09-18,10,0,TH_SP15_GEN-APND,TH_SP15_GEN-APND,TH_SP15_GEN-APND,DAM,MCL,LMP_LOSS_PRC,TH_SP15_GEN-APND,ALL_APNODES,0,-1.08389,352
2017-09-19T05:00:00-00:00,2017-09-19T06:00:00-00:00,2017-09-18,23,0,TH_SP15_GEN-APND,TH_SP15_GEN-APND,TH_SP15_GEN-APND,DAM,MCL,LMP_LOSS_PRC,TH_SP15_GEN-APND,ALL_APNODES,0,-1.31917,352
2017-09-19T01:00:00-00:00,2017-09-19T02:00:00-00:00,2017-09-18,19,0,TH_SP15_GEN-APND,TH_SP15_GEN-APND,TH_SP15_GEN-APND,DAM,MCL,LMP_LOSS_PRC,TH_SP15_GEN-APND,ALL_APNODES,0,-2.03854,352
2017-09-18T11:00:00-00:00,2017-09-18T12:00:00-00:00,2017-09-18,5,0,TH_SP15_GEN-APND,TH_SP15_GEN-APND,TH_SP15_GEN-APND,DAM,MCL,LMP_LOSS_PRC,TH_SP15_GEN-APND,ALL_APNODES,0,-0.79597,352
2017-09-19T03:00:00-00:00,2017-09-19T04:00:00-00:00,2017-09-18,21,0,TH_SP15_GEN-APND,TH_SP15_GEN-APND,TH_SP15_GEN-APND,DAM,MCL,LMP_LOSS_PRC,TH_SP15_GEN-APND,ALL_APNODES,0,-2.01021,352
2017-09-18T12:00:00-00:00,2017-09-18T13:00:00-00:00,2017-09-18,6,0,TH_SP15_GEN-APND,TH_SP15_GEN-APND,TH_SP15_GEN-APND,DAM,MCL,LMP_LOSS_PRC,TH_SP15_GEN-APND,ALL_APNODES,0,-0.97779,352
2017-09-18T13:00:00-00:00,2017-09-18T14:00:00-00:00,2017-09-18,7,0,TH_SP15_GEN-APND,TH_SP15_GEN-APND,TH_SP15_GEN-APND,DAM,MCL,LMP_LOSS_PRC,TH_SP15_GEN-APND,ALL_APNODES,0,-1.52543,352
2017-09-18T15:00:00-00:00,2017-09-18T16:00:00-00:00,2017-09-18,9,0,TH_SP15_GEN-APND,TH_SP15_GEN-APND,TH_SP15_GEN-APND,DAM,MCL,LMP_LOSS_PRC,TH_SP15_GEN-APND,ALL_APNODES,0,-1.28715,352
2017-09-19T02:00:00-00:00,2017-09-19T03:00:00-00:00,2017-09-18,20,0,TH_SP15_GEN-APND,TH_SP15_GEN-APND,TH_SP15_GEN-APND,DAM,MCL,LMP_LOSS_PRC,TH_SP15_GEN-APND,ALL_APNODES,0,-2.34167,352
2017-09-18T18:00:00-00:00,2017-09-18T19:00:00-00:00,2017-09-18,12,0,TH_SP15_GEN-APND,TH_SP15_GEN-APND,TH_SP15_GEN-APND,DAM,MCL,LMP_LOSS_PRC,TH_SP15_GEN-APND,ALL_APNODES,0,-1.17306,352
2017-09-18T07:00:00-00:00,2017-09-18T08:00:00-00:00,2017-09-18,1,0,TH_SP15_GEN-APND,TH_SP15_GEN-APND,TH_SP15_GEN-APND,DAM,MCL,LMP_LOSS_PRC,TH_SP15_GEN-APND,ALL_APNODES,0,-0.78525,352
2017-09-18T08:00:00-00:00,2017-09-18T09:00:00-00:00,2017-09-18,2,0,TH_SP15_GEN-APND,TH_SP15_GEN-APND,TH_SP15_GEN-APND,DAM,MCL,LMP_LOSS_PRC,TH_SP15_GEN-APND,ALL_APNODES,0,-0.73348,352
2017-09-18T19:00:00-00:00,2017-09-18T20:00:00-00:00,2017-09-18,13,0,TH_SP15_GEN-APND,TH_SP15_GEN-APND,TH_SP15_GEN-APND,DAM,MCL,LMP_LOSS_PRC,TH_SP15_GEN-APND,ALL_APNODES,0,-1.17835,352
2017-09-18T22:00:00-00:00,2017-09-18T23:00:00-00:00,2017-09-18,16,0,TH_SP15_GEN-APND,TH_SP15_GEN-APND,TH_SP15_GEN-APND,DAM,MCL,LMP_LOSS_PRC,TH_SP15_GEN-APND,ALL_APNODES,0,-1.09904,352
2017-09-18T09:00:00-00:00,2017-09-18T10:00:00-00:00,2017-09-18,3,0,TH_SP15_GEN-APND,TH_SP15_GEN-APND,TH_SP15_GEN-APND,DAM,MCL,LMP_LOSS_PRC,TH_SP15_GEN-APND,ALL_APNODES,0,-0.71548,352
2017-09-18T10:00:00-00:00,2017-09-18T11:00:00-00:00,2017-09-18,4,0,TH_SP15_GEN-APND,TH_SP15_GEN-APND,TH_SP15_GEN-APND,DAM,MCL,LMP_LOSS_PRC,TH_SP15_GEN-APND,ALL_APNODES,0,-0.74335,352
2017-09-18T17:00:00-00:00,2017-09-18T18:00:00-00:00,2017-09-18,11,0,TH_SP15_GEN-APND,TH_SP15_GEN-APND,TH_SP15_GEN-APND,DAM,MCL,LMP_LOSS_PRC,TH_SP15_GEN-APND,ALL_APNODES,0,-1.15493,352
2017-09-18T20:00:00-00:00,2017-09-18T21:00:00-00:00,2017-09-18,14,0,TH_SP15_GEN-APND,TH_SP15_GEN-APND,TH_SP15_GEN-APND,DAM,MCL,LMP_LOSS_PRC,TH_SP15_GEN-APND,ALL_APNODES,0,-1.14196,352
2017-09-19T00:00:00-00:00,2017-09-19T01:00:00-00:00,2017-09-18,18,0,TH_ZP26_GEN-APND,TH_ZP26_GEN-APND,TH_ZP26_GEN-APND,DAM,LMP,LMP_PRC,TH_ZP26_GEN-APND,ALL_APNODES,0,35.80181,353
2017-09-18T09:00:00-00:00,2017-09-18T10:00:00-00:00,2017-09-18,3,0,TH_ZP26_GEN-APND,TH_ZP26_GEN-APND,TH_ZP26_GEN-APND,DAM,LMP,LMP_PRC,TH_ZP26_GEN-APND,ALL_APNODES,0,25.0753,353
2017-09-18T18:00:00-00:00,2017-09-18T19:00:00-00:00,2017-09-18,12,0,TH_ZP26_GEN-APND,TH_ZP26_GEN-APND,TH_ZP26_GEN-APND,DAM,LMP,LMP_PRC,TH_ZP26_GEN-APND,ALL_APNODES,0,23.05482,353
2017-09-18T16:00:00-00:00,2017-09-18T17:00:00-00:00,2017-09-18,10,0,TH_ZP26_GEN-APND,TH_ZP26_GEN-APND,TH_ZP26_GEN-APND,DAM,LMP,LMP_PRC,TH_ZP26_GEN-APND,ALL_APNODES,0,21.78536,353
2017-09-18T15:00:00-00:00,2017-09-18T16:00:00-00:00,2017-09-18,9,0,TH_ZP26_GEN-APND,TH_ZP26_GEN-APND,TH_ZP26_GEN-APND,DAM,LMP,LMP_PRC,TH_ZP26_GEN-APND,ALL_APNODES,0,25.46854,353
2017-09-18T12:00:00-00:00,2017-09-18T13:00:00-00:00,2017-09-18,6,0,TH_ZP26_GEN-APND,TH_ZP26_GEN-APND,TH_ZP26_GEN-APND,DAM,LMP,LMP_PRC,TH_ZP26_GEN-APND,ALL_APNODES,0,28.50873,353
2017-09-18T11:00:00-00:00,2017-09-18T12:00:00-00:00,2017-09-18,5,0,TH_ZP26_GEN-APND,TH_ZP26_GEN-APND,TH_ZP26_GEN-APND,DAM,LMP,LMP_PRC,TH_ZP26_GEN-APND,ALL_APNODES,0,25.40811,353
2017-09-18T22:00:00-00:00,2017-09-18T23:00:00-00:00,2017-09-18,16,0,TH_ZP26_GEN-APND,TH_ZP26_GEN-APND,TH_ZP26_GEN-APND,DAM,LMP,LMP_PRC,TH_ZP26_GEN-APND,ALL_APNODES,0,25.50155,353
2017-09-19T06:00:00-00:00,2017-09-19T07:00:00-00:00,2017-09-18,24,0,TH_ZP26_GEN-APND,TH_ZP26_GEN-APND,TH_ZP26_GEN-APND,DAM,LMP,LMP_PRC,TH_ZP26_GEN-APND,ALL_APNODES,0,29.94282,353
2017-09-18T23:00:00-00:00,2017-09-19T00:00:00-00:00,2017-09-18,17,0,TH_ZP26_GEN-APND,TH_ZP26_GEN-APND,TH_ZP26_GEN-APND,DAM,LMP,LMP_PRC,TH_ZP26_GEN-APND,ALL_APNODES,0,26.69093,353
2017-09-18T17:00:00-00:00,2017-09-18T18:00:00-00:00,2017-09-18,11,0,TH_ZP26_GEN-APND,TH_ZP26_GEN-APND,TH_ZP26_GEN-APND,DAM,LMP,LMP_PRC,TH_ZP26_GEN-APND,ALL_APNODES,0,21.73551,353
2017-09-19T02:00:00-00:00,2017-09-19T03:00:00-00:00,2017-09-18,20,0,TH_ZP26_GEN-APND,TH_ZP26_GEN-APND,TH_ZP26_GEN-APND,DAM,LMP,LMP_PRC,TH_ZP26_GEN-APND,ALL_APNODES,0,59.78375,353
2017-09-18T20:00:00-00:00,2017-09-18T21:00:00-00:00,2017-09-18,14,0,TH_ZP26_GEN-APND,TH_ZP26_GEN-APND,TH_ZP26_GEN-APND,DAM,LMP,LMP_PRC,TH_ZP26_GEN-APND,ALL_APNODES,0,24.24518,353
2017-09-19T01:00:00-00:00,2017-09-19T02:00:00-00:00,2017-09-18,19,0,TH_ZP26_GEN-APND,TH_ZP26_GEN-APND,TH_ZP26_GEN-APND,DAM,LMP,LMP_PRC,TH_ZP26_GEN-APND,ALL_APNODES,0,48.90467,353
2017-09-18T10:00:00-00:00,2017-09-18T11:00:00-00:00,2017-09-18,4,0,TH_ZP26_GEN-APND,TH_ZP26_GEN-APND,TH_ZP26_GEN-APND,DAM,LMP,LMP_PRC,TH_ZP26_GEN-APND,ALL_APNODES,0,24.96768,353
2017-09-18T21:00:00-00:00,2017-09-18T22:00:00-00:00,2017-09-18,15,0,TH_ZP26_GEN-APND,TH_ZP26_GEN-APND,TH_ZP26_GEN-APND,DAM,LMP,LMP_PRC,TH_ZP26_GEN-APND,ALL_APNODES,0,25.59465,353
2017-09-19T04:00:00-00:00,2017-09-19T05:00:00-00:00,2017-09-18,22,0,TH_ZP26_GEN-APND,TH_ZP26_GEN-APND,TH_ZP26_GEN-APND,DAM,LMP,LMP_PRC,TH_ZP26_GEN-APND,ALL_APNODES,0,35.38525,353
2017-09-18T08:00:00-00:00,2017-09-18T09:00:00-00:00,2017-09-18,2,0,TH_ZP26_GEN-APND,TH_ZP26_GEN-APND,TH_ZP26_GEN-APND,DAM,LMP,LMP_PRC,TH_ZP26_GEN-APND,ALL_APNODES,0,25.34298,353
2017-09-18T19:00:00-00:00,2017-09-18T20:00:00-00:00,2017-09-18,13,0,TH_ZP26_GEN-APND,TH_ZP26_GEN-APND,TH_ZP26_GEN-APND,DAM,LMP,LMP_PRC,TH_ZP26_GEN-APND,ALL_APNODES,0,22.77994,353
2017-09-18T14:00:00-00:00,2017-09-18T15:00:00-00:00,2017-09-18,8,0,TH_ZP26_GEN-APND,TH_ZP26_GEN-APND,TH_ZP26_GEN-APND,DAM,LMP,LMP_PRC,TH_ZP26_GEN-APND,ALL_APNODES,0,36.47078,353
2017-09-19T03:00:00-00:00,2017-09-19T04:00:00-00:00,2017-09-18,21,0,TH_ZP26_GEN-APND,TH_ZP26_GEN-APND,TH_ZP26_GEN-APND,DAM,LMP,LMP_PRC,TH_ZP26_GEN-APND,ALL_APNODES,0,48.57163,353
2017-09-19T05:00:00-00:00,2017-09-19T06:00:00-00:00,2017-09-18,23,0,TH_ZP26_GEN-APND,TH_ZP26_GEN-APND,TH_ZP26_GEN-APND,DAM,LMP,LMP_PRC,TH_ZP26_GEN-APND,ALL_APNODES,0,32.459,353
2017-09-18T13:00:00-00:00,2017-09-18T14:00:00-00:00,2017-09-18,7,0,TH_ZP26_GEN-APND,TH_ZP26_GEN-APND,TH_ZP26_GEN-APND,DAM,LMP,LMP_PRC,TH_ZP26_GEN-APND,ALL_APNODES,0,38.78268,353
2017-09-18T07:00:00-00:00,2017-09-18T08:00:00-00:00,2017-09-18,1,0,TH_ZP26_GEN-APND,TH_ZP26_GEN-APND,TH_ZP26_GEN-APND,DAM,LMP,LMP_PRC,TH_ZP26_GEN-APND,ALL_APNODES,0,25.82281,353
2017-09-18T07:00:00-00:00,2017-09-18T08:00:00-00:00,2017-09-18,1,0,TH_ZP26_GEN-APND,TH_ZP26_GEN-APND,TH_ZP26_GEN-APND,DAM,MCC,LMP_CONG_PRC,TH_ZP26_GEN-APND,ALL_APNODES,0,0,354
2017-09-18T17:00:00-00:00,2017-09-18T18:00:00-00:00,2017-09-18,11,0,TH_ZP26_GEN-APND,TH_ZP26_GEN-APND,TH_ZP26_GEN-APND,DAM,MCC,LMP_CONG_PRC,TH_ZP26_GEN-APND,ALL_APNODES,0,-0.55097,354
2017-09-18T15:00:00-00:00,2017-09-18T16:00:00-00:00,2017-09-18,9,0,TH_ZP26_GEN-APND,TH_ZP26_GEN-APND,TH_ZP26_GEN-APND,DAM,MCC,LMP_CONG_PRC,TH_ZP26_GEN-APND,ALL_APNODES,0,-0.04475,354
2017-09-19T00:00:00-00:00,2017-09-19T01:00:00-00:00,2017-09-18,18,0,TH_ZP26_GEN-APND,TH_ZP26_GEN-APND,TH_ZP26_GEN-APND,DAM,MCC,LMP_CONG_PRC,TH_ZP26_GEN-APND,ALL_APNODES,0,0,354
2017-09-18T23:00:00-00:00,2017-09-19T00:00:00-00:00,2017-09-18,17,0,TH_ZP26_GEN-APND,TH_ZP26_GEN-APND,TH_ZP26_GEN-APND,DAM,MCC,LMP_CONG_PRC,TH_ZP26_GEN-APND,ALL_APNODES,0,0,354
2017-09-18T10:00:00-00:00,2017-09-18T11:00:00-00:00,2017-09-18,4,0,TH_ZP26_GEN-APND,TH_ZP26_GEN-APND,TH_ZP26_GEN-APND,DAM,MCC,LMP_CONG_PRC,TH_ZP26_GEN-APND,ALL_APNODES,0,0,354
2017-09-19T05:00:00-00:00,2017-09-19T06:00:00-00:00,2017-09-18,23,0,TH_ZP26_GEN-APND,TH_ZP26_GEN-APND,TH_ZP26_GEN-APND,DAM,MCC,LMP_CONG_PRC,TH_ZP26_GEN-APND,ALL_APNODES,0,0,354
2017-09-18T08:00:00-00:00,2017-09-18T09:00:00-00:00,2017-09-18,2,0,TH_ZP26_GEN-APND,TH_ZP26_GEN-APND,TH_ZP26_GEN-APND,DAM,MCC,LMP_CONG_PRC,TH_ZP26_GEN-APND,ALL_APNODES,0,0,354
2017-09-19T02:00:00-00:00,2017-09-19T03:00:00-00:00,2017-09-18,20,0,TH_ZP26_GEN-APND,TH_ZP26_GEN-APND,TH_ZP26_GEN-APND,DAM,MCC,LMP_CONG_PRC,TH_ZP26_GEN-APND,ALL_APNODES,0,0,354
2017-09-19T03:00:00-00:00,2017-09-19T04:00:00-00:00,2017-09-18,21,0,TH_ZP26_GEN-APND,TH_ZP26_GEN-APND,TH_ZP26_GEN-APND,DAM,MCC,LMP_CONG_PRC,TH_ZP26_GEN-APND,ALL_APNODES,0,0,354
2017-09-18T21:00:00-00:00,2017-09-18T22:00:00-00:00,2017-09-18,15,0,TH_ZP26_GEN-APND,TH_ZP26_GEN-APND,TH_ZP26_GEN-APND,DAM,MCC,LMP_CONG_PRC,TH_ZP26_GEN-APND,ALL_APNODES,0,-0.76529,354
2017-09-18T18:00:00-00:00,2017-09-18T19:00:00-00:00,2017-09-18,12,0,TH_ZP26_GEN-APND,TH_ZP26_GEN-APND,TH_ZP26_GEN-APND,DAM,MCC,LMP_CONG_PRC,TH_ZP26_GEN-APND,ALL_APNODES,0,-0.78659,354
2017-09-18T14:00:00-00:00,2017-09-18T15:00:00-00:00,2017-09-18,8,0,TH_ZP26_GEN-APND,TH_ZP26_GEN-APND,TH_ZP26_GEN-APND,DAM,MCC,LMP_CONG_PRC,TH_ZP26_GEN-APND,ALL_APNODES,0,0,354
2017-09-19T04:00:00-00:00,2017-09-19T05:00:00-00:00,2017-09-18,22,0,TH_ZP26_GEN-APND,TH_ZP26_GEN-APND,TH_ZP26_GEN-APND,DAM,MCC,LMP_CONG_PRC,TH_ZP26_GEN-APND,ALL_APNODES,0,0,354
2017-09-18T09:00:00-00:00,2017-09-18T10:00:00-00:00,2017-09-18,3,0,TH_ZP26_GEN-APND,TH_ZP26_GEN-APND,TH_ZP26_GEN-APND,DAM,MCC,LMP_CONG_PRC,TH_ZP26_GEN-APND,ALL_APNODES,0,0,354
2017-09-18T19:00:00-00:00,2017-09-18T20:00:00-00:00,2017-09-18,13,0,TH_ZP26_GEN-APND,TH_ZP26_GEN-APND,TH_ZP26_GEN-APND,DAM,MCC,LMP_CONG_PRC,TH_ZP26_GEN-APND,ALL_APNODES,0,-1.0564,354
2017-09-18T16:00:00-00:00,2017-09-18T17:00:00-00:00,2017-09-18,10,0,TH_ZP26_GEN-APND,TH_ZP26_GEN-APND,TH_ZP26_GEN-APND,DAM,MCC,LMP_CONG_PRC,TH_ZP26_GEN-APND,ALL_APNODES,0,0,354
2017-09-18T13:00:00-00:00,2017-09-18T14:00:00-00:00,2017-09-18,7,0,TH_ZP26_GEN-APND,TH_ZP26_GEN-APND,TH_ZP26_GEN-APND,DAM,MCC,LMP_CONG_PRC,TH_ZP26_GEN-APND,ALL_APNODES,0,0,354
2017-09-18T11:00:00-00:00,2017-09-18T12:00:00-00:00,2017-09-18,5,0,TH_ZP26_GEN-APND,TH_ZP26_GEN-APND,TH_ZP26_GEN-APND,DAM,MCC,LMP_CONG_PRC,TH_ZP26_GEN-APND,ALL_APNODES,0,0,354
2017-09-19T01:00:00-00:00,2017-09-19T02:00:00-00:00,2017-09-18,19,0,TH_ZP26_GEN-APND,TH_ZP26_GEN-APND,TH_ZP26_GEN-APND,DAM,MCC,LMP_CONG_PRC,TH_ZP26_GEN-APND,ALL_APNODES,0,0,354
2017-09-19T06:00:00-00:00,2017-09-19T07:00:00-00:00,2017-09-18,24,0,TH_ZP26_GEN-APND,TH_ZP26_GEN-APND,TH_ZP26_GEN-APND,DAM,MCC,LMP_CONG_PRC,TH_ZP26_GEN-APND,ALL_APNODES,0,0,354
2017-09-18T20:00:00-00:00,2017-09-18T21:00:00-00:00,2017-09-18,14,0,TH_ZP26_GEN-APND,TH_ZP26_GEN-APND,TH_ZP26_GEN-APND,DAM,MCC,LMP_CONG_PRC,TH_ZP26_GEN-APND,ALL_APNODES,0,-1.01944,354
2017-09-18T12:00:00-00:00,2017-09-18T13:00:00-00:00,2017-09-18,6,0,TH_ZP26_GEN-APND,TH_ZP26_GEN-APND,TH_ZP26_GEN-APND,DAM,MCC,LMP_CONG_PRC,TH_ZP26_GEN-APND,ALL_APNODES,0,0,354
2017-09-18T22:00:00-00:00,2017-09-18T23:00:00-00:00,2017-09-18,16,0,TH_ZP26_GEN-APND,TH_ZP26_GEN-APND,TH_ZP26_GEN-APND,DAM,MCC,LMP_CONG_PRC,TH_ZP26_GEN-APND,ALL_APNODES,0,0,354
2017-09-18T13:00:00-00:00,2017-09-18T14:00:00-00:00,2017-09-18,7,0,TH_ZP26_GEN-APND,TH_ZP26_GEN-APND,TH_ZP26_GEN-APND,DAM,MCE,LMP_ENE_PRC,TH_ZP26_GEN-APND,ALL_APNODES,0,39.93274,355
2017-09-18T07:00:00-00:00,2017-09-18T08:00:00-00:00,2017-09-18,1,0,TH_ZP26_GEN-APND,TH_ZP26_GEN-APND,TH_ZP26_GEN-APND,DAM,MCE,LMP_ENE_PRC,TH_ZP26_GEN-APND,ALL_APNODES,0,26.61871,355
2017-09-18T20:00:00-00:00,2017-09-18T21:00:00-00:00,2017-09-18,14,0,TH_ZP26_GEN-APND,TH_ZP26_GEN-APND,TH_ZP26_GEN-APND,DAM,MCE,LMP_ENE_PRC,TH_ZP26_GEN-APND,ALL_APNODES,0,26.6814,355
2017-09-18T23:00:00-00:00,2017-09-19T00:00:00-00:00,2017-09-18,17,0,TH_ZP26_GEN-APND,TH_ZP26_GEN-APND,TH_ZP26_GEN-APND,DAM,MCE,LMP_ENE_PRC,TH_ZP26_GEN-APND,ALL_APNODES,0,28.09276,355
2017-09-18T14:00:00-00:00,2017-09-18T15:00:00-00:00,2017-09-18,8,0,TH_ZP26_GEN-APND,TH_ZP26_GEN-APND,TH_ZP26_GEN-APND,DAM,MCE,LMP_ENE_PRC,TH_ZP26_GEN-APND,ALL_APNODES,0,37.7779,355
2017-09-18T16:00:00-00:00,2017-09-18T17:00:00-00:00,2017-09-18,10,0,TH_ZP26_GEN-APND,TH_ZP26_GEN-APND,TH_ZP26_GEN-APND,DAM,MCE,LMP_ENE_PRC,TH_ZP26_GEN-APND,ALL_APNODES,0,22.86697,355
2017-09-18T11:00:00-00:00,2017-09-18T12:00:00-00:00,2017-09-18,5,0,TH_ZP26_GEN-APND,TH_ZP26_GEN-APND,TH_ZP26_GEN-APND,DAM,MCE,LMP_ENE_PRC,TH_ZP26_GEN-APND,ALL_APNODES,0,26.18313,355
2017-09-18T12:00:00-00:00,2017-09-18T13:00:00-00:00,2017-09-18,6,0,TH_ZP26_GEN-APND,TH_ZP26_GEN-APND,TH_ZP26_GEN-APND,DAM,MCE,LMP_ENE_PRC,TH_ZP26_GEN-APND,ALL_APNODES,0,29.3632,355
2017-09-18T15:00:00-00:00,2017-09-18T16:00:00-00:00,2017-09-18,9,0,TH_ZP26_GEN-APND,TH_ZP26_GEN-APND,TH_ZP26_GEN-APND,DAM,MCE,LMP_ENE_PRC,TH_ZP26_GEN-APND,ALL_APNODES,0,26.7043,355
2017-09-18T19:00:00-00:00,2017-09-18T20:00:00-00:00,2017-09-18,13,0,TH_ZP26_GEN-APND,TH_ZP26_GEN-APND,TH_ZP26_GEN-APND,DAM,MCE,LMP_ENE_PRC,TH_ZP26_GEN-APND,ALL_APNODES,0,25.17835,355
2017-09-18T08:00:00-00:00,2017-09-18T09:00:00-00:00,2017-09-18,2,0,TH_ZP26_GEN-APND,TH_ZP26_GEN-APND,TH_ZP26_GEN-APND,DAM,MCE,LMP_ENE_PRC,TH_ZP26_GEN-APND,ALL_APNODES,0,26.10256,355
2017-09-19T01:00:00-00:00,2017-09-19T02:00:00-00:00,2017-09-18,19,0,TH_ZP26_GEN-APND,TH_ZP26_GEN-APND,TH_ZP26_GEN-APND,DAM,MCE,LMP_ENE_PRC,TH_ZP26_GEN-APND,ALL_APNODES,0,50.70994,355
2017-09-19T05:00:00-00:00,2017-09-19T06:00:00-00:00,2017-09-18,23,0,TH_ZP26_GEN-APND,TH_ZP26_GEN-APND,TH_ZP26_GEN-APND,DAM,MCE,LMP_ENE_PRC,TH_ZP26_GEN-APND,ALL_APNODES,0,33.5667,355
2017-09-18T09:00:00-00:00,2017-09-18T10:00:00-00:00,2017-09-18,3,0,TH_ZP26_GEN-APND,TH_ZP26_GEN-APND,TH_ZP26_GEN-APND,DAM,MCE,LMP_ENE_PRC,TH_ZP26_GEN-APND,ALL_APNODES,0,25.82953,355
2017-09-18T22:00:00-00:00,2017-09-18T23:00:00-00:00,2017-09-18,16,0,TH_ZP26_GEN-APND,TH_ZP26_GEN-APND,TH_ZP26_GEN-APND,DAM,MCE,LMP_ENE_PRC,TH_ZP26_GEN-APND,ALL_APNODES,0,26.93731,355
2017-09-19T04:00:00-00:00,2017-09-19T05:00:00-00:00,2017-09-18,22,0,TH_ZP26_GEN-APND,TH_ZP26_GEN-APND,TH_ZP26_GEN-APND,DAM,MCE,LMP_ENE_PRC,TH_ZP26_GEN-APND,ALL_APNODES,0,36.55124,355
2017-09-19T00:00:00-00:00,2017-09-19T01:00:00-00:00,2017-09-18,18,0,TH_ZP26_GEN-APND,TH_ZP26_GEN-APND,TH_ZP26_GEN-APND,DAM,MCE,LMP_ENE_PRC,TH_ZP26_GEN-APND,ALL_APNODES,0,37.39483,355
2017-09-19T06:00:00-00:00,2017-09-19T07:00:00-00:00,2017-09-18,24,0,TH_ZP26_GEN-APND,TH_ZP26_GEN-APND,TH_ZP26_GEN-APND,DAM,MCE,LMP_ENE_PRC,TH_ZP26_GEN-APND,ALL_APNODES,0,30.93905,355
2017-09-18T17:00:00-00:00,2017-09-18T18:00:00-00:00,2017-09-18,11,0,TH_ZP26_GEN-APND,TH_ZP26_GEN-APND,TH_ZP26_GEN-APND,DAM,MCE,LMP_ENE_PRC,TH_ZP26_GEN-APND,ALL_APNODES,0,23.47428,355
2017-09-19T02:00:00-00:00,2017-09-19T03:00:00-00:00,2017-09-18,20,0,TH_ZP26_GEN-APND,TH_ZP26_GEN-APND,TH_ZP26_GEN-APND,DAM,MCE,LMP_ENE_PRC,TH_ZP26_GEN-APND,ALL_APNODES,0,61.7856,355
2017-09-18T18:00:00-00:00,2017-09-18T19:00:00-00:00,2017-09-18,12,0,TH_ZP26_GEN-APND,TH_ZP26_GEN-APND,TH_ZP26_GEN-APND,DAM,MCE,LMP_ENE_PRC,TH_ZP26_GEN-APND,ALL_APNODES,0,25.17306,355
2017-09-18T21:00:00-00:00,2017-09-18T22:00:00-00:00,2017-09-18,15,0,TH_ZP26_GEN-APND,TH_ZP26_GEN-APND,TH_ZP26_GEN-APND,DAM,MCE,LMP_ENE_PRC,TH_ZP26_GEN-APND,ALL_APNODES,0,27.84109,355
2017-09-19T03:00:00-00:00,2017-09-19T04:00:00-00:00,2017-09-18,21,0,TH_ZP26_GEN-APND,TH_ZP26_GEN-APND,TH_ZP26_GEN-APND,DAM,MCE,LMP_ENE_PRC,TH_ZP26_GEN-APND,ALL_APNODES,0,50.25518,355
2017-09-18T10:00:00-00:00,2017-09-18T11:00:00-00:00,2017-09-18,4,0,TH_ZP26_GEN-APND,TH_ZP26_GEN-APND,TH_ZP26_GEN-APND,DAM,MCE,LMP_ENE_PRC,TH_ZP26_GEN-APND,ALL_APNODES,0,25.72132,355
2017-09-18T12:00:00-00:00,2017-09-18T13:00:00-00:00,2017-09-18,6,0,TH_ZP26_GEN-APND,TH_ZP26_GEN-APND,TH_ZP26_GEN-APND,DAM,MCL,LMP_LOSS_PRC,TH_ZP26_GEN-APND,ALL_APNODES,0,-0.85447,356
2017-09-18T20:00:00-00:00,2017-09-18T21:00:00-00:00,2017-09-18,14,0,TH_ZP26_GEN-APND,TH_ZP26_GEN-APND,TH_ZP26_GEN-APND,DAM,MCL,LMP_LOSS_PRC,TH_ZP26_GEN-APND,ALL_APNODES,0,-1.41678,356
2017-09-18T21:00:00-00:00,2017-09-18T22:00:00-00:00,2017-09-18,15,0,TH_ZP26_GEN-APND,TH_ZP26_GEN-APND,TH_ZP26_GEN-APND,DAM,MCL,LMP_LOSS_PRC,TH_ZP26_GEN-APND,ALL_APNODES,0,-1.48115,356
2017-09-19T05:00:00-00:00,2017-09-19T06:00:00-00:00,2017-09-18,23,0,TH_ZP26_GEN-APND,TH_ZP26_GEN-APND,TH_ZP26_GEN-APND,DAM,MCL,LMP_LOSS_PRC,TH_ZP26_GEN-APND,ALL_APNODES,0,-1.1077,356
2017-09-19T06:00:00-00:00,2017-09-19T07:00:00-00:00,2017-09-18,24,0,TH_ZP26_GEN-APND,TH_ZP26_GEN-APND,TH_ZP26_GEN-APND,DAM,MCL,LMP_LOSS_PRC,TH_ZP26_GEN-APND,ALL_APNODES,0,-0.99624,356
2017-09-19T01:00:00-00:00,2017-09-19T02:00:00-00:00,2017-09-18,19,0,TH_ZP26_GEN-APND,TH_ZP26_GEN-APND,TH_ZP26_GEN-APND,DAM,MCL,LMP_LOSS_PRC,TH_ZP26_GEN-APND,ALL_APNODES,0,-1.80527,356
2017-09-19T02:00:00-00:00,2017-09-19T03:00:00-00:00,2017-09-18,20,0,TH_ZP26_GEN-APND,TH_ZP26_GEN-APND,TH_ZP26_GEN-APND,DAM,MCL,LMP_LOSS_PRC,TH_ZP26_GEN-APND,ALL_APNODES,0,-2.00185,356
2017-09-19T04:00:00-00:00,2017-09-19T05:00:00-00:00,2017-09-18,22,0,TH_ZP26_GEN-APND,TH_ZP26_GEN-APND,TH_ZP26_GEN-APND,DAM,MCL,LMP_LOSS_PRC,TH_ZP26_GEN-APND,ALL_APNODES,0,-1.16598,356
2017-09-18T10:00:00-00:00,2017-09-18T11:00:00-00:00,2017-09-18,4,0,TH_ZP26_GEN-APND,TH_ZP26_GEN-APND,TH_ZP26_GEN-APND,DAM,MCL,LMP_LOSS_PRC,TH_ZP26_GEN-APND,ALL_APNODES,0,-0.75363,356
2017-09-18T13:00:00-00:00,2017-09-18T14:00:00-00:00,2017-09-18,7,0,TH_ZP26_GEN-APND,TH_ZP26_GEN-APND,TH_ZP26_GEN-APND,DAM,MCL,LMP_LOSS_PRC,TH_ZP26_GEN-APND,ALL_APNODES,0,-1.15006,356
2017-09-18T15:00:00-00:00,2017-09-18T16:00:00-00:00,2017-09-18,9,0,TH_ZP26_GEN-APND,TH_ZP26_GEN-APND,TH_ZP26_GEN-APND,DAM,MCL,LMP_LOSS_PRC,TH_ZP26_GEN-APND,ALL_APNODES,0,-1.19101,356
2017-09-18T17:00:00-00:00,2017-09-18T18:00:00-00:00,2017-09-18,11,0,TH_ZP26_GEN-APND,TH_ZP26_GEN-APND,TH_ZP26_GEN-APND,DAM,MCL,LMP_LOSS_PRC,TH_ZP26_GEN-APND,ALL_APNODES,0,-1.1878,356
2017-09-18T23:00:00-00:00,2017-09-19T00:00:00-00:00,2017-09-18,17,0,TH_ZP26_GEN-APND,TH_ZP26_GEN-APND,TH_ZP26_GEN-APND,DAM,MCL,LMP_LOSS_PRC,TH_ZP26_GEN-APND,ALL_APNODES,0,-1.40183,356
2017-09-18T11:00:00-00:00,2017-09-18T12:00:00-00:00,2017-09-18,5,0,TH_ZP26_GEN-APND,TH_ZP26_GEN-APND,TH_ZP26_GEN-APND,DAM,MCL,LMP_LOSS_PRC,TH_ZP26_GEN-APND,ALL_APNODES,0,-0.77502,356
2017-09-18T07:00:00-00:00,2017-09-18T08:00:00-00:00,2017-09-18,1,0,TH_ZP26_GEN-APND,TH_ZP26_GEN-APND,TH_ZP26_GEN-APND,DAM,MCL,LMP_LOSS_PRC,TH_ZP26_GEN-APND,ALL_APNODES,0,-0.7959,356
2017-09-18T14:00:00-00:00,2017-09-18T15:00:00-00:00,2017-09-18,8,0,TH_ZP26_GEN-APND,TH_ZP26_GEN-APND,TH_ZP26_GEN-APND,DAM,MCL,LMP_LOSS_PRC,TH_ZP26_GEN-APND,ALL_APNODES,0,-1.30712,356
2017-09-18T16:00:00-00:00,2017-09-18T17:00:00-00:00,2017-09-18,10,0,TH_ZP26_GEN-APND,TH_ZP26_GEN-APND,TH_ZP26_GEN-APND,DAM,MCL,LMP_LOSS_PRC,TH_ZP26_GEN-APND,ALL_APNODES,0,-1.08161,356
2017-09-18T18:00:00-00:00,2017-09-18T19:00:00-00:00,2017-09-18,12,0,TH_ZP26_GEN-APND,TH_ZP26_GEN-APND,TH_ZP26_GEN-APND,DAM,MCL,LMP_LOSS_PRC,TH_ZP26_GEN-APND,ALL_APNODES,0,-1.33166,356
2017-09-18T19:00:00-00:00,2017-09-18T20:00:00-00:00,2017-09-18,13,0,TH_ZP26_GEN-APND,TH_ZP26_GEN-APND,TH_ZP26_GEN-APND,DAM,MCL,LMP_LOSS_PRC,TH_ZP26_GEN-APND,ALL_APNODES,0,-1.34201,356
2017-09-18T08:00:00-00:00,2017-09-18T09:00:00-00:00,2017-09-18,2,0,TH_ZP26_GEN-APND,TH_ZP26_GEN-APND,TH_ZP26_GEN-APND,DAM,MCL,LMP_LOSS_PRC,TH_ZP26_GEN-APND,ALL_APNODES,0,-0.75958,356
2017-09-18T22:00:00-00:00,2017-09-18T23:00:00-00:00,2017-09-18,16,0,TH_ZP26_GEN-APND,TH_ZP26_GEN-APND,TH_ZP26_GEN-APND,DAM,MCL,LMP_LOSS_PRC,TH_ZP26_GEN-APND,ALL_APNODES,0,-1.43576,356
2017-09-19T00:00:00-00:00,2017-09-19T01:00:00-00:00,2017-09-18,18,0,TH_ZP26_GEN-APND,TH_ZP26_GEN-APND,TH_ZP26_GEN-APND,DAM,MCL,LMP_LOSS_PRC,TH_ZP26_GEN-APND,ALL_APNODES,0,-1.59302,356
2017-09-19T03:00:00-00:00,2017-09-19T04:00:00-00:00,2017-09-18,21,0,TH_ZP26_GEN-APND,TH_ZP26_GEN-APND,TH_ZP26_GEN-APND,DAM,MCL,LMP_LOSS_PRC,TH_ZP26_GEN-APND,ALL_APNODES,0,-1.68355,356
2017-09-18T09:00:00-00:00,2017-09-18T10:00:00-00:00,2017-09-18,3,0,TH_ZP26_GEN-APND,TH_ZP26_GEN-APND,TH_ZP26_GEN-APND,DAM,MCL,LMP_LOSS_PRC,TH_ZP26_GEN-APND,ALL_APNODES,0,-0.75422,356
2017-09-18T17:00:00-00:00,2017-09-18T18:00:00-00:00,2017-09-18,11,0,URBAN_6_N005,URBAN_6_N005,URBAN_6_N005,DAM,LMP,LMP_PRC,URBAN_6_N005,ALL,1,29.81476,357
2017-09-18T10:00:00-00:00,2017-09-18T11:00:00-00:00,2017-09-18,4,0,URBAN_6_N005,URBAN_6_N005,URBAN_6_N005,DAM,LMP,LMP_PRC,URBAN_6_N005,ALL,1,25.603,357
2017-09-18T23:00:00-00:00,2017-09-19T00:00:00-00:00,2017-09-18,17,0,URBAN_6_N005,URBAN_6_N005,URBAN_6_N005,DAM,LMP,LMP_PRC,URBAN_6_N005,ALL,1,-0.49243,357
2017-09-18T12:00:00-00:00,2017-09-18T13:00:00-00:00,2017-09-18,6,0,URBAN_6_N005,URBAN_6_N005,URBAN_6_N005,DAM,LMP,LMP_PRC,URBAN_6_N005,ALL,1,29.15178,357
2017-09-18T15:00:00-00:00,2017-09-18T16:00:00-00:00,2017-09-18,9,0,URBAN_6_N005,URBAN_6_N005,URBAN_6_N005,DAM,LMP,LMP_PRC,URBAN_6_N005,ALL,1,21.39994,357
2017-09-18T13:00:00-00:00,2017-09-18T14:00:00-00:00,2017-09-18,7,0,URBAN_6_N005,URBAN_6_N005,URBAN_6_N005,DAM,LMP,LMP_PRC,URBAN_6_N005,ALL,1,39.56137,357
2017-09-18T08:00:00-00:00,2017-09-18T09:00:00-00:00,2017-09-18,2,0,URBAN_6_N005,URBAN_6_N005,URBAN_6_N005,DAM,LMP,LMP_PRC,URBAN_6_N005,ALL,1,26.03209,357
2017-09-18T21:00:00-00:00,2017-09-18T22:00:00-00:00,2017-09-18,15,0,URBAN_6_N005,URBAN_6_N005,URBAN_6_N005,DAM,LMP,LMP_PRC,URBAN_6_N005,ALL,1,27.4686,357
2017-09-18T16:00:00-00:00,2017-09-18T17:00:00-00:00,2017-09-18,10,0,URBAN_6_N005,URBAN_6_N005,URBAN_6_N005,DAM,LMP,LMP_PRC,URBAN_6_N005,ALL,1,-6.52141,357
2017-09-18T09:00:00-00:00,2017-09-18T10:00:00-00:00,2017-09-18,3,0,URBAN_6_N005,URBAN_6_N005,URBAN_6_N005,DAM,LMP,LMP_PRC,URBAN_6_N005,ALL,1,25.71846,357
2017-09-18T20:00:00-00:00,2017-09-18T21:00:00-00:00,2017-09-18,14,0,URBAN_6_N005,URBAN_6_N005,URBAN_6_N005,DAM,LMP,LMP_PRC,URBAN_6_N005,ALL,1,26.68822,357
2017-09-19T06:00:00-00:00,2017-09-19T07:00:00-00:00,2017-09-18,24,0,URBAN_6_N005,URBAN_6_N005,URBAN_6_N005,DAM,LMP,LMP_PRC,URBAN_6_N005,ALL,1,30.71629,357
2017-09-19T03:00:00-00:00,2017-09-19T04:00:00-00:00,2017-09-18,21,0,URBAN_6_N005,URBAN_6_N005,URBAN_6_N005,DAM,LMP,LMP_PRC,URBAN_6_N005,ALL,1,49.79786,357
2017-09-19T05:00:00-00:00,2017-09-19T06:00:00-00:00,2017-09-18,23,0,URBAN_6_N005,URBAN_6_N005,URBAN_6_N005,DAM,LMP,LMP_PRC,URBAN_6_N005,ALL,1,33.40894,357
2017-09-19T01:00:00-00:00,2017-09-19T02:00:00-00:00,2017-09-18,19,0,URBAN_6_N005,URBAN_6_N005,URBAN_6_N005,DAM,LMP,LMP_PRC,URBAN_6_N005,ALL,1,49.03238,357
2017-09-19T02:00:00-00:00,2017-09-19T03:00:00-00:00,2017-09-18,20,0,URBAN_6_N005,URBAN_6_N005,URBAN_6_N005,DAM,LMP,LMP_PRC,URBAN_6_N005,ALL,1,56.14725,357
2017-09-18T19:00:00-00:00,2017-09-18T20:00:00-00:00,2017-09-18,13,0,URBAN_6_N005,URBAN_6_N005,URBAN_6_N005,DAM,LMP,LMP_PRC,URBAN_6_N005,ALL,1,26.66986,357
2017-09-19T00:00:00-00:00,2017-09-19T01:00:00-00:00,2017-09-18,18,0,URBAN_6_N005,URBAN_6_N005,URBAN_6_N005,DAM,LMP,LMP_PRC,URBAN_6_N005,ALL,1,27.84115,357
2017-09-18T11:00:00-00:00,2017-09-18T12:00:00-00:00,2017-09-18,5,0,URBAN_6_N005,URBAN_6_N005,URBAN_6_N005,DAM,LMP,LMP_PRC,URBAN_6_N005,ALL,1,26.06792,357
2017-09-18T14:00:00-00:00,2017-09-18T15:00:00-00:00,2017-09-18,8,0,URBAN_6_N005,URBAN_6_N005,URBAN_6_N005,DAM,LMP,LMP_PRC,URBAN_6_N005,ALL,1,32.70633,357
2017-09-18T18:00:00-00:00,2017-09-18T19:00:00-00:00,2017-09-18,12,0,URBAN_6_N005,URBAN_6_N005,URBAN_6_N005,DAM,LMP,LMP_PRC,URBAN_6_N005,ALL,1,28.32671,357
2017-09-18T07:00:00-00:00,2017-09-18T08:00:00-00:00,2017-09-18,1,0,URBAN_6_N005,URBAN_6_N005,URBAN_6_N005,DAM,LMP,LMP_PRC,URBAN_6_N005,ALL,1,26.43237,357
2017-09-19T04:00:00-00:00,2017-09-19T05:00:00-00:00,2017-09-18,22,0,URBAN_6_N005,URBAN_6_N005,URBAN_6_N005,DAM,LMP,LMP_PRC,URBAN_6_N005,ALL,1,36.28441,357
2017-09-18T22:00:00-00:00,2017-09-18T23:00:00-00:00,2017-09-18,16,0,URBAN_6_N005,URBAN_6_N005,URBAN_6_N005,DAM,LMP,LMP_PRC,URBAN_6_N005,ALL,1,-5.70159,357
2017-09-18T10:00:00-00:00,2017-09-18T11:00:00-00:00,2017-09-18,4,0,URBAN_6_N005,URBAN_6_N005,URBAN_6_N005,DAM,MCC,LMP_CONG_PRC,URBAN_6_N005,ALL,1,0,358
2017-09-18T21:00:00-00:00,2017-09-18T22:00:00-00:00,2017-09-18,15,0,URBAN_6_N005,URBAN_6_N005,URBAN_6_N005,DAM,MCC,LMP_CONG_PRC,URBAN_6_N005,ALL,1,-0.15254,358
2017-09-19T01:00:00-00:00,2017-09-19T02:00:00-00:00,2017-09-18,19,0,URBAN_6_N005,URBAN_6_N005,URBAN_6_N005,DAM,MCC,LMP_CONG_PRC,URBAN_6_N005,ALL,1,-1.01325,358
2017-09-18T22:00:00-00:00,2017-09-18T23:00:00-00:00,2017-09-18,16,0,URBAN_6_N005,URBAN_6_N005,URBAN_6_N005,DAM,MCC,LMP_CONG_PRC,URBAN_6_N005,ALL,1,-32.19444,358
2017-09-18T20:00:00-00:00,2017-09-18T21:00:00-00:00,2017-09-18,14,0,URBAN_6_N005,URBAN_6_N005,URBAN_6_N005,DAM,MCC,LMP_CONG_PRC,URBAN_6_N005,ALL,1,0.23094,358
2017-09-18T19:00:00-00:00,2017-09-18T20:00:00-00:00,2017-09-18,13,0,URBAN_6_N005,URBAN_6_N005,URBAN_6_N005,DAM,MCC,LMP_CONG_PRC,URBAN_6_N005,ALL,1,1.75337,358
2017-09-18T08:00:00-00:00,2017-09-18T09:00:00-00:00,2017-09-18,2,0,URBAN_6_N005,URBAN_6_N005,URBAN_6_N005,DAM,MCC,LMP_CONG_PRC,URBAN_6_N005,ALL,1,0,358
2017-09-18T09:00:00-00:00,2017-09-18T10:00:00-00:00,2017-09-18,3,0,URBAN_6_N005,URBAN_6_N005,URBAN_6_N005,DAM,MCC,LMP_CONG_PRC,URBAN_6_N005,ALL,1,0,358
2017-09-18T13:00:00-00:00,2017-09-18T14:00:00-00:00,2017-09-18,7,0,URBAN_6_N005,URBAN_6_N005,URBAN_6_N005,DAM,MCC,LMP_CONG_PRC,URBAN_6_N005,ALL,1,0,358
2017-09-18T12:00:00-00:00,2017-09-18T13:00:00-00:00,2017-09-18,6,0,URBAN_6_N005,URBAN_6_N005,URBAN_6_N005,DAM,MCC,LMP_CONG_PRC,URBAN_6_N005,ALL,1,0,358
2017-09-18T15:00:00-00:00,2017-09-18T16:00:00-00:00,2017-09-18,9,0,URBAN_6_N005,URBAN_6_N005,URBAN_6_N005,DAM,MCC,LMP_CONG_PRC,URBAN_6_N005,ALL,1,-4.73823,358
2017-09-19T00:00:00-00:00,2017-09-19T01:00:00-00:00,2017-09-18,18,0,URBAN_6_N005,URBAN_6_N005,URBAN_6_N005,DAM,MCC,LMP_CONG_PRC,URBAN_6_N005,ALL,1,-9.11989,358
2017-09-19T02:00:00-00:00,2017-09-19T03:00:00-00:00,2017-09-18,20,0,URBAN_6_N005,URBAN_6_N005,URBAN_6_N005,DAM,MCC,LMP_CONG_PRC,URBAN_6_N005,ALL,1,-4.27289,358
2017-09-19T06:00:00-00:00,2017-09-19T07:00:00-00:00,2017-09-18,24,0,URBAN_6_N005,URBAN_6_N005,URBAN_6_N005,DAM,MCC,LMP_CONG_PRC,URBAN_6_N005,ALL,1,0,358
2017-09-19T04:00:00-00:00,2017-09-19T05:00:00-00:00,2017-09-18,22,0,URBAN_6_N005,URBAN_6_N005,URBAN_6_N005,DAM,MCC,LMP_CONG_PRC,URBAN_6_N005,ALL,1,0,358
2017-09-18T23:00:00-00:00,2017-09-19T00:00:00-00:00,2017-09-18,17,0,URBAN_6_N005,URBAN_6_N005,URBAN_6_N005,DAM,MCC,LMP_CONG_PRC,URBAN_6_N005,ALL,1,-28.1329,358
2017-09-18T14:00:00-00:00,2017-09-18T15:00:00-00:00,2017-09-18,8,0,URBAN_6_N005,URBAN_6_N005,URBAN_6_N005,DAM,MCC,LMP_CONG_PRC,URBAN_6_N005,ALL,1,-4.28579,358
2017-09-18T11:00:00-00:00,2017-09-18T12:00:00-00:00,2017-09-18,5,0,URBAN_6_N005,URBAN_6_N005,URBAN_6_N005,DAM,MCC,LMP_CONG_PRC,URBAN_6_N005,ALL,1,0,358
2017-09-18T17:00:00-00:00,2017-09-18T18:00:00-00:00,2017-09-18,11,0,URBAN_6_N005,URBAN_6_N005,URBAN_6_N005,DAM,MCC,LMP_CONG_PRC,URBAN_6_N005,ALL,1,6.76536,358
2017-09-18T07:00:00-00:00,2017-09-18T08:00:00-00:00,2017-09-18,1,0,URBAN_6_N005,URBAN_6_N005,URBAN_6_N005,DAM,MCC,LMP_CONG_PRC,URBAN_6_N005,ALL,1,0,358
2017-09-18T18:00:00-00:00,2017-09-18T19:00:00-00:00,2017-09-18,12,0,URBAN_6_N005,URBAN_6_N005,URBAN_6_N005,DAM,MCC,LMP_CONG_PRC,URBAN_6_N005,ALL,1,3.57403,358
2017-09-19T05:00:00-00:00,2017-09-19T06:00:00-00:00,2017-09-18,23,0,URBAN_6_N005,URBAN_6_N005,URBAN_6_N005,DAM,MCC,LMP_CONG_PRC,URBAN_6_N005,ALL,1,0,358
2017-09-18T16:00:00-00:00,2017-09-18T17:00:00-00:00,2017-09-18,10,0,URBAN_6_N005,URBAN_6_N005,URBAN_6_N005,DAM,MCC,LMP_CONG_PRC,URBAN_6_N005,ALL,1,-28.88073,358
2017-09-19T03:00:00-00:00,2017-09-19T04:00:00-00:00,2017-09-18,21,0,URBAN_6_N005,URBAN_6_N005,URBAN_6_N005,DAM,MCC,LMP_CONG_PRC,URBAN_6_N005,ALL,1,0,358
2017-09-19T05:00:00-00:00,2017-09-19T06:00:00-00:00,2017-09-18,23,0,URBAN_6_N005,URBAN_6_N005,URBAN_6_N005,DAM,MCE,LMP_ENE_PRC,URBAN_6_N005,ALL,1,33.5667,359
2017-09-18T20:00:00-00:00,2017-09-18T21:00:00-00:00,2017-09-18,14,0,URBAN_6_N005,URBAN_6_N005,URBAN_6_N005,DAM,MCE,LMP_ENE_PRC,URBAN_6_N005,ALL,1,26.6814,359
2017-09-18T18:00:00-00:00,2017-09-18T19:00:00-00:00,2017-09-18,12,0,URBAN_6_N005,URBAN_6_N005,URBAN_6_N005,DAM,MCE,LMP_ENE_PRC,URBAN_6_N005,ALL,1,25.17306,359
2017-09-18T23:00:00-00:00,2017-09-19T00:00:00-00:00,2017-09-18,17,0,URBAN_6_N005,URBAN_6_N005,URBAN_6_N005,DAM,MCE,LMP_ENE_PRC,URBAN_6_N005,ALL,1,28.09276,359
2017-09-18T17:00:00-00:00,2017-09-18T18:00:00-00:00,2017-09-18,11,0,URBAN_6_N005,URBAN_6_N005,URBAN_6_N005,DAM,MCE,LMP_ENE_PRC,URBAN_6_N005,ALL,1,23.47428,359
2017-09-18T14:00:00-00:00,2017-09-18T15:00:00-00:00,2017-09-18,8,0,URBAN_6_N005,URBAN_6_N005,URBAN_6_N005,DAM,MCE,LMP_ENE_PRC,URBAN_6_N005,ALL,1,37.7779,359
2017-09-18T10:00:00-00:00,2017-09-18T11:00:00-00:00,2017-09-18,4,0,URBAN_6_N005,URBAN_6_N005,URBAN_6_N005,DAM,MCE,LMP_ENE_PRC,URBAN_6_N005,ALL,1,25.72132,359
2017-09-19T04:00:00-00:00,2017-09-19T05:00:00-00:00,2017-09-18,22,0,URBAN_6_N005,URBAN_6_N005,URBAN_6_N005,DAM,MCE,LMP_ENE_PRC,URBAN_6_N005,ALL,1,36.55124,359
2017-09-19T02:00:00-00:00,2017-09-19T03:00:00-00:00,2017-09-18,20,0,URBAN_6_N005,URBAN_6_N005,URBAN_6_N005,DAM,MCE,LMP_ENE_PRC,URBAN_6_N005,ALL,1,61.7856,359
2017-09-19T01:00:00-00:00,2017-09-19T02:00:00-00:00,2017-09-18,19,0,URBAN_6_N005,URBAN_6_N005,URBAN_6_N005,DAM,MCE,LMP_ENE_PRC,URBAN_6_N005,ALL,1,50.70994,359
2017-09-19T06:00:00-00:00,2017-09-19T07:00:00-00:00,2017-09-18,24,0,URBAN_6_N005,URBAN_6_N005,URBAN_6_N005,DAM,MCE,LMP_ENE_PRC,URBAN_6_N005,ALL,1,30.93905,359
2017-09-18T22:00:00-00:00,2017-09-18T23:00:00-00:00,2017-09-18,16,0,URBAN_6_N005,URBAN_6_N005,URBAN_6_N005,DAM,MCE,LMP_ENE_PRC,URBAN_6_N005,ALL,1,26.93731,359
2017-09-18T07:00:00-00:00,2017-09-18T08:00:00-00:00,2017-09-18,1,0,URBAN_6_N005,URBAN_6_N005,URBAN_6_N005,DAM,MCE,LMP_ENE_PRC,URBAN_6_N005,ALL,1,26.61871,359
2017-09-19T00:00:00-00:00,2017-09-19T01:00:00-00:00,2017-09-18,18,0,URBAN_6_N005,URBAN_6_N005,URBAN_6_N005,DAM,MCE,LMP_ENE_PRC,URBAN_6_N005,ALL,1,37.39483,359
2017-09-18T08:00:00-00:00,2017-09-18T09:00:00-00:00,2017-09-18,2,0,URBAN_6_N005,URBAN_6_N005,URBAN_6_N005,DAM,MCE,LMP_ENE_PRC,URBAN_6_N005,ALL,1,26.10256,359
2017-09-18T21:00:00-00:00,2017-09-18T22:00:00-00:00,2017-09-18,15,0,URBAN_6_N005,URBAN_6_N005,URBAN_6_N005,DAM,MCE,LMP_ENE_PRC,URBAN_6_N005,ALL,1,27.84109,359
2017-09-18T09:00:00-00:00,2017-09-18T10:00:00-00:00,2017-09-18,3,0,URBAN_6_N005,URBAN_6_N005,URBAN_6_N005,DAM,MCE,LMP_ENE_PRC,URBAN_6_N005,ALL,1,25.82953,359
2017-09-18T13:00:00-00:00,2017-09-18T14:00:00-00:00,2017-09-18,7,0,URBAN_6_N005,URBAN_6_N005,URBAN_6_N005,DAM,MCE,LMP_ENE_PRC,URBAN_6_N005,ALL,1,39.93274,359
2017-09-18T12:00:00-00:00,2017-09-18T13:00:00-00:00,2017-09-18,6,0,URBAN_6_N005,URBAN_6_N005,URBAN_6_N005,DAM,MCE,LMP_ENE_PRC,URBAN_6_N005,ALL,1,29.3632,359
2017-09-18T15:00:00-00:00,2017-09-18T16:00:00-00:00,2017-09-18,9,0,URBAN_6_N005,URBAN_6_N005,URBAN_6_N005,DAM,MCE,LMP_ENE_PRC,URBAN_6_N005,ALL,1,26.7043,359
2017-09-18T11:00:00-00:00,2017-09-18T12:00:00-00:00,2017-09-18,5,0,URBAN_6_N005,URBAN_6_N005,URBAN_6_N005,DAM,MCE,LMP_ENE_PRC,URBAN_6_N005,ALL,1,26.18313,359
2017-09-19T03:00:00-00:00,2017-09-19T04:00:00-00:00,2017-09-18,21,0,URBAN_6_N005,URBAN_6_N005,URBAN_6_N005,DAM,MCE,LMP_ENE_PRC,URBAN_6_N005,ALL,1,50.25518,359
2017-09-18T16:00:00-00:00,2017-09-18T17:00:00-00:00,2017-09-18,10,0,URBAN_6_N005,URBAN_6_N005,URBAN_6_N005,DAM,MCE,LMP_ENE_PRC,URBAN_6_N005,ALL,1,22.86697,359
2017-09-18T19:00:00-00:00,2017-09-18T20:00:00-00:00,2017-09-18,13,0,URBAN_6_N005,URBAN_6_N005,URBAN_6_N005,DAM,MCE,LMP_ENE_PRC,URBAN_6_N005,ALL,1,25.17835,359
2017-09-18T16:00:00-00:00,2017-09-18T17:00:00-00:00,2017-09-18,10,0,URBAN_6_N005,URBAN_6_N005,URBAN_6_N005,DAM,MCL,LMP_LOSS_PRC,URBAN_6_N005,ALL,1,-0.50765,360
2017-09-18T20:00:00-00:00,2017-09-18T21:00:00-00:00,2017-09-18,14,0,URBAN_6_N005,URBAN_6_N005,URBAN_6_N005,DAM,MCL,LMP_LOSS_PRC,URBAN_6_N005,ALL,1,-0.22412,360
2017-09-19T05:00:00-00:00,2017-09-19T06:00:00-00:00,2017-09-18,23,0,URBAN_6_N005,URBAN_6_N005,URBAN_6_N005,DAM,MCL,LMP_LOSS_PRC,URBAN_6_N005,ALL,1,-0.15776,360
2017-09-19T06:00:00-00:00,2017-09-19T07:00:00-00:00,2017-09-18,24,0,URBAN_6_N005,URBAN_6_N005,URBAN_6_N005,DAM,MCL,LMP_LOSS_PRC,URBAN_6_N005,ALL,1,-0.22276,360
2017-09-19T01:00:00-00:00,2017-09-19T02:00:00-00:00,2017-09-18,19,0,URBAN_6_N005,URBAN_6_N005,URBAN_6_N005,DAM,MCL,LMP_LOSS_PRC,URBAN_6_N005,ALL,1,-0.6643,360
2017-09-18T10:00:00-00:00,2017-09-18T11:00:00-00:00,2017-09-18,4,0,URBAN_6_N005,URBAN_6_N005,URBAN_6_N005,DAM,MCL,LMP_LOSS_PRC,URBAN_6_N005,ALL,1,-0.11832,360
2017-09-18T07:00:00-00:00,2017-09-18T08:00:00-00:00,2017-09-18,1,0,URBAN_6_N005,URBAN_6_N005,URBAN_6_N005,DAM,MCL,LMP_LOSS_PRC,URBAN_6_N005,ALL,1,-0.18633,360
2017-09-18T09:00:00-00:00,2017-09-18T10:00:00-00:00,2017-09-18,3,0,URBAN_6_N005,URBAN_6_N005,URBAN_6_N005,DAM,MCL,LMP_LOSS_PRC,URBAN_6_N005,ALL,1,-0.11107,360
2017-09-18T22:00:00-00:00,2017-09-18T23:00:00-00:00,2017-09-18,16,0,URBAN_6_N005,URBAN_6_N005,URBAN_6_N005,DAM,MCL,LMP_LOSS_PRC,URBAN_6_N005,ALL,1,-0.44447,360
2017-09-19T02:00:00-00:00,2017-09-19T03:00:00-00:00,2017-09-18,20,0,URBAN_6_N005,URBAN_6_N005,URBAN_6_N005,DAM,MCL,LMP_LOSS_PRC,URBAN_6_N005,ALL,1,-1.36546,360
2017-09-18T08:00:00-00:00,2017-09-18T09:00:00-00:00,2017-09-18,2,0,URBAN_6_N005,URBAN_6_N005,URBAN_6_N005,DAM,MCL,LMP_LOSS_PRC,URBAN_6_N005,ALL,1,-0.07048,360
2017-09-19T00:00:00-00:00,2017-09-19T01:00:00-00:00,2017-09-18,18,0,URBAN_6_N005,URBAN_6_N005,URBAN_6_N005,DAM,MCL,LMP_LOSS_PRC,URBAN_6_N005,ALL,1,-0.43378,360
2017-09-18T17:00:00-00:00,2017-09-18T18:00:00-00:00,2017-09-18,11,0,URBAN_6_N005,URBAN_6_N005,URBAN_6_N005,DAM,MCL,LMP_LOSS_PRC,URBAN_6_N005,ALL,1,-0.42488,360
2017-09-18T11:00:00-00:00,2017-09-18T12:00:00-00:00,2017-09-18,5,0,URBAN_6_N005,URBAN_6_N005,URBAN_6_N005,DAM,MCL,LMP_LOSS_PRC,URBAN_6_N005,ALL,1,-0.11521,360
2017-09-18T12:00:00-00:00,2017-09-18T13:00:00-00:00,2017-09-18,6,0,URBAN_6_N005,URBAN_6_N005,URBAN_6_N005,DAM,MCL,LMP_LOSS_PRC,URBAN_6_N005,ALL,1,-0.21142,360
2017-09-18T18:00:00-00:00,2017-09-18T19:00:00-00:00,2017-09-18,12,0,URBAN_6_N005,URBAN_6_N005,URBAN_6_N005,DAM,MCL,LMP_LOSS_PRC,URBAN_6_N005,ALL,1,-0.42039,360
2017-09-18T19:00:00-00:00,2017-09-18T20:00:00-00:00,2017-09-18,13,0,URBAN_6_N005,URBAN_6_N005,URBAN_6_N005,DAM,MCL,LMP_LOSS_PRC,URBAN_6_N005,ALL,1,-0.26185,360
2017-09-19T03:00:00-00:00,2017-09-19T04:00:00-00:00,2017-09-18,21,0,URBAN_6_N005,URBAN_6_N005,URBAN_6_N005,DAM,MCL,LMP_LOSS_PRC,URBAN_6_N005,ALL,1,-0.45732,360
2017-09-19T04:00:00-00:00,2017-09-19T05:00:00-00:00,2017-09-18,22,0,URBAN_6_N005,URBAN_6_N005,URBAN_6_N005,DAM,MCL,LMP_LOSS_PRC,URBAN_6_N005,ALL,1,-0.26682,360
2017-09-18T15:00:00-00:00,2017-09-18T16:00:00-00:00,2017-09-18,9,0,URBAN_6_N005,URBAN_6_N005,URBAN_6_N005,DAM,MCL,LMP_LOSS_PRC,URBAN_6_N005,ALL,1,-0.56613,360
2017-09-18T21:00:00-00:00,2017-09-18T22:00:00-00:00,2017-09-18,15,0,URBAN_6_N005,URBAN_6_N005,URBAN_6_N005,DAM,MCL,LMP_LOSS_PRC,URBAN_6_N005,ALL,1,-0.21994,360
2017-09-18T23:00:00-00:00,2017-09-19T00:00:00-00:00,2017-09-18,17,0,URBAN_6_N005,URBAN_6_N005,URBAN_6_N005,DAM,MCL,LMP_LOSS_PRC,URBAN_6_N005,ALL,1,-0.45229,360
2017-09-18T14:00:00-00:00,2017-09-18T15:00:00-00:00,2017-09-18,8,0,URBAN_6_N005,URBAN_6_N005,URBAN_6_N005,DAM,MCL,LMP_LOSS_PRC,URBAN_6_N005,ALL,1,-0.78578,360
2017-09-18T13:00:00-00:00,2017-09-18T14:00:00-00:00,2017-09-18,7,0,URBAN_6_N005,URBAN_6_N005,URBAN_6_N005,DAM,MCL,LMP_LOSS_PRC,URBAN_6_N005,ALL,1,-0.37137,360
2017-09-19T19:00:00-00:00,2017-09-19T20:00:00-00:00,2017-09-19,13,0,BAYSHOR2_1_N001,BAYSHOR2_1_N001,BAYSHOR2_1_N001,DAM,LMP,LMP_PRC,BAYSHOR2_1_N001,ALL,1,38.95723,361
2017-09-20T02:00:00-00:00,2017-09-20T03:00:00-00:00,2017-09-19,20,0,BAYSHOR2_1_N001,BAYSHOR2_1_N001,BAYSHOR2_1_N001,DAM,LMP,LMP_PRC,BAYSHOR2_1_N001,ALL,1,60.52713,361
2017-09-20T05:00:00-00:00,2017-09-20T06:00:00-00:00,2017-09-19,23,0,BAYSHOR2_1_N001,BAYSHOR2_1_N001,BAYSHOR2_1_N001,DAM,LMP,LMP_PRC,BAYSHOR2_1_N001,ALL,1,36.19163,361
2017-09-20T04:00:00-00:00,2017-09-20T05:00:00-00:00,2017-09-19,22,0,BAYSHOR2_1_N001,BAYSHOR2_1_N001,BAYSHOR2_1_N001,DAM,LMP,LMP_PRC,BAYSHOR2_1_N001,ALL,1,39.79842,361
2017-09-19T07:00:00-00:00,2017-09-19T08:00:00-00:00,2017-09-19,1,0,BAYSHOR2_1_N001,BAYSHOR2_1_N001,BAYSHOR2_1_N001,DAM,LMP,LMP_PRC,BAYSHOR2_1_N001,ALL,1,28.22481,361
2017-09-19T12:00:00-00:00,2017-09-19T13:00:00-00:00,2017-09-19,6,0,BAYSHOR2_1_N001,BAYSHOR2_1_N001,BAYSHOR2_1_N001,DAM,LMP,LMP_PRC,BAYSHOR2_1_N001,ALL,1,34.30606,361
2017-09-19T14:00:00-00:00,2017-09-19T15:00:00-00:00,2017-09-19,8,0,BAYSHOR2_1_N001,BAYSHOR2_1_N001,BAYSHOR2_1_N001,DAM,LMP,LMP_PRC,BAYSHOR2_1_N001,ALL,1,38.28847,361
2017-09-19T20:00:00-00:00,2017-09-19T21:00:00-00:00,2017-09-19,14,0,BAYSHOR2_1_N001,BAYSHOR2_1_N001,BAYSHOR2_1_N001,DAM,LMP,LMP_PRC,BAYSHOR2_1_N001,ALL,1,45.34615,361
2017-09-19T11:00:00-00:00,2017-09-19T12:00:00-00:00,2017-09-19,5,0,BAYSHOR2_1_N001,BAYSHOR2_1_N001,BAYSHOR2_1_N001,DAM,LMP,LMP_PRC,BAYSHOR2_1_N001,ALL,1,27.95626,361
2017-09-19T10:00:00-00:00,2017-09-19T11:00:00-00:00,2017-09-19,4,0,BAYSHOR2_1_N001,BAYSHOR2_1_N001,BAYSHOR2_1_N001,DAM,LMP,LMP_PRC,BAYSHOR2_1_N001,ALL,1,26.9325,361
2017-09-19T08:00:00-00:00,2017-09-19T09:00:00-00:00,2017-09-19,2,0,BAYSHOR2_1_N001,BAYSHOR2_1_N001,BAYSHOR2_1_N001,DAM,LMP,LMP_PRC,BAYSHOR2_1_N001,ALL,1,28.86015,361
2017-09-20T03:00:00-00:00,2017-09-20T04:00:00-00:00,2017-09-19,21,0,BAYSHOR2_1_N001,BAYSHOR2_1_N001,BAYSHOR2_1_N001,DAM,LMP,LMP_PRC,BAYSHOR2_1_N001,ALL,1,52.13925,361
2017-09-20T00:00:00-00:00,2017-09-20T01:00:00-00:00,2017-09-19,18,0,BAYSHOR2_1_N001,BAYSHOR2_1_N001,BAYSHOR2_1_N001,DAM,LMP,LMP_PRC,BAYSHOR2_1_N001,ALL,1,65.70432,361
2017-09-19T15:00:00-00:00,2017-09-19T16:00:00-00:00,2017-09-19,9,0,BAYSHOR2_1_N001,BAYSHOR2_1_N001,BAYSHOR2_1_N001,DAM,LMP,LMP_PRC,BAYSHOR2_1_N001,ALL,1,30.85532,361
2017-09-20T06:00:00-00:00,2017-09-20T07:00:00-00:00,2017-09-19,24,0,BAYSHOR2_1_N001,BAYSHOR2_1_N001,BAYSHOR2_1_N001,DAM,LMP,LMP_PRC,BAYSHOR2_1_N001,ALL,1,31.17065,361
2017-09-19T13:00:00-00:00,2017-09-19T14:00:00-00:00,2017-09-19,7,0,BAYSHOR2_1_N001,BAYSHOR2_1_N001,BAYSHOR2_1_N001,DAM,LMP,LMP_PRC,BAYSHOR2_1_N001,ALL,1,47.19289,361
2017-09-19T09:00:00-00:00,2017-09-19T10:00:00-00:00,2017-09-19,3,0,BAYSHOR2_1_N001,BAYSHOR2_1_N001,BAYSHOR2_1_N001,DAM,LMP,LMP_PRC,BAYSHOR2_1_N001,ALL,1,27.76482,361
2017-09-20T01:00:00-00:00,2017-09-20T02:00:00-00:00,2017-09-19,19,0,BAYSHOR2_1_N001,BAYSHOR2_1_N001,BAYSHOR2_1_N001,DAM,LMP,LMP_PRC,BAYSHOR2_1_N001,ALL,1,53.17857,361
2017-09-19T23:00:00-00:00,2017-09-20T00:00:00-00:00,2017-09-19,17,0,BAYSHOR2_1_N001,BAYSHOR2_1_N001,BAYSHOR2_1_N001,DAM,LMP,LMP_PRC,BAYSHOR2_1_N001,ALL,1,54.10061,361
2017-09-19T22:00:00-00:00,2017-09-19T23:00:00-00:00,2017-09-19,16,0,BAYSHOR2_1_N001,BAYSHOR2_1_N001,BAYSHOR2_1_N001,DAM,LMP,LMP_PRC,BAYSHOR2_1_N001,ALL,1,37.77185,361
2017-09-19T17:00:00-00:00,2017-09-19T18:00:00-00:00,2017-09-19,11,0,BAYSHOR2_1_N001,BAYSHOR2_1_N001,BAYSHOR2_1_N001,DAM,LMP,LMP_PRC,BAYSHOR2_1_N001,ALL,1,26.85978,361
2017-09-19T18:00:00-00:00,2017-09-19T19:00:00-00:00,2017-09-19,12,0,BAYSHOR2_1_N001,BAYSHOR2_1_N001,BAYSHOR2_1_N001,DAM,LMP,LMP_PRC,BAYSHOR2_1_N001,ALL,1,25.83526,361
2017-09-19T16:00:00-00:00,2017-09-19T17:00:00-00:00,2017-09-19,10,0,BAYSHOR2_1_N001,BAYSHOR2_1_N001,BAYSHOR2_1_N001,DAM,LMP,LMP_PRC,BAYSHOR2_1_N001,ALL,1,26.01,361
2017-09-19T21:00:00-00:00,2017-09-19T22:00:00-00:00,2017-09-19,15,0,BAYSHOR2_1_N001,BAYSHOR2_1_N001,BAYSHOR2_1_N001,DAM,LMP,LMP_PRC,BAYSHOR2_1_N001,ALL,1,53.67279,361
2017-09-19T21:00:00-00:00,2017-09-19T22:00:00-00:00,2017-09-19,15,0,BAYSHOR2_1_N001,BAYSHOR2_1_N001,BAYSHOR2_1_N001,DAM,MCC,LMP_CONG_PRC,BAYSHOR2_1_N001,ALL,1,26.9874,362
2017-09-19T17:00:00-00:00,2017-09-19T18:00:00-00:00,2017-09-19,11,0,BAYSHOR2_1_N001,BAYSHOR2_1_N001,BAYSHOR2_1_N001,DAM,MCC,LMP_CONG_PRC,BAYSHOR2_1_N001,ALL,1,4.0848,362
2017-09-19T08:00:00-00:00,2017-09-19T09:00:00-00:00,2017-09-19,2,0,BAYSHOR2_1_N001,BAYSHOR2_1_N001,BAYSHOR2_1_N001,DAM,MCC,LMP_CONG_PRC,BAYSHOR2_1_N001,ALL,1,0,362
2017-09-19T15:00:00-00:00,2017-09-19T16:00:00-00:00,2017-09-19,9,0,BAYSHOR2_1_N001,BAYSHOR2_1_N001,BAYSHOR2_1_N001,DAM,MCC,LMP_CONG_PRC,BAYSHOR2_1_N001,ALL,1,2.89333,362
2017-09-20T03:00:00-00:00,2017-09-20T04:00:00-00:00,2017-09-19,21,0,BAYSHOR2_1_N001,BAYSHOR2_1_N001,BAYSHOR2_1_N001,DAM,MCC,LMP_CONG_PRC,BAYSHOR2_1_N001,ALL,1,0.09038,362
2017-09-19T13:00:00-00:00,2017-09-19T14:00:00-00:00,2017-09-19,7,0,BAYSHOR2_1_N001,BAYSHOR2_1_N001,BAYSHOR2_1_N001,DAM,MCC,LMP_CONG_PRC,BAYSHOR2_1_N001,ALL,1,0,362
2017-09-20T00:00:00-00:00,2017-09-20T01:00:00-00:00,2017-09-19,18,0,BAYSHOR2_1_N001,BAYSHOR2_1_N001,BAYSHOR2_1_N001,DAM,MCC,LMP_CONG_PRC,BAYSHOR2_1_N001,ALL,1,26.7256,362
2017-09-19T23:00:00-00:00,2017-09-20T00:00:00-00:00,2017-09-19,17,0,BAYSHOR2_1_N001,BAYSHOR2_1_N001,BAYSHOR2_1_N001,DAM,MCC,LMP_CONG_PRC,BAYSHOR2_1_N001,ALL,1,24.03471,362
2017-09-20T04:00:00-00:00,2017-09-20T05:00:00-00:00,2017-09-19,22,0,BAYSHOR2_1_N001,BAYSHOR2_1_N001,BAYSHOR2_1_N001,DAM,MCC,LMP_CONG_PRC,BAYSHOR2_1_N001,ALL,1,0,362
2017-09-19T16:00:00-00:00,2017-09-19T17:00:00-00:00,2017-09-19,10,0,BAYSHOR2_1_N001,BAYSHOR2_1_N001,BAYSHOR2_1_N001,DAM,MCC,LMP_CONG_PRC,BAYSHOR2_1_N001,ALL,1,3.1157,362
2017-09-19T11:00:00-00:00,2017-09-19T12:00:00-00:00,2017-09-19,5,0,BAYSHOR2_1_N001,BAYSHOR2_1_N001,BAYSHOR2_1_N001,DAM,MCC,LMP_CONG_PRC,BAYSHOR2_1_N001,ALL,1,0,362
2017-09-19T14:00:00-00:00,2017-09-19T15:00:00-00:00,2017-09-19,8,0,BAYSHOR2_1_N001,BAYSHOR2_1_N001,BAYSHOR2_1_N001,DAM,MCC,LMP_CONG_PRC,BAYSHOR2_1_N001,ALL,1,0,362
2017-09-19T12:00:00-00:00,2017-09-19T13:00:00-00:00,2017-09-19,6,0,BAYSHOR2_1_N001,BAYSHOR2_1_N001,BAYSHOR2_1_N001,DAM,MCC,LMP_CONG_PRC,BAYSHOR2_1_N001,ALL,1,0,362
2017-09-19T10:00:00-00:00,2017-09-19T11:00:00-00:00,2017-09-19,4,0,BAYSHOR2_1_N001,BAYSHOR2_1_N001,BAYSHOR2_1_N001,DAM,MCC,LMP_CONG_PRC,BAYSHOR2_1_N001,ALL,1,0,362
2017-09-19T22:00:00-00:00,2017-09-19T23:00:00-00:00,2017-09-19,16,0,BAYSHOR2_1_N001,BAYSHOR2_1_N001,BAYSHOR2_1_N001,DAM,MCC,LMP_CONG_PRC,BAYSHOR2_1_N001,ALL,1,10.22228,362
2017-09-19T20:00:00-00:00,2017-09-19T21:00:00-00:00,2017-09-19,14,0,BAYSHOR2_1_N001,BAYSHOR2_1_N001,BAYSHOR2_1_N001,DAM,MCC,LMP_CONG_PRC,BAYSHOR2_1_N001,ALL,1,21.44534,362
2017-09-19T07:00:00-00:00,2017-09-19T08:00:00-00:00,2017-09-19,1,0,BAYSHOR2_1_N001,BAYSHOR2_1_N001,BAYSHOR2_1_N001,DAM,MCC,LMP_CONG_PRC,BAYSHOR2_1_N001,ALL,1,0,362
2017-09-20T05:00:00-00:00,2017-09-20T06:00:00-00:00,2017-09-19,23,0,BAYSHOR2_1_N001,BAYSHOR2_1_N001,BAYSHOR2_1_N001,DAM,MCC,LMP_CONG_PRC,BAYSHOR2_1_N001,ALL,1,0,362
2017-09-20T01:00:00-00:00,2017-09-20T02:00:00-00:00,2017-09-19,19,0,BAYSHOR2_1_N001,BAYSHOR2_1_N001,BAYSHOR2_1_N001,DAM,MCC,LMP_CONG_PRC,BAYSHOR2_1_N001,ALL,1,1.36381,362
2017-09-19T19:00:00-00:00,2017-09-19T20:00:00-00:00,2017-09-19,13,0,BAYSHOR2_1_N001,BAYSHOR2_1_N001,BAYSHOR2_1_N001,DAM,MCC,LMP_CONG_PRC,BAYSHOR2_1_N001,ALL,1,16.32849,362
2017-09-20T06:00:00-00:00,2017-09-20T07:00:00-00:00,2017-09-19,24,0,BAYSHOR2_1_N001,BAYSHOR2_1_N001,BAYSHOR2_1_N001,DAM,MCC,LMP_CONG_PRC,BAYSHOR2_1_N001,ALL,1,0,362
2017-09-19T18:00:00-00:00,2017-09-19T19:00:00-00:00,2017-09-19,12,0,BAYSHOR2_1_N001,BAYSHOR2_1_N001,BAYSHOR2_1_N001,DAM,MCC,LMP_CONG_PRC,BAYSHOR2_1_N001,ALL,1,3.84975,362
2017-09-20T02:00:00-00:00,2017-09-20T03:00:00-00:00,2017-09-19,20,0,BAYSHOR2_1_N001,BAYSHOR2_1_N001,BAYSHOR2_1_N001,DAM,MCC,LMP_CONG_PRC,BAYSHOR2_1_N001,ALL,1,1.6029,362
2017-09-19T09:00:00-00:00,2017-09-19T10:00:00-00:00,2017-09-19,3,0,BAYSHOR2_1_N001,BAYSHOR2_1_N001,BAYSHOR2_1_N001,DAM,MCC,LMP_CONG_PRC,BAYSHOR2_1_N001,ALL,1,0,362
2017-09-19T12:00:00-00:00,2017-09-19T13:00:00-00:00,2017-09-19,6,0,BAYSHOR2_1_N001,BAYSHOR2_1_N001,BAYSHOR2_1_N001,DAM,MCE,LMP_ENE_PRC,BAYSHOR2_1_N001,ALL,1,32.91065,363
2017-09-19T13:00:00-00:00,2017-09-19T14:00:00-00:00,2017-09-19,7,0,BAYSHOR2_1_N001,BAYSHOR2_1_N001,BAYSHOR2_1_N001,DAM,MCE,LMP_ENE_PRC,BAYSHOR2_1_N001,ALL,1,44.73684,363
2017-09-19T10:00:00-00:00,2017-09-19T11:00:00-00:00,2017-09-19,4,0,BAYSHOR2_1_N001,BAYSHOR2_1_N001,BAYSHOR2_1_N001,DAM,MCE,LMP_ENE_PRC,BAYSHOR2_1_N001,ALL,1,25.94403,363
2017-09-19T17:00:00-00:00,2017-09-19T18:00:00-00:00,2017-09-19,11,0,BAYSHOR2_1_N001,BAYSHOR2_1_N001,BAYSHOR2_1_N001,DAM,MCE,LMP_ENE_PRC,BAYSHOR2_1_N001,ALL,1,21.13688,363
2017-09-19T20:00:00-00:00,2017-09-19T21:00:00-00:00,2017-09-19,14,0,BAYSHOR2_1_N001,BAYSHOR2_1_N001,BAYSHOR2_1_N001,DAM,MCE,LMP_ENE_PRC,BAYSHOR2_1_N001,ALL,1,22.29761,363
2017-09-19T15:00:00-00:00,2017-09-19T16:00:00-00:00,2017-09-19,9,0,BAYSHOR2_1_N001,BAYSHOR2_1_N001,BAYSHOR2_1_N001,DAM,MCE,LMP_ENE_PRC,BAYSHOR2_1_N001,ALL,1,26.19635,363
2017-09-19T08:00:00-00:00,2017-09-19T09:00:00-00:00,2017-09-19,2,0,BAYSHOR2_1_N001,BAYSHOR2_1_N001,BAYSHOR2_1_N001,DAM,MCE,LMP_ENE_PRC,BAYSHOR2_1_N001,ALL,1,27.82505,363
2017-09-19T09:00:00-00:00,2017-09-19T10:00:00-00:00,2017-09-19,3,0,BAYSHOR2_1_N001,BAYSHOR2_1_N001,BAYSHOR2_1_N001,DAM,MCE,LMP_ENE_PRC,BAYSHOR2_1_N001,ALL,1,26.75612,363
2017-09-20T04:00:00-00:00,2017-09-20T05:00:00-00:00,2017-09-19,22,0,BAYSHOR2_1_N001,BAYSHOR2_1_N001,BAYSHOR2_1_N001,DAM,MCE,LMP_ENE_PRC,BAYSHOR2_1_N001,ALL,1,38.37102,363
2017-09-20T05:00:00-00:00,2017-09-20T06:00:00-00:00,2017-09-19,23,0,BAYSHOR2_1_N001,BAYSHOR2_1_N001,BAYSHOR2_1_N001,DAM,MCE,LMP_ENE_PRC,BAYSHOR2_1_N001,ALL,1,34.95425,363
2017-09-19T16:00:00-00:00,2017-09-19T17:00:00-00:00,2017-09-19,10,0,BAYSHOR2_1_N001,BAYSHOR2_1_N001,BAYSHOR2_1_N001,DAM,MCE,LMP_ENE_PRC,BAYSHOR2_1_N001,ALL,1,21.25747,363
2017-09-20T00:00:00-00:00,2017-09-20T01:00:00-00:00,2017-09-19,18,0,BAYSHOR2_1_N001,BAYSHOR2_1_N001,BAYSHOR2_1_N001,DAM,MCE,LMP_ENE_PRC,BAYSHOR2_1_N001,ALL,1,37.00277,363
2017-09-19T07:00:00-00:00,2017-09-19T08:00:00-00:00,2017-09-19,1,0,BAYSHOR2_1_N001,BAYSHOR2_1_N001,BAYSHOR2_1_N001,DAM,MCE,LMP_ENE_PRC,BAYSHOR2_1_N001,ALL,1,27.09755,363
2017-09-19T19:00:00-00:00,2017-09-19T20:00:00-00:00,2017-09-19,13,0,BAYSHOR2_1_N001,BAYSHOR2_1_N001,BAYSHOR2_1_N001,DAM,MCE,LMP_ENE_PRC,BAYSHOR2_1_N001,ALL,1,21.13848,363
2017-09-19T21:00:00-00:00,2017-09-19T22:00:00-00:00,2017-09-19,15,0,BAYSHOR2_1_N001,BAYSHOR2_1_N001,BAYSHOR2_1_N001,DAM,MCE,LMP_ENE_PRC,BAYSHOR2_1_N001,ALL,1,24.86757,363
2017-09-19T14:00:00-00:00,2017-09-19T15:00:00-00:00,2017-09-19,8,0,BAYSHOR2_1_N001,BAYSHOR2_1_N001,BAYSHOR2_1_N001,DAM,MCE,LMP_ENE_PRC,BAYSHOR2_1_N001,ALL,1,35.93474,363
2017-09-19T11:00:00-00:00,2017-09-19T12:00:00-00:00,2017-09-19,5,0,BAYSHOR2_1_N001,BAYSHOR2_1_N001,BAYSHOR2_1_N001,DAM,MCE,LMP_ENE_PRC,BAYSHOR2_1_N001,ALL,1,26.9458,363
2017-09-20T06:00:00-00:00,2017-09-20T07:00:00-00:00,2017-09-19,24,0,BAYSHOR2_1_N001,BAYSHOR2_1_N001,BAYSHOR2_1_N001,DAM,MCE,LMP_ENE_PRC,BAYSHOR2_1_N001,ALL,1,30.21583,363
2017-09-19T23:00:00-00:00,2017-09-20T00:00:00-00:00,2017-09-19,17,0,BAYSHOR2_1_N001,BAYSHOR2_1_N001,BAYSHOR2_1_N001,DAM,MCE,LMP_ENE_PRC,BAYSHOR2_1_N001,ALL,1,28.18062,363
2017-09-20T02:00:00-00:00,2017-09-20T03:00:00-00:00,2017-09-19,20,0,BAYSHOR2_1_N001,BAYSHOR2_1_N001,BAYSHOR2_1_N001,DAM,MCE,LMP_ENE_PRC,BAYSHOR2_1_N001,ALL,1,56.72882,363
2017-09-19T18:00:00-00:00,2017-09-19T19:00:00-00:00,2017-09-19,12,0,BAYSHOR2_1_N001,BAYSHOR2_1_N001,BAYSHOR2_1_N001,DAM,MCE,LMP_ENE_PRC,BAYSHOR2_1_N001,ALL,1,20.52419,363
2017-09-19T22:00:00-00:00,2017-09-19T23:00:00-00:00,2017-09-19,16,0,BAYSHOR2_1_N001,BAYSHOR2_1_N001,BAYSHOR2_1_N001,DAM,MCE,LMP_ENE_PRC,BAYSHOR2_1_N001,ALL,1,25.72082,363
2017-09-20T01:00:00-00:00,2017-09-20T02:00:00-00:00,2017-09-19,19,0,BAYSHOR2_1_N001,BAYSHOR2_1_N001,BAYSHOR2_1_N001,DAM,MCE,LMP_ENE_PRC,BAYSHOR2_1_N001,ALL,1,49.70241,363
2017-09-20T03:00:00-00:00,2017-09-20T04:00:00-00:00,2017-09-19,21,0,BAYSHOR2_1_N001,BAYSHOR2_1_N001,BAYSHOR2_1_N001,DAM,MCE,LMP_ENE_PRC,BAYSHOR2_1_N001,ALL,1,50.04219,363
2017-09-19T09:00:00-00:00,2017-09-19T10:00:00-00:00,2017-09-19,3,0,BAYSHOR2_1_N001,BAYSHOR2_1_N001,BAYSHOR2_1_N001,DAM,MCL,LMP_LOSS_PRC,BAYSHOR2_1_N001,ALL,1,1.00871,364
2017-09-19T07:00:00-00:00,2017-09-19T08:00:00-00:00,2017-09-19,1,0,BAYSHOR2_1_N001,BAYSHOR2_1_N001,BAYSHOR2_1_N001,DAM,MCL,LMP_LOSS_PRC,BAYSHOR2_1_N001,ALL,1,1.12726,364
2017-09-19T11:00:00-00:00,2017-09-19T12:00:00-00:00,2017-09-19,5,0,BAYSHOR2_1_N001,BAYSHOR2_1_N001,BAYSHOR2_1_N001,DAM,MCL,LMP_LOSS_PRC,BAYSHOR2_1_N001,ALL,1,1.01047,364
2017-09-19T15:00:00-00:00,2017-09-19T16:00:00-00:00,2017-09-19,9,0,BAYSHOR2_1_N001,BAYSHOR2_1_N001,BAYSHOR2_1_N001,DAM,MCL,LMP_LOSS_PRC,BAYSHOR2_1_N001,ALL,1,1.76563,364
2017-09-19T17:00:00-00:00,2017-09-19T18:00:00-00:00,2017-09-19,11,0,BAYSHOR2_1_N001,BAYSHOR2_1_N001,BAYSHOR2_1_N001,DAM,MCL,LMP_LOSS_PRC,BAYSHOR2_1_N001,ALL,1,1.63811,364
2017-09-20T01:00:00-00:00,2017-09-20T02:00:00-00:00,2017-09-19,19,0,BAYSHOR2_1_N001,BAYSHOR2_1_N001,BAYSHOR2_1_N001,DAM,MCL,LMP_LOSS_PRC,BAYSHOR2_1_N001,ALL,1,2.11235,364
2017-09-19T13:00:00-00:00,2017-09-19T14:00:00-00:00,2017-09-19,7,0,BAYSHOR2_1_N001,BAYSHOR2_1_N001,BAYSHOR2_1_N001,DAM,MCL,LMP_LOSS_PRC,BAYSHOR2_1_N001,ALL,1,2.45605,364
2017-09-20T06:00:00-00:00,2017-09-20T07:00:00-00:00,2017-09-19,24,0,BAYSHOR2_1_N001,BAYSHOR2_1_N001,BAYSHOR2_1_N001,DAM,MCL,LMP_LOSS_PRC,BAYSHOR2_1_N001,ALL,1,0.95482,364
2017-09-19T14:00:00-00:00,2017-09-19T15:00:00-00:00,2017-09-19,8,0,BAYSHOR2_1_N001,BAYSHOR2_1_N001,BAYSHOR2_1_N001,DAM,MCL,LMP_LOSS_PRC,BAYSHOR2_1_N001,ALL,1,2.35373,364
2017-09-19T16:00:00-00:00,2017-09-19T17:00:00-00:00,2017-09-19,10,0,BAYSHOR2_1_N001,BAYSHOR2_1_N001,BAYSHOR2_1_N001,DAM,MCL,LMP_LOSS_PRC,BAYSHOR2_1_N001,ALL,1,1.63682,364
2017-09-19T23:00:00-00:00,2017-09-20T00:00:00-00:00,2017-09-19,17,0,BAYSHOR2_1_N001,BAYSHOR2_1_N001,BAYSHOR2_1_N001,DAM,MCL,LMP_LOSS_PRC,BAYSHOR2_1_N001,ALL,1,1.88528,364
2017-09-20T02:00:00-00:00,2017-09-20T03:00:00-00:00,2017-09-19,20,0,BAYSHOR2_1_N001,BAYSHOR2_1_N001,BAYSHOR2_1_N001,DAM,MCL,LMP_LOSS_PRC,BAYSHOR2_1_N001,ALL,1,2.19541,364
2017-09-20T04:00:00-00:00,2017-09-20T05:00:00-00:00,2017-09-19,22,0,BAYSHOR2_1_N001,BAYSHOR2_1_N001,BAYSHOR2_1_N001,DAM,MCL,LMP_LOSS_PRC,BAYSHOR2_1_N001,ALL,1,1.4274,364
2017-09-19T18:00:00-00:00,2017-09-19T19:00:00-00:00,2017-09-19,12,0,BAYSHOR2_1_N001,BAYSHOR2_1_N001,BAYSHOR2_1_N001,DAM,MCL,LMP_LOSS_PRC,BAYSHOR2_1_N001,ALL,1,1.46132,364
2017-09-20T05:00:00-00:00,2017-09-20T06:00:00-00:00,2017-09-19,23,0,BAYSHOR2_1_N001,BAYSHOR2_1_N001,BAYSHOR2_1_N001,DAM,MCL,LMP_LOSS_PRC,BAYSHOR2_1_N001,ALL,1,1.23738,364
2017-09-20T03:00:00-00:00,2017-09-20T04:00:00-00:00,2017-09-19,21,0,BAYSHOR2_1_N001,BAYSHOR2_1_N001,BAYSHOR2_1_N001,DAM,MCL,LMP_LOSS_PRC,BAYSHOR2_1_N001,ALL,1,2.00669,364
2017-09-20T00:00:00-00:00,2017-09-20T01:00:00-00:00,2017-09-19,18,0,BAYSHOR2_1_N001,BAYSHOR2_1_N001,BAYSHOR2_1_N001,DAM,MCL,LMP_LOSS_PRC,BAYSHOR2_1_N001,ALL,1,1.97595,364
2017-09-19T12:00:00-00:00,2017-09-19T13:00:00-00:00,2017-09-19,6,0,BAYSHOR2_1_N001,BAYSHOR2_1_N001,BAYSHOR2_1_N001,DAM,MCL,LMP_LOSS_PRC,BAYSHOR2_1_N001,ALL,1,1.39541,364
2017-09-19T20:00:00-00:00,2017-09-19T21:00:00-00:00,2017-09-19,14,0,BAYSHOR2_1_N001,BAYSHOR2_1_N001,BAYSHOR2_1_N001,DAM,MCL,LMP_LOSS_PRC,BAYSHOR2_1_N001,ALL,1,1.6032,364
2017-09-19T22:00:00-00:00,2017-09-19T23:00:00-00:00,2017-09-19,16,0,BAYSHOR2_1_N001,BAYSHOR2_1_N001,BAYSHOR2_1_N001,DAM,MCL,LMP_LOSS_PRC,BAYSHOR2_1_N001,ALL,1,1.82875,364
2017-09-19T08:00:00-00:00,2017-09-19T09:00:00-00:00,2017-09-19,2,0,BAYSHOR2_1_N001,BAYSHOR2_1_N001,BAYSHOR2_1_N001,DAM,MCL,LMP_LOSS_PRC,BAYSHOR2_1_N001,ALL,1,1.03509,364
2017-09-19T19:00:00-00:00,2017-09-19T20:00:00-00:00,2017-09-19,13,0,BAYSHOR2_1_N001,BAYSHOR2_1_N001,BAYSHOR2_1_N001,DAM,MCL,LMP_LOSS_PRC,BAYSHOR2_1_N001,ALL,1,1.49026,364
2017-09-19T21:00:00-00:00,2017-09-19T22:00:00-00:00,2017-09-19,15,0,BAYSHOR2_1_N001,BAYSHOR2_1_N001,BAYSHOR2_1_N001,DAM,MCL,LMP_LOSS_PRC,BAYSHOR2_1_N001,ALL,1,1.81782,364
2017-09-19T10:00:00-00:00,2017-09-19T11:00:00-00:00,2017-09-19,4,0,BAYSHOR2_1_N001,BAYSHOR2_1_N001,BAYSHOR2_1_N001,DAM,MCL,LMP_LOSS_PRC,BAYSHOR2_1_N001,ALL,1,0.98847,364
2017-09-19T19:00:00-00:00,2017-09-19T20:00:00-00:00,2017-09-19,13,0,TH_NP15_GEN-APND,TH_NP15_GEN-APND,TH_NP15_GEN-APND,DAM,LMP,LMP_PRC,TH_NP15_GEN-APND,ALL_APNODES,0,19.80131,365
2017-09-19T09:00:00-00:00,2017-09-19T10:00:00-00:00,2017-09-19,3,0,TH_NP15_GEN-APND,TH_NP15_GEN-APND,TH_NP15_GEN-APND,DAM,LMP,LMP_PRC,TH_NP15_GEN-APND,ALL_APNODES,0,26.71063,365
2017-09-19T15:00:00-00:00,2017-09-19T16:00:00-00:00,2017-09-19,9,0,TH_NP15_GEN-APND,TH_NP15_GEN-APND,TH_NP15_GEN-APND,DAM,LMP,LMP_PRC,TH_NP15_GEN-APND,ALL_APNODES,0,26.5008,365
2017-09-20T00:00:00-00:00,2017-09-20T01:00:00-00:00,2017-09-19,18,0,TH_NP15_GEN-APND,TH_NP15_GEN-APND,TH_NP15_GEN-APND,DAM,LMP,LMP_PRC,TH_NP15_GEN-APND,ALL_APNODES,0,35.63381,365
2017-09-19T22:00:00-00:00,2017-09-19T23:00:00-00:00,2017-09-19,16,0,TH_NP15_GEN-APND,TH_NP15_GEN-APND,TH_NP15_GEN-APND,DAM,LMP,LMP_PRC,TH_NP15_GEN-APND,ALL_APNODES,0,22.63959,365
2017-09-19T07:00:00-00:00,2017-09-19T08:00:00-00:00,2017-09-19,1,0,TH_NP15_GEN-APND,TH_NP15_GEN-APND,TH_NP15_GEN-APND,DAM,LMP,LMP_PRC,TH_NP15_GEN-APND,ALL_APNODES,0,27.03794,365
2017-09-19T16:00:00-00:00,2017-09-19T17:00:00-00:00,2017-09-19,10,0,TH_NP15_GEN-APND,TH_NP15_GEN-APND,TH_NP15_GEN-APND,DAM,LMP,LMP_PRC,TH_NP15_GEN-APND,ALL_APNODES,0,21.38039,365
2017-09-19T20:00:00-00:00,2017-09-19T21:00:00-00:00,2017-09-19,14,0,TH_NP15_GEN-APND,TH_NP15_GEN-APND,TH_NP15_GEN-APND,DAM,LMP,LMP_PRC,TH_NP15_GEN-APND,ALL_APNODES,0,20.48911,365
2017-09-20T03:00:00-00:00,2017-09-20T04:00:00-00:00,2017-09-19,21,0,TH_NP15_GEN-APND,TH_NP15_GEN-APND,TH_NP15_GEN-APND,DAM,LMP,LMP_PRC,TH_NP15_GEN-APND,ALL_APNODES,0,48.49496,365
2017-09-19T21:00:00-00:00,2017-09-19T22:00:00-00:00,2017-09-19,15,0,TH_NP15_GEN-APND,TH_NP15_GEN-APND,TH_NP15_GEN-APND,DAM,LMP,LMP_PRC,TH_NP15_GEN-APND,ALL_APNODES,0,23.24555,365
2017-09-20T05:00:00-00:00,2017-09-20T06:00:00-00:00,2017-09-19,23,0,TH_NP15_GEN-APND,TH_NP15_GEN-APND,TH_NP15_GEN-APND,DAM,LMP,LMP_PRC,TH_NP15_GEN-APND,ALL_APNODES,0,34.381,365
2017-09-19T10:00:00-00:00,2017-09-19T11:00:00-00:00,2017-09-19,4,0,TH_NP15_GEN-APND,TH_NP15_GEN-APND,TH_NP15_GEN-APND,DAM,LMP,LMP_PRC,TH_NP15_GEN-APND,ALL_APNODES,0,25.9129,365
2017-09-20T06:00:00-00:00,2017-09-20T07:00:00-00:00,2017-09-19,24,0,TH_NP15_GEN-APND,TH_NP15_GEN-APND,TH_NP15_GEN-APND,DAM,LMP,LMP_PRC,TH_NP15_GEN-APND,ALL_APNODES,0,29.89554,365
2017-09-19T18:00:00-00:00,2017-09-19T19:00:00-00:00,2017-09-19,12,0,TH_NP15_GEN-APND,TH_NP15_GEN-APND,TH_NP15_GEN-APND,DAM,LMP,LMP_PRC,TH_NP15_GEN-APND,ALL_APNODES,0,19.99079,365
2017-09-19T12:00:00-00:00,2017-09-19T13:00:00-00:00,2017-09-19,6,0,TH_NP15_GEN-APND,TH_NP15_GEN-APND,TH_NP15_GEN-APND,DAM,LMP,LMP_PRC,TH_NP15_GEN-APND,ALL_APNODES,0,33.05217,365
2017-09-20T04:00:00-00:00,2017-09-20T05:00:00-00:00,2017-09-19,22,0,TH_NP15_GEN-APND,TH_NP15_GEN-APND,TH_NP15_GEN-APND,DAM,LMP,LMP_PRC,TH_NP15_GEN-APND,ALL_APNODES,0,36.96365,365
2017-09-19T23:00:00-00:00,2017-09-20T00:00:00-00:00,2017-09-19,17,0,TH_NP15_GEN-APND,TH_NP15_GEN-APND,TH_NP15_GEN-APND,DAM,LMP,LMP_PRC,TH_NP15_GEN-APND,ALL_APNODES,0,25.05807,365
2017-09-19T08:00:00-00:00,2017-09-19T09:00:00-00:00,2017-09-19,2,0,TH_NP15_GEN-APND,TH_NP15_GEN-APND,TH_NP15_GEN-APND,DAM,LMP,LMP_PRC,TH_NP15_GEN-APND,ALL_APNODES,0,27.74714,365
2017-09-19T17:00:00-00:00,2017-09-19T18:00:00-00:00,2017-09-19,11,0,TH_NP15_GEN-APND,TH_NP15_GEN-APND,TH_NP15_GEN-APND,DAM,LMP,LMP_PRC,TH_NP15_GEN-APND,ALL_APNODES,0,20.2073,365
2017-09-19T14:00:00-00:00,2017-09-19T15:00:00-00:00,2017-09-19,8,0,TH_NP15_GEN-APND,TH_NP15_GEN-APND,TH_NP15_GEN-APND,DAM,LMP,LMP_PRC,TH_NP15_GEN-APND,ALL_APNODES,0,36.24737,365
2017-09-19T13:00:00-00:00,2017-09-19T14:00:00-00:00,2017-09-19,7,0,TH_NP15_GEN-APND,TH_NP15_GEN-APND,TH_NP15_GEN-APND,DAM,LMP,LMP_PRC,TH_NP15_GEN-APND,ALL_APNODES,0,45.01868,365
2017-09-19T11:00:00-00:00,2017-09-19T12:00:00-00:00,2017-09-19,5,0,TH_NP15_GEN-APND,TH_NP15_GEN-APND,TH_NP15_GEN-APND,DAM,LMP,LMP_PRC,TH_NP15_GEN-APND,ALL_APNODES,0,26.85418,365
2017-09-20T02:00:00-00:00,2017-09-20T03:00:00-00:00,2017-09-19,20,0,TH_NP15_GEN-APND,TH_NP15_GEN-APND,TH_NP15_GEN-APND,DAM,LMP,LMP_PRC,TH_NP15_GEN-APND,ALL_APNODES,0,55.17083,365
2017-09-20T01:00:00-00:00,2017-09-20T02:00:00-00:00,2017-09-19,19,0,TH_NP15_GEN-APND,TH_NP15_GEN-APND,TH_NP15_GEN-APND,DAM,LMP,LMP_PRC,TH_NP15_GEN-APND,ALL_APNODES,0,48.20673,365
2017-09-19T21:00:00-00:00,2017-09-19T22:00:00-00:00,2017-09-19,15,0,TH_NP15_GEN-APND,TH_NP15_GEN-APND,TH_NP15_GEN-APND,DAM,MCC,LMP_CONG_PRC,TH_NP15_GEN-APND,ALL_APNODES,0,-2.01493,366
2017-09-20T00:00:00-00:00,2017-09-20T01:00:00-00:00,2017-09-19,18,0,TH_NP15_GEN-APND,TH_NP15_GEN-APND,TH_NP15_GEN-APND,DAM,MCC,LMP_CONG_PRC,TH_NP15_GEN-APND,ALL_APNODES,0,-1.11364,366
2017-09-19T08:00:00-00:00,2017-09-19T09:00:00-00:00,2017-09-19,2,0,TH_NP15_GEN-APND,TH_NP15_GEN-APND,TH_NP15_GEN-APND,DAM,MCC,LMP_CONG_PRC,TH_NP15_GEN-APND,ALL_APNODES,0,0,366
2017-09-19T12:00:00-00:00,2017-09-19T13:00:00-00:00,2017-09-19,6,0,TH_NP15_GEN-APND,TH_NP15_GEN-APND,TH_NP15_GEN-APND,DAM,MCC,LMP_CONG_PRC,TH_NP15_GEN-APND,ALL_APNODES,0,0,366
2017-09-20T03:00:00-00:00,2017-09-20T04:00:00-00:00,2017-09-19,21,0,TH_NP15_GEN-APND,TH_NP15_GEN-APND,TH_NP15_GEN-APND,DAM,MCC,LMP_CONG_PRC,TH_NP15_GEN-APND,ALL_APNODES,0,-0.57641,366
2017-09-19T20:00:00-00:00,2017-09-19T21:00:00-00:00,2017-09-19,14,0,TH_NP15_GEN-APND,TH_NP15_GEN-APND,TH_NP15_GEN-APND,DAM,MCC,LMP_CONG_PRC,TH_NP15_GEN-APND,ALL_APNODES,0,-2.14742,366
2017-09-20T06:00:00-00:00,2017-09-20T07:00:00-00:00,2017-09-19,24,0,TH_NP15_GEN-APND,TH_NP15_GEN-APND,TH_NP15_GEN-APND,DAM,MCC,LMP_CONG_PRC,TH_NP15_GEN-APND,ALL_APNODES,0,0,366
2017-09-19T16:00:00-00:00,2017-09-19T17:00:00-00:00,2017-09-19,10,0,TH_NP15_GEN-APND,TH_NP15_GEN-APND,TH_NP15_GEN-APND,DAM,MCC,LMP_CONG_PRC,TH_NP15_GEN-APND,ALL_APNODES,0,-0.30648,366
2017-09-19T09:00:00-00:00,2017-09-19T10:00:00-00:00,2017-09-19,3,0,TH_NP15_GEN-APND,TH_NP15_GEN-APND,TH_NP15_GEN-APND,DAM,MCC,LMP_CONG_PRC,TH_NP15_GEN-APND,ALL_APNODES,0,0,366
2017-09-19T11:00:00-00:00,2017-09-19T12:00:00-00:00,2017-09-19,5,0,TH_NP15_GEN-APND,TH_NP15_GEN-APND,TH_NP15_GEN-APND,DAM,MCC,LMP_CONG_PRC,TH_NP15_GEN-APND,ALL_APNODES,0,0,366
2017-09-20T04:00:00-00:00,2017-09-20T05:00:00-00:00,2017-09-19,22,0,TH_NP15_GEN-APND,TH_NP15_GEN-APND,TH_NP15_GEN-APND,DAM,MCC,LMP_CONG_PRC,TH_NP15_GEN-APND,ALL_APNODES,0,-0.60158,366
2017-09-20T01:00:00-00:00,2017-09-20T02:00:00-00:00,2017-09-19,19,0,TH_NP15_GEN-APND,TH_NP15_GEN-APND,TH_NP15_GEN-APND,DAM,MCC,LMP_CONG_PRC,TH_NP15_GEN-APND,ALL_APNODES,0,-0.57619,366
2017-09-19T23:00:00-00:00,2017-09-20T00:00:00-00:00,2017-09-19,17,0,TH_NP15_GEN-APND,TH_NP15_GEN-APND,TH_NP15_GEN-APND,DAM,MCC,LMP_CONG_PRC,TH_NP15_GEN-APND,ALL_APNODES,0,-3.35362,366
2017-09-19T13:00:00-00:00,2017-09-19T14:00:00-00:00,2017-09-19,7,0,TH_NP15_GEN-APND,TH_NP15_GEN-APND,TH_NP15_GEN-APND,DAM,MCC,LMP_CONG_PRC,TH_NP15_GEN-APND,ALL_APNODES,0,0,366
2017-09-20T02:00:00-00:00,2017-09-20T03:00:00-00:00,2017-09-19,20,0,TH_NP15_GEN-APND,TH_NP15_GEN-APND,TH_NP15_GEN-APND,DAM,MCC,LMP_CONG_PRC,TH_NP15_GEN-APND,ALL_APNODES,0,-0.55389,366
2017-09-19T18:00:00-00:00,2017-09-19T19:00:00-00:00,2017-09-19,12,0,TH_NP15_GEN-APND,TH_NP15_GEN-APND,TH_NP15_GEN-APND,DAM,MCC,LMP_CONG_PRC,TH_NP15_GEN-APND,ALL_APNODES,0,-0.86589,366
2017-09-19T17:00:00-00:00,2017-09-19T18:00:00-00:00,2017-09-19,11,0,TH_NP15_GEN-APND,TH_NP15_GEN-APND,TH_NP15_GEN-APND,DAM,MCC,LMP_CONG_PRC,TH_NP15_GEN-APND,ALL_APNODES,0,-1.33541,366
2017-09-19T22:00:00-00:00,2017-09-19T23:00:00-00:00,2017-09-19,16,0,TH_NP15_GEN-APND,TH_NP15_GEN-APND,TH_NP15_GEN-APND,DAM,MCC,LMP_CONG_PRC,TH_NP15_GEN-APND,ALL_APNODES,0,-3.38987,366
2017-09-19T19:00:00-00:00,2017-09-19T20:00:00-00:00,2017-09-19,13,0,TH_NP15_GEN-APND,TH_NP15_GEN-APND,TH_NP15_GEN-APND,DAM,MCC,LMP_CONG_PRC,TH_NP15_GEN-APND,ALL_APNODES,0,-1.6627,366
2017-09-20T05:00:00-00:00,2017-09-20T06:00:00-00:00,2017-09-19,23,0,TH_NP15_GEN-APND,TH_NP15_GEN-APND,TH_NP15_GEN-APND,DAM,MCC,LMP_CONG_PRC,TH_NP15_GEN-APND,ALL_APNODES,0,0,366
2017-09-19T14:00:00-00:00,2017-09-19T15:00:00-00:00,2017-09-19,8,0,TH_NP15_GEN-APND,TH_NP15_GEN-APND,TH_NP15_GEN-APND,DAM,MCC,LMP_CONG_PRC,TH_NP15_GEN-APND,ALL_APNODES,0,0,366
2017-09-19T15:00:00-00:00,2017-09-19T16:00:00-00:00,2017-09-19,9,0,TH_NP15_GEN-APND,TH_NP15_GEN-APND,TH_NP15_GEN-APND,DAM,MCC,LMP_CONG_PRC,TH_NP15_GEN-APND,ALL_APNODES,0,-0.09111,366
2017-09-19T10:00:00-00:00,2017-09-19T11:00:00-00:00,2017-09-19,4,0,TH_NP15_GEN-APND,TH_NP15_GEN-APND,TH_NP15_GEN-APND,DAM,MCC,LMP_CONG_PRC,TH_NP15_GEN-APND,ALL_APNODES,0,0,366
2017-09-19T07:00:00-00:00,2017-09-19T08:00:00-00:00,2017-09-19,1,0,TH_NP15_GEN-APND,TH_NP15_GEN-APND,TH_NP15_GEN-APND,DAM,MCC,LMP_CONG_PRC,TH_NP15_GEN-APND,ALL_APNODES,0,0,366
2017-09-19T19:00:00-00:00,2017-09-19T20:00:00-00:00,2017-09-19,13,0,TH_NP15_GEN-APND,TH_NP15_GEN-APND,TH_NP15_GEN-APND,DAM,MCE,LMP_ENE_PRC,TH_NP15_GEN-APND,ALL_APNODES,0,21.13848,367
2017-09-19T11:00:00-00:00,2017-09-19T12:00:00-00:00,2017-09-19,5,0,TH_NP15_GEN-APND,TH_NP15_GEN-APND,TH_NP15_GEN-APND,DAM,MCE,LMP_ENE_PRC,TH_NP15_GEN-APND,ALL_APNODES,0,26.9458,367
2017-09-19T12:00:00-00:00,2017-09-19T13:00:00-00:00,2017-09-19,6,0,TH_NP15_GEN-APND,TH_NP15_GEN-APND,TH_NP15_GEN-APND,DAM,MCE,LMP_ENE_PRC,TH_NP15_GEN-APND,ALL_APNODES,0,32.91065,367
2017-09-19T07:00:00-00:00,2017-09-19T08:00:00-00:00,2017-09-19,1,0,TH_NP15_GEN-APND,TH_NP15_GEN-APND,TH_NP15_GEN-APND,DAM,MCE,LMP_ENE_PRC,TH_NP15_GEN-APND,ALL_APNODES,0,27.09755,367
2017-09-19T16:00:00-00:00,2017-09-19T17:00:00-00:00,2017-09-19,10,0,TH_NP15_GEN-APND,TH_NP15_GEN-APND,TH_NP15_GEN-APND,DAM,MCE,LMP_ENE_PRC,TH_NP15_GEN-APND,ALL_APNODES,0,21.25747,367
2017-09-19T09:00:00-00:00,2017-09-19T10:00:00-00:00,2017-09-19,3,0,TH_NP15_GEN-APND,TH_NP15_GEN-APND,TH_NP15_GEN-APND,DAM,MCE,LMP_ENE_PRC,TH_NP15_GEN-APND,ALL_APNODES,0,26.75612,367
2017-09-19T20:00:00-00:00,2017-09-19T21:00:00-00:00,2017-09-19,14,0,TH_NP15_GEN-APND,TH_NP15_GEN-APND,TH_NP15_GEN-APND,DAM,MCE,LMP_ENE_PRC,TH_NP15_GEN-APND,ALL_APNODES,0,22.29761,367
2017-09-19T15:00:00-00:00,2017-09-19T16:00:00-00:00,2017-09-19,9,0,TH_NP15_GEN-APND,TH_NP15_GEN-APND,TH_NP15_GEN-APND,DAM,MCE,LMP_ENE_PRC,TH_NP15_GEN-APND,ALL_APNODES,0,26.19635,367
2017-09-20T05:00:00-00:00,2017-09-20T06:00:00-00:00,2017-09-19,23,0,TH_NP15_GEN-APND,TH_NP15_GEN-APND,TH_NP15_GEN-APND,DAM,MCE,LMP_ENE_PRC,TH_NP15_GEN-APND,ALL_APNODES,0,34.95425,367
2017-09-20T06:00:00-00:00,2017-09-20T07:00:00-00:00,2017-09-19,24,0,TH_NP15_GEN-APND,TH_NP15_GEN-APND,TH_NP15_GEN-APND,DAM,MCE,LMP_ENE_PRC,TH_NP15_GEN-APND,ALL_APNODES,0,30.21583,367
2017-09-19T21:00:00-00:00,2017-09-19T22:00:00-00:00,2017-09-19,15,0,TH_NP15_GEN-APND,TH_NP15_GEN-APND,TH_NP15_GEN-APND,DAM,MCE,LMP_ENE_PRC,TH_NP15_GEN-APND,ALL_APNODES,0,24.86757,367
2017-09-19T22:00:00-00:00,2017-09-19T23:00:00-00:00,2017-09-19,16,0,TH_NP15_GEN-APND,TH_NP15_GEN-APND,TH_NP15_GEN-APND,DAM,MCE,LMP_ENE_PRC,TH_NP15_GEN-APND,ALL_APNODES,0,25.72082,367
2017-09-20T01:00:00-00:00,2017-09-20T02:00:00-00:00,2017-09-19,19,0,TH_NP15_GEN-APND,TH_NP15_GEN-APND,TH_NP15_GEN-APND,DAM,MCE,LMP_ENE_PRC,TH_NP15_GEN-APND,ALL_APNODES,0,49.70241,367
2017-09-19T14:00:00-00:00,2017-09-19T15:00:00-00:00,2017-09-19,8,0,TH_NP15_GEN-APND,TH_NP15_GEN-APND,TH_NP15_GEN-APND,DAM,MCE,LMP_ENE_PRC,TH_NP15_GEN-APND,ALL_APNODES,0,35.93474,367
2017-09-19T18:00:00-00:00,2017-09-19T19:00:00-00:00,2017-09-19,12,0,TH_NP15_GEN-APND,TH_NP15_GEN-APND,TH_NP15_GEN-APND,DAM,MCE,LMP_ENE_PRC,TH_NP15_GEN-APND,ALL_APNODES,0,20.52419,367
2017-09-20T04:00:00-00:00,2017-09-20T05:00:00-00:00,2017-09-19,22,0,TH_NP15_GEN-APND,TH_NP15_GEN-APND,TH_NP15_GEN-APND,DAM,MCE,LMP_ENE_PRC,TH_NP15_GEN-APND,ALL_APNODES,0,38.37102,367
2017-09-19T17:00:00-00:00,2017-09-19T18:00:00-00:00,2017-09-19,11,0,TH_NP15_GEN-APND,TH_NP15_GEN-APND,TH_NP15_GEN-APND,DAM,MCE,LMP_ENE_PRC,TH_NP15_GEN-APND,ALL_APNODES,0,21.13688,367
2017-09-19T23:00:00-00:00,2017-09-20T00:00:00-00:00,2017-09-19,17,0,TH_NP15_GEN-APND,TH_NP15_GEN-APND,TH_NP15_GEN-APND,DAM,MCE,LMP_ENE_PRC,TH_NP15_GEN-APND,ALL_APNODES,0,28.18062,367
2017-09-20T00:00:00-00:00,2017-09-20T01:00:00-00:00,2017-09-19,18,0,TH_NP15_GEN-APND,TH_NP15_GEN-APND,TH_NP15_GEN-APND,DAM,MCE,LMP_ENE_PRC,TH_NP15_GEN-APND,ALL_APNODES,0,37.00277,367
2017-09-20T02:00:00-00:00,2017-09-20T03:00:00-00:00,2017-09-19,20,0,TH_NP15_GEN-APND,TH_NP15_GEN-APND,TH_NP15_GEN-APND,DAM,MCE,LMP_ENE_PRC,TH_NP15_GEN-APND,ALL_APNODES,0,56.72882,367
2017-09-20T03:00:00-00:00,2017-09-20T04:00:00-00:00,2017-09-19,21,0,TH_NP15_GEN-APND,TH_NP15_GEN-APND,TH_NP15_GEN-APND,DAM,MCE,LMP_ENE_PRC,TH_NP15_GEN-APND,ALL_APNODES,0,50.04219,367
2017-09-19T13:00:00-00:00,2017-09-19T14:00:00-00:00,2017-09-19,7,0,TH_NP15_GEN-APND,TH_NP15_GEN-APND,TH_NP15_GEN-APND,DAM,MCE,LMP_ENE_PRC,TH_NP15_GEN-APND,ALL_APNODES,0,44.73684,367
2017-09-19T10:00:00-00:00,2017-09-19T11:00:00-00:00,2017-09-19,4,0,TH_NP15_GEN-APND,TH_NP15_GEN-APND,TH_NP15_GEN-APND,DAM,MCE,LMP_ENE_PRC,TH_NP15_GEN-APND,ALL_APNODES,0,25.94403,367
2017-09-19T08:00:00-00:00,2017-09-19T09:00:00-00:00,2017-09-19,2,0,TH_NP15_GEN-APND,TH_NP15_GEN-APND,TH_NP15_GEN-APND,DAM,MCE,LMP_ENE_PRC,TH_NP15_GEN-APND,ALL_APNODES,0,27.82505,367
2017-09-19T09:00:00-00:00,2017-09-19T10:00:00-00:00,2017-09-19,3,0,TH_NP15_GEN-APND,TH_NP15_GEN-APND,TH_NP15_GEN-APND,DAM,MCL,LMP_LOSS_PRC,TH_NP15_GEN-APND,ALL_APNODES,0,-0.04549,368
2017-09-19T08:00:00-00:00,2017-09-19T09:00:00-00:00,2017-09-19,2,0,TH_NP15_GEN-APND,TH_NP15_GEN-APND,TH_NP15_GEN-APND,DAM,MCL,LMP_LOSS_PRC,TH_NP15_GEN-APND,ALL_APNODES,0,-0.07791,368
2017-09-19T16:00:00-00:00,2017-09-19T17:00:00-00:00,2017-09-19,10,0,TH_NP15_GEN-APND,TH_NP15_GEN-APND,TH_NP15_GEN-APND,DAM,MCL,LMP_LOSS_PRC,TH_NP15_GEN-APND,ALL_APNODES,0,0.4294,368
2017-09-19T18:00:00-00:00,2017-09-19T19:00:00-00:00,2017-09-19,12,0,TH_NP15_GEN-APND,TH_NP15_GEN-APND,TH_NP15_GEN-APND,DAM,MCL,LMP_LOSS_PRC,TH_NP15_GEN-APND,ALL_APNODES,0,0.33249,368
2017-09-20T05:00:00-00:00,2017-09-20T06:00:00-00:00,2017-09-19,23,0,TH_NP15_GEN-APND,TH_NP15_GEN-APND,TH_NP15_GEN-APND,DAM,MCL,LMP_LOSS_PRC,TH_NP15_GEN-APND,ALL_APNODES,0,-0.57325,368
2017-09-20T06:00:00-00:00,2017-09-20T07:00:00-00:00,2017-09-19,24,0,TH_NP15_GEN-APND,TH_NP15_GEN-APND,TH_NP15_GEN-APND,DAM,MCL,LMP_LOSS_PRC,TH_NP15_GEN-APND,ALL_APNODES,0,-0.32029,368
2017-09-20T01:00:00-00:00,2017-09-20T02:00:00-00:00,2017-09-19,19,0,TH_NP15_GEN-APND,TH_NP15_GEN-APND,TH_NP15_GEN-APND,DAM,MCL,LMP_LOSS_PRC,TH_NP15_GEN-APND,ALL_APNODES,0,-0.91949,368
2017-09-19T10:00:00-00:00,2017-09-19T11:00:00-00:00,2017-09-19,4,0,TH_NP15_GEN-APND,TH_NP15_GEN-APND,TH_NP15_GEN-APND,DAM,MCL,LMP_LOSS_PRC,TH_NP15_GEN-APND,ALL_APNODES,0,-0.03113,368
2017-09-19T07:00:00-00:00,2017-09-19T08:00:00-00:00,2017-09-19,1,0,TH_NP15_GEN-APND,TH_NP15_GEN-APND,TH_NP15_GEN-APND,DAM,MCL,LMP_LOSS_PRC,TH_NP15_GEN-APND,ALL_APNODES,0,-0.05961,368
2017-09-19T20:00:00-00:00,2017-09-19T21:00:00-00:00,2017-09-19,14,0,TH_NP15_GEN-APND,TH_NP15_GEN-APND,TH_NP15_GEN-APND,DAM,MCL,LMP_LOSS_PRC,TH_NP15_GEN-APND,ALL_APNODES,0,0.33892,368
2017-09-19T21:00:00-00:00,2017-09-19T22:00:00-00:00,2017-09-19,15,0,TH_NP15_GEN-APND,TH_NP15_GEN-APND,TH_NP15_GEN-APND,DAM,MCL,LMP_LOSS_PRC,TH_NP15_GEN-APND,ALL_APNODES,0,0.39291,368
2017-09-19T22:00:00-00:00,2017-09-19T23:00:00-00:00,2017-09-19,16,0,TH_NP15_GEN-APND,TH_NP15_GEN-APND,TH_NP15_GEN-APND,DAM,MCL,LMP_LOSS_PRC,TH_NP15_GEN-APND,ALL_APNODES,0,0.30865,368
2017-09-19T19:00:00-00:00,2017-09-19T20:00:00-00:00,2017-09-19,13,0,TH_NP15_GEN-APND,TH_NP15_GEN-APND,TH_NP15_GEN-APND,DAM,MCL,LMP_LOSS_PRC,TH_NP15_GEN-APND,ALL_APNODES,0,0.32553,368
2017-09-19T13:00:00-00:00,2017-09-19T14:00:00-00:00,2017-09-19,7,0,TH_NP15_GEN-APND,TH_NP15_GEN-APND,TH_NP15_GEN-APND,DAM,MCL,LMP_LOSS_PRC,TH_NP15_GEN-APND,ALL_APNODES,0,0.28184,368
2017-09-20T00:00:00-00:00,2017-09-20T01:00:00-00:00,2017-09-19,18,0,TH_NP15_GEN-APND,TH_NP15_GEN-APND,TH_NP15_GEN-APND,DAM,MCL,LMP_LOSS_PRC,TH_NP15_GEN-APND,ALL_APNODES,0,-0.25532,368
2017-09-19T11:00:00-00:00,2017-09-19T12:00:00-00:00,2017-09-19,5,0,TH_NP15_GEN-APND,TH_NP15_GEN-APND,TH_NP15_GEN-APND,DAM,MCL,LMP_LOSS_PRC,TH_NP15_GEN-APND,ALL_APNODES,0,-0.09162,368
2017-09-19T12:00:00-00:00,2017-09-19T13:00:00-00:00,2017-09-19,6,0,TH_NP15_GEN-APND,TH_NP15_GEN-APND,TH_NP15_GEN-APND,DAM,MCL,LMP_LOSS_PRC,TH_NP15_GEN-APND,ALL_APNODES,0,0.14152,368
2017-09-19T15:00:00-00:00,2017-09-19T16:00:00-00:00,2017-09-19,9,0,TH_NP15_GEN-APND,TH_NP15_GEN-APND,TH_NP15_GEN-APND,DAM,MCL,LMP_LOSS_PRC,TH_NP15_GEN-APND,ALL_APNODES,0,0.39556,368
2017-09-19T17:00:00-00:00,2017-09-19T18:00:00-00:00,2017-09-19,11,0,TH_NP15_GEN-APND,TH_NP15_GEN-APND,TH_NP15_GEN-APND,DAM,MCL,LMP_LOSS_PRC,TH_NP15_GEN-APND,ALL_APNODES,0,0.40583,368
2017-09-19T23:00:00-00:00,2017-09-20T00:00:00-00:00,2017-09-19,17,0,TH_NP15_GEN-APND,TH_NP15_GEN-APND,TH_NP15_GEN-APND,DAM,MCL,LMP_LOSS_PRC,TH_NP15_GEN-APND,ALL_APNODES,0,0.23108,368
2017-09-20T03:00:00-00:00,2017-09-20T04:00:00-00:00,2017-09-19,21,0,TH_NP15_GEN-APND,TH_NP15_GEN-APND,TH_NP15_GEN-APND,DAM,MCL,LMP_LOSS_PRC,TH_NP15_GEN-APND,ALL_APNODES,0,-0.97082,368
2017-09-20T04:00:00-00:00,2017-09-20T05:00:00-00:00,2017-09-19,22,0,TH_NP15_GEN-APND,TH_NP15_GEN-APND,TH_NP15_GEN-APND,DAM,MCL,LMP_LOSS_PRC,TH_NP15_GEN-APND,ALL_APNODES,0,-0.80579,368
2017-09-19T14:00:00-00:00,2017-09-19T15:00:00-00:00,2017-09-19,8,0,TH_NP15_GEN-APND,TH_NP15_GEN-APND,TH_NP15_GEN-APND,DAM,MCL,LMP_LOSS_PRC,TH_NP15_GEN-APND,ALL_APNODES,0,0.31263,368
2017-09-20T02:00:00-00:00,2017-09-20T03:00:00-00:00,2017-09-19,20,0,TH_NP15_GEN-APND,TH_NP15_GEN-APND,TH_NP15_GEN-APND,DAM,MCL,LMP_LOSS_PRC,TH_NP15_GEN-APND,ALL_APNODES,0,-1.0041,368
2017-09-19T09:00:00-00:00,2017-09-19T10:00:00-00:00,2017-09-19,3,0,TH_SP15_GEN-APND,TH_SP15_GEN-APND,TH_SP15_GEN-APND,DAM,LMP,LMP_PRC,TH_SP15_GEN-APND,ALL_APNODES,0,25.89725,369
2017-09-19T23:00:00-00:00,2017-09-20T00:00:00-00:00,2017-09-19,17,0,TH_SP15_GEN-APND,TH_SP15_GEN-APND,TH_SP15_GEN-APND,DAM,LMP,LMP_PRC,TH_SP15_GEN-APND,ALL_APNODES,0,26.72368,369
2017-09-20T00:00:00-00:00,2017-09-20T01:00:00-00:00,2017-09-19,18,0,TH_SP15_GEN-APND,TH_SP15_GEN-APND,TH_SP15_GEN-APND,DAM,LMP,LMP_PRC,TH_SP15_GEN-APND,ALL_APNODES,0,35.43016,369
2017-09-20T03:00:00-00:00,2017-09-20T04:00:00-00:00,2017-09-19,21,0,TH_SP15_GEN-APND,TH_SP15_GEN-APND,TH_SP15_GEN-APND,DAM,LMP,LMP_PRC,TH_SP15_GEN-APND,ALL_APNODES,0,48.34075,369
2017-09-19T12:00:00-00:00,2017-09-19T13:00:00-00:00,2017-09-19,6,0,TH_SP15_GEN-APND,TH_SP15_GEN-APND,TH_SP15_GEN-APND,DAM,LMP,LMP_PRC,TH_SP15_GEN-APND,ALL_APNODES,0,31.60739,369
2017-09-20T01:00:00-00:00,2017-09-20T02:00:00-00:00,2017-09-19,19,0,TH_SP15_GEN-APND,TH_SP15_GEN-APND,TH_SP15_GEN-APND,DAM,LMP,LMP_PRC,TH_SP15_GEN-APND,ALL_APNODES,0,47.91313,369
2017-09-19T13:00:00-00:00,2017-09-19T14:00:00-00:00,2017-09-19,7,0,TH_SP15_GEN-APND,TH_SP15_GEN-APND,TH_SP15_GEN-APND,DAM,LMP,LMP_PRC,TH_SP15_GEN-APND,ALL_APNODES,0,42.73263,369
2017-09-19T22:00:00-00:00,2017-09-19T23:00:00-00:00,2017-09-19,16,0,TH_SP15_GEN-APND,TH_SP15_GEN-APND,TH_SP15_GEN-APND,DAM,LMP,LMP_PRC,TH_SP15_GEN-APND,ALL_APNODES,0,24.35247,369
2017-09-20T02:00:00-00:00,2017-09-20T03:00:00-00:00,2017-09-19,20,0,TH_SP15_GEN-APND,TH_SP15_GEN-APND,TH_SP15_GEN-APND,DAM,LMP,LMP_PRC,TH_SP15_GEN-APND,ALL_APNODES,0,54.78302,369
2017-09-19T11:00:00-00:00,2017-09-19T12:00:00-00:00,2017-09-19,5,0,TH_SP15_GEN-APND,TH_SP15_GEN-APND,TH_SP15_GEN-APND,DAM,LMP,LMP_PRC,TH_SP15_GEN-APND,ALL_APNODES,0,26.10509,369
2017-09-19T16:00:00-00:00,2017-09-19T17:00:00-00:00,2017-09-19,10,0,TH_SP15_GEN-APND,TH_SP15_GEN-APND,TH_SP15_GEN-APND,DAM,LMP,LMP_PRC,TH_SP15_GEN-APND,ALL_APNODES,0,19.08065,369
2017-09-19T18:00:00-00:00,2017-09-19T19:00:00-00:00,2017-09-19,12,0,TH_SP15_GEN-APND,TH_SP15_GEN-APND,TH_SP15_GEN-APND,DAM,LMP,LMP_PRC,TH_SP15_GEN-APND,ALL_APNODES,0,17.4894,369
2017-09-20T04:00:00-00:00,2017-09-20T05:00:00-00:00,2017-09-19,22,0,TH_SP15_GEN-APND,TH_SP15_GEN-APND,TH_SP15_GEN-APND,DAM,LMP,LMP_PRC,TH_SP15_GEN-APND,ALL_APNODES,0,37.17768,369
2017-09-19T10:00:00-00:00,2017-09-19T11:00:00-00:00,2017-09-19,4,0,TH_SP15_GEN-APND,TH_SP15_GEN-APND,TH_SP15_GEN-APND,DAM,LMP,LMP_PRC,TH_SP15_GEN-APND,ALL_APNODES,0,25.12161,369
2017-09-19T14:00:00-00:00,2017-09-19T15:00:00-00:00,2017-09-19,8,0,TH_SP15_GEN-APND,TH_SP15_GEN-APND,TH_SP15_GEN-APND,DAM,LMP,LMP_PRC,TH_SP15_GEN-APND,ALL_APNODES,0,34.19909,369
2017-09-20T06:00:00-00:00,2017-09-20T07:00:00-00:00,2017-09-19,24,0,TH_SP15_GEN-APND,TH_SP15_GEN-APND,TH_SP15_GEN-APND,DAM,LMP,LMP_PRC,TH_SP15_GEN-APND,ALL_APNODES,0,29.30029,369
2017-09-19T08:00:00-00:00,2017-09-19T09:00:00-00:00,2017-09-19,2,0,TH_SP15_GEN-APND,TH_SP15_GEN-APND,TH_SP15_GEN-APND,DAM,LMP,LMP_PRC,TH_SP15_GEN-APND,ALL_APNODES,0,26.91239,369
2017-09-19T19:00:00-00:00,2017-09-19T20:00:00-00:00,2017-09-19,13,0,TH_SP15_GEN-APND,TH_SP15_GEN-APND,TH_SP15_GEN-APND,DAM,LMP,LMP_PRC,TH_SP15_GEN-APND,ALL_APNODES,0,16.66307,369
2017-09-19T07:00:00-00:00,2017-09-19T08:00:00-00:00,2017-09-19,1,0,TH_SP15_GEN-APND,TH_SP15_GEN-APND,TH_SP15_GEN-APND,DAM,LMP,LMP_PRC,TH_SP15_GEN-APND,ALL_APNODES,0,26.18165,369
2017-09-19T20:00:00-00:00,2017-09-19T21:00:00-00:00,2017-09-19,14,0,TH_SP15_GEN-APND,TH_SP15_GEN-APND,TH_SP15_GEN-APND,DAM,LMP,LMP_PRC,TH_SP15_GEN-APND,ALL_APNODES,0,20.02773,369
2017-09-19T15:00:00-00:00,2017-09-19T16:00:00-00:00,2017-09-19,9,0,TH_SP15_GEN-APND,TH_SP15_GEN-APND,TH_SP15_GEN-APND,DAM,LMP,LMP_PRC,TH_SP15_GEN-APND,ALL_APNODES,0,24.84882,369
2017-09-19T17:00:00-00:00,2017-09-19T18:00:00-00:00,2017-09-19,11,0,TH_SP15_GEN-APND,TH_SP15_GEN-APND,TH_SP15_GEN-APND,DAM,LMP,LMP_PRC,TH_SP15_GEN-APND,ALL_APNODES,0,18.67698,369
2017-09-20T05:00:00-00:00,2017-09-20T06:00:00-00:00,2017-09-19,23,0,TH_SP15_GEN-APND,TH_SP15_GEN-APND,TH_SP15_GEN-APND,DAM,LMP,LMP_PRC,TH_SP15_GEN-APND,ALL_APNODES,0,33.82872,369
2017-09-19T21:00:00-00:00,2017-09-19T22:00:00-00:00,2017-09-19,15,0,TH_SP15_GEN-APND,TH_SP15_GEN-APND,TH_SP15_GEN-APND,DAM,LMP,LMP_PRC,TH_SP15_GEN-APND,ALL_APNODES,0,22.13245,369
2017-09-19T11:00:00-00:00,2017-09-19T12:00:00-00:00,2017-09-19,5,0,TH_SP15_GEN-APND,TH_SP15_GEN-APND,TH_SP15_GEN-APND,DAM,MCC,LMP_CONG_PRC,TH_SP15_GEN-APND,ALL_APNODES,0,0,370
2017-09-19T12:00:00-00:00,2017-09-19T13:00:00-00:00,2017-09-19,6,0,TH_SP15_GEN-APND,TH_SP15_GEN-APND,TH_SP15_GEN-APND,DAM,MCC,LMP_CONG_PRC,TH_SP15_GEN-APND,ALL_APNODES,0,0,370
2017-09-19T15:00:00-00:00,2017-09-19T16:00:00-00:00,2017-09-19,9,0,TH_SP15_GEN-APND,TH_SP15_GEN-APND,TH_SP15_GEN-APND,DAM,MCC,LMP_CONG_PRC,TH_SP15_GEN-APND,ALL_APNODES,0,0.05136,370
2017-09-20T06:00:00-00:00,2017-09-20T07:00:00-00:00,2017-09-19,24,0,TH_SP15_GEN-APND,TH_SP15_GEN-APND,TH_SP15_GEN-APND,DAM,MCC,LMP_CONG_PRC,TH_SP15_GEN-APND,ALL_APNODES,0,0,370
2017-09-20T00:00:00-00:00,2017-09-20T01:00:00-00:00,2017-09-19,18,0,TH_SP15_GEN-APND,TH_SP15_GEN-APND,TH_SP15_GEN-APND,DAM,MCC,LMP_CONG_PRC,TH_SP15_GEN-APND,ALL_APNODES,0,0,370
2017-09-19T19:00:00-00:00,2017-09-19T20:00:00-00:00,2017-09-19,13,0,TH_SP15_GEN-APND,TH_SP15_GEN-APND,TH_SP15_GEN-APND,DAM,MCC,LMP_CONG_PRC,TH_SP15_GEN-APND,ALL_APNODES,0,-3.32548,370
2017-09-19T23:00:00-00:00,2017-09-20T00:00:00-00:00,2017-09-19,17,0,TH_SP15_GEN-APND,TH_SP15_GEN-APND,TH_SP15_GEN-APND,DAM,MCC,LMP_CONG_PRC,TH_SP15_GEN-APND,ALL_APNODES,0,0,370
2017-09-19T09:00:00-00:00,2017-09-19T10:00:00-00:00,2017-09-19,3,0,TH_SP15_GEN-APND,TH_SP15_GEN-APND,TH_SP15_GEN-APND,DAM,MCC,LMP_CONG_PRC,TH_SP15_GEN-APND,ALL_APNODES,0,0,370
2017-09-19T10:00:00-00:00,2017-09-19T11:00:00-00:00,2017-09-19,4,0,TH_SP15_GEN-APND,TH_SP15_GEN-APND,TH_SP15_GEN-APND,DAM,MCC,LMP_CONG_PRC,TH_SP15_GEN-APND,ALL_APNODES,0,0,370
2017-09-19T16:00:00-00:00,2017-09-19T17:00:00-00:00,2017-09-19,10,0,TH_SP15_GEN-APND,TH_SP15_GEN-APND,TH_SP15_GEN-APND,DAM,MCC,LMP_CONG_PRC,TH_SP15_GEN-APND,ALL_APNODES,0,-0.98428,370
2017-09-19T08:00:00-00:00,2017-09-19T09:00:00-00:00,2017-09-19,2,0,TH_SP15_GEN-APND,TH_SP15_GEN-APND,TH_SP15_GEN-APND,DAM,MCC,LMP_CONG_PRC,TH_SP15_GEN-APND,ALL_APNODES,0,0,370
2017-09-20T01:00:00-00:00,2017-09-20T02:00:00-00:00,2017-09-19,19,0,TH_SP15_GEN-APND,TH_SP15_GEN-APND,TH_SP15_GEN-APND,DAM,MCC,LMP_CONG_PRC,TH_SP15_GEN-APND,ALL_APNODES,0,0,370
2017-09-19T07:00:00-00:00,2017-09-19T08:00:00-00:00,2017-09-19,1,0,TH_SP15_GEN-APND,TH_SP15_GEN-APND,TH_SP15_GEN-APND,DAM,MCC,LMP_CONG_PRC,TH_SP15_GEN-APND,ALL_APNODES,0,0,370
2017-09-19T21:00:00-00:00,2017-09-19T22:00:00-00:00,2017-09-19,15,0,TH_SP15_GEN-APND,TH_SP15_GEN-APND,TH_SP15_GEN-APND,DAM,MCC,LMP_CONG_PRC,TH_SP15_GEN-APND,ALL_APNODES,0,-1.35746,370
2017-09-20T02:00:00-00:00,2017-09-20T03:00:00-00:00,2017-09-19,20,0,TH_SP15_GEN-APND,TH_SP15_GEN-APND,TH_SP15_GEN-APND,DAM,MCC,LMP_CONG_PRC,TH_SP15_GEN-APND,ALL_APNODES,0,0,370
2017-09-20T03:00:00-00:00,2017-09-20T04:00:00-00:00,2017-09-19,21,0,TH_SP15_GEN-APND,TH_SP15_GEN-APND,TH_SP15_GEN-APND,DAM,MCC,LMP_CONG_PRC,TH_SP15_GEN-APND,ALL_APNODES,0,0,370
2017-09-19T13:00:00-00:00,2017-09-19T14:00:00-00:00,2017-09-19,7,0,TH_SP15_GEN-APND,TH_SP15_GEN-APND,TH_SP15_GEN-APND,DAM,MCC,LMP_CONG_PRC,TH_SP15_GEN-APND,ALL_APNODES,0,0,370
2017-09-19T17:00:00-00:00,2017-09-19T18:00:00-00:00,2017-09-19,11,0,TH_SP15_GEN-APND,TH_SP15_GEN-APND,TH_SP15_GEN-APND,DAM,MCC,LMP_CONG_PRC,TH_SP15_GEN-APND,ALL_APNODES,0,-1.26566,370
2017-09-19T20:00:00-00:00,2017-09-19T21:00:00-00:00,2017-09-19,14,0,TH_SP15_GEN-APND,TH_SP15_GEN-APND,TH_SP15_GEN-APND,DAM,MCC,LMP_CONG_PRC,TH_SP15_GEN-APND,ALL_APNODES,0,-1.05466,370
2017-09-20T04:00:00-00:00,2017-09-20T05:00:00-00:00,2017-09-19,22,0,TH_SP15_GEN-APND,TH_SP15_GEN-APND,TH_SP15_GEN-APND,DAM,MCC,LMP_CONG_PRC,TH_SP15_GEN-APND,ALL_APNODES,0,0,370
2017-09-19T18:00:00-00:00,2017-09-19T19:00:00-00:00,2017-09-19,12,0,TH_SP15_GEN-APND,TH_SP15_GEN-APND,TH_SP15_GEN-APND,DAM,MCC,LMP_CONG_PRC,TH_SP15_GEN-APND,ALL_APNODES,0,-1.92033,370
2017-09-20T05:00:00-00:00,2017-09-20T06:00:00-00:00,2017-09-19,23,0,TH_SP15_GEN-APND,TH_SP15_GEN-APND,TH_SP15_GEN-APND,DAM,MCC,LMP_CONG_PRC,TH_SP15_GEN-APND,ALL_APNODES,0,0,370
2017-09-19T14:00:00-00:00,2017-09-19T15:00:00-00:00,2017-09-19,8,0,TH_SP15_GEN-APND,TH_SP15_GEN-APND,TH_SP15_GEN-APND,DAM,MCC,LMP_CONG_PRC,TH_SP15_GEN-APND,ALL_APNODES,0,0,370
2017-09-19T22:00:00-00:00,2017-09-19T23:00:00-00:00,2017-09-19,16,0,TH_SP15_GEN-APND,TH_SP15_GEN-APND,TH_SP15_GEN-APND,DAM,MCC,LMP_CONG_PRC,TH_SP15_GEN-APND,ALL_APNODES,0,0,370
2017-09-19T23:00:00-00:00,2017-09-20T00:00:00-00:00,2017-09-19,17,0,TH_SP15_GEN-APND,TH_SP15_GEN-APND,TH_SP15_GEN-APND,DAM,MCE,LMP_ENE_PRC,TH_SP15_GEN-APND,ALL_APNODES,0,28.18062,371
2017-09-19T11:00:00-00:00,2017-09-19T12:00:00-00:00,2017-09-19,5,0,TH_SP15_GEN-APND,TH_SP15_GEN-APND,TH_SP15_GEN-APND,DAM,MCE,LMP_ENE_PRC,TH_SP15_GEN-APND,ALL_APNODES,0,26.9458,371
2017-09-19T15:00:00-00:00,2017-09-19T16:00:00-00:00,2017-09-19,9,0,TH_SP15_GEN-APND,TH_SP15_GEN-APND,TH_SP15_GEN-APND,DAM,MCE,LMP_ENE_PRC,TH_SP15_GEN-APND,ALL_APNODES,0,26.19635,371
2017-09-19T09:00:00-00:00,2017-09-19T10:00:00-00:00,2017-09-19,3,0,TH_SP15_GEN-APND,TH_SP15_GEN-APND,TH_SP15_GEN-APND,DAM,MCE,LMP_ENE_PRC,TH_SP15_GEN-APND,ALL_APNODES,0,26.75612,371
2017-09-20T02:00:00-00:00,2017-09-20T03:00:00-00:00,2017-09-19,20,0,TH_SP15_GEN-APND,TH_SP15_GEN-APND,TH_SP15_GEN-APND,DAM,MCE,LMP_ENE_PRC,TH_SP15_GEN-APND,ALL_APNODES,0,56.72882,371
2017-09-19T21:00:00-00:00,2017-09-19T22:00:00-00:00,2017-09-19,15,0,TH_SP15_GEN-APND,TH_SP15_GEN-APND,TH_SP15_GEN-APND,DAM,MCE,LMP_ENE_PRC,TH_SP15_GEN-APND,ALL_APNODES,0,24.86757,371
2017-09-19T20:00:00-00:00,2017-09-19T21:00:00-00:00,2017-09-19,14,0,TH_SP15_GEN-APND,TH_SP15_GEN-APND,TH_SP15_GEN-APND,DAM,MCE,LMP_ENE_PRC,TH_SP15_GEN-APND,ALL_APNODES,0,22.29761,371
2017-09-20T00:00:00-00:00,2017-09-20T01:00:00-00:00,2017-09-19,18,0,TH_SP15_GEN-APND,TH_SP15_GEN-APND,TH_SP15_GEN-APND,DAM,MCE,LMP_ENE_PRC,TH_SP15_GEN-APND,ALL_APNODES,0,37.00277,371
2017-09-19T08:00:00-00:00,2017-09-19T09:00:00-00:00,2017-09-19,2,0,TH_SP15_GEN-APND,TH_SP15_GEN-APND,TH_SP15_GEN-APND,DAM,MCE,LMP_ENE_PRC,TH_SP15_GEN-APND,ALL_APNODES,0,27.82505,371
2017-09-19T17:00:00-00:00,2017-09-19T18:00:00-00:00,2017-09-19,11,0,TH_SP15_GEN-APND,TH_SP15_GEN-APND,TH_SP15_GEN-APND,DAM,MCE,LMP_ENE_PRC,TH_SP15_GEN-APND,ALL_APNODES,0,21.13688,371
2017-09-19T16:00:00-00:00,2017-09-19T17:00:00-00:00,2017-09-19,10,0,TH_SP15_GEN-APND,TH_SP15_GEN-APND,TH_SP15_GEN-APND,DAM,MCE,LMP_ENE_PRC,TH_SP15_GEN-APND,ALL_APNODES,0,21.25747,371
2017-09-20T01:00:00-00:00,2017-09-20T02:00:00-00:00,2017-09-19,19,0,TH_SP15_GEN-APND,TH_SP15_GEN-APND,TH_SP15_GEN-APND,DAM,MCE,LMP_ENE_PRC,TH_SP15_GEN-APND,ALL_APNODES,0,49.70241,371
2017-09-20T05:00:00-00:00,2017-09-20T06:00:00-00:00,2017-09-19,23,0,TH_SP15_GEN-APND,TH_SP15_GEN-APND,TH_SP15_GEN-APND,DAM,MCE,LMP_ENE_PRC,TH_SP15_GEN-APND,ALL_APNODES,0,34.95425,371
2017-09-19T12:00:00-00:00,2017-09-19T13:00:00-00:00,2017-09-19,6,0,TH_SP15_GEN-APND,TH_SP15_GEN-APND,TH_SP15_GEN-APND,DAM,MCE,LMP_ENE_PRC,TH_SP15_GEN-APND,ALL_APNODES,0,32.91065,371
2017-09-19T10:00:00-00:00,2017-09-19T11:00:00-00:00,2017-09-19,4,0,TH_SP15_GEN-APND,TH_SP15_GEN-APND,TH_SP15_GEN-APND,DAM,MCE,LMP_ENE_PRC,TH_SP15_GEN-APND,ALL_APNODES,0,25.94403,371
2017-09-20T03:00:00-00:00,2017-09-20T04:00:00-00:00,2017-09-19,21,0,TH_SP15_GEN-APND,TH_SP15_GEN-APND,TH_SP15_GEN-APND,DAM,MCE,LMP_ENE_PRC,TH_SP15_GEN-APND,ALL_APNODES,0,50.04219,371
2017-09-19T22:00:00-00:00,2017-09-19T23:00:00-00:00,2017-09-19,16,0,TH_SP15_GEN-APND,TH_SP15_GEN-APND,TH_SP15_GEN-APND,DAM,MCE,LMP_ENE_PRC,TH_SP15_GEN-APND,ALL_APNODES,0,25.72082,371
2017-09-19T19:00:00-00:00,2017-09-19T20:00:00-00:00,2017-09-19,13,0,TH_SP15_GEN-APND,TH_SP15_GEN-APND,TH_SP15_GEN-APND,DAM,MCE,LMP_ENE_PRC,TH_SP15_GEN-APND,ALL_APNODES,0,21.13848,371
2017-09-19T14:00:00-00:00,2017-09-19T15:00:00-00:00,2017-09-19,8,0,TH_SP15_GEN-APND,TH_SP15_GEN-APND,TH_SP15_GEN-APND,DAM,MCE,LMP_ENE_PRC,TH_SP15_GEN-APND,ALL_APNODES,0,35.93474,371
2017-09-20T06:00:00-00:00,2017-09-20T07:00:00-00:00,2017-09-19,24,0,TH_SP15_GEN-APND,TH_SP15_GEN-APND,TH_SP15_GEN-APND,DAM,MCE,LMP_ENE_PRC,TH_SP15_GEN-APND,ALL_APNODES,0,30.21583,371
2017-09-19T18:00:00-00:00,2017-09-19T19:00:00-00:00,2017-09-19,12,0,TH_SP15_GEN-APND,TH_SP15_GEN-APND,TH_SP15_GEN-APND,DAM,MCE,LMP_ENE_PRC,TH_SP15_GEN-APND,ALL_APNODES,0,20.52419,371
2017-09-20T04:00:00-00:00,2017-09-20T05:00:00-00:00,2017-09-19,22,0,TH_SP15_GEN-APND,TH_SP15_GEN-APND,TH_SP15_GEN-APND,DAM,MCE,LMP_ENE_PRC,TH_SP15_GEN-APND,ALL_APNODES,0,38.37102,371
2017-09-19T07:00:00-00:00,2017-09-19T08:00:00-00:00,2017-09-19,1,0,TH_SP15_GEN-APND,TH_SP15_GEN-APND,TH_SP15_GEN-APND,DAM,MCE,LMP_ENE_PRC,TH_SP15_GEN-APND,ALL_APNODES,0,27.09755,371
2017-09-19T13:00:00-00:00,2017-09-19T14:00:00-00:00,2017-09-19,7,0,TH_SP15_GEN-APND,TH_SP15_GEN-APND,TH_SP15_GEN-APND,DAM,MCE,LMP_ENE_PRC,TH_SP15_GEN-APND,ALL_APNODES,0,44.73684,371
2017-09-20T02:00:00-00:00,2017-09-20T03:00:00-00:00,2017-09-19,20,0,TH_SP15_GEN-APND,TH_SP15_GEN-APND,TH_SP15_GEN-APND,DAM,MCL,LMP_LOSS_PRC,TH_SP15_GEN-APND,ALL_APNODES,0,-1.9458,372
2017-09-19T16:00:00-00:00,2017-09-19T17:00:00-00:00,2017-09-19,10,0,TH_SP15_GEN-APND,TH_SP15_GEN-APND,TH_SP15_GEN-APND,DAM,MCL,LMP_LOSS_PRC,TH_SP15_GEN-APND,ALL_APNODES,0,-1.19254,372
2017-09-19T22:00:00-00:00,2017-09-19T23:00:00-00:00,2017-09-19,16,0,TH_SP15_GEN-APND,TH_SP15_GEN-APND,TH_SP15_GEN-APND,DAM,MCL,LMP_LOSS_PRC,TH_SP15_GEN-APND,ALL_APNODES,0,-1.36835,372
2017-09-19T21:00:00-00:00,2017-09-19T22:00:00-00:00,2017-09-19,15,0,TH_SP15_GEN-APND,TH_SP15_GEN-APND,TH_SP15_GEN-APND,DAM,MCL,LMP_LOSS_PRC,TH_SP15_GEN-APND,ALL_APNODES,0,-1.37766,372
2017-09-19T18:00:00-00:00,2017-09-19T19:00:00-00:00,2017-09-19,12,0,TH_SP15_GEN-APND,TH_SP15_GEN-APND,TH_SP15_GEN-APND,DAM,MCL,LMP_LOSS_PRC,TH_SP15_GEN-APND,ALL_APNODES,0,-1.11446,372
2017-09-19T09:00:00-00:00,2017-09-19T10:00:00-00:00,2017-09-19,3,0,TH_SP15_GEN-APND,TH_SP15_GEN-APND,TH_SP15_GEN-APND,DAM,MCL,LMP_LOSS_PRC,TH_SP15_GEN-APND,ALL_APNODES,0,-0.85887,372
2017-09-19T10:00:00-00:00,2017-09-19T11:00:00-00:00,2017-09-19,4,0,TH_SP15_GEN-APND,TH_SP15_GEN-APND,TH_SP15_GEN-APND,DAM,MCL,LMP_LOSS_PRC,TH_SP15_GEN-APND,ALL_APNODES,0,-0.82243,372
2017-09-20T06:00:00-00:00,2017-09-20T07:00:00-00:00,2017-09-19,24,0,TH_SP15_GEN-APND,TH_SP15_GEN-APND,TH_SP15_GEN-APND,DAM,MCL,LMP_LOSS_PRC,TH_SP15_GEN-APND,ALL_APNODES,0,-0.91554,372
2017-09-20T01:00:00-00:00,2017-09-20T02:00:00-00:00,2017-09-19,19,0,TH_SP15_GEN-APND,TH_SP15_GEN-APND,TH_SP15_GEN-APND,DAM,MCL,LMP_LOSS_PRC,TH_SP15_GEN-APND,ALL_APNODES,0,-1.78929,372
2017-09-19T20:00:00-00:00,2017-09-19T21:00:00-00:00,2017-09-19,14,0,TH_SP15_GEN-APND,TH_SP15_GEN-APND,TH_SP15_GEN-APND,DAM,MCL,LMP_LOSS_PRC,TH_SP15_GEN-APND,ALL_APNODES,0,-1.21522,372
2017-09-19T07:00:00-00:00,2017-09-19T08:00:00-00:00,2017-09-19,1,0,TH_SP15_GEN-APND,TH_SP15_GEN-APND,TH_SP15_GEN-APND,DAM,MCL,LMP_LOSS_PRC,TH_SP15_GEN-APND,ALL_APNODES,0,-0.9159,372
2017-09-19T19:00:00-00:00,2017-09-19T20:00:00-00:00,2017-09-19,13,0,TH_SP15_GEN-APND,TH_SP15_GEN-APND,TH_SP15_GEN-APND,DAM,MCL,LMP_LOSS_PRC,TH_SP15_GEN-APND,ALL_APNODES,0,-1.14993,372
2017-09-20T05:00:00-00:00,2017-09-20T06:00:00-00:00,2017-09-19,23,0,TH_SP15_GEN-APND,TH_SP15_GEN-APND,TH_SP15_GEN-APND,DAM,MCL,LMP_LOSS_PRC,TH_SP15_GEN-APND,ALL_APNODES,0,-1.12553,372
2017-09-19T08:00:00-00:00,2017-09-19T09:00:00-00:00,2017-09-19,2,0,TH_SP15_GEN-APND,TH_SP15_GEN-APND,TH_SP15_GEN-APND,DAM,MCL,LMP_LOSS_PRC,TH_SP15_GEN-APND,ALL_APNODES,0,-0.91266,372
2017-09-19T14:00:00-00:00,2017-09-19T15:00:00-00:00,2017-09-19,8,0,TH_SP15_GEN-APND,TH_SP15_GEN-APND,TH_SP15_GEN-APND,DAM,MCL,LMP_LOSS_PRC,TH_SP15_GEN-APND,ALL_APNODES,0,-1.73565,372
2017-09-19T13:00:00-00:00,2017-09-19T14:00:00-00:00,2017-09-19,7,0,TH_SP15_GEN-APND,TH_SP15_GEN-APND,TH_SP15_GEN-APND,DAM,MCL,LMP_LOSS_PRC,TH_SP15_GEN-APND,ALL_APNODES,0,-2.00421,372
2017-09-19T11:00:00-00:00,2017-09-19T12:00:00-00:00,2017-09-19,5,0,TH_SP15_GEN-APND,TH_SP15_GEN-APND,TH_SP15_GEN-APND,DAM,MCL,LMP_LOSS_PRC,TH_SP15_GEN-APND,ALL_APNODES,0,-0.84071,372
2017-09-19T23:00:00-00:00,2017-09-20T00:00:00-00:00,2017-09-19,17,0,TH_SP15_GEN-APND,TH_SP15_GEN-APND,TH_SP15_GEN-APND,DAM,MCL,LMP_LOSS_PRC,TH_SP15_GEN-APND,ALL_APNODES,0,-1.45694,372
2017-09-20T00:00:00-00:00,2017-09-20T01:00:00-00:00,2017-09-19,18,0,TH_SP15_GEN-APND,TH_SP15_GEN-APND,TH_SP15_GEN-APND,DAM,MCL,LMP_LOSS_PRC,TH_SP15_GEN-APND,ALL_APNODES,0,-1.57262,372
2017-09-19T17:00:00-00:00,2017-09-19T18:00:00-00:00,2017-09-19,11,0,TH_SP15_GEN-APND,TH_SP15_GEN-APND,TH_SP15_GEN-APND,DAM,MCL,LMP_LOSS_PRC,TH_SP15_GEN-APND,ALL_APNODES,0,-1.19423,372
2017-09-19T15:00:00-00:00,2017-09-19T16:00:00-00:00,2017-09-19,9,0,TH_SP15_GEN-APND,TH_SP15_GEN-APND,TH_SP15_GEN-APND,DAM,MCL,LMP_LOSS_PRC,TH_SP15_GEN-APND,ALL_APNODES,0,-1.39889,372
2017-09-20T04:00:00-00:00,2017-09-20T05:00:00-00:00,2017-09-19,22,0,TH_SP15_GEN-APND,TH_SP15_GEN-APND,TH_SP15_GEN-APND,DAM,MCL,LMP_LOSS_PRC,TH_SP15_GEN-APND,ALL_APNODES,0,-1.19334,372
2017-09-19T12:00:00-00:00,2017-09-19T13:00:00-00:00,2017-09-19,6,0,TH_SP15_GEN-APND,TH_SP15_GEN-APND,TH_SP15_GEN-APND,DAM,MCL,LMP_LOSS_PRC,TH_SP15_GEN-APND,ALL_APNODES,0,-1.30326,372
2017-09-20T03:00:00-00:00,2017-09-20T04:00:00-00:00,2017-09-19,21,0,TH_SP15_GEN-APND,TH_SP15_GEN-APND,TH_SP15_GEN-APND,DAM,MCL,LMP_LOSS_PRC,TH_SP15_GEN-APND,ALL_APNODES,0,-1.70143,372
2017-09-19T07:00:00-00:00,2017-09-19T08:00:00-00:00,2017-09-19,1,0,TH_ZP26_GEN-APND,TH_ZP26_GEN-APND,TH_ZP26_GEN-APND,DAM,LMP,LMP_PRC,TH_ZP26_GEN-APND,ALL_APNODES,0,26.18978,373
2017-09-19T23:00:00-00:00,2017-09-20T00:00:00-00:00,2017-09-19,17,0,TH_ZP26_GEN-APND,TH_ZP26_GEN-APND,TH_ZP26_GEN-APND,DAM,LMP,LMP_PRC,TH_ZP26_GEN-APND,ALL_APNODES,0,23.30242,373
2017-09-20T00:00:00-00:00,2017-09-20T01:00:00-00:00,2017-09-19,18,0,TH_ZP26_GEN-APND,TH_ZP26_GEN-APND,TH_ZP26_GEN-APND,DAM,LMP,LMP_PRC,TH_ZP26_GEN-APND,ALL_APNODES,0,34.02789,373
2017-09-19T09:00:00-00:00,2017-09-19T10:00:00-00:00,2017-09-19,3,0,TH_ZP26_GEN-APND,TH_ZP26_GEN-APND,TH_ZP26_GEN-APND,DAM,LMP,LMP_PRC,TH_ZP26_GEN-APND,ALL_APNODES,0,25.89992,373
2017-09-19T11:00:00-00:00,2017-09-19T12:00:00-00:00,2017-09-19,5,0,TH_ZP26_GEN-APND,TH_ZP26_GEN-APND,TH_ZP26_GEN-APND,DAM,LMP,LMP_PRC,TH_ZP26_GEN-APND,ALL_APNODES,0,26.07814,373
2017-09-19T13:00:00-00:00,2017-09-19T14:00:00-00:00,2017-09-19,7,0,TH_ZP26_GEN-APND,TH_ZP26_GEN-APND,TH_ZP26_GEN-APND,DAM,LMP,LMP_PRC,TH_ZP26_GEN-APND,ALL_APNODES,0,43.30974,373
2017-09-20T01:00:00-00:00,2017-09-20T02:00:00-00:00,2017-09-19,19,0,TH_ZP26_GEN-APND,TH_ZP26_GEN-APND,TH_ZP26_GEN-APND,DAM,LMP,LMP_PRC,TH_ZP26_GEN-APND,ALL_APNODES,0,47.60994,373
2017-09-20T06:00:00-00:00,2017-09-20T07:00:00-00:00,2017-09-19,24,0,TH_ZP26_GEN-APND,TH_ZP26_GEN-APND,TH_ZP26_GEN-APND,DAM,LMP,LMP_PRC,TH_ZP26_GEN-APND,ALL_APNODES,0,29.12504,373
2017-09-20T02:00:00-00:00,2017-09-20T03:00:00-00:00,2017-09-19,20,0,TH_ZP26_GEN-APND,TH_ZP26_GEN-APND,TH_ZP26_GEN-APND,DAM,LMP,LMP_PRC,TH_ZP26_GEN-APND,ALL_APNODES,0,54.52207,373
2017-09-20T04:00:00-00:00,2017-09-20T05:00:00-00:00,2017-09-19,22,0,TH_ZP26_GEN-APND,TH_ZP26_GEN-APND,TH_ZP26_GEN-APND,DAM,LMP,LMP_PRC,TH_ZP26_GEN-APND,ALL_APNODES,0,36.91676,373
2017-09-19T15:00:00-00:00,2017-09-19T16:00:00-00:00,2017-09-19,9,0,TH_ZP26_GEN-APND,TH_ZP26_GEN-APND,TH_ZP26_GEN-APND,DAM,LMP,LMP_PRC,TH_ZP26_GEN-APND,ALL_APNODES,0,24.85059,373
2017-09-19T17:00:00-00:00,2017-09-19T18:00:00-00:00,2017-09-19,11,0,TH_ZP26_GEN-APND,TH_ZP26_GEN-APND,TH_ZP26_GEN-APND,DAM,LMP,LMP_PRC,TH_ZP26_GEN-APND,ALL_APNODES,0,15.43206,373
2017-09-19T18:00:00-00:00,2017-09-19T19:00:00-00:00,2017-09-19,12,0,TH_ZP26_GEN-APND,TH_ZP26_GEN-APND,TH_ZP26_GEN-APND,DAM,LMP,LMP_PRC,TH_ZP26_GEN-APND,ALL_APNODES,0,13.85233,373
2017-09-19T12:00:00-00:00,2017-09-19T13:00:00-00:00,2017-09-19,6,0,TH_ZP26_GEN-APND,TH_ZP26_GEN-APND,TH_ZP26_GEN-APND,DAM,LMP,LMP_PRC,TH_ZP26_GEN-APND,ALL_APNODES,0,31.84434,373
2017-09-19T16:00:00-00:00,2017-09-19T17:00:00-00:00,2017-09-19,10,0,TH_ZP26_GEN-APND,TH_ZP26_GEN-APND,TH_ZP26_GEN-APND,DAM,LMP,LMP_PRC,TH_ZP26_GEN-APND,ALL_APNODES,0,17,373
2017-09-19T19:00:00-00:00,2017-09-19T20:00:00-00:00,2017-09-19,13,0,TH_ZP26_GEN-APND,TH_ZP26_GEN-APND,TH_ZP26_GEN-APND,DAM,LMP,LMP_PRC,TH_ZP26_GEN-APND,ALL_APNODES,0,14.09753,373
2017-09-19T14:00:00-00:00,2017-09-19T15:00:00-00:00,2017-09-19,8,0,TH_ZP26_GEN-APND,TH_ZP26_GEN-APND,TH_ZP26_GEN-APND,DAM,LMP,LMP_PRC,TH_ZP26_GEN-APND,ALL_APNODES,0,34.58,373
2017-09-19T20:00:00-00:00,2017-09-19T21:00:00-00:00,2017-09-19,14,0,TH_ZP26_GEN-APND,TH_ZP26_GEN-APND,TH_ZP26_GEN-APND,DAM,LMP,LMP_PRC,TH_ZP26_GEN-APND,ALL_APNODES,0,16.2443,373
2017-09-19T21:00:00-00:00,2017-09-19T22:00:00-00:00,2017-09-19,15,0,TH_ZP26_GEN-APND,TH_ZP26_GEN-APND,TH_ZP26_GEN-APND,DAM,LMP,LMP_PRC,TH_ZP26_GEN-APND,ALL_APNODES,0,18.21648,373
2017-09-20T03:00:00-00:00,2017-09-20T04:00:00-00:00,2017-09-19,21,0,TH_ZP26_GEN-APND,TH_ZP26_GEN-APND,TH_ZP26_GEN-APND,DAM,LMP,LMP_PRC,TH_ZP26_GEN-APND,ALL_APNODES,0,48.14559,373
2017-09-19T10:00:00-00:00,2017-09-19T11:00:00-00:00,2017-09-19,4,0,TH_ZP26_GEN-APND,TH_ZP26_GEN-APND,TH_ZP26_GEN-APND,DAM,LMP,LMP_PRC,TH_ZP26_GEN-APND,ALL_APNODES,0,25.11642,373
2017-09-20T05:00:00-00:00,2017-09-20T06:00:00-00:00,2017-09-19,23,0,TH_ZP26_GEN-APND,TH_ZP26_GEN-APND,TH_ZP26_GEN-APND,DAM,LMP,LMP_PRC,TH_ZP26_GEN-APND,ALL_APNODES,0,33.70289,373
2017-09-19T08:00:00-00:00,2017-09-19T09:00:00-00:00,2017-09-19,2,0,TH_ZP26_GEN-APND,TH_ZP26_GEN-APND,TH_ZP26_GEN-APND,DAM,LMP,LMP_PRC,TH_ZP26_GEN-APND,ALL_APNODES,0,26.92909,373
2017-09-19T22:00:00-00:00,2017-09-19T23:00:00-00:00,2017-09-19,16,0,TH_ZP26_GEN-APND,TH_ZP26_GEN-APND,TH_ZP26_GEN-APND,DAM,LMP,LMP_PRC,TH_ZP26_GEN-APND,ALL_APNODES,0,20.83399,373
2017-09-19T14:00:00-00:00,2017-09-19T15:00:00-00:00,2017-09-19,8,0,TH_ZP26_GEN-APND,TH_ZP26_GEN-APND,TH_ZP26_GEN-APND,DAM,MCC,LMP_CONG_PRC,TH_ZP26_GEN-APND,ALL_APNODES,0,0,374
2017-09-19T20:00:00-00:00,2017-09-19T21:00:00-00:00,2017-09-19,14,0,TH_ZP26_GEN-APND,TH_ZP26_GEN-APND,TH_ZP26_GEN-APND,DAM,MCC,LMP_CONG_PRC,TH_ZP26_GEN-APND,ALL_APNODES,0,-4.7489,374
2017-09-19T21:00:00-00:00,2017-09-19T22:00:00-00:00,2017-09-19,15,0,TH_ZP26_GEN-APND,TH_ZP26_GEN-APND,TH_ZP26_GEN-APND,DAM,MCC,LMP_CONG_PRC,TH_ZP26_GEN-APND,ALL_APNODES,0,-5.1665,374
2017-09-19T22:00:00-00:00,2017-09-19T23:00:00-00:00,2017-09-19,16,0,TH_ZP26_GEN-APND,TH_ZP26_GEN-APND,TH_ZP26_GEN-APND,DAM,MCC,LMP_CONG_PRC,TH_ZP26_GEN-APND,ALL_APNODES,0,-3.38987,374
2017-09-20T01:00:00-00:00,2017-09-20T02:00:00-00:00,2017-09-19,19,0,TH_ZP26_GEN-APND,TH_ZP26_GEN-APND,TH_ZP26_GEN-APND,DAM,MCC,LMP_CONG_PRC,TH_ZP26_GEN-APND,ALL_APNODES,0,0,374
2017-09-19T09:00:00-00:00,2017-09-19T10:00:00-00:00,2017-09-19,3,0,TH_ZP26_GEN-APND,TH_ZP26_GEN-APND,TH_ZP26_GEN-APND,DAM,MCC,LMP_CONG_PRC,TH_ZP26_GEN-APND,ALL_APNODES,0,0,374
2017-09-20T02:00:00-00:00,2017-09-20T03:00:00-00:00,2017-09-19,20,0,TH_ZP26_GEN-APND,TH_ZP26_GEN-APND,TH_ZP26_GEN-APND,DAM,MCC,LMP_CONG_PRC,TH_ZP26_GEN-APND,ALL_APNODES,0,0,374
2017-09-19T07:00:00-00:00,2017-09-19T08:00:00-00:00,2017-09-19,1,0,TH_ZP26_GEN-APND,TH_ZP26_GEN-APND,TH_ZP26_GEN-APND,DAM,MCC,LMP_CONG_PRC,TH_ZP26_GEN-APND,ALL_APNODES,0,0,374
2017-09-19T23:00:00-00:00,2017-09-20T00:00:00-00:00,2017-09-19,17,0,TH_ZP26_GEN-APND,TH_ZP26_GEN-APND,TH_ZP26_GEN-APND,DAM,MCC,LMP_CONG_PRC,TH_ZP26_GEN-APND,ALL_APNODES,0,-3.35362,374
2017-09-20T00:00:00-00:00,2017-09-20T01:00:00-00:00,2017-09-19,18,0,TH_ZP26_GEN-APND,TH_ZP26_GEN-APND,TH_ZP26_GEN-APND,DAM,MCC,LMP_CONG_PRC,TH_ZP26_GEN-APND,ALL_APNODES,0,-1.11364,374
2017-09-20T04:00:00-00:00,2017-09-20T05:00:00-00:00,2017-09-19,22,0,TH_ZP26_GEN-APND,TH_ZP26_GEN-APND,TH_ZP26_GEN-APND,DAM,MCC,LMP_CONG_PRC,TH_ZP26_GEN-APND,ALL_APNODES,0,0,374
2017-09-20T03:00:00-00:00,2017-09-20T04:00:00-00:00,2017-09-19,21,0,TH_ZP26_GEN-APND,TH_ZP26_GEN-APND,TH_ZP26_GEN-APND,DAM,MCC,LMP_CONG_PRC,TH_ZP26_GEN-APND,ALL_APNODES,0,0,374
2017-09-19T12:00:00-00:00,2017-09-19T13:00:00-00:00,2017-09-19,6,0,TH_ZP26_GEN-APND,TH_ZP26_GEN-APND,TH_ZP26_GEN-APND,DAM,MCC,LMP_CONG_PRC,TH_ZP26_GEN-APND,ALL_APNODES,0,0,374
2017-09-19T18:00:00-00:00,2017-09-19T19:00:00-00:00,2017-09-19,12,0,TH_ZP26_GEN-APND,TH_ZP26_GEN-APND,TH_ZP26_GEN-APND,DAM,MCC,LMP_CONG_PRC,TH_ZP26_GEN-APND,ALL_APNODES,0,-5.48146,374
2017-09-20T05:00:00-00:00,2017-09-20T06:00:00-00:00,2017-09-19,23,0,TH_ZP26_GEN-APND,TH_ZP26_GEN-APND,TH_ZP26_GEN-APND,DAM,MCC,LMP_CONG_PRC,TH_ZP26_GEN-APND,ALL_APNODES,0,0,374
2017-09-19T19:00:00-00:00,2017-09-19T20:00:00-00:00,2017-09-19,13,0,TH_ZP26_GEN-APND,TH_ZP26_GEN-APND,TH_ZP26_GEN-APND,DAM,MCC,LMP_CONG_PRC,TH_ZP26_GEN-APND,ALL_APNODES,0,-5.78744,374
2017-09-19T10:00:00-00:00,2017-09-19T11:00:00-00:00,2017-09-19,4,0,TH_ZP26_GEN-APND,TH_ZP26_GEN-APND,TH_ZP26_GEN-APND,DAM,MCC,LMP_CONG_PRC,TH_ZP26_GEN-APND,ALL_APNODES,0,0,374
2017-09-19T11:00:00-00:00,2017-09-19T12:00:00-00:00,2017-09-19,5,0,TH_ZP26_GEN-APND,TH_ZP26_GEN-APND,TH_ZP26_GEN-APND,DAM,MCC,LMP_CONG_PRC,TH_ZP26_GEN-APND,ALL_APNODES,0,0,374
2017-09-19T13:00:00-00:00,2017-09-19T14:00:00-00:00,2017-09-19,7,0,TH_ZP26_GEN-APND,TH_ZP26_GEN-APND,TH_ZP26_GEN-APND,DAM,MCC,LMP_CONG_PRC,TH_ZP26_GEN-APND,ALL_APNODES,0,0,374
2017-09-19T17:00:00-00:00,2017-09-19T18:00:00-00:00,2017-09-19,11,0,TH_ZP26_GEN-APND,TH_ZP26_GEN-APND,TH_ZP26_GEN-APND,DAM,MCC,LMP_CONG_PRC,TH_ZP26_GEN-APND,ALL_APNODES,0,-4.46619,374
2017-09-19T08:00:00-00:00,2017-09-19T09:00:00-00:00,2017-09-19,2,0,TH_ZP26_GEN-APND,TH_ZP26_GEN-APND,TH_ZP26_GEN-APND,DAM,MCC,LMP_CONG_PRC,TH_ZP26_GEN-APND,ALL_APNODES,0,0,374
2017-09-19T15:00:00-00:00,2017-09-19T16:00:00-00:00,2017-09-19,9,0,TH_ZP26_GEN-APND,TH_ZP26_GEN-APND,TH_ZP26_GEN-APND,DAM,MCC,LMP_CONG_PRC,TH_ZP26_GEN-APND,ALL_APNODES,0,-0.07786,374
2017-09-19T16:00:00-00:00,2017-09-19T17:00:00-00:00,2017-09-19,10,0,TH_ZP26_GEN-APND,TH_ZP26_GEN-APND,TH_ZP26_GEN-APND,DAM,MCC,LMP_CONG_PRC,TH_ZP26_GEN-APND,ALL_APNODES,0,-3.06492,374
2017-09-20T06:00:00-00:00,2017-09-20T07:00:00-00:00,2017-09-19,24,0,TH_ZP26_GEN-APND,TH_ZP26_GEN-APND,TH_ZP26_GEN-APND,DAM,MCC,LMP_CONG_PRC,TH_ZP26_GEN-APND,ALL_APNODES,0,0,374
2017-09-19T18:00:00-00:00,2017-09-19T19:00:00-00:00,2017-09-19,12,0,TH_ZP26_GEN-APND,TH_ZP26_GEN-APND,TH_ZP26_GEN-APND,DAM,MCE,LMP_ENE_PRC,TH_ZP26_GEN-APND,ALL_APNODES,0,20.52419,375
2017-09-20T05:00:00-00:00,2017-09-20T06:00:00-00:00,2017-09-19,23,0,TH_ZP26_GEN-APND,TH_ZP26_GEN-APND,TH_ZP26_GEN-APND,DAM,MCE,LMP_ENE_PRC,TH_ZP26_GEN-APND,ALL_APNODES,0,34.95425,375
2017-09-19T20:00:00-00:00,2017-09-19T21:00:00-00:00,2017-09-19,14,0,TH_ZP26_GEN-APND,TH_ZP26_GEN-APND,TH_ZP26_GEN-APND,DAM,MCE,LMP_ENE_PRC,TH_ZP26_GEN-APND,ALL_APNODES,0,22.29761,375
2017-09-19T16:00:00-00:00,2017-09-19T17:00:00-00:00,2017-09-19,10,0,TH_ZP26_GEN-APND,TH_ZP26_GEN-APND,TH_ZP26_GEN-APND,DAM,MCE,LMP_ENE_PRC,TH_ZP26_GEN-APND,ALL_APNODES,0,21.25747,375
2017-09-19T19:00:00-00:00,2017-09-19T20:00:00-00:00,2017-09-19,13,0,TH_ZP26_GEN-APND,TH_ZP26_GEN-APND,TH_ZP26_GEN-APND,DAM,MCE,LMP_ENE_PRC,TH_ZP26_GEN-APND,ALL_APNODES,0,21.13848,375
2017-09-19T09:00:00-00:00,2017-09-19T10:00:00-00:00,2017-09-19,3,0,TH_ZP26_GEN-APND,TH_ZP26_GEN-APND,TH_ZP26_GEN-APND,DAM,MCE,LMP_ENE_PRC,TH_ZP26_GEN-APND,ALL_APNODES,0,26.75612,375
2017-09-19T11:00:00-00:00,2017-09-19T12:00:00-00:00,2017-09-19,5,0,TH_ZP26_GEN-APND,TH_ZP26_GEN-APND,TH_ZP26_GEN-APND,DAM,MCE,LMP_ENE_PRC,TH_ZP26_GEN-APND,ALL_APNODES,0,26.9458,375
2017-09-20T04:00:00-00:00,2017-09-20T05:00:00-00:00,2017-09-19,22,0,TH_ZP26_GEN-APND,TH_ZP26_GEN-APND,TH_ZP26_GEN-APND,DAM,MCE,LMP_ENE_PRC,TH_ZP26_GEN-APND,ALL_APNODES,0,38.37102,375
2017-09-19T15:00:00-00:00,2017-09-19T16:00:00-00:00,2017-09-19,9,0,TH_ZP26_GEN-APND,TH_ZP26_GEN-APND,TH_ZP26_GEN-APND,DAM,MCE,LMP_ENE_PRC,TH_ZP26_GEN-APND,ALL_APNODES,0,26.19635,375
2017-09-19T17:00:00-00:00,2017-09-19T18:00:00-00:00,2017-09-19,11,0,TH_ZP26_GEN-APND,TH_ZP26_GEN-APND,TH_ZP26_GEN-APND,DAM,MCE,LMP_ENE_PRC,TH_ZP26_GEN-APND,ALL_APNODES,0,21.13688,375
2017-09-20T06:00:00-00:00,2017-09-20T07:00:00-00:00,2017-09-19,24,0,TH_ZP26_GEN-APND,TH_ZP26_GEN-APND,TH_ZP26_GEN-APND,DAM,MCE,LMP_ENE_PRC,TH_ZP26_GEN-APND,ALL_APNODES,0,30.21583,375
2017-09-19T23:00:00-00:00,2017-09-20T00:00:00-00:00,2017-09-19,17,0,TH_ZP26_GEN-APND,TH_ZP26_GEN-APND,TH_ZP26_GEN-APND,DAM,MCE,LMP_ENE_PRC,TH_ZP26_GEN-APND,ALL_APNODES,0,28.18062,375
2017-09-20T02:00:00-00:00,2017-09-20T03:00:00-00:00,2017-09-19,20,0,TH_ZP26_GEN-APND,TH_ZP26_GEN-APND,TH_ZP26_GEN-APND,DAM,MCE,LMP_ENE_PRC,TH_ZP26_GEN-APND,ALL_APNODES,0,56.72882,375
2017-09-20T03:00:00-00:00,2017-09-20T04:00:00-00:00,2017-09-19,21,0,TH_ZP26_GEN-APND,TH_ZP26_GEN-APND,TH_ZP26_GEN-APND,DAM,MCE,LMP_ENE_PRC,TH_ZP26_GEN-APND,ALL_APNODES,0,50.04219,375
2017-09-19T12:00:00-00:00,2017-09-19T13:00:00-00:00,2017-09-19,6,0,TH_ZP26_GEN-APND,TH_ZP26_GEN-APND,TH_ZP26_GEN-APND,DAM,MCE,LMP_ENE_PRC,TH_ZP26_GEN-APND,ALL_APNODES,0,32.91065,375
2017-09-19T13:00:00-00:00,2017-09-19T14:00:00-00:00,2017-09-19,7,0,TH_ZP26_GEN-APND,TH_ZP26_GEN-APND,TH_ZP26_GEN-APND,DAM,MCE,LMP_ENE_PRC,TH_ZP26_GEN-APND,ALL_APNODES,0,44.73684,375
2017-09-19T07:00:00-00:00,2017-09-19T08:00:00-00:00,2017-09-19,1,0,TH_ZP26_GEN-APND,TH_ZP26_GEN-APND,TH_ZP26_GEN-APND,DAM,MCE,LMP_ENE_PRC,TH_ZP26_GEN-APND,ALL_APNODES,0,27.09755,375
2017-09-19T08:00:00-00:00,2017-09-19T09:00:00-00:00,2017-09-19,2,0,TH_ZP26_GEN-APND,TH_ZP26_GEN-APND,TH_ZP26_GEN-APND,DAM,MCE,LMP_ENE_PRC,TH_ZP26_GEN-APND,ALL_APNODES,0,27.82505,375
2017-09-19T22:00:00-00:00,2017-09-19T23:00:00-00:00,2017-09-19,16,0,TH_ZP26_GEN-APND,TH_ZP26_GEN-APND,TH_ZP26_GEN-APND,DAM,MCE,LMP_ENE_PRC,TH_ZP26_GEN-APND,ALL_APNODES,0,25.72082,375
2017-09-20T01:00:00-00:00,2017-09-20T02:00:00-00:00,2017-09-19,19,0,TH_ZP26_GEN-APND,TH_ZP26_GEN-APND,TH_ZP26_GEN-APND,DAM,MCE,LMP_ENE_PRC,TH_ZP26_GEN-APND,ALL_APNODES,0,49.70241,375
2017-09-19T10:00:00-00:00,2017-09-19T11:00:00-00:00,2017-09-19,4,0,TH_ZP26_GEN-APND,TH_ZP26_GEN-APND,TH_ZP26_GEN-APND,DAM,MCE,LMP_ENE_PRC,TH_ZP26_GEN-APND,ALL_APNODES,0,25.94403,375
2017-09-19T14:00:00-00:00,2017-09-19T15:00:00-00:00,2017-09-19,8,0,TH_ZP26_GEN-APND,TH_ZP26_GEN-APND,TH_ZP26_GEN-APND,DAM,MCE,LMP_ENE_PRC,TH_ZP26_GEN-APND,ALL_APNODES,0,35.93474,375
2017-09-19T21:00:00-00:00,2017-09-19T22:00:00-00:00,2017-09-19,15,0,TH_ZP26_GEN-APND,TH_ZP26_GEN-APND,TH_ZP26_GEN-APND,DAM,MCE,LMP_ENE_PRC,TH_ZP26_GEN-APND,ALL_APNODES,0,24.86757,375
2017-09-20T00:00:00-00:00,2017-09-20T01:00:00-00:00,2017-09-19,18,0,TH_ZP26_GEN-APND,TH_ZP26_GEN-APND,TH_ZP26_GEN-APND,DAM,MCE,LMP_ENE_PRC,TH_ZP26_GEN-APND,ALL_APNODES,0,37.00277,375
2017-09-19T15:00:00-00:00,2017-09-19T16:00:00-00:00,2017-09-19,9,0,TH_ZP26_GEN-APND,TH_ZP26_GEN-APND,TH_ZP26_GEN-APND,DAM,MCL,LMP_LOSS_PRC,TH_ZP26_GEN-APND,ALL_APNODES,0,-1.2679,376
2017-09-19T09:00:00-00:00,2017-09-19T10:00:00-00:00,2017-09-19,3,0,TH_ZP26_GEN-APND,TH_ZP26_GEN-APND,TH_ZP26_GEN-APND,DAM,MCL,LMP_LOSS_PRC,TH_ZP26_GEN-APND,ALL_APNODES,0,-0.8562,376
2017-09-19T08:00:00-00:00,2017-09-19T09:00:00-00:00,2017-09-19,2,0,TH_ZP26_GEN-APND,TH_ZP26_GEN-APND,TH_ZP26_GEN-APND,DAM,MCL,LMP_LOSS_PRC,TH_ZP26_GEN-APND,ALL_APNODES,0,-0.89597,376
2017-09-19T14:00:00-00:00,2017-09-19T15:00:00-00:00,2017-09-19,8,0,TH_ZP26_GEN-APND,TH_ZP26_GEN-APND,TH_ZP26_GEN-APND,DAM,MCL,LMP_LOSS_PRC,TH_ZP26_GEN-APND,ALL_APNODES,0,-1.35474,376
2017-09-19T16:00:00-00:00,2017-09-19T17:00:00-00:00,2017-09-19,10,0,TH_ZP26_GEN-APND,TH_ZP26_GEN-APND,TH_ZP26_GEN-APND,DAM,MCL,LMP_LOSS_PRC,TH_ZP26_GEN-APND,ALL_APNODES,0,-1.19254,376
2017-09-19T19:00:00-00:00,2017-09-19T20:00:00-00:00,2017-09-19,13,0,TH_ZP26_GEN-APND,TH_ZP26_GEN-APND,TH_ZP26_GEN-APND,DAM,MCL,LMP_LOSS_PRC,TH_ZP26_GEN-APND,ALL_APNODES,0,-1.25351,376
2017-09-20T03:00:00-00:00,2017-09-20T04:00:00-00:00,2017-09-19,21,0,TH_ZP26_GEN-APND,TH_ZP26_GEN-APND,TH_ZP26_GEN-APND,DAM,MCL,LMP_LOSS_PRC,TH_ZP26_GEN-APND,ALL_APNODES,0,-1.8966,376
2017-09-20T05:00:00-00:00,2017-09-20T06:00:00-00:00,2017-09-19,23,0,TH_ZP26_GEN-APND,TH_ZP26_GEN-APND,TH_ZP26_GEN-APND,DAM,MCL,LMP_LOSS_PRC,TH_ZP26_GEN-APND,ALL_APNODES,0,-1.25136,376
2017-09-19T22:00:00-00:00,2017-09-19T23:00:00-00:00,2017-09-19,16,0,TH_ZP26_GEN-APND,TH_ZP26_GEN-APND,TH_ZP26_GEN-APND,DAM,MCL,LMP_LOSS_PRC,TH_ZP26_GEN-APND,ALL_APNODES,0,-1.49695,376
2017-09-19T10:00:00-00:00,2017-09-19T11:00:00-00:00,2017-09-19,4,0,TH_ZP26_GEN-APND,TH_ZP26_GEN-APND,TH_ZP26_GEN-APND,DAM,MCL,LMP_LOSS_PRC,TH_ZP26_GEN-APND,ALL_APNODES,0,-0.82761,376
2017-09-19T18:00:00-00:00,2017-09-19T19:00:00-00:00,2017-09-19,12,0,TH_ZP26_GEN-APND,TH_ZP26_GEN-APND,TH_ZP26_GEN-APND,DAM,MCL,LMP_LOSS_PRC,TH_ZP26_GEN-APND,ALL_APNODES,0,-1.1904,376
2017-09-19T21:00:00-00:00,2017-09-19T22:00:00-00:00,2017-09-19,15,0,TH_ZP26_GEN-APND,TH_ZP26_GEN-APND,TH_ZP26_GEN-APND,DAM,MCL,LMP_LOSS_PRC,TH_ZP26_GEN-APND,ALL_APNODES,0,-1.48459,376
2017-09-20T02:00:00-00:00,2017-09-20T03:00:00-00:00,2017-09-19,20,0,TH_ZP26_GEN-APND,TH_ZP26_GEN-APND,TH_ZP26_GEN-APND,DAM,MCL,LMP_LOSS_PRC,TH_ZP26_GEN-APND,ALL_APNODES,0,-2.20675,376
2017-09-19T11:00:00-00:00,2017-09-19T12:00:00-00:00,2017-09-19,5,0,TH_ZP26_GEN-APND,TH_ZP26_GEN-APND,TH_ZP26_GEN-APND,DAM,MCL,LMP_LOSS_PRC,TH_ZP26_GEN-APND,ALL_APNODES,0,-0.86765,376
2017-09-19T12:00:00-00:00,2017-09-19T13:00:00-00:00,2017-09-19,6,0,TH_ZP26_GEN-APND,TH_ZP26_GEN-APND,TH_ZP26_GEN-APND,DAM,MCL,LMP_LOSS_PRC,TH_ZP26_GEN-APND,ALL_APNODES,0,-1.06631,376
2017-09-19T17:00:00-00:00,2017-09-19T18:00:00-00:00,2017-09-19,11,0,TH_ZP26_GEN-APND,TH_ZP26_GEN-APND,TH_ZP26_GEN-APND,DAM,MCL,LMP_LOSS_PRC,TH_ZP26_GEN-APND,ALL_APNODES,0,-1.23862,376
2017-09-20T00:00:00-00:00,2017-09-20T01:00:00-00:00,2017-09-19,18,0,TH_ZP26_GEN-APND,TH_ZP26_GEN-APND,TH_ZP26_GEN-APND,DAM,MCL,LMP_LOSS_PRC,TH_ZP26_GEN-APND,ALL_APNODES,0,-1.86124,376
2017-09-19T13:00:00-00:00,2017-09-19T14:00:00-00:00,2017-09-19,7,0,TH_ZP26_GEN-APND,TH_ZP26_GEN-APND,TH_ZP26_GEN-APND,DAM,MCL,LMP_LOSS_PRC,TH_ZP26_GEN-APND,ALL_APNODES,0,-1.42711,376
2017-09-20T06:00:00-00:00,2017-09-20T07:00:00-00:00,2017-09-19,24,0,TH_ZP26_GEN-APND,TH_ZP26_GEN-APND,TH_ZP26_GEN-APND,DAM,MCL,LMP_LOSS_PRC,TH_ZP26_GEN-APND,ALL_APNODES,0,-1.09079,376
2017-09-19T23:00:00-00:00,2017-09-20T00:00:00-00:00,2017-09-19,17,0,TH_ZP26_GEN-APND,TH_ZP26_GEN-APND,TH_ZP26_GEN-APND,DAM,MCL,LMP_LOSS_PRC,TH_ZP26_GEN-APND,ALL_APNODES,0,-1.52457,376
2017-09-19T07:00:00-00:00,2017-09-19T08:00:00-00:00,2017-09-19,1,0,TH_ZP26_GEN-APND,TH_ZP26_GEN-APND,TH_ZP26_GEN-APND,DAM,MCL,LMP_LOSS_PRC,TH_ZP26_GEN-APND,ALL_APNODES,0,-0.90777,376
2017-09-20T01:00:00-00:00,2017-09-20T02:00:00-00:00,2017-09-19,19,0,TH_ZP26_GEN-APND,TH_ZP26_GEN-APND,TH_ZP26_GEN-APND,DAM,MCL,LMP_LOSS_PRC,TH_ZP26_GEN-APND,ALL_APNODES,0,-2.09247,376
2017-09-20T04:00:00-00:00,2017-09-20T05:00:00-00:00,2017-09-19,22,0,TH_ZP26_GEN-APND,TH_ZP26_GEN-APND,TH_ZP26_GEN-APND,DAM,MCL,LMP_LOSS_PRC,TH_ZP26_GEN-APND,ALL_APNODES,0,-1.45426,376
2017-09-19T20:00:00-00:00,2017-09-19T21:00:00-00:00,2017-09-19,14,0,TH_ZP26_GEN-APND,TH_ZP26_GEN-APND,TH_ZP26_GEN-APND,DAM,MCL,LMP_LOSS_PRC,TH_ZP26_GEN-APND,ALL_APNODES,0,-1.30441,376
2017-09-20T01:00:00-00:00,2017-09-20T02:00:00-00:00,2017-09-19,19,0,URBAN_6_N005,URBAN_6_N005,URBAN_6_N005,DAM,LMP,LMP_PRC,URBAN_6_N005,ALL,1,49.93601,377
2017-09-20T04:00:00-00:00,2017-09-20T05:00:00-00:00,2017-09-19,22,0,URBAN_6_N005,URBAN_6_N005,URBAN_6_N005,DAM,LMP,LMP_PRC,URBAN_6_N005,ALL,1,38.78159,377
2017-09-20T02:00:00-00:00,2017-09-20T03:00:00-00:00,2017-09-19,20,0,URBAN_6_N005,URBAN_6_N005,URBAN_6_N005,DAM,LMP,LMP_PRC,URBAN_6_N005,ALL,1,56.60969,377
2017-09-19T13:00:00-00:00,2017-09-19T14:00:00-00:00,2017-09-19,7,0,URBAN_6_N005,URBAN_6_N005,URBAN_6_N005,DAM,LMP,LMP_PRC,URBAN_6_N005,ALL,1,44.24474,377
2017-09-19T17:00:00-00:00,2017-09-19T18:00:00-00:00,2017-09-19,11,0,URBAN_6_N005,URBAN_6_N005,URBAN_6_N005,DAM,LMP,LMP_PRC,URBAN_6_N005,ALL,1,20.65689,377
2017-09-19T19:00:00-00:00,2017-09-19T20:00:00-00:00,2017-09-19,13,0,URBAN_6_N005,URBAN_6_N005,URBAN_6_N005,DAM,LMP,LMP_PRC,URBAN_6_N005,ALL,1,20.59619,377
2017-09-19T23:00:00-00:00,2017-09-20T00:00:00-00:00,2017-09-19,17,0,URBAN_6_N005,URBAN_6_N005,URBAN_6_N005,DAM,LMP,LMP_PRC,URBAN_6_N005,ALL,1,27.17037,377
2017-09-19T10:00:00-00:00,2017-09-19T11:00:00-00:00,2017-09-19,4,0,URBAN_6_N005,URBAN_6_N005,URBAN_6_N005,DAM,LMP,LMP_PRC,URBAN_6_N005,ALL,1,25.77799,377
2017-09-19T15:00:00-00:00,2017-09-19T16:00:00-00:00,2017-09-19,9,0,URBAN_6_N005,URBAN_6_N005,URBAN_6_N005,DAM,LMP,LMP_PRC,URBAN_6_N005,ALL,1,24.33978,377
2017-09-20T03:00:00-00:00,2017-09-20T04:00:00-00:00,2017-09-19,21,0,URBAN_6_N005,URBAN_6_N005,URBAN_6_N005,DAM,LMP,LMP_PRC,URBAN_6_N005,ALL,1,50.32743,377
2017-09-19T18:00:00-00:00,2017-09-19T19:00:00-00:00,2017-09-19,12,0,URBAN_6_N005,URBAN_6_N005,URBAN_6_N005,DAM,LMP,LMP_PRC,URBAN_6_N005,ALL,1,11.52076,377
2017-09-20T05:00:00-00:00,2017-09-20T06:00:00-00:00,2017-09-19,23,0,URBAN_6_N005,URBAN_6_N005,URBAN_6_N005,DAM,LMP,LMP_PRC,URBAN_6_N005,ALL,1,35.24437,377
2017-09-19T08:00:00-00:00,2017-09-19T09:00:00-00:00,2017-09-19,2,0,URBAN_6_N005,URBAN_6_N005,URBAN_6_N005,DAM,LMP,LMP_PRC,URBAN_6_N005,ALL,1,27.59132,377
2017-09-19T22:00:00-00:00,2017-09-19T23:00:00-00:00,2017-09-19,16,0,URBAN_6_N005,URBAN_6_N005,URBAN_6_N005,DAM,LMP,LMP_PRC,URBAN_6_N005,ALL,1,28.85221,377
2017-09-19T12:00:00-00:00,2017-09-19T13:00:00-00:00,2017-09-19,6,0,URBAN_6_N005,URBAN_6_N005,URBAN_6_N005,DAM,LMP,LMP_PRC,URBAN_6_N005,ALL,1,32.68686,377
2017-09-19T14:00:00-00:00,2017-09-19T15:00:00-00:00,2017-09-19,8,0,URBAN_6_N005,URBAN_6_N005,URBAN_6_N005,DAM,LMP,LMP_PRC,URBAN_6_N005,ALL,1,33.97185,377
2017-09-19T20:00:00-00:00,2017-09-19T21:00:00-00:00,2017-09-19,14,0,URBAN_6_N005,URBAN_6_N005,URBAN_6_N005,DAM,LMP,LMP_PRC,URBAN_6_N005,ALL,1,16.55051,377
2017-09-19T21:00:00-00:00,2017-09-19T22:00:00-00:00,2017-09-19,15,0,URBAN_6_N005,URBAN_6_N005,URBAN_6_N005,DAM,LMP,LMP_PRC,URBAN_6_N005,ALL,1,23.08333,377
2017-09-19T09:00:00-00:00,2017-09-19T10:00:00-00:00,2017-09-19,3,0,URBAN_6_N005,URBAN_6_N005,URBAN_6_N005,DAM,LMP,LMP_PRC,URBAN_6_N005,ALL,1,26.55277,377
2017-09-19T16:00:00-00:00,2017-09-19T17:00:00-00:00,2017-09-19,10,0,URBAN_6_N005,URBAN_6_N005,URBAN_6_N005,DAM,LMP,LMP_PRC,URBAN_6_N005,ALL,1,20.44904,377
2017-09-19T07:00:00-00:00,2017-09-19T08:00:00-00:00,2017-09-19,1,0,URBAN_6_N005,URBAN_6_N005,URBAN_6_N005,DAM,LMP,LMP_PRC,URBAN_6_N005,ALL,1,26.85638,377
2017-09-20T00:00:00-00:00,2017-09-20T01:00:00-00:00,2017-09-19,18,0,URBAN_6_N005,URBAN_6_N005,URBAN_6_N005,DAM,LMP,LMP_PRC,URBAN_6_N005,ALL,1,40.80772,377
2017-09-19T11:00:00-00:00,2017-09-19T12:00:00-00:00,2017-09-19,5,0,URBAN_6_N005,URBAN_6_N005,URBAN_6_N005,DAM,LMP,LMP_PRC,URBAN_6_N005,ALL,1,26.85688,377
2017-09-20T06:00:00-00:00,2017-09-20T07:00:00-00:00,2017-09-19,24,0,URBAN_6_N005,URBAN_6_N005,URBAN_6_N005,DAM,LMP,LMP_PRC,URBAN_6_N005,ALL,1,30.43036,377
2017-09-20T03:00:00-00:00,2017-09-20T04:00:00-00:00,2017-09-19,21,0,URBAN_6_N005,URBAN_6_N005,URBAN_6_N005,DAM,MCC,LMP_CONG_PRC,URBAN_6_N005,ALL,1,0,378
2017-09-19T09:00:00-00:00,2017-09-19T10:00:00-00:00,2017-09-19,3,0,URBAN_6_N005,URBAN_6_N005,URBAN_6_N005,DAM,MCC,LMP_CONG_PRC,URBAN_6_N005,ALL,1,0,378
2017-09-19T18:00:00-00:00,2017-09-19T19:00:00-00:00,2017-09-19,12,0,URBAN_6_N005,URBAN_6_N005,URBAN_6_N005,DAM,MCC,LMP_CONG_PRC,URBAN_6_N005,ALL,1,-8.61553,378
2017-09-20T06:00:00-00:00,2017-09-20T07:00:00-00:00,2017-09-19,24,0,URBAN_6_N005,URBAN_6_N005,URBAN_6_N005,DAM,MCC,LMP_CONG_PRC,URBAN_6_N005,ALL,1,0,378
2017-09-19T19:00:00-00:00,2017-09-19T20:00:00-00:00,2017-09-19,13,0,URBAN_6_N005,URBAN_6_N005,URBAN_6_N005,DAM,MCC,LMP_CONG_PRC,URBAN_6_N005,ALL,1,-0.17025,378
2017-09-19T22:00:00-00:00,2017-09-19T23:00:00-00:00,2017-09-19,16,0,URBAN_6_N005,URBAN_6_N005,URBAN_6_N005,DAM,MCC,LMP_CONG_PRC,URBAN_6_N005,ALL,1,3.55836,378
2017-09-19T15:00:00-00:00,2017-09-19T16:00:00-00:00,2017-09-19,9,0,URBAN_6_N005,URBAN_6_N005,URBAN_6_N005,DAM,MCC,LMP_CONG_PRC,URBAN_6_N005,ALL,1,-1.39814,378
2017-09-19T20:00:00-00:00,2017-09-19T21:00:00-00:00,2017-09-19,14,0,URBAN_6_N005,URBAN_6_N005,URBAN_6_N005,DAM,MCC,LMP_CONG_PRC,URBAN_6_N005,ALL,1,-5.35021,378
2017-09-20T01:00:00-00:00,2017-09-20T02:00:00-00:00,2017-09-19,19,0,URBAN_6_N005,URBAN_6_N005,URBAN_6_N005,DAM,MCC,LMP_CONG_PRC,URBAN_6_N005,ALL,1,0,378
2017-09-19T16:00:00-00:00,2017-09-19T17:00:00-00:00,2017-09-19,10,0,URBAN_6_N005,URBAN_6_N005,URBAN_6_N005,DAM,MCC,LMP_CONG_PRC,URBAN_6_N005,ALL,1,-0.32588,378
2017-09-20T00:00:00-00:00,2017-09-20T01:00:00-00:00,2017-09-19,18,0,URBAN_6_N005,URBAN_6_N005,URBAN_6_N005,DAM,MCC,LMP_CONG_PRC,URBAN_6_N005,ALL,1,3.86046,378
2017-09-19T17:00:00-00:00,2017-09-19T18:00:00-00:00,2017-09-19,11,0,URBAN_6_N005,URBAN_6_N005,URBAN_6_N005,DAM,MCC,LMP_CONG_PRC,URBAN_6_N005,ALL,1,-0.01286,378
2017-09-20T04:00:00-00:00,2017-09-20T05:00:00-00:00,2017-09-19,22,0,URBAN_6_N005,URBAN_6_N005,URBAN_6_N005,DAM,MCC,LMP_CONG_PRC,URBAN_6_N005,ALL,1,0,378
2017-09-19T12:00:00-00:00,2017-09-19T13:00:00-00:00,2017-09-19,6,0,URBAN_6_N005,URBAN_6_N005,URBAN_6_N005,DAM,MCC,LMP_CONG_PRC,URBAN_6_N005,ALL,1,0,378
2017-09-19T13:00:00-00:00,2017-09-19T14:00:00-00:00,2017-09-19,7,0,URBAN_6_N005,URBAN_6_N005,URBAN_6_N005,DAM,MCC,LMP_CONG_PRC,URBAN_6_N005,ALL,1,0,378
2017-09-19T08:00:00-00:00,2017-09-19T09:00:00-00:00,2017-09-19,2,0,URBAN_6_N005,URBAN_6_N005,URBAN_6_N005,DAM,MCC,LMP_CONG_PRC,URBAN_6_N005,ALL,1,0,378
2017-09-20T02:00:00-00:00,2017-09-20T03:00:00-00:00,2017-09-19,20,0,URBAN_6_N005,URBAN_6_N005,URBAN_6_N005,DAM,MCC,LMP_CONG_PRC,URBAN_6_N005,ALL,1,0,378
2017-09-19T10:00:00-00:00,2017-09-19T11:00:00-00:00,2017-09-19,4,0,URBAN_6_N005,URBAN_6_N005,URBAN_6_N005,DAM,MCC,LMP_CONG_PRC,URBAN_6_N005,ALL,1,0,378
2017-09-19T11:00:00-00:00,2017-09-19T12:00:00-00:00,2017-09-19,5,0,URBAN_6_N005,URBAN_6_N005,URBAN_6_N005,DAM,MCC,LMP_CONG_PRC,URBAN_6_N005,ALL,1,0,378
2017-09-19T14:00:00-00:00,2017-09-19T15:00:00-00:00,2017-09-19,8,0,URBAN_6_N005,URBAN_6_N005,URBAN_6_N005,DAM,MCC,LMP_CONG_PRC,URBAN_6_N005,ALL,1,-1.26935,378
2017-09-20T05:00:00-00:00,2017-09-20T06:00:00-00:00,2017-09-19,23,0,URBAN_6_N005,URBAN_6_N005,URBAN_6_N005,DAM,MCC,LMP_CONG_PRC,URBAN_6_N005,ALL,1,0,378
2017-09-19T07:00:00-00:00,2017-09-19T08:00:00-00:00,2017-09-19,1,0,URBAN_6_N005,URBAN_6_N005,URBAN_6_N005,DAM,MCC,LMP_CONG_PRC,URBAN_6_N005,ALL,1,0,378
2017-09-19T21:00:00-00:00,2017-09-19T22:00:00-00:00,2017-09-19,15,0,URBAN_6_N005,URBAN_6_N005,URBAN_6_N005,DAM,MCC,LMP_CONG_PRC,URBAN_6_N005,ALL,1,-1.29436,378
2017-09-19T23:00:00-00:00,2017-09-20T00:00:00-00:00,2017-09-19,17,0,URBAN_6_N005,URBAN_6_N005,URBAN_6_N005,DAM,MCC,LMP_CONG_PRC,URBAN_6_N005,ALL,1,-0.61008,378
2017-09-20T05:00:00-00:00,2017-09-20T06:00:00-00:00,2017-09-19,23,0,URBAN_6_N005,URBAN_6_N005,URBAN_6_N005,DAM,MCE,LMP_ENE_PRC,URBAN_6_N005,ALL,1,34.95425,379
2017-09-19T21:00:00-00:00,2017-09-19T22:00:00-00:00,2017-09-19,15,0,URBAN_6_N005,URBAN_6_N005,URBAN_6_N005,DAM,MCE,LMP_ENE_PRC,URBAN_6_N005,ALL,1,24.86757,379
2017-09-20T04:00:00-00:00,2017-09-20T05:00:00-00:00,2017-09-19,22,0,URBAN_6_N005,URBAN_6_N005,URBAN_6_N005,DAM,MCE,LMP_ENE_PRC,URBAN_6_N005,ALL,1,38.37102,379
2017-09-19T15:00:00-00:00,2017-09-19T16:00:00-00:00,2017-09-19,9,0,URBAN_6_N005,URBAN_6_N005,URBAN_6_N005,DAM,MCE,LMP_ENE_PRC,URBAN_6_N005,ALL,1,26.19635,379
2017-09-19T10:00:00-00:00,2017-09-19T11:00:00-00:00,2017-09-19,4,0,URBAN_6_N005,URBAN_6_N005,URBAN_6_N005,DAM,MCE,LMP_ENE_PRC,URBAN_6_N005,ALL,1,25.94403,379
2017-09-19T18:00:00-00:00,2017-09-19T19:00:00-00:00,2017-09-19,12,0,URBAN_6_N005,URBAN_6_N005,URBAN_6_N005,DAM,MCE,LMP_ENE_PRC,URBAN_6_N005,ALL,1,20.52419,379
2017-09-19T16:00:00-00:00,2017-09-19T17:00:00-00:00,2017-09-19,10,0,URBAN_6_N005,URBAN_6_N005,URBAN_6_N005,DAM,MCE,LMP_ENE_PRC,URBAN_6_N005,ALL,1,21.25747,379
2017-09-20T03:00:00-00:00,2017-09-20T04:00:00-00:00,2017-09-19,21,0,URBAN_6_N005,URBAN_6_N005,URBAN_6_N005,DAM,MCE,LMP_ENE_PRC,URBAN_6_N005,ALL,1,50.04219,379
2017-09-19T11:00:00-00:00,2017-09-19T12:00:00-00:00,2017-09-19,5,0,URBAN_6_N005,URBAN_6_N005,URBAN_6_N005,DAM,MCE,LMP_ENE_PRC,URBAN_6_N005,ALL,1,26.9458,379
2017-09-19T09:00:00-00:00,2017-09-19T10:00:00-00:00,2017-09-19,3,0,URBAN_6_N005,URBAN_6_N005,URBAN_6_N005,DAM,MCE,LMP_ENE_PRC,URBAN_6_N005,ALL,1,26.75612,379
2017-09-19T20:00:00-00:00,2017-09-19T21:00:00-00:00,2017-09-19,14,0,URBAN_6_N005,URBAN_6_N005,URBAN_6_N005,DAM,MCE,LMP_ENE_PRC,URBAN_6_N005,ALL,1,22.29761,379
2017-09-19T22:00:00-00:00,2017-09-19T23:00:00-00:00,2017-09-19,16,0,URBAN_6_N005,URBAN_6_N005,URBAN_6_N005,DAM,MCE,LMP_ENE_PRC,URBAN_6_N005,ALL,1,25.72082,379
2017-09-19T13:00:00-00:00,2017-09-19T14:00:00-00:00,2017-09-19,7,0,URBAN_6_N005,URBAN_6_N005,URBAN_6_N005,DAM,MCE,LMP_ENE_PRC,URBAN_6_N005,ALL,1,44.73684,379
2017-09-19T19:00:00-00:00,2017-09-19T20:00:00-00:00,2017-09-19,13,0,URBAN_6_N005,URBAN_6_N005,URBAN_6_N005,DAM,MCE,LMP_ENE_PRC,URBAN_6_N005,ALL,1,21.13848,379
2017-09-20T02:00:00-00:00,2017-09-20T03:00:00-00:00,2017-09-19,20,0,URBAN_6_N005,URBAN_6_N005,URBAN_6_N005,DAM,MCE,LMP_ENE_PRC,URBAN_6_N005,ALL,1,56.72882,379
2017-09-20T01:00:00-00:00,2017-09-20T02:00:00-00:00,2017-09-19,19,0,URBAN_6_N005,URBAN_6_N005,URBAN_6_N005,DAM,MCE,LMP_ENE_PRC,URBAN_6_N005,ALL,1,49.70241,379
2017-09-19T08:00:00-00:00,2017-09-19T09:00:00-00:00,2017-09-19,2,0,URBAN_6_N005,URBAN_6_N005,URBAN_6_N005,DAM,MCE,LMP_ENE_PRC,URBAN_6_N005,ALL,1,27.82505,379
2017-09-19T17:00:00-00:00,2017-09-19T18:00:00-00:00,2017-09-19,11,0,URBAN_6_N005,URBAN_6_N005,URBAN_6_N005,DAM,MCE,LMP_ENE_PRC,URBAN_6_N005,ALL,1,21.13688,379
2017-09-19T07:00:00-00:00,2017-09-19T08:00:00-00:00,2017-09-19,1,0,URBAN_6_N005,URBAN_6_N005,URBAN_6_N005,DAM,MCE,LMP_ENE_PRC,URBAN_6_N005,ALL,1,27.09755,379
2017-09-19T12:00:00-00:00,2017-09-19T13:00:00-00:00,2017-09-19,6,0,URBAN_6_N005,URBAN_6_N005,URBAN_6_N005,DAM,MCE,LMP_ENE_PRC,URBAN_6_N005,ALL,1,32.91065,379
2017-09-20T06:00:00-00:00,2017-09-20T07:00:00-00:00,2017-09-19,24,0,URBAN_6_N005,URBAN_6_N005,URBAN_6_N005,DAM,MCE,LMP_ENE_PRC,URBAN_6_N005,ALL,1,30.21583,379
2017-09-20T00:00:00-00:00,2017-09-20T01:00:00-00:00,2017-09-19,18,0,URBAN_6_N005,URBAN_6_N005,URBAN_6_N005,DAM,MCE,LMP_ENE_PRC,URBAN_6_N005,ALL,1,37.00277,379
2017-09-19T23:00:00-00:00,2017-09-20T00:00:00-00:00,2017-09-19,17,0,URBAN_6_N005,URBAN_6_N005,URBAN_6_N005,DAM,MCE,LMP_ENE_PRC,URBAN_6_N005,ALL,1,28.18062,379
2017-09-19T14:00:00-00:00,2017-09-19T15:00:00-00:00,2017-09-19,8,0,URBAN_6_N005,URBAN_6_N005,URBAN_6_N005,DAM,MCE,LMP_ENE_PRC,URBAN_6_N005,ALL,1,35.93474,379
2017-09-19T07:00:00-00:00,2017-09-19T08:00:00-00:00,2017-09-19,1,0,URBAN_6_N005,URBAN_6_N005,URBAN_6_N005,DAM,MCL,LMP_LOSS_PRC,URBAN_6_N005,ALL,1,-0.24117,380
2017-09-19T14:00:00-00:00,2017-09-19T15:00:00-00:00,2017-09-19,8,0,URBAN_6_N005,URBAN_6_N005,URBAN_6_N005,DAM,MCL,LMP_LOSS_PRC,URBAN_6_N005,ALL,1,-0.69354,380
2017-09-19T08:00:00-00:00,2017-09-19T09:00:00-00:00,2017-09-19,2,0,URBAN_6_N005,URBAN_6_N005,URBAN_6_N005,DAM,MCL,LMP_LOSS_PRC,URBAN_6_N005,ALL,1,-0.23373,380
2017-09-20T06:00:00-00:00,2017-09-20T07:00:00-00:00,2017-09-19,24,0,URBAN_6_N005,URBAN_6_N005,URBAN_6_N005,DAM,MCL,LMP_LOSS_PRC,URBAN_6_N005,ALL,1,0.21453,380
2017-09-19T13:00:00-00:00,2017-09-19T14:00:00-00:00,2017-09-19,7,0,URBAN_6_N005,URBAN_6_N005,URBAN_6_N005,DAM,MCL,LMP_LOSS_PRC,URBAN_6_N005,ALL,1,-0.49211,380
2017-09-20T02:00:00-00:00,2017-09-20T03:00:00-00:00,2017-09-19,20,0,URBAN_6_N005,URBAN_6_N005,URBAN_6_N005,DAM,MCL,LMP_LOSS_PRC,URBAN_6_N005,ALL,1,-0.11913,380
2017-09-19T23:00:00-00:00,2017-09-20T00:00:00-00:00,2017-09-19,17,0,URBAN_6_N005,URBAN_6_N005,URBAN_6_N005,DAM,MCL,LMP_LOSS_PRC,URBAN_6_N005,ALL,1,-0.40016,380
2017-09-19T21:00:00-00:00,2017-09-19T22:00:00-00:00,2017-09-19,15,0,URBAN_6_N005,URBAN_6_N005,URBAN_6_N005,DAM,MCL,LMP_LOSS_PRC,URBAN_6_N005,ALL,1,-0.48989,380
2017-09-20T05:00:00-00:00,2017-09-20T06:00:00-00:00,2017-09-19,23,0,URBAN_6_N005,URBAN_6_N005,URBAN_6_N005,DAM,MCL,LMP_LOSS_PRC,URBAN_6_N005,ALL,1,0.29012,380
2017-09-19T22:00:00-00:00,2017-09-19T23:00:00-00:00,2017-09-19,16,0,URBAN_6_N005,URBAN_6_N005,URBAN_6_N005,DAM,MCL,LMP_LOSS_PRC,URBAN_6_N005,ALL,1,-0.42697,380
2017-09-19T17:00:00-00:00,2017-09-19T18:00:00-00:00,2017-09-19,11,0,URBAN_6_N005,URBAN_6_N005,URBAN_6_N005,DAM,MCL,LMP_LOSS_PRC,URBAN_6_N005,ALL,1,-0.46712,380
2017-09-20T03:00:00-00:00,2017-09-20T04:00:00-00:00,2017-09-19,21,0,URBAN_6_N005,URBAN_6_N005,URBAN_6_N005,DAM,MCL,LMP_LOSS_PRC,URBAN_6_N005,ALL,1,0.28524,380
2017-09-20T04:00:00-00:00,2017-09-20T05:00:00-00:00,2017-09-19,22,0,URBAN_6_N005,URBAN_6_N005,URBAN_6_N005,DAM,MCL,LMP_LOSS_PRC,URBAN_6_N005,ALL,1,0.41057,380
2017-09-20T01:00:00-00:00,2017-09-20T02:00:00-00:00,2017-09-19,19,0,URBAN_6_N005,URBAN_6_N005,URBAN_6_N005,DAM,MCL,LMP_LOSS_PRC,URBAN_6_N005,ALL,1,0.2336,380
2017-09-19T09:00:00-00:00,2017-09-19T10:00:00-00:00,2017-09-19,3,0,URBAN_6_N005,URBAN_6_N005,URBAN_6_N005,DAM,MCL,LMP_LOSS_PRC,URBAN_6_N005,ALL,1,-0.20335,380
2017-09-19T18:00:00-00:00,2017-09-19T19:00:00-00:00,2017-09-19,12,0,URBAN_6_N005,URBAN_6_N005,URBAN_6_N005,DAM,MCL,LMP_LOSS_PRC,URBAN_6_N005,ALL,1,-0.38791,380
2017-09-19T15:00:00-00:00,2017-09-19T16:00:00-00:00,2017-09-19,9,0,URBAN_6_N005,URBAN_6_N005,URBAN_6_N005,DAM,MCL,LMP_LOSS_PRC,URBAN_6_N005,ALL,1,-0.45844,380
2017-09-19T10:00:00-00:00,2017-09-19T11:00:00-00:00,2017-09-19,4,0,URBAN_6_N005,URBAN_6_N005,URBAN_6_N005,DAM,MCL,LMP_LOSS_PRC,URBAN_6_N005,ALL,1,-0.16604,380
2017-09-19T19:00:00-00:00,2017-09-19T20:00:00-00:00,2017-09-19,13,0,URBAN_6_N005,URBAN_6_N005,URBAN_6_N005,DAM,MCL,LMP_LOSS_PRC,URBAN_6_N005,ALL,1,-0.37204,380
2017-09-19T16:00:00-00:00,2017-09-19T17:00:00-00:00,2017-09-19,10,0,URBAN_6_N005,URBAN_6_N005,URBAN_6_N005,DAM,MCL,LMP_LOSS_PRC,URBAN_6_N005,ALL,1,-0.48254,380
2017-09-19T12:00:00-00:00,2017-09-19T13:00:00-00:00,2017-09-19,6,0,URBAN_6_N005,URBAN_6_N005,URBAN_6_N005,DAM,MCL,LMP_LOSS_PRC,URBAN_6_N005,ALL,1,-0.22379,380
2017-09-19T20:00:00-00:00,2017-09-19T21:00:00-00:00,2017-09-19,14,0,URBAN_6_N005,URBAN_6_N005,URBAN_6_N005,DAM,MCL,LMP_LOSS_PRC,URBAN_6_N005,ALL,1,-0.3969,380
2017-09-20T00:00:00-00:00,2017-09-20T01:00:00-00:00,2017-09-19,18,0,URBAN_6_N005,URBAN_6_N005,URBAN_6_N005,DAM,MCL,LMP_LOSS_PRC,URBAN_6_N005,ALL,1,-0.0555,380
2017-09-19T11:00:00-00:00,2017-09-19T12:00:00-00:00,2017-09-19,5,0,URBAN_6_N005,URBAN_6_N005,URBAN_6_N005,DAM,MCL,LMP_LOSS_PRC,URBAN_6_N005,ALL,1,-0.08892,380
2017-09-21T03:00:00-00:00,2017-09-21T04:00:00-00:00,2017-09-20,21,0,BAYSHOR2_1_N001,BAYSHOR2_1_N001,BAYSHOR2_1_N001,DAM,LMP,LMP_PRC,BAYSHOR2_1_N001,ALL,1,57.15427,381
2017-09-20T10:00:00-00:00,2017-09-20T11:00:00-00:00,2017-09-20,4,0,BAYSHOR2_1_N001,BAYSHOR2_1_N001,BAYSHOR2_1_N001,DAM,LMP,LMP_PRC,BAYSHOR2_1_N001,ALL,1,27.55961,381
2017-09-20T17:00:00-00:00,2017-09-20T18:00:00-00:00,2017-09-20,11,0,BAYSHOR2_1_N001,BAYSHOR2_1_N001,BAYSHOR2_1_N001,DAM,LMP,LMP_PRC,BAYSHOR2_1_N001,ALL,1,34.30543,381
2017-09-20T13:00:00-00:00,2017-09-20T14:00:00-00:00,2017-09-20,7,0,BAYSHOR2_1_N001,BAYSHOR2_1_N001,BAYSHOR2_1_N001,DAM,LMP,LMP_PRC,BAYSHOR2_1_N001,ALL,1,42.56638,381
2017-09-20T23:00:00-00:00,2017-09-21T00:00:00-00:00,2017-09-20,17,0,BAYSHOR2_1_N001,BAYSHOR2_1_N001,BAYSHOR2_1_N001,DAM,LMP,LMP_PRC,BAYSHOR2_1_N001,ALL,1,42.97121,381
2017-09-21T05:00:00-00:00,2017-09-21T06:00:00-00:00,2017-09-20,23,0,BAYSHOR2_1_N001,BAYSHOR2_1_N001,BAYSHOR2_1_N001,DAM,LMP,LMP_PRC,BAYSHOR2_1_N001,ALL,1,36.5615,381
2017-09-20T22:00:00-00:00,2017-09-20T23:00:00-00:00,2017-09-20,16,0,BAYSHOR2_1_N001,BAYSHOR2_1_N001,BAYSHOR2_1_N001,DAM,LMP,LMP_PRC,BAYSHOR2_1_N001,ALL,1,39.58641,381
2017-09-20T16:00:00-00:00,2017-09-20T17:00:00-00:00,2017-09-20,10,0,BAYSHOR2_1_N001,BAYSHOR2_1_N001,BAYSHOR2_1_N001,DAM,LMP,LMP_PRC,BAYSHOR2_1_N001,ALL,1,40.81255,381
2017-09-21T04:00:00-00:00,2017-09-21T05:00:00-00:00,2017-09-20,22,0,BAYSHOR2_1_N001,BAYSHOR2_1_N001,BAYSHOR2_1_N001,DAM,LMP,LMP_PRC,BAYSHOR2_1_N001,ALL,1,42.32033,381
2017-09-20T12:00:00-00:00,2017-09-20T13:00:00-00:00,2017-09-20,6,0,BAYSHOR2_1_N001,BAYSHOR2_1_N001,BAYSHOR2_1_N001,DAM,LMP,LMP_PRC,BAYSHOR2_1_N001,ALL,1,31.79718,381
2017-09-20T20:00:00-00:00,2017-09-20T21:00:00-00:00,2017-09-20,14,0,BAYSHOR2_1_N001,BAYSHOR2_1_N001,BAYSHOR2_1_N001,DAM,LMP,LMP_PRC,BAYSHOR2_1_N001,ALL,1,41.43144,381
2017-09-20T18:00:00-00:00,2017-09-20T19:00:00-00:00,2017-09-20,12,0,BAYSHOR2_1_N001,BAYSHOR2_1_N001,BAYSHOR2_1_N001,DAM,LMP,LMP_PRC,BAYSHOR2_1_N001,ALL,1,38.73321,381
2017-09-20T14:00:00-00:00,2017-09-20T15:00:00-00:00,2017-09-20,8,0,BAYSHOR2_1_N001,BAYSHOR2_1_N001,BAYSHOR2_1_N001,DAM,LMP,LMP_PRC,BAYSHOR2_1_N001,ALL,1,42.65573,381
2017-09-21T06:00:00-00:00,2017-09-21T07:00:00-00:00,2017-09-20,24,0,BAYSHOR2_1_N001,BAYSHOR2_1_N001,BAYSHOR2_1_N001,DAM,LMP,LMP_PRC,BAYSHOR2_1_N001,ALL,1,31.02054,381
2017-09-20T08:00:00-00:00,2017-09-20T09:00:00-00:00,2017-09-20,2,0,BAYSHOR2_1_N001,BAYSHOR2_1_N001,BAYSHOR2_1_N001,DAM,LMP,LMP_PRC,BAYSHOR2_1_N001,ALL,1,28.63597,381
2017-09-20T07:00:00-00:00,2017-09-20T08:00:00-00:00,2017-09-20,1,0,BAYSHOR2_1_N001,BAYSHOR2_1_N001,BAYSHOR2_1_N001,DAM,LMP,LMP_PRC,BAYSHOR2_1_N001,ALL,1,28.53131,381
2017-09-21T01:00:00-00:00,2017-09-21T02:00:00-00:00,2017-09-20,19,0,BAYSHOR2_1_N001,BAYSHOR2_1_N001,BAYSHOR2_1_N001,DAM,LMP,LMP_PRC,BAYSHOR2_1_N001,ALL,1,53.40294,381
2017-09-21T00:00:00-00:00,2017-09-21T01:00:00-00:00,2017-09-20,18,0,BAYSHOR2_1_N001,BAYSHOR2_1_N001,BAYSHOR2_1_N001,DAM,LMP,LMP_PRC,BAYSHOR2_1_N001,ALL,1,82.03744,381
2017-09-20T11:00:00-00:00,2017-09-20T12:00:00-00:00,2017-09-20,5,0,BAYSHOR2_1_N001,BAYSHOR2_1_N001,BAYSHOR2_1_N001,DAM,LMP,LMP_PRC,BAYSHOR2_1_N001,ALL,1,26.8643,381
2017-09-20T21:00:00-00:00,2017-09-20T22:00:00-00:00,2017-09-20,15,0,BAYSHOR2_1_N001,BAYSHOR2_1_N001,BAYSHOR2_1_N001,DAM,LMP,LMP_PRC,BAYSHOR2_1_N001,ALL,1,39.94742,381
2017-09-20T19:00:00-00:00,2017-09-20T20:00:00-00:00,2017-09-20,13,0,BAYSHOR2_1_N001,BAYSHOR2_1_N001,BAYSHOR2_1_N001,DAM,LMP,LMP_PRC,BAYSHOR2_1_N001,ALL,1,42.22933,381
2017-09-20T15:00:00-00:00,2017-09-20T16:00:00-00:00,2017-09-20,9,0,BAYSHOR2_1_N001,BAYSHOR2_1_N001,BAYSHOR2_1_N001,DAM,LMP,LMP_PRC,BAYSHOR2_1_N001,ALL,1,46.93183,381
2017-09-20T09:00:00-00:00,2017-09-20T10:00:00-00:00,2017-09-20,3,0,BAYSHOR2_1_N001,BAYSHOR2_1_N001,BAYSHOR2_1_N001,DAM,LMP,LMP_PRC,BAYSHOR2_1_N001,ALL,1,27.59293,381
2017-09-21T02:00:00-00:00,2017-09-21T03:00:00-00:00,2017-09-20,20,0,BAYSHOR2_1_N001,BAYSHOR2_1_N001,BAYSHOR2_1_N001,DAM,LMP,LMP_PRC,BAYSHOR2_1_N001,ALL,1,61.60366,381
2017-09-20T21:00:00-00:00,2017-09-20T22:00:00-00:00,2017-09-20,15,0,BAYSHOR2_1_N001,BAYSHOR2_1_N001,BAYSHOR2_1_N001,DAM,MCC,LMP_CONG_PRC,BAYSHOR2_1_N001,ALL,1,13.09572,382
2017-09-20T19:00:00-00:00,2017-09-20T20:00:00-00:00,2017-09-20,13,0,BAYSHOR2_1_N001,BAYSHOR2_1_N001,BAYSHOR2_1_N001,DAM,MCC,LMP_CONG_PRC,BAYSHOR2_1_N001,ALL,1,18.69819,382
2017-09-20T13:00:00-00:00,2017-09-20T14:00:00-00:00,2017-09-20,7,0,BAYSHOR2_1_N001,BAYSHOR2_1_N001,BAYSHOR2_1_N001,DAM,MCC,LMP_CONG_PRC,BAYSHOR2_1_N001,ALL,1,-0.42258,382
2017-09-20T20:00:00-00:00,2017-09-20T21:00:00-00:00,2017-09-20,14,0,BAYSHOR2_1_N001,BAYSHOR2_1_N001,BAYSHOR2_1_N001,DAM,MCC,LMP_CONG_PRC,BAYSHOR2_1_N001,ALL,1,17.04027,382
2017-09-20T07:00:00-00:00,2017-09-20T08:00:00-00:00,2017-09-20,1,0,BAYSHOR2_1_N001,BAYSHOR2_1_N001,BAYSHOR2_1_N001,DAM,MCC,LMP_CONG_PRC,BAYSHOR2_1_N001,ALL,1,0,382
2017-09-20T14:00:00-00:00,2017-09-20T15:00:00-00:00,2017-09-20,8,0,BAYSHOR2_1_N001,BAYSHOR2_1_N001,BAYSHOR2_1_N001,DAM,MCC,LMP_CONG_PRC,BAYSHOR2_1_N001,ALL,1,2.66356,382
2017-09-20T23:00:00-00:00,2017-09-21T00:00:00-00:00,2017-09-20,17,0,BAYSHOR2_1_N001,BAYSHOR2_1_N001,BAYSHOR2_1_N001,DAM,MCC,LMP_CONG_PRC,BAYSHOR2_1_N001,ALL,1,12.53145,382
2017-09-20T18:00:00-00:00,2017-09-20T19:00:00-00:00,2017-09-20,12,0,BAYSHOR2_1_N001,BAYSHOR2_1_N001,BAYSHOR2_1_N001,DAM,MCC,LMP_CONG_PRC,BAYSHOR2_1_N001,ALL,1,14.12688,382
2017-09-21T04:00:00-00:00,2017-09-21T05:00:00-00:00,2017-09-20,22,0,BAYSHOR2_1_N001,BAYSHOR2_1_N001,BAYSHOR2_1_N001,DAM,MCC,LMP_CONG_PRC,BAYSHOR2_1_N001,ALL,1,2.54807,382
2017-09-21T01:00:00-00:00,2017-09-21T02:00:00-00:00,2017-09-20,19,0,BAYSHOR2_1_N001,BAYSHOR2_1_N001,BAYSHOR2_1_N001,DAM,MCC,LMP_CONG_PRC,BAYSHOR2_1_N001,ALL,1,5.63603,382
2017-09-21T05:00:00-00:00,2017-09-21T06:00:00-00:00,2017-09-20,23,0,BAYSHOR2_1_N001,BAYSHOR2_1_N001,BAYSHOR2_1_N001,DAM,MCC,LMP_CONG_PRC,BAYSHOR2_1_N001,ALL,1,0.69347,382
2017-09-21T03:00:00-00:00,2017-09-21T04:00:00-00:00,2017-09-20,21,0,BAYSHOR2_1_N001,BAYSHOR2_1_N001,BAYSHOR2_1_N001,DAM,MCC,LMP_CONG_PRC,BAYSHOR2_1_N001,ALL,1,8.98235,382
2017-09-20T12:00:00-00:00,2017-09-20T13:00:00-00:00,2017-09-20,6,0,BAYSHOR2_1_N001,BAYSHOR2_1_N001,BAYSHOR2_1_N001,DAM,MCC,LMP_CONG_PRC,BAYSHOR2_1_N001,ALL,1,-0.23065,382
2017-09-20T09:00:00-00:00,2017-09-20T10:00:00-00:00,2017-09-20,3,0,BAYSHOR2_1_N001,BAYSHOR2_1_N001,BAYSHOR2_1_N001,DAM,MCC,LMP_CONG_PRC,BAYSHOR2_1_N001,ALL,1,0,382
2017-09-20T10:00:00-00:00,2017-09-20T11:00:00-00:00,2017-09-20,4,0,BAYSHOR2_1_N001,BAYSHOR2_1_N001,BAYSHOR2_1_N001,DAM,MCC,LMP_CONG_PRC,BAYSHOR2_1_N001,ALL,1,0,382
2017-09-20T15:00:00-00:00,2017-09-20T16:00:00-00:00,2017-09-20,9,0,BAYSHOR2_1_N001,BAYSHOR2_1_N001,BAYSHOR2_1_N001,DAM,MCC,LMP_CONG_PRC,BAYSHOR2_1_N001,ALL,1,18.51852,382
2017-09-20T08:00:00-00:00,2017-09-20T09:00:00-00:00,2017-09-20,2,0,BAYSHOR2_1_N001,BAYSHOR2_1_N001,BAYSHOR2_1_N001,DAM,MCC,LMP_CONG_PRC,BAYSHOR2_1_N001,ALL,1,0,382
2017-09-20T16:00:00-00:00,2017-09-20T17:00:00-00:00,2017-09-20,10,0,BAYSHOR2_1_N001,BAYSHOR2_1_N001,BAYSHOR2_1_N001,DAM,MCC,LMP_CONG_PRC,BAYSHOR2_1_N001,ALL,1,15.03275,382
2017-09-20T22:00:00-00:00,2017-09-20T23:00:00-00:00,2017-09-20,16,0,BAYSHOR2_1_N001,BAYSHOR2_1_N001,BAYSHOR2_1_N001,DAM,MCC,LMP_CONG_PRC,BAYSHOR2_1_N001,ALL,1,9.33765,382
2017-09-21T02:00:00-00:00,2017-09-21T03:00:00-00:00,2017-09-20,20,0,BAYSHOR2_1_N001,BAYSHOR2_1_N001,BAYSHOR2_1_N001,DAM,MCC,LMP_CONG_PRC,BAYSHOR2_1_N001,ALL,1,5.32975,382
2017-09-20T17:00:00-00:00,2017-09-20T18:00:00-00:00,2017-09-20,11,0,BAYSHOR2_1_N001,BAYSHOR2_1_N001,BAYSHOR2_1_N001,DAM,MCC,LMP_CONG_PRC,BAYSHOR2_1_N001,ALL,1,10.76236,382
2017-09-21T00:00:00-00:00,2017-09-21T01:00:00-00:00,2017-09-20,18,0,BAYSHOR2_1_N001,BAYSHOR2_1_N001,BAYSHOR2_1_N001,DAM,MCC,LMP_CONG_PRC,BAYSHOR2_1_N001,ALL,1,47.06789,382
2017-09-20T11:00:00-00:00,2017-09-20T12:00:00-00:00,2017-09-20,5,0,BAYSHOR2_1_N001,BAYSHOR2_1_N001,BAYSHOR2_1_N001,DAM,MCC,LMP_CONG_PRC,BAYSHOR2_1_N001,ALL,1,0,382
2017-09-21T06:00:00-00:00,2017-09-21T07:00:00-00:00,2017-09-20,24,0,BAYSHOR2_1_N001,BAYSHOR2_1_N001,BAYSHOR2_1_N001,DAM,MCC,LMP_CONG_PRC,BAYSHOR2_1_N001,ALL,1,0.70322,382
2017-09-21T05:00:00-00:00,2017-09-21T06:00:00-00:00,2017-09-20,23,0,BAYSHOR2_1_N001,BAYSHOR2_1_N001,BAYSHOR2_1_N001,DAM,MCE,LMP_ENE_PRC,BAYSHOR2_1_N001,ALL,1,34.65175,383
2017-09-20T18:00:00-00:00,2017-09-20T19:00:00-00:00,2017-09-20,12,0,BAYSHOR2_1_N001,BAYSHOR2_1_N001,BAYSHOR2_1_N001,DAM,MCE,LMP_ENE_PRC,BAYSHOR2_1_N001,ALL,1,22.93655,383
2017-09-20T22:00:00-00:00,2017-09-20T23:00:00-00:00,2017-09-20,16,0,BAYSHOR2_1_N001,BAYSHOR2_1_N001,BAYSHOR2_1_N001,DAM,MCE,LMP_ENE_PRC,BAYSHOR2_1_N001,ALL,1,28.29102,383
2017-09-20T23:00:00-00:00,2017-09-21T00:00:00-00:00,2017-09-20,17,0,BAYSHOR2_1_N001,BAYSHOR2_1_N001,BAYSHOR2_1_N001,DAM,MCE,LMP_ENE_PRC,BAYSHOR2_1_N001,ALL,1,28.60611,383
2017-09-20T08:00:00-00:00,2017-09-20T09:00:00-00:00,2017-09-20,2,0,BAYSHOR2_1_N001,BAYSHOR2_1_N001,BAYSHOR2_1_N001,DAM,MCE,LMP_ENE_PRC,BAYSHOR2_1_N001,ALL,1,27.7561,383
2017-09-21T02:00:00-00:00,2017-09-21T03:00:00-00:00,2017-09-20,20,0,BAYSHOR2_1_N001,BAYSHOR2_1_N001,BAYSHOR2_1_N001,DAM,MCE,LMP_ENE_PRC,BAYSHOR2_1_N001,ALL,1,54.4973,383
2017-09-20T13:00:00-00:00,2017-09-20T14:00:00-00:00,2017-09-20,7,0,BAYSHOR2_1_N001,BAYSHOR2_1_N001,BAYSHOR2_1_N001,DAM,MCE,LMP_ENE_PRC,BAYSHOR2_1_N001,ALL,1,41.48312,383
2017-09-20T07:00:00-00:00,2017-09-20T08:00:00-00:00,2017-09-20,1,0,BAYSHOR2_1_N001,BAYSHOR2_1_N001,BAYSHOR2_1_N001,DAM,MCE,LMP_ENE_PRC,BAYSHOR2_1_N001,ALL,1,27.52925,383
2017-09-20T12:00:00-00:00,2017-09-20T13:00:00-00:00,2017-09-20,6,0,BAYSHOR2_1_N001,BAYSHOR2_1_N001,BAYSHOR2_1_N001,DAM,MCE,LMP_ENE_PRC,BAYSHOR2_1_N001,ALL,1,31.03171,383
2017-09-21T00:00:00-00:00,2017-09-21T01:00:00-00:00,2017-09-20,18,0,BAYSHOR2_1_N001,BAYSHOR2_1_N001,BAYSHOR2_1_N001,DAM,MCE,LMP_ENE_PRC,BAYSHOR2_1_N001,ALL,1,33.62133,383
2017-09-21T04:00:00-00:00,2017-09-21T05:00:00-00:00,2017-09-20,22,0,BAYSHOR2_1_N001,BAYSHOR2_1_N001,BAYSHOR2_1_N001,DAM,MCE,LMP_ENE_PRC,BAYSHOR2_1_N001,ALL,1,38.58387,383
2017-09-20T16:00:00-00:00,2017-09-20T17:00:00-00:00,2017-09-20,10,0,BAYSHOR2_1_N001,BAYSHOR2_1_N001,BAYSHOR2_1_N001,DAM,MCE,LMP_ENE_PRC,BAYSHOR2_1_N001,ALL,1,23.97675,383
2017-09-20T21:00:00-00:00,2017-09-20T22:00:00-00:00,2017-09-20,15,0,BAYSHOR2_1_N001,BAYSHOR2_1_N001,BAYSHOR2_1_N001,DAM,MCE,LMP_ENE_PRC,BAYSHOR2_1_N001,ALL,1,25.0109,383
2017-09-21T03:00:00-00:00,2017-09-21T04:00:00-00:00,2017-09-20,21,0,BAYSHOR2_1_N001,BAYSHOR2_1_N001,BAYSHOR2_1_N001,DAM,MCE,LMP_ENE_PRC,BAYSHOR2_1_N001,ALL,1,46.7507,383
2017-09-20T14:00:00-00:00,2017-09-20T15:00:00-00:00,2017-09-20,8,0,BAYSHOR2_1_N001,BAYSHOR2_1_N001,BAYSHOR2_1_N001,DAM,MCE,LMP_ENE_PRC,BAYSHOR2_1_N001,ALL,1,38.32136,383
2017-09-20T19:00:00-00:00,2017-09-20T20:00:00-00:00,2017-09-20,13,0,BAYSHOR2_1_N001,BAYSHOR2_1_N001,BAYSHOR2_1_N001,DAM,MCE,LMP_ENE_PRC,BAYSHOR2_1_N001,ALL,1,21.98145,383
2017-09-20T10:00:00-00:00,2017-09-20T11:00:00-00:00,2017-09-20,4,0,BAYSHOR2_1_N001,BAYSHOR2_1_N001,BAYSHOR2_1_N001,DAM,MCE,LMP_ENE_PRC,BAYSHOR2_1_N001,ALL,1,26.64824,383
2017-09-21T06:00:00-00:00,2017-09-21T07:00:00-00:00,2017-09-20,24,0,BAYSHOR2_1_N001,BAYSHOR2_1_N001,BAYSHOR2_1_N001,DAM,MCE,LMP_ENE_PRC,BAYSHOR2_1_N001,ALL,1,29.34881,383
2017-09-20T11:00:00-00:00,2017-09-20T12:00:00-00:00,2017-09-20,5,0,BAYSHOR2_1_N001,BAYSHOR2_1_N001,BAYSHOR2_1_N001,DAM,MCE,LMP_ENE_PRC,BAYSHOR2_1_N001,ALL,1,25.95334,383
2017-09-20T15:00:00-00:00,2017-09-20T16:00:00-00:00,2017-09-20,9,0,BAYSHOR2_1_N001,BAYSHOR2_1_N001,BAYSHOR2_1_N001,DAM,MCE,LMP_ENE_PRC,BAYSHOR2_1_N001,ALL,1,26.66414,383
2017-09-20T17:00:00-00:00,2017-09-20T18:00:00-00:00,2017-09-20,11,0,BAYSHOR2_1_N001,BAYSHOR2_1_N001,BAYSHOR2_1_N001,DAM,MCE,LMP_ENE_PRC,BAYSHOR2_1_N001,ALL,1,21.83148,383
2017-09-20T20:00:00-00:00,2017-09-20T21:00:00-00:00,2017-09-20,14,0,BAYSHOR2_1_N001,BAYSHOR2_1_N001,BAYSHOR2_1_N001,DAM,MCE,LMP_ENE_PRC,BAYSHOR2_1_N001,ALL,1,22.77633,383
2017-09-20T09:00:00-00:00,2017-09-20T10:00:00-00:00,2017-09-20,3,0,BAYSHOR2_1_N001,BAYSHOR2_1_N001,BAYSHOR2_1_N001,DAM,MCE,LMP_ENE_PRC,BAYSHOR2_1_N001,ALL,1,26.72697,383
2017-09-21T01:00:00-00:00,2017-09-21T02:00:00-00:00,2017-09-20,19,0,BAYSHOR2_1_N001,BAYSHOR2_1_N001,BAYSHOR2_1_N001,DAM,MCE,LMP_ENE_PRC,BAYSHOR2_1_N001,ALL,1,46.2544,383
2017-09-20T15:00:00-00:00,2017-09-20T16:00:00-00:00,2017-09-20,9,0,BAYSHOR2_1_N001,BAYSHOR2_1_N001,BAYSHOR2_1_N001,DAM,MCL,LMP_LOSS_PRC,BAYSHOR2_1_N001,ALL,1,1.74917,384
2017-09-21T02:00:00-00:00,2017-09-21T03:00:00-00:00,2017-09-20,20,0,BAYSHOR2_1_N001,BAYSHOR2_1_N001,BAYSHOR2_1_N001,DAM,MCL,LMP_LOSS_PRC,BAYSHOR2_1_N001,ALL,1,1.77661,384
2017-09-20T22:00:00-00:00,2017-09-20T23:00:00-00:00,2017-09-20,16,0,BAYSHOR2_1_N001,BAYSHOR2_1_N001,BAYSHOR2_1_N001,DAM,MCL,LMP_LOSS_PRC,BAYSHOR2_1_N001,ALL,1,1.95774,384
2017-09-20T08:00:00-00:00,2017-09-20T09:00:00-00:00,2017-09-20,2,0,BAYSHOR2_1_N001,BAYSHOR2_1_N001,BAYSHOR2_1_N001,DAM,MCL,LMP_LOSS_PRC,BAYSHOR2_1_N001,ALL,1,0.87987,384
2017-09-20T11:00:00-00:00,2017-09-20T12:00:00-00:00,2017-09-20,5,0,BAYSHOR2_1_N001,BAYSHOR2_1_N001,BAYSHOR2_1_N001,DAM,MCL,LMP_LOSS_PRC,BAYSHOR2_1_N001,ALL,1,0.91096,384
2017-09-21T00:00:00-00:00,2017-09-21T01:00:00-00:00,2017-09-20,18,0,BAYSHOR2_1_N001,BAYSHOR2_1_N001,BAYSHOR2_1_N001,DAM,MCL,LMP_LOSS_PRC,BAYSHOR2_1_N001,ALL,1,1.34822,384
2017-09-21T01:00:00-00:00,2017-09-21T02:00:00-00:00,2017-09-20,19,0,BAYSHOR2_1_N001,BAYSHOR2_1_N001,BAYSHOR2_1_N001,DAM,MCL,LMP_LOSS_PRC,BAYSHOR2_1_N001,ALL,1,1.51252,384
2017-09-21T04:00:00-00:00,2017-09-21T05:00:00-00:00,2017-09-20,22,0,BAYSHOR2_1_N001,BAYSHOR2_1_N001,BAYSHOR2_1_N001,DAM,MCL,LMP_LOSS_PRC,BAYSHOR2_1_N001,ALL,1,1.18838,384
2017-09-20T12:00:00-00:00,2017-09-20T13:00:00-00:00,2017-09-20,6,0,BAYSHOR2_1_N001,BAYSHOR2_1_N001,BAYSHOR2_1_N001,DAM,MCL,LMP_LOSS_PRC,BAYSHOR2_1_N001,ALL,1,0.99612,384
2017-09-21T05:00:00-00:00,2017-09-21T06:00:00-00:00,2017-09-20,23,0,BAYSHOR2_1_N001,BAYSHOR2_1_N001,BAYSHOR2_1_N001,DAM,MCL,LMP_LOSS_PRC,BAYSHOR2_1_N001,ALL,1,1.21628,384
2017-09-21T06:00:00-00:00,2017-09-21T07:00:00-00:00,2017-09-20,24,0,BAYSHOR2_1_N001,BAYSHOR2_1_N001,BAYSHOR2_1_N001,DAM,MCL,LMP_LOSS_PRC,BAYSHOR2_1_N001,ALL,1,0.96851,384
2017-09-20T14:00:00-00:00,2017-09-20T15:00:00-00:00,2017-09-20,8,0,BAYSHOR2_1_N001,BAYSHOR2_1_N001,BAYSHOR2_1_N001,DAM,MCL,LMP_LOSS_PRC,BAYSHOR2_1_N001,ALL,1,1.67081,384
2017-09-21T03:00:00-00:00,2017-09-21T04:00:00-00:00,2017-09-20,21,0,BAYSHOR2_1_N001,BAYSHOR2_1_N001,BAYSHOR2_1_N001,DAM,MCL,LMP_LOSS_PRC,BAYSHOR2_1_N001,ALL,1,1.42122,384
2017-09-20T07:00:00-00:00,2017-09-20T08:00:00-00:00,2017-09-20,1,0,BAYSHOR2_1_N001,BAYSHOR2_1_N001,BAYSHOR2_1_N001,DAM,MCL,LMP_LOSS_PRC,BAYSHOR2_1_N001,ALL,1,1.00206,384
2017-09-20T10:00:00-00:00,2017-09-20T11:00:00-00:00,2017-09-20,4,0,BAYSHOR2_1_N001,BAYSHOR2_1_N001,BAYSHOR2_1_N001,DAM,MCL,LMP_LOSS_PRC,BAYSHOR2_1_N001,ALL,1,0.91137,384
2017-09-20T16:00:00-00:00,2017-09-20T17:00:00-00:00,2017-09-20,10,0,BAYSHOR2_1_N001,BAYSHOR2_1_N001,BAYSHOR2_1_N001,DAM,MCL,LMP_LOSS_PRC,BAYSHOR2_1_N001,ALL,1,1.80305,384
2017-09-20T09:00:00-00:00,2017-09-20T10:00:00-00:00,2017-09-20,3,0,BAYSHOR2_1_N001,BAYSHOR2_1_N001,BAYSHOR2_1_N001,DAM,MCL,LMP_LOSS_PRC,BAYSHOR2_1_N001,ALL,1,0.86595,384
2017-09-20T17:00:00-00:00,2017-09-20T18:00:00-00:00,2017-09-20,11,0,BAYSHOR2_1_N001,BAYSHOR2_1_N001,BAYSHOR2_1_N001,DAM,MCL,LMP_LOSS_PRC,BAYSHOR2_1_N001,ALL,1,1.71159,384
2017-09-20T18:00:00-00:00,2017-09-20T19:00:00-00:00,2017-09-20,12,0,BAYSHOR2_1_N001,BAYSHOR2_1_N001,BAYSHOR2_1_N001,DAM,MCL,LMP_LOSS_PRC,BAYSHOR2_1_N001,ALL,1,1.66978,384
2017-09-20T19:00:00-00:00,2017-09-20T20:00:00-00:00,2017-09-20,13,0,BAYSHOR2_1_N001,BAYSHOR2_1_N001,BAYSHOR2_1_N001,DAM,MCL,LMP_LOSS_PRC,BAYSHOR2_1_N001,ALL,1,1.54969,384
2017-09-20T23:00:00-00:00,2017-09-21T00:00:00-00:00,2017-09-20,17,0,BAYSHOR2_1_N001,BAYSHOR2_1_N001,BAYSHOR2_1_N001,DAM,MCL,LMP_LOSS_PRC,BAYSHOR2_1_N001,ALL,1,1.83365,384
2017-09-20T13:00:00-00:00,2017-09-20T14:00:00-00:00,2017-09-20,7,0,BAYSHOR2_1_N001,BAYSHOR2_1_N001,BAYSHOR2_1_N001,DAM,MCL,LMP_LOSS_PRC,BAYSHOR2_1_N001,ALL,1,1.50584,384
2017-09-20T21:00:00-00:00,2017-09-20T22:00:00-00:00,2017-09-20,15,0,BAYSHOR2_1_N001,BAYSHOR2_1_N001,BAYSHOR2_1_N001,DAM,MCL,LMP_LOSS_PRC,BAYSHOR2_1_N001,ALL,1,1.8408,384
2017-09-20T20:00:00-00:00,2017-09-20T21:00:00-00:00,2017-09-20,14,0,BAYSHOR2_1_N001,BAYSHOR2_1_N001,BAYSHOR2_1_N001,DAM,MCL,LMP_LOSS_PRC,BAYSHOR2_1_N001,ALL,1,1.61484,384
2017-09-20T22:00:00-00:00,2017-09-20T23:00:00-00:00,2017-09-20,16,0,TH_NP15_GEN-APND,TH_NP15_GEN-APND,TH_NP15_GEN-APND,DAM,LMP,LMP_PRC,TH_NP15_GEN-APND,ALL_APNODES,0,26.26907,385
2017-09-20T17:00:00-00:00,2017-09-20T18:00:00-00:00,2017-09-20,11,0,TH_NP15_GEN-APND,TH_NP15_GEN-APND,TH_NP15_GEN-APND,DAM,LMP,LMP_PRC,TH_NP15_GEN-APND,ALL_APNODES,0,23.42147,385
2017-09-20T10:00:00-00:00,2017-09-20T11:00:00-00:00,2017-09-20,4,0,TH_NP15_GEN-APND,TH_NP15_GEN-APND,TH_NP15_GEN-APND,DAM,LMP,LMP_PRC,TH_NP15_GEN-APND,ALL_APNODES,0,26.45105,385
2017-09-20T12:00:00-00:00,2017-09-20T13:00:00-00:00,2017-09-20,6,0,TH_NP15_GEN-APND,TH_NP15_GEN-APND,TH_NP15_GEN-APND,DAM,LMP,LMP_PRC,TH_NP15_GEN-APND,ALL_APNODES,0,30.3542,385
2017-09-20T13:00:00-00:00,2017-09-20T14:00:00-00:00,2017-09-20,7,0,TH_NP15_GEN-APND,TH_NP15_GEN-APND,TH_NP15_GEN-APND,DAM,LMP,LMP_PRC,TH_NP15_GEN-APND,ALL_APNODES,0,38.88864,385
2017-09-21T00:00:00-00:00,2017-09-21T01:00:00-00:00,2017-09-20,18,0,TH_NP15_GEN-APND,TH_NP15_GEN-APND,TH_NP15_GEN-APND,DAM,LMP,LMP_PRC,TH_NP15_GEN-APND,ALL_APNODES,0,32.89633,385
2017-09-21T01:00:00-00:00,2017-09-21T02:00:00-00:00,2017-09-20,19,0,TH_NP15_GEN-APND,TH_NP15_GEN-APND,TH_NP15_GEN-APND,DAM,LMP,LMP_PRC,TH_NP15_GEN-APND,ALL_APNODES,0,45.23218,385
2017-09-21T02:00:00-00:00,2017-09-21T03:00:00-00:00,2017-09-20,20,0,TH_NP15_GEN-APND,TH_NP15_GEN-APND,TH_NP15_GEN-APND,DAM,LMP,LMP_PRC,TH_NP15_GEN-APND,ALL_APNODES,0,53.29836,385
2017-09-21T03:00:00-00:00,2017-09-21T04:00:00-00:00,2017-09-20,21,0,TH_NP15_GEN-APND,TH_NP15_GEN-APND,TH_NP15_GEN-APND,DAM,LMP,LMP_PRC,TH_NP15_GEN-APND,ALL_APNODES,0,44.45146,385
2017-09-20T16:00:00-00:00,2017-09-20T17:00:00-00:00,2017-09-20,10,0,TH_NP15_GEN-APND,TH_NP15_GEN-APND,TH_NP15_GEN-APND,DAM,LMP,LMP_PRC,TH_NP15_GEN-APND,ALL_APNODES,0,23.71,385
2017-09-20T19:00:00-00:00,2017-09-20T20:00:00-00:00,2017-09-20,13,0,TH_NP15_GEN-APND,TH_NP15_GEN-APND,TH_NP15_GEN-APND,DAM,LMP,LMP_PRC,TH_NP15_GEN-APND,ALL_APNODES,0,23.58974,385
2017-09-20T20:00:00-00:00,2017-09-20T21:00:00-00:00,2017-09-20,14,0,TH_NP15_GEN-APND,TH_NP15_GEN-APND,TH_NP15_GEN-APND,DAM,LMP,LMP_PRC,TH_NP15_GEN-APND,ALL_APNODES,0,23.07457,385
2017-09-20T09:00:00-00:00,2017-09-20T10:00:00-00:00,2017-09-20,3,0,TH_NP15_GEN-APND,TH_NP15_GEN-APND,TH_NP15_GEN-APND,DAM,LMP,LMP_PRC,TH_NP15_GEN-APND,ALL_APNODES,0,26.47307,385
2017-09-20T21:00:00-00:00,2017-09-20T22:00:00-00:00,2017-09-20,15,0,TH_NP15_GEN-APND,TH_NP15_GEN-APND,TH_NP15_GEN-APND,DAM,LMP,LMP_PRC,TH_NP15_GEN-APND,ALL_APNODES,0,24.27012,385
2017-09-20T07:00:00-00:00,2017-09-20T08:00:00-00:00,2017-09-20,1,0,TH_NP15_GEN-APND,TH_NP15_GEN-APND,TH_NP15_GEN-APND,DAM,LMP,LMP_PRC,TH_NP15_GEN-APND,ALL_APNODES,0,27.31452,385
2017-09-21T04:00:00-00:00,2017-09-21T05:00:00-00:00,2017-09-20,22,0,TH_NP15_GEN-APND,TH_NP15_GEN-APND,TH_NP15_GEN-APND,DAM,LMP,LMP_PRC,TH_NP15_GEN-APND,ALL_APNODES,0,37.55742,385
2017-09-20T14:00:00-00:00,2017-09-20T15:00:00-00:00,2017-09-20,8,0,TH_NP15_GEN-APND,TH_NP15_GEN-APND,TH_NP15_GEN-APND,DAM,LMP,LMP_PRC,TH_NP15_GEN-APND,ALL_APNODES,0,37.93814,385
2017-09-20T18:00:00-00:00,2017-09-20T19:00:00-00:00,2017-09-20,12,0,TH_NP15_GEN-APND,TH_NP15_GEN-APND,TH_NP15_GEN-APND,DAM,LMP,LMP_PRC,TH_NP15_GEN-APND,ALL_APNODES,0,23.93157,385
2017-09-20T23:00:00-00:00,2017-09-21T00:00:00-00:00,2017-09-20,17,0,TH_NP15_GEN-APND,TH_NP15_GEN-APND,TH_NP15_GEN-APND,DAM,LMP,LMP_PRC,TH_NP15_GEN-APND,ALL_APNODES,0,26.43875,385
2017-09-21T06:00:00-00:00,2017-09-21T07:00:00-00:00,2017-09-20,24,0,TH_NP15_GEN-APND,TH_NP15_GEN-APND,TH_NP15_GEN-APND,DAM,LMP,LMP_PRC,TH_NP15_GEN-APND,ALL_APNODES,0,28.91445,385
2017-09-20T15:00:00-00:00,2017-09-20T16:00:00-00:00,2017-09-20,9,0,TH_NP15_GEN-APND,TH_NP15_GEN-APND,TH_NP15_GEN-APND,DAM,LMP,LMP_PRC,TH_NP15_GEN-APND,ALL_APNODES,0,26.92811,385
2017-09-21T05:00:00-00:00,2017-09-21T06:00:00-00:00,2017-09-20,23,0,TH_NP15_GEN-APND,TH_NP15_GEN-APND,TH_NP15_GEN-APND,DAM,LMP,LMP_PRC,TH_NP15_GEN-APND,ALL_APNODES,0,34.21514,385
2017-09-20T11:00:00-00:00,2017-09-20T12:00:00-00:00,2017-09-20,5,0,TH_NP15_GEN-APND,TH_NP15_GEN-APND,TH_NP15_GEN-APND,DAM,LMP,LMP_PRC,TH_NP15_GEN-APND,ALL_APNODES,0,25.61335,385
2017-09-20T08:00:00-00:00,2017-09-20T09:00:00-00:00,2017-09-20,2,0,TH_NP15_GEN-APND,TH_NP15_GEN-APND,TH_NP15_GEN-APND,DAM,LMP,LMP_PRC,TH_NP15_GEN-APND,ALL_APNODES,0,27.40915,385
2017-09-20T20:00:00-00:00,2017-09-20T21:00:00-00:00,2017-09-20,14,0,TH_NP15_GEN-APND,TH_NP15_GEN-APND,TH_NP15_GEN-APND,DAM,MCC,LMP_CONG_PRC,TH_NP15_GEN-APND,ALL_APNODES,0,-0.02746,386
2017-09-20T22:00:00-00:00,2017-09-20T23:00:00-00:00,2017-09-20,16,0,TH_NP15_GEN-APND,TH_NP15_GEN-APND,TH_NP15_GEN-APND,DAM,MCC,LMP_CONG_PRC,TH_NP15_GEN-APND,ALL_APNODES,0,-2.36427,386
2017-09-20T09:00:00-00:00,2017-09-20T10:00:00-00:00,2017-09-20,3,0,TH_NP15_GEN-APND,TH_NP15_GEN-APND,TH_NP15_GEN-APND,DAM,MCC,LMP_CONG_PRC,TH_NP15_GEN-APND,ALL_APNODES,0,0,386
2017-09-20T21:00:00-00:00,2017-09-20T22:00:00-00:00,2017-09-20,15,0,TH_NP15_GEN-APND,TH_NP15_GEN-APND,TH_NP15_GEN-APND,DAM,MCC,LMP_CONG_PRC,TH_NP15_GEN-APND,ALL_APNODES,0,-1.11344,386
2017-09-20T13:00:00-00:00,2017-09-20T14:00:00-00:00,2017-09-20,7,0,TH_NP15_GEN-APND,TH_NP15_GEN-APND,TH_NP15_GEN-APND,DAM,MCC,LMP_CONG_PRC,TH_NP15_GEN-APND,ALL_APNODES,0,-1.92246,386
2017-09-21T03:00:00-00:00,2017-09-21T04:00:00-00:00,2017-09-20,21,0,TH_NP15_GEN-APND,TH_NP15_GEN-APND,TH_NP15_GEN-APND,DAM,MCC,LMP_CONG_PRC,TH_NP15_GEN-APND,ALL_APNODES,0,-1.16319,386
2017-09-21T04:00:00-00:00,2017-09-21T05:00:00-00:00,2017-09-20,22,0,TH_NP15_GEN-APND,TH_NP15_GEN-APND,TH_NP15_GEN-APND,DAM,MCC,LMP_CONG_PRC,TH_NP15_GEN-APND,ALL_APNODES,0,-0.27793,386
2017-09-20T16:00:00-00:00,2017-09-20T17:00:00-00:00,2017-09-20,10,0,TH_NP15_GEN-APND,TH_NP15_GEN-APND,TH_NP15_GEN-APND,DAM,MCC,LMP_CONG_PRC,TH_NP15_GEN-APND,ALL_APNODES,0,-0.75348,386
2017-09-20T07:00:00-00:00,2017-09-20T08:00:00-00:00,2017-09-20,1,0,TH_NP15_GEN-APND,TH_NP15_GEN-APND,TH_NP15_GEN-APND,DAM,MCC,LMP_CONG_PRC,TH_NP15_GEN-APND,ALL_APNODES,0,0,386
2017-09-20T11:00:00-00:00,2017-09-20T12:00:00-00:00,2017-09-20,5,0,TH_NP15_GEN-APND,TH_NP15_GEN-APND,TH_NP15_GEN-APND,DAM,MCC,LMP_CONG_PRC,TH_NP15_GEN-APND,ALL_APNODES,0,0,386
2017-09-20T12:00:00-00:00,2017-09-20T13:00:00-00:00,2017-09-20,6,0,TH_NP15_GEN-APND,TH_NP15_GEN-APND,TH_NP15_GEN-APND,DAM,MCC,LMP_CONG_PRC,TH_NP15_GEN-APND,ALL_APNODES,0,-0.23065,386
2017-09-20T17:00:00-00:00,2017-09-20T18:00:00-00:00,2017-09-20,11,0,TH_NP15_GEN-APND,TH_NP15_GEN-APND,TH_NP15_GEN-APND,DAM,MCC,LMP_CONG_PRC,TH_NP15_GEN-APND,ALL_APNODES,0,1.16427,386
2017-09-20T19:00:00-00:00,2017-09-20T20:00:00-00:00,2017-09-20,13,0,TH_NP15_GEN-APND,TH_NP15_GEN-APND,TH_NP15_GEN-APND,DAM,MCC,LMP_CONG_PRC,TH_NP15_GEN-APND,ALL_APNODES,0,1.28076,386
2017-09-21T00:00:00-00:00,2017-09-21T01:00:00-00:00,2017-09-20,18,0,TH_NP15_GEN-APND,TH_NP15_GEN-APND,TH_NP15_GEN-APND,DAM,MCC,LMP_CONG_PRC,TH_NP15_GEN-APND,ALL_APNODES,0,-0.22741,386
2017-09-21T06:00:00-00:00,2017-09-21T07:00:00-00:00,2017-09-20,24,0,TH_NP15_GEN-APND,TH_NP15_GEN-APND,TH_NP15_GEN-APND,DAM,MCC,LMP_CONG_PRC,TH_NP15_GEN-APND,ALL_APNODES,0,0,386
2017-09-20T18:00:00-00:00,2017-09-20T19:00:00-00:00,2017-09-20,12,0,TH_NP15_GEN-APND,TH_NP15_GEN-APND,TH_NP15_GEN-APND,DAM,MCC,LMP_CONG_PRC,TH_NP15_GEN-APND,ALL_APNODES,0,0.56153,386
2017-09-21T01:00:00-00:00,2017-09-21T02:00:00-00:00,2017-09-20,19,0,TH_NP15_GEN-APND,TH_NP15_GEN-APND,TH_NP15_GEN-APND,DAM,MCC,LMP_CONG_PRC,TH_NP15_GEN-APND,ALL_APNODES,0,0,386
2017-09-21T05:00:00-00:00,2017-09-21T06:00:00-00:00,2017-09-20,23,0,TH_NP15_GEN-APND,TH_NP15_GEN-APND,TH_NP15_GEN-APND,DAM,MCC,LMP_CONG_PRC,TH_NP15_GEN-APND,ALL_APNODES,0,0,386
2017-09-20T14:00:00-00:00,2017-09-20T15:00:00-00:00,2017-09-20,8,0,TH_NP15_GEN-APND,TH_NP15_GEN-APND,TH_NP15_GEN-APND,DAM,MCC,LMP_CONG_PRC,TH_NP15_GEN-APND,ALL_APNODES,0,0,386
2017-09-20T15:00:00-00:00,2017-09-20T16:00:00-00:00,2017-09-20,9,0,TH_NP15_GEN-APND,TH_NP15_GEN-APND,TH_NP15_GEN-APND,DAM,MCC,LMP_CONG_PRC,TH_NP15_GEN-APND,ALL_APNODES,0,0,386
2017-09-20T08:00:00-00:00,2017-09-20T09:00:00-00:00,2017-09-20,2,0,TH_NP15_GEN-APND,TH_NP15_GEN-APND,TH_NP15_GEN-APND,DAM,MCC,LMP_CONG_PRC,TH_NP15_GEN-APND,ALL_APNODES,0,0,386
2017-09-20T10:00:00-00:00,2017-09-20T11:00:00-00:00,2017-09-20,4,0,TH_NP15_GEN-APND,TH_NP15_GEN-APND,TH_NP15_GEN-APND,DAM,MCC,LMP_CONG_PRC,TH_NP15_GEN-APND,ALL_APNODES,0,0,386
2017-09-21T02:00:00-00:00,2017-09-21T03:00:00-00:00,2017-09-20,20,0,TH_NP15_GEN-APND,TH_NP15_GEN-APND,TH_NP15_GEN-APND,DAM,MCC,LMP_CONG_PRC,TH_NP15_GEN-APND,ALL_APNODES,0,0,386
2017-09-20T23:00:00-00:00,2017-09-21T00:00:00-00:00,2017-09-20,17,0,TH_NP15_GEN-APND,TH_NP15_GEN-APND,TH_NP15_GEN-APND,DAM,MCC,LMP_CONG_PRC,TH_NP15_GEN-APND,ALL_APNODES,0,-2.43339,386
2017-09-20T08:00:00-00:00,2017-09-20T09:00:00-00:00,2017-09-20,2,0,TH_NP15_GEN-APND,TH_NP15_GEN-APND,TH_NP15_GEN-APND,DAM,MCE,LMP_ENE_PRC,TH_NP15_GEN-APND,ALL_APNODES,0,27.7561,387
2017-09-20T12:00:00-00:00,2017-09-20T13:00:00-00:00,2017-09-20,6,0,TH_NP15_GEN-APND,TH_NP15_GEN-APND,TH_NP15_GEN-APND,DAM,MCE,LMP_ENE_PRC,TH_NP15_GEN-APND,ALL_APNODES,0,31.03171,387
2017-09-20T20:00:00-00:00,2017-09-20T21:00:00-00:00,2017-09-20,14,0,TH_NP15_GEN-APND,TH_NP15_GEN-APND,TH_NP15_GEN-APND,DAM,MCE,LMP_ENE_PRC,TH_NP15_GEN-APND,ALL_APNODES,0,22.77633,387
2017-09-21T06:00:00-00:00,2017-09-21T07:00:00-00:00,2017-09-20,24,0,TH_NP15_GEN-APND,TH_NP15_GEN-APND,TH_NP15_GEN-APND,DAM,MCE,LMP_ENE_PRC,TH_NP15_GEN-APND,ALL_APNODES,0,29.34881,387
2017-09-20T19:00:00-00:00,2017-09-20T20:00:00-00:00,2017-09-20,13,0,TH_NP15_GEN-APND,TH_NP15_GEN-APND,TH_NP15_GEN-APND,DAM,MCE,LMP_ENE_PRC,TH_NP15_GEN-APND,ALL_APNODES,0,21.98145,387
2017-09-20T16:00:00-00:00,2017-09-20T17:00:00-00:00,2017-09-20,10,0,TH_NP15_GEN-APND,TH_NP15_GEN-APND,TH_NP15_GEN-APND,DAM,MCE,LMP_ENE_PRC,TH_NP15_GEN-APND,ALL_APNODES,0,23.97675,387
2017-09-21T02:00:00-00:00,2017-09-21T03:00:00-00:00,2017-09-20,20,0,TH_NP15_GEN-APND,TH_NP15_GEN-APND,TH_NP15_GEN-APND,DAM,MCE,LMP_ENE_PRC,TH_NP15_GEN-APND,ALL_APNODES,0,54.4973,387
2017-09-21T01:00:00-00:00,2017-09-21T02:00:00-00:00,2017-09-20,19,0,TH_NP15_GEN-APND,TH_NP15_GEN-APND,TH_NP15_GEN-APND,DAM,MCE,LMP_ENE_PRC,TH_NP15_GEN-APND,ALL_APNODES,0,46.2544,387
2017-09-20T07:00:00-00:00,2017-09-20T08:00:00-00:00,2017-09-20,1,0,TH_NP15_GEN-APND,TH_NP15_GEN-APND,TH_NP15_GEN-APND,DAM,MCE,LMP_ENE_PRC,TH_NP15_GEN-APND,ALL_APNODES,0,27.52925,387
2017-09-20T11:00:00-00:00,2017-09-20T12:00:00-00:00,2017-09-20,5,0,TH_NP15_GEN-APND,TH_NP15_GEN-APND,TH_NP15_GEN-APND,DAM,MCE,LMP_ENE_PRC,TH_NP15_GEN-APND,ALL_APNODES,0,25.95334,387
2017-09-20T10:00:00-00:00,2017-09-20T11:00:00-00:00,2017-09-20,4,0,TH_NP15_GEN-APND,TH_NP15_GEN-APND,TH_NP15_GEN-APND,DAM,MCE,LMP_ENE_PRC,TH_NP15_GEN-APND,ALL_APNODES,0,26.64824,387
2017-09-20T09:00:00-00:00,2017-09-20T10:00:00-00:00,2017-09-20,3,0,TH_NP15_GEN-APND,TH_NP15_GEN-APND,TH_NP15_GEN-APND,DAM,MCE,LMP_ENE_PRC,TH_NP15_GEN-APND,ALL_APNODES,0,26.72697,387
2017-09-21T05:00:00-00:00,2017-09-21T06:00:00-00:00,2017-09-20,23,0,TH_NP15_GEN-APND,TH_NP15_GEN-APND,TH_NP15_GEN-APND,DAM,MCE,LMP_ENE_PRC,TH_NP15_GEN-APND,ALL_APNODES,0,34.65175,387
2017-09-20T17:00:00-00:00,2017-09-20T18:00:00-00:00,2017-09-20,11,0,TH_NP15_GEN-APND,TH_NP15_GEN-APND,TH_NP15_GEN-APND,DAM,MCE,LMP_ENE_PRC,TH_NP15_GEN-APND,ALL_APNODES,0,21.83148,387
2017-09-20T14:00:00-00:00,2017-09-20T15:00:00-00:00,2017-09-20,8,0,TH_NP15_GEN-APND,TH_NP15_GEN-APND,TH_NP15_GEN-APND,DAM,MCE,LMP_ENE_PRC,TH_NP15_GEN-APND,ALL_APNODES,0,38.32136,387
2017-09-21T03:00:00-00:00,2017-09-21T04:00:00-00:00,2017-09-20,21,0,TH_NP15_GEN-APND,TH_NP15_GEN-APND,TH_NP15_GEN-APND,DAM,MCE,LMP_ENE_PRC,TH_NP15_GEN-APND,ALL_APNODES,0,46.7507,387
2017-09-21T00:00:00-00:00,2017-09-21T01:00:00-00:00,2017-09-20,18,0,TH_NP15_GEN-APND,TH_NP15_GEN-APND,TH_NP15_GEN-APND,DAM,MCE,LMP_ENE_PRC,TH_NP15_GEN-APND,ALL_APNODES,0,33.62133,387
2017-09-20T23:00:00-00:00,2017-09-21T00:00:00-00:00,2017-09-20,17,0,TH_NP15_GEN-APND,TH_NP15_GEN-APND,TH_NP15_GEN-APND,DAM,MCE,LMP_ENE_PRC,TH_NP15_GEN-APND,ALL_APNODES,0,28.60611,387
2017-09-20T21:00:00-00:00,2017-09-20T22:00:00-00:00,2017-09-20,15,0,TH_NP15_GEN-APND,TH_NP15_GEN-APND,TH_NP15_GEN-APND,DAM,MCE,LMP_ENE_PRC,TH_NP15_GEN-APND,ALL_APNODES,0,25.0109,387
2017-09-20T15:00:00-00:00,2017-09-20T16:00:00-00:00,2017-09-20,9,0,TH_NP15_GEN-APND,TH_NP15_GEN-APND,TH_NP15_GEN-APND,DAM,MCE,LMP_ENE_PRC,TH_NP15_GEN-APND,ALL_APNODES,0,26.66414,387
2017-09-20T18:00:00-00:00,2017-09-20T19:00:00-00:00,2017-09-20,12,0,TH_NP15_GEN-APND,TH_NP15_GEN-APND,TH_NP15_GEN-APND,DAM,MCE,LMP_ENE_PRC,TH_NP15_GEN-APND,ALL_APNODES,0,22.93655,387
2017-09-21T04:00:00-00:00,2017-09-21T05:00:00-00:00,2017-09-20,22,0,TH_NP15_GEN-APND,TH_NP15_GEN-APND,TH_NP15_GEN-APND,DAM,MCE,LMP_ENE_PRC,TH_NP15_GEN-APND,ALL_APNODES,0,38.58387,387
2017-09-20T13:00:00-00:00,2017-09-20T14:00:00-00:00,2017-09-20,7,0,TH_NP15_GEN-APND,TH_NP15_GEN-APND,TH_NP15_GEN-APND,DAM,MCE,LMP_ENE_PRC,TH_NP15_GEN-APND,ALL_APNODES,0,41.48312,387
2017-09-20T22:00:00-00:00,2017-09-20T23:00:00-00:00,2017-09-20,16,0,TH_NP15_GEN-APND,TH_NP15_GEN-APND,TH_NP15_GEN-APND,DAM,MCE,LMP_ENE_PRC,TH_NP15_GEN-APND,ALL_APNODES,0,28.29102,387
2017-09-20T13:00:00-00:00,2017-09-20T14:00:00-00:00,2017-09-20,7,0,TH_NP15_GEN-APND,TH_NP15_GEN-APND,TH_NP15_GEN-APND,DAM,MCL,LMP_LOSS_PRC,TH_NP15_GEN-APND,ALL_APNODES,0,-0.67203,388
2017-09-20T20:00:00-00:00,2017-09-20T21:00:00-00:00,2017-09-20,14,0,TH_NP15_GEN-APND,TH_NP15_GEN-APND,TH_NP15_GEN-APND,DAM,MCL,LMP_LOSS_PRC,TH_NP15_GEN-APND,ALL_APNODES,0,0.3257,388
2017-09-20T12:00:00-00:00,2017-09-20T13:00:00-00:00,2017-09-20,6,0,TH_NP15_GEN-APND,TH_NP15_GEN-APND,TH_NP15_GEN-APND,DAM,MCL,LMP_LOSS_PRC,TH_NP15_GEN-APND,ALL_APNODES,0,-0.44686,388
2017-09-20T08:00:00-00:00,2017-09-20T09:00:00-00:00,2017-09-20,2,0,TH_NP15_GEN-APND,TH_NP15_GEN-APND,TH_NP15_GEN-APND,DAM,MCL,LMP_LOSS_PRC,TH_NP15_GEN-APND,ALL_APNODES,0,-0.34695,388
2017-09-20T15:00:00-00:00,2017-09-20T16:00:00-00:00,2017-09-20,9,0,TH_NP15_GEN-APND,TH_NP15_GEN-APND,TH_NP15_GEN-APND,DAM,MCL,LMP_LOSS_PRC,TH_NP15_GEN-APND,ALL_APNODES,0,0.26397,388
2017-09-21T04:00:00-00:00,2017-09-21T05:00:00-00:00,2017-09-20,22,0,TH_NP15_GEN-APND,TH_NP15_GEN-APND,TH_NP15_GEN-APND,DAM,MCL,LMP_LOSS_PRC,TH_NP15_GEN-APND,ALL_APNODES,0,-0.74853,388
2017-09-20T07:00:00-00:00,2017-09-20T08:00:00-00:00,2017-09-20,1,0,TH_NP15_GEN-APND,TH_NP15_GEN-APND,TH_NP15_GEN-APND,DAM,MCL,LMP_LOSS_PRC,TH_NP15_GEN-APND,ALL_APNODES,0,-0.21473,388
2017-09-21T05:00:00-00:00,2017-09-21T06:00:00-00:00,2017-09-20,23,0,TH_NP15_GEN-APND,TH_NP15_GEN-APND,TH_NP15_GEN-APND,DAM,MCL,LMP_LOSS_PRC,TH_NP15_GEN-APND,ALL_APNODES,0,-0.43661,388
2017-09-21T03:00:00-00:00,2017-09-21T04:00:00-00:00,2017-09-20,21,0,TH_NP15_GEN-APND,TH_NP15_GEN-APND,TH_NP15_GEN-APND,DAM,MCL,LMP_LOSS_PRC,TH_NP15_GEN-APND,ALL_APNODES,0,-1.13604,388
2017-09-21T00:00:00-00:00,2017-09-21T01:00:00-00:00,2017-09-20,18,0,TH_NP15_GEN-APND,TH_NP15_GEN-APND,TH_NP15_GEN-APND,DAM,MCL,LMP_LOSS_PRC,TH_NP15_GEN-APND,ALL_APNODES,0,-0.4976,388
2017-09-20T11:00:00-00:00,2017-09-20T12:00:00-00:00,2017-09-20,5,0,TH_NP15_GEN-APND,TH_NP15_GEN-APND,TH_NP15_GEN-APND,DAM,MCL,LMP_LOSS_PRC,TH_NP15_GEN-APND,ALL_APNODES,0,-0.33999,388
2017-09-20T09:00:00-00:00,2017-09-20T10:00:00-00:00,2017-09-20,3,0,TH_NP15_GEN-APND,TH_NP15_GEN-APND,TH_NP15_GEN-APND,DAM,MCL,LMP_LOSS_PRC,TH_NP15_GEN-APND,ALL_APNODES,0,-0.25391,388
2017-09-20T18:00:00-00:00,2017-09-20T19:00:00-00:00,2017-09-20,12,0,TH_NP15_GEN-APND,TH_NP15_GEN-APND,TH_NP15_GEN-APND,DAM,MCL,LMP_LOSS_PRC,TH_NP15_GEN-APND,ALL_APNODES,0,0.4335,388
2017-09-20T14:00:00-00:00,2017-09-20T15:00:00-00:00,2017-09-20,8,0,TH_NP15_GEN-APND,TH_NP15_GEN-APND,TH_NP15_GEN-APND,DAM,MCL,LMP_LOSS_PRC,TH_NP15_GEN-APND,ALL_APNODES,0,-0.38321,388
2017-09-21T06:00:00-00:00,2017-09-21T07:00:00-00:00,2017-09-20,24,0,TH_NP15_GEN-APND,TH_NP15_GEN-APND,TH_NP15_GEN-APND,DAM,MCL,LMP_LOSS_PRC,TH_NP15_GEN-APND,ALL_APNODES,0,-0.43436,388
2017-09-21T01:00:00-00:00,2017-09-21T02:00:00-00:00,2017-09-20,19,0,TH_NP15_GEN-APND,TH_NP15_GEN-APND,TH_NP15_GEN-APND,DAM,MCL,LMP_LOSS_PRC,TH_NP15_GEN-APND,ALL_APNODES,0,-1.02222,388
2017-09-20T21:00:00-00:00,2017-09-20T22:00:00-00:00,2017-09-20,15,0,TH_NP15_GEN-APND,TH_NP15_GEN-APND,TH_NP15_GEN-APND,DAM,MCL,LMP_LOSS_PRC,TH_NP15_GEN-APND,ALL_APNODES,0,0.37266,388
2017-09-20T17:00:00-00:00,2017-09-20T18:00:00-00:00,2017-09-20,11,0,TH_NP15_GEN-APND,TH_NP15_GEN-APND,TH_NP15_GEN-APND,DAM,MCL,LMP_LOSS_PRC,TH_NP15_GEN-APND,ALL_APNODES,0,0.42571,388
2017-09-20T16:00:00-00:00,2017-09-20T17:00:00-00:00,2017-09-20,10,0,TH_NP15_GEN-APND,TH_NP15_GEN-APND,TH_NP15_GEN-APND,DAM,MCL,LMP_LOSS_PRC,TH_NP15_GEN-APND,ALL_APNODES,0,0.48673,388
2017-09-20T23:00:00-00:00,2017-09-21T00:00:00-00:00,2017-09-20,17,0,TH_NP15_GEN-APND,TH_NP15_GEN-APND,TH_NP15_GEN-APND,DAM,MCL,LMP_LOSS_PRC,TH_NP15_GEN-APND,ALL_APNODES,0,0.26604,388
2017-09-20T19:00:00-00:00,2017-09-20T20:00:00-00:00,2017-09-20,13,0,TH_NP15_GEN-APND,TH_NP15_GEN-APND,TH_NP15_GEN-APND,DAM,MCL,LMP_LOSS_PRC,TH_NP15_GEN-APND,ALL_APNODES,0,0.32752,388
2017-09-21T02:00:00-00:00,2017-09-21T03:00:00-00:00,2017-09-20,20,0,TH_NP15_GEN-APND,TH_NP15_GEN-APND,TH_NP15_GEN-APND,DAM,MCL,LMP_LOSS_PRC,TH_NP15_GEN-APND,ALL_APNODES,0,-1.19894,388
2017-09-20T22:00:00-00:00,2017-09-20T23:00:00-00:00,2017-09-20,16,0,TH_NP15_GEN-APND,TH_NP15_GEN-APND,TH_NP15_GEN-APND,DAM,MCL,LMP_LOSS_PRC,TH_NP15_GEN-APND,ALL_APNODES,0,0.34232,388
2017-09-20T10:00:00-00:00,2017-09-20T11:00:00-00:00,2017-09-20,4,0,TH_NP15_GEN-APND,TH_NP15_GEN-APND,TH_NP15_GEN-APND,DAM,MCL,LMP_LOSS_PRC,TH_NP15_GEN-APND,ALL_APNODES,0,-0.1972,388
2017-09-20T17:00:00-00:00,2017-09-20T18:00:00-00:00,2017-09-20,11,0,TH_SP15_GEN-APND,TH_SP15_GEN-APND,TH_SP15_GEN-APND,DAM,LMP,LMP_PRC,TH_SP15_GEN-APND,ALL_APNODES,0,19.24189,389
2017-09-21T03:00:00-00:00,2017-09-21T04:00:00-00:00,2017-09-20,21,0,TH_SP15_GEN-APND,TH_SP15_GEN-APND,TH_SP15_GEN-APND,DAM,LMP,LMP_PRC,TH_SP15_GEN-APND,ALL_APNODES,0,45.28273,389
2017-09-21T00:00:00-00:00,2017-09-21T01:00:00-00:00,2017-09-20,18,0,TH_SP15_GEN-APND,TH_SP15_GEN-APND,TH_SP15_GEN-APND,DAM,LMP,LMP_PRC,TH_SP15_GEN-APND,ALL_APNODES,0,32.39416,389
2017-09-20T09:00:00-00:00,2017-09-20T10:00:00-00:00,2017-09-20,3,0,TH_SP15_GEN-APND,TH_SP15_GEN-APND,TH_SP15_GEN-APND,DAM,LMP,LMP_PRC,TH_SP15_GEN-APND,ALL_APNODES,0,26,389
2017-09-20T10:00:00-00:00,2017-09-20T11:00:00-00:00,2017-09-20,4,0,TH_SP15_GEN-APND,TH_SP15_GEN-APND,TH_SP15_GEN-APND,DAM,LMP,LMP_PRC,TH_SP15_GEN-APND,ALL_APNODES,0,25.89943,389
2017-09-20T12:00:00-00:00,2017-09-20T13:00:00-00:00,2017-09-20,6,0,TH_SP15_GEN-APND,TH_SP15_GEN-APND,TH_SP15_GEN-APND,DAM,LMP,LMP_PRC,TH_SP15_GEN-APND,ALL_APNODES,0,30.36003,389
2017-09-20T13:00:00-00:00,2017-09-20T14:00:00-00:00,2017-09-20,7,0,TH_SP15_GEN-APND,TH_SP15_GEN-APND,TH_SP15_GEN-APND,DAM,LMP,LMP_PRC,TH_SP15_GEN-APND,ALL_APNODES,0,40.80826,389
2017-09-20T07:00:00-00:00,2017-09-20T08:00:00-00:00,2017-09-20,1,0,TH_SP15_GEN-APND,TH_SP15_GEN-APND,TH_SP15_GEN-APND,DAM,LMP,LMP_PRC,TH_SP15_GEN-APND,ALL_APNODES,0,26.68961,389
2017-09-20T14:00:00-00:00,2017-09-20T15:00:00-00:00,2017-09-20,8,0,TH_SP15_GEN-APND,TH_SP15_GEN-APND,TH_SP15_GEN-APND,DAM,LMP,LMP_PRC,TH_SP15_GEN-APND,ALL_APNODES,0,36.9073,389
2017-09-21T06:00:00-00:00,2017-09-21T07:00:00-00:00,2017-09-20,24,0,TH_SP15_GEN-APND,TH_SP15_GEN-APND,TH_SP15_GEN-APND,DAM,LMP,LMP_PRC,TH_SP15_GEN-APND,ALL_APNODES,0,28.49183,389
2017-09-21T05:00:00-00:00,2017-09-21T06:00:00-00:00,2017-09-20,23,0,TH_SP15_GEN-APND,TH_SP15_GEN-APND,TH_SP15_GEN-APND,DAM,LMP,LMP_PRC,TH_SP15_GEN-APND,ALL_APNODES,0,33.48745,389
2017-09-20T15:00:00-00:00,2017-09-20T16:00:00-00:00,2017-09-20,9,0,TH_SP15_GEN-APND,TH_SP15_GEN-APND,TH_SP15_GEN-APND,DAM,LMP,LMP_PRC,TH_SP15_GEN-APND,ALL_APNODES,0,25.23227,389
2017-09-20T22:00:00-00:00,2017-09-20T23:00:00-00:00,2017-09-20,16,0,TH_SP15_GEN-APND,TH_SP15_GEN-APND,TH_SP15_GEN-APND,DAM,LMP,LMP_PRC,TH_SP15_GEN-APND,ALL_APNODES,0,26.78876,389
2017-09-21T04:00:00-00:00,2017-09-21T05:00:00-00:00,2017-09-20,22,0,TH_SP15_GEN-APND,TH_SP15_GEN-APND,TH_SP15_GEN-APND,DAM,LMP,LMP_PRC,TH_SP15_GEN-APND,ALL_APNODES,0,37.33376,389
2017-09-20T21:00:00-00:00,2017-09-20T22:00:00-00:00,2017-09-20,15,0,TH_SP15_GEN-APND,TH_SP15_GEN-APND,TH_SP15_GEN-APND,DAM,LMP,LMP_PRC,TH_SP15_GEN-APND,ALL_APNODES,0,22.58736,389
2017-09-20T16:00:00-00:00,2017-09-20T17:00:00-00:00,2017-09-20,10,0,TH_SP15_GEN-APND,TH_SP15_GEN-APND,TH_SP15_GEN-APND,DAM,LMP,LMP_PRC,TH_SP15_GEN-APND,ALL_APNODES,0,23.03648,389
2017-09-20T20:00:00-00:00,2017-09-20T21:00:00-00:00,2017-09-20,14,0,TH_SP15_GEN-APND,TH_SP15_GEN-APND,TH_SP15_GEN-APND,DAM,LMP,LMP_PRC,TH_SP15_GEN-APND,ALL_APNODES,0,19.87,389
2017-09-20T23:00:00-00:00,2017-09-21T00:00:00-00:00,2017-09-20,17,0,TH_SP15_GEN-APND,TH_SP15_GEN-APND,TH_SP15_GEN-APND,DAM,LMP,LMP_PRC,TH_SP15_GEN-APND,ALL_APNODES,0,27.13003,389
2017-09-20T08:00:00-00:00,2017-09-20T09:00:00-00:00,2017-09-20,2,0,TH_SP15_GEN-APND,TH_SP15_GEN-APND,TH_SP15_GEN-APND,DAM,LMP,LMP_PRC,TH_SP15_GEN-APND,ALL_APNODES,0,27.02889,389
2017-09-21T01:00:00-00:00,2017-09-21T02:00:00-00:00,2017-09-20,19,0,TH_SP15_GEN-APND,TH_SP15_GEN-APND,TH_SP15_GEN-APND,DAM,LMP,LMP_PRC,TH_SP15_GEN-APND,ALL_APNODES,0,44.75113,389
2017-09-21T02:00:00-00:00,2017-09-21T03:00:00-00:00,2017-09-20,20,0,TH_SP15_GEN-APND,TH_SP15_GEN-APND,TH_SP15_GEN-APND,DAM,LMP,LMP_PRC,TH_SP15_GEN-APND,ALL_APNODES,0,52.73159,389
2017-09-20T18:00:00-00:00,2017-09-20T19:00:00-00:00,2017-09-20,12,0,TH_SP15_GEN-APND,TH_SP15_GEN-APND,TH_SP15_GEN-APND,DAM,LMP,LMP_PRC,TH_SP15_GEN-APND,ALL_APNODES,0,19.97421,389
2017-09-20T11:00:00-00:00,2017-09-20T12:00:00-00:00,2017-09-20,5,0,TH_SP15_GEN-APND,TH_SP15_GEN-APND,TH_SP15_GEN-APND,DAM,LMP,LMP_PRC,TH_SP15_GEN-APND,ALL_APNODES,0,25.27076,389
2017-09-20T19:00:00-00:00,2017-09-20T20:00:00-00:00,2017-09-20,13,0,TH_SP15_GEN-APND,TH_SP15_GEN-APND,TH_SP15_GEN-APND,DAM,LMP,LMP_PRC,TH_SP15_GEN-APND,ALL_APNODES,0,18.42675,389
2017-09-20T15:00:00-00:00,2017-09-20T16:00:00-00:00,2017-09-20,9,0,TH_SP15_GEN-APND,TH_SP15_GEN-APND,TH_SP15_GEN-APND,DAM,MCC,LMP_CONG_PRC,TH_SP15_GEN-APND,ALL_APNODES,0,0,390
2017-09-20T22:00:00-00:00,2017-09-20T23:00:00-00:00,2017-09-20,16,0,TH_SP15_GEN-APND,TH_SP15_GEN-APND,TH_SP15_GEN-APND,DAM,MCC,LMP_CONG_PRC,TH_SP15_GEN-APND,ALL_APNODES,0,0,390
2017-09-20T23:00:00-00:00,2017-09-21T00:00:00-00:00,2017-09-20,17,0,TH_SP15_GEN-APND,TH_SP15_GEN-APND,TH_SP15_GEN-APND,DAM,MCC,LMP_CONG_PRC,TH_SP15_GEN-APND,ALL_APNODES,0,0,390
2017-09-20T12:00:00-00:00,2017-09-20T13:00:00-00:00,2017-09-20,6,0,TH_SP15_GEN-APND,TH_SP15_GEN-APND,TH_SP15_GEN-APND,DAM,MCC,LMP_CONG_PRC,TH_SP15_GEN-APND,ALL_APNODES,0,0.15377,390
2017-09-20T14:00:00-00:00,2017-09-20T15:00:00-00:00,2017-09-20,8,0,TH_SP15_GEN-APND,TH_SP15_GEN-APND,TH_SP15_GEN-APND,DAM,MCC,LMP_CONG_PRC,TH_SP15_GEN-APND,ALL_APNODES,0,0,390
2017-09-21T02:00:00-00:00,2017-09-21T03:00:00-00:00,2017-09-20,20,0,TH_SP15_GEN-APND,TH_SP15_GEN-APND,TH_SP15_GEN-APND,DAM,MCC,LMP_CONG_PRC,TH_SP15_GEN-APND,ALL_APNODES,0,0,390
2017-09-21T05:00:00-00:00,2017-09-21T06:00:00-00:00,2017-09-20,23,0,TH_SP15_GEN-APND,TH_SP15_GEN-APND,TH_SP15_GEN-APND,DAM,MCC,LMP_CONG_PRC,TH_SP15_GEN-APND,ALL_APNODES,0,0,390
2017-09-20T17:00:00-00:00,2017-09-20T18:00:00-00:00,2017-09-20,11,0,TH_SP15_GEN-APND,TH_SP15_GEN-APND,TH_SP15_GEN-APND,DAM,MCC,LMP_CONG_PRC,TH_SP15_GEN-APND,ALL_APNODES,0,-1.29717,390
2017-09-20T16:00:00-00:00,2017-09-20T17:00:00-00:00,2017-09-20,10,0,TH_SP15_GEN-APND,TH_SP15_GEN-APND,TH_SP15_GEN-APND,DAM,MCC,LMP_CONG_PRC,TH_SP15_GEN-APND,ALL_APNODES,0,0.43839,390
2017-09-20T07:00:00-00:00,2017-09-20T08:00:00-00:00,2017-09-20,1,0,TH_SP15_GEN-APND,TH_SP15_GEN-APND,TH_SP15_GEN-APND,DAM,MCC,LMP_CONG_PRC,TH_SP15_GEN-APND,ALL_APNODES,0,0,390
2017-09-20T19:00:00-00:00,2017-09-20T20:00:00-00:00,2017-09-20,13,0,TH_SP15_GEN-APND,TH_SP15_GEN-APND,TH_SP15_GEN-APND,DAM,MCC,LMP_CONG_PRC,TH_SP15_GEN-APND,ALL_APNODES,0,-2.33912,390
2017-09-20T08:00:00-00:00,2017-09-20T09:00:00-00:00,2017-09-20,2,0,TH_SP15_GEN-APND,TH_SP15_GEN-APND,TH_SP15_GEN-APND,DAM,MCC,LMP_CONG_PRC,TH_SP15_GEN-APND,ALL_APNODES,0,0,390
2017-09-20T09:00:00-00:00,2017-09-20T10:00:00-00:00,2017-09-20,3,0,TH_SP15_GEN-APND,TH_SP15_GEN-APND,TH_SP15_GEN-APND,DAM,MCC,LMP_CONG_PRC,TH_SP15_GEN-APND,ALL_APNODES,0,0,390
2017-09-20T13:00:00-00:00,2017-09-20T14:00:00-00:00,2017-09-20,7,0,TH_SP15_GEN-APND,TH_SP15_GEN-APND,TH_SP15_GEN-APND,DAM,MCC,LMP_CONG_PRC,TH_SP15_GEN-APND,ALL_APNODES,0,0.57793,390
2017-09-21T01:00:00-00:00,2017-09-21T02:00:00-00:00,2017-09-20,19,0,TH_SP15_GEN-APND,TH_SP15_GEN-APND,TH_SP15_GEN-APND,DAM,MCC,LMP_CONG_PRC,TH_SP15_GEN-APND,ALL_APNODES,0,0,390
2017-09-20T18:00:00-00:00,2017-09-20T19:00:00-00:00,2017-09-20,12,0,TH_SP15_GEN-APND,TH_SP15_GEN-APND,TH_SP15_GEN-APND,DAM,MCC,LMP_CONG_PRC,TH_SP15_GEN-APND,ALL_APNODES,0,-1.64119,390
2017-09-20T10:00:00-00:00,2017-09-20T11:00:00-00:00,2017-09-20,4,0,TH_SP15_GEN-APND,TH_SP15_GEN-APND,TH_SP15_GEN-APND,DAM,MCC,LMP_CONG_PRC,TH_SP15_GEN-APND,ALL_APNODES,0,0,390
2017-09-20T11:00:00-00:00,2017-09-20T12:00:00-00:00,2017-09-20,5,0,TH_SP15_GEN-APND,TH_SP15_GEN-APND,TH_SP15_GEN-APND,DAM,MCC,LMP_CONG_PRC,TH_SP15_GEN-APND,ALL_APNODES,0,0,390
2017-09-21T06:00:00-00:00,2017-09-21T07:00:00-00:00,2017-09-20,24,0,TH_SP15_GEN-APND,TH_SP15_GEN-APND,TH_SP15_GEN-APND,DAM,MCC,LMP_CONG_PRC,TH_SP15_GEN-APND,ALL_APNODES,0,0,390
2017-09-20T21:00:00-00:00,2017-09-20T22:00:00-00:00,2017-09-20,15,0,TH_SP15_GEN-APND,TH_SP15_GEN-APND,TH_SP15_GEN-APND,DAM,MCC,LMP_CONG_PRC,TH_SP15_GEN-APND,ALL_APNODES,0,-1.04544,390
2017-09-21T04:00:00-00:00,2017-09-21T05:00:00-00:00,2017-09-20,22,0,TH_SP15_GEN-APND,TH_SP15_GEN-APND,TH_SP15_GEN-APND,DAM,MCC,LMP_CONG_PRC,TH_SP15_GEN-APND,ALL_APNODES,0,0,390
2017-09-20T20:00:00-00:00,2017-09-20T21:00:00-00:00,2017-09-20,14,0,TH_SP15_GEN-APND,TH_SP15_GEN-APND,TH_SP15_GEN-APND,DAM,MCC,LMP_CONG_PRC,TH_SP15_GEN-APND,ALL_APNODES,0,-1.65591,390
2017-09-21T00:00:00-00:00,2017-09-21T01:00:00-00:00,2017-09-20,18,0,TH_SP15_GEN-APND,TH_SP15_GEN-APND,TH_SP15_GEN-APND,DAM,MCC,LMP_CONG_PRC,TH_SP15_GEN-APND,ALL_APNODES,0,0,390
2017-09-21T03:00:00-00:00,2017-09-21T04:00:00-00:00,2017-09-20,21,0,TH_SP15_GEN-APND,TH_SP15_GEN-APND,TH_SP15_GEN-APND,DAM,MCC,LMP_CONG_PRC,TH_SP15_GEN-APND,ALL_APNODES,0,0,390
2017-09-21T05:00:00-00:00,2017-09-21T06:00:00-00:00,2017-09-20,23,0,TH_SP15_GEN-APND,TH_SP15_GEN-APND,TH_SP15_GEN-APND,DAM,MCE,LMP_ENE_PRC,TH_SP15_GEN-APND,ALL_APNODES,0,34.65175,391
2017-09-21T04:00:00-00:00,2017-09-21T05:00:00-00:00,2017-09-20,22,0,TH_SP15_GEN-APND,TH_SP15_GEN-APND,TH_SP15_GEN-APND,DAM,MCE,LMP_ENE_PRC,TH_SP15_GEN-APND,ALL_APNODES,0,38.58387,391
2017-09-20T15:00:00-00:00,2017-09-20T16:00:00-00:00,2017-09-20,9,0,TH_SP15_GEN-APND,TH_SP15_GEN-APND,TH_SP15_GEN-APND,DAM,MCE,LMP_ENE_PRC,TH_SP15_GEN-APND,ALL_APNODES,0,26.66414,391
2017-09-21T06:00:00-00:00,2017-09-21T07:00:00-00:00,2017-09-20,24,0,TH_SP15_GEN-APND,TH_SP15_GEN-APND,TH_SP15_GEN-APND,DAM,MCE,LMP_ENE_PRC,TH_SP15_GEN-APND,ALL_APNODES,0,29.34881,391
2017-09-21T02:00:00-00:00,2017-09-21T03:00:00-00:00,2017-09-20,20,0,TH_SP15_GEN-APND,TH_SP15_GEN-APND,TH_SP15_GEN-APND,DAM,MCE,LMP_ENE_PRC,TH_SP15_GEN-APND,ALL_APNODES,0,54.4973,391
2017-09-21T01:00:00-00:00,2017-09-21T02:00:00-00:00,2017-09-20,19,0,TH_SP15_GEN-APND,TH_SP15_GEN-APND,TH_SP15_GEN-APND,DAM,MCE,LMP_ENE_PRC,TH_SP15_GEN-APND,ALL_APNODES,0,46.2544,391
2017-09-20T11:00:00-00:00,2017-09-20T12:00:00-00:00,2017-09-20,5,0,TH_SP15_GEN-APND,TH_SP15_GEN-APND,TH_SP15_GEN-APND,DAM,MCE,LMP_ENE_PRC,TH_SP15_GEN-APND,ALL_APNODES,0,25.95334,391
2017-09-20T10:00:00-00:00,2017-09-20T11:00:00-00:00,2017-09-20,4,0,TH_SP15_GEN-APND,TH_SP15_GEN-APND,TH_SP15_GEN-APND,DAM,MCE,LMP_ENE_PRC,TH_SP15_GEN-APND,ALL_APNODES,0,26.64824,391
2017-09-20T19:00:00-00:00,2017-09-20T20:00:00-00:00,2017-09-20,13,0,TH_SP15_GEN-APND,TH_SP15_GEN-APND,TH_SP15_GEN-APND,DAM,MCE,LMP_ENE_PRC,TH_SP15_GEN-APND,ALL_APNODES,0,21.98145,391
2017-09-20T13:00:00-00:00,2017-09-20T14:00:00-00:00,2017-09-20,7,0,TH_SP15_GEN-APND,TH_SP15_GEN-APND,TH_SP15_GEN-APND,DAM,MCE,LMP_ENE_PRC,TH_SP15_GEN-APND,ALL_APNODES,0,41.48312,391
2017-09-20T21:00:00-00:00,2017-09-20T22:00:00-00:00,2017-09-20,15,0,TH_SP15_GEN-APND,TH_SP15_GEN-APND,TH_SP15_GEN-APND,DAM,MCE,LMP_ENE_PRC,TH_SP15_GEN-APND,ALL_APNODES,0,25.0109,391
2017-09-20T18:00:00-00:00,2017-09-20T19:00:00-00:00,2017-09-20,12,0,TH_SP15_GEN-APND,TH_SP15_GEN-APND,TH_SP15_GEN-APND,DAM,MCE,LMP_ENE_PRC,TH_SP15_GEN-APND,ALL_APNODES,0,22.93655,391
2017-09-20T16:00:00-00:00,2017-09-20T17:00:00-00:00,2017-09-20,10,0,TH_SP15_GEN-APND,TH_SP15_GEN-APND,TH_SP15_GEN-APND,DAM,MCE,LMP_ENE_PRC,TH_SP15_GEN-APND,ALL_APNODES,0,23.97675,391
2017-09-21T03:00:00-00:00,2017-09-21T04:00:00-00:00,2017-09-20,21,0,TH_SP15_GEN-APND,TH_SP15_GEN-APND,TH_SP15_GEN-APND,DAM,MCE,LMP_ENE_PRC,TH_SP15_GEN-APND,ALL_APNODES,0,46.7507,391
2017-09-21T00:00:00-00:00,2017-09-21T01:00:00-00:00,2017-09-20,18,0,TH_SP15_GEN-APND,TH_SP15_GEN-APND,TH_SP15_GEN-APND,DAM,MCE,LMP_ENE_PRC,TH_SP15_GEN-APND,ALL_APNODES,0,33.62133,391
2017-09-20T14:00:00-00:00,2017-09-20T15:00:00-00:00,2017-09-20,8,0,TH_SP15_GEN-APND,TH_SP15_GEN-APND,TH_SP15_GEN-APND,DAM,MCE,LMP_ENE_PRC,TH_SP15_GEN-APND,ALL_APNODES,0,38.32136,391
2017-09-20T08:00:00-00:00,2017-09-20T09:00:00-00:00,2017-09-20,2,0,TH_SP15_GEN-APND,TH_SP15_GEN-APND,TH_SP15_GEN-APND,DAM,MCE,LMP_ENE_PRC,TH_SP15_GEN-APND,ALL_APNODES,0,27.7561,391
2017-09-20T07:00:00-00:00,2017-09-20T08:00:00-00:00,2017-09-20,1,0,TH_SP15_GEN-APND,TH_SP15_GEN-APND,TH_SP15_GEN-APND,DAM,MCE,LMP_ENE_PRC,TH_SP15_GEN-APND,ALL_APNODES,0,27.52925,391
2017-09-20T23:00:00-00:00,2017-09-21T00:00:00-00:00,2017-09-20,17,0,TH_SP15_GEN-APND,TH_SP15_GEN-APND,TH_SP15_GEN-APND,DAM,MCE,LMP_ENE_PRC,TH_SP15_GEN-APND,ALL_APNODES,0,28.60611,391
2017-09-20T17:00:00-00:00,2017-09-20T18:00:00-00:00,2017-09-20,11,0,TH_SP15_GEN-APND,TH_SP15_GEN-APND,TH_SP15_GEN-APND,DAM,MCE,LMP_ENE_PRC,TH_SP15_GEN-APND,ALL_APNODES,0,21.83148,391
2017-09-20T12:00:00-00:00,2017-09-20T13:00:00-00:00,2017-09-20,6,0,TH_SP15_GEN-APND,TH_SP15_GEN-APND,TH_SP15_GEN-APND,DAM,MCE,LMP_ENE_PRC,TH_SP15_GEN-APND,ALL_APNODES,0,31.03171,391
2017-09-20T22:00:00-00:00,2017-09-20T23:00:00-00:00,2017-09-20,16,0,TH_SP15_GEN-APND,TH_SP15_GEN-APND,TH_SP15_GEN-APND,DAM,MCE,LMP_ENE_PRC,TH_SP15_GEN-APND,ALL_APNODES,0,28.29102,391
2017-09-20T20:00:00-00:00,2017-09-20T21:00:00-00:00,2017-09-20,14,0,TH_SP15_GEN-APND,TH_SP15_GEN-APND,TH_SP15_GEN-APND,DAM,MCE,LMP_ENE_PRC,TH_SP15_GEN-APND,ALL_APNODES,0,22.77633,391
2017-09-20T09:00:00-00:00,2017-09-20T10:00:00-00:00,2017-09-20,3,0,TH_SP15_GEN-APND,TH_SP15_GEN-APND,TH_SP15_GEN-APND,DAM,MCE,LMP_ENE_PRC,TH_SP15_GEN-APND,ALL_APNODES,0,26.72697,391
2017-09-20T08:00:00-00:00,2017-09-20T09:00:00-00:00,2017-09-20,2,0,TH_SP15_GEN-APND,TH_SP15_GEN-APND,TH_SP15_GEN-APND,DAM,MCL,LMP_LOSS_PRC,TH_SP15_GEN-APND,ALL_APNODES,0,-0.72721,392
2017-09-20T20:00:00-00:00,2017-09-20T21:00:00-00:00,2017-09-20,14,0,TH_SP15_GEN-APND,TH_SP15_GEN-APND,TH_SP15_GEN-APND,DAM,MCL,LMP_LOSS_PRC,TH_SP15_GEN-APND,ALL_APNODES,0,-1.25042,392
2017-09-20T15:00:00-00:00,2017-09-20T16:00:00-00:00,2017-09-20,9,0,TH_SP15_GEN-APND,TH_SP15_GEN-APND,TH_SP15_GEN-APND,DAM,MCL,LMP_LOSS_PRC,TH_SP15_GEN-APND,ALL_APNODES,0,-1.43186,392
2017-09-20T07:00:00-00:00,2017-09-20T08:00:00-00:00,2017-09-20,1,0,TH_SP15_GEN-APND,TH_SP15_GEN-APND,TH_SP15_GEN-APND,DAM,MCL,LMP_LOSS_PRC,TH_SP15_GEN-APND,ALL_APNODES,0,-0.83964,392
2017-09-21T00:00:00-00:00,2017-09-21T01:00:00-00:00,2017-09-20,18,0,TH_SP15_GEN-APND,TH_SP15_GEN-APND,TH_SP15_GEN-APND,DAM,MCL,LMP_LOSS_PRC,TH_SP15_GEN-APND,ALL_APNODES,0,-1.22718,392
2017-09-21T04:00:00-00:00,2017-09-21T05:00:00-00:00,2017-09-20,22,0,TH_SP15_GEN-APND,TH_SP15_GEN-APND,TH_SP15_GEN-APND,DAM,MCL,LMP_LOSS_PRC,TH_SP15_GEN-APND,ALL_APNODES,0,-1.25012,392
2017-09-20T22:00:00-00:00,2017-09-20T23:00:00-00:00,2017-09-20,16,0,TH_SP15_GEN-APND,TH_SP15_GEN-APND,TH_SP15_GEN-APND,DAM,MCL,LMP_LOSS_PRC,TH_SP15_GEN-APND,ALL_APNODES,0,-1.50225,392
2017-09-20T21:00:00-00:00,2017-09-20T22:00:00-00:00,2017-09-20,15,0,TH_SP15_GEN-APND,TH_SP15_GEN-APND,TH_SP15_GEN-APND,DAM,MCL,LMP_LOSS_PRC,TH_SP15_GEN-APND,ALL_APNODES,0,-1.3781,392
2017-09-20T19:00:00-00:00,2017-09-20T20:00:00-00:00,2017-09-20,13,0,TH_SP15_GEN-APND,TH_SP15_GEN-APND,TH_SP15_GEN-APND,DAM,MCL,LMP_LOSS_PRC,TH_SP15_GEN-APND,ALL_APNODES,0,-1.21557,392
2017-09-20T18:00:00-00:00,2017-09-20T19:00:00-00:00,2017-09-20,12,0,TH_SP15_GEN-APND,TH_SP15_GEN-APND,TH_SP15_GEN-APND,DAM,MCL,LMP_LOSS_PRC,TH_SP15_GEN-APND,ALL_APNODES,0,-1.32115,392
2017-09-20T16:00:00-00:00,2017-09-20T17:00:00-00:00,2017-09-20,10,0,TH_SP15_GEN-APND,TH_SP15_GEN-APND,TH_SP15_GEN-APND,DAM,MCL,LMP_LOSS_PRC,TH_SP15_GEN-APND,ALL_APNODES,0,-1.37866,392
2017-09-20T13:00:00-00:00,2017-09-20T14:00:00-00:00,2017-09-20,7,0,TH_SP15_GEN-APND,TH_SP15_GEN-APND,TH_SP15_GEN-APND,DAM,MCL,LMP_LOSS_PRC,TH_SP15_GEN-APND,ALL_APNODES,0,-1.25279,392
2017-09-20T17:00:00-00:00,2017-09-20T18:00:00-00:00,2017-09-20,11,0,TH_SP15_GEN-APND,TH_SP15_GEN-APND,TH_SP15_GEN-APND,DAM,MCL,LMP_LOSS_PRC,TH_SP15_GEN-APND,ALL_APNODES,0,-1.29242,392
2017-09-21T03:00:00-00:00,2017-09-21T04:00:00-00:00,2017-09-20,21,0,TH_SP15_GEN-APND,TH_SP15_GEN-APND,TH_SP15_GEN-APND,DAM,MCL,LMP_LOSS_PRC,TH_SP15_GEN-APND,ALL_APNODES,0,-1.46797,392
2017-09-20T14:00:00-00:00,2017-09-20T15:00:00-00:00,2017-09-20,8,0,TH_SP15_GEN-APND,TH_SP15_GEN-APND,TH_SP15_GEN-APND,DAM,MCL,LMP_LOSS_PRC,TH_SP15_GEN-APND,ALL_APNODES,0,-1.41406,392
2017-09-21T01:00:00-00:00,2017-09-21T02:00:00-00:00,2017-09-20,19,0,TH_SP15_GEN-APND,TH_SP15_GEN-APND,TH_SP15_GEN-APND,DAM,MCL,LMP_LOSS_PRC,TH_SP15_GEN-APND,ALL_APNODES,0,-1.50327,392
2017-09-20T09:00:00-00:00,2017-09-20T10:00:00-00:00,2017-09-20,3,0,TH_SP15_GEN-APND,TH_SP15_GEN-APND,TH_SP15_GEN-APND,DAM,MCL,LMP_LOSS_PRC,TH_SP15_GEN-APND,ALL_APNODES,0,-0.72697,392
2017-09-20T23:00:00-00:00,2017-09-21T00:00:00-00:00,2017-09-20,17,0,TH_SP15_GEN-APND,TH_SP15_GEN-APND,TH_SP15_GEN-APND,DAM,MCL,LMP_LOSS_PRC,TH_SP15_GEN-APND,ALL_APNODES,0,-1.47608,392
2017-09-20T12:00:00-00:00,2017-09-20T13:00:00-00:00,2017-09-20,6,0,TH_SP15_GEN-APND,TH_SP15_GEN-APND,TH_SP15_GEN-APND,DAM,MCL,LMP_LOSS_PRC,TH_SP15_GEN-APND,ALL_APNODES,0,-0.82544,392
2017-09-20T10:00:00-00:00,2017-09-20T11:00:00-00:00,2017-09-20,4,0,TH_SP15_GEN-APND,TH_SP15_GEN-APND,TH_SP15_GEN-APND,DAM,MCL,LMP_LOSS_PRC,TH_SP15_GEN-APND,ALL_APNODES,0,-0.74882,392
2017-09-21T02:00:00-00:00,2017-09-21T03:00:00-00:00,2017-09-20,20,0,TH_SP15_GEN-APND,TH_SP15_GEN-APND,TH_SP15_GEN-APND,DAM,MCL,LMP_LOSS_PRC,TH_SP15_GEN-APND,ALL_APNODES,0,-1.76571,392
2017-09-20T11:00:00-00:00,2017-09-20T12:00:00-00:00,2017-09-20,5,0,TH_SP15_GEN-APND,TH_SP15_GEN-APND,TH_SP15_GEN-APND,DAM,MCL,LMP_LOSS_PRC,TH_SP15_GEN-APND,ALL_APNODES,0,-0.68257,392
2017-09-21T06:00:00-00:00,2017-09-21T07:00:00-00:00,2017-09-20,24,0,TH_SP15_GEN-APND,TH_SP15_GEN-APND,TH_SP15_GEN-APND,DAM,MCL,LMP_LOSS_PRC,TH_SP15_GEN-APND,ALL_APNODES,0,-0.85699,392
2017-09-21T05:00:00-00:00,2017-09-21T06:00:00-00:00,2017-09-20,23,0,TH_SP15_GEN-APND,TH_SP15_GEN-APND,TH_SP15_GEN-APND,DAM,MCL,LMP_LOSS_PRC,TH_SP15_GEN-APND,ALL_APNODES,0,-1.1643,392
2017-09-20T16:00:00-00:00,2017-09-20T17:00:00-00:00,2017-09-20,10,0,TH_ZP26_GEN-APND,TH_ZP26_GEN-APND,TH_ZP26_GEN-APND,DAM,LMP,LMP_PRC,TH_ZP26_GEN-APND,ALL_APNODES,0,19.55759,393
2017-09-20T17:00:00-00:00,2017-09-20T18:00:00-00:00,2017-09-20,11,0,TH_ZP26_GEN-APND,TH_ZP26_GEN-APND,TH_ZP26_GEN-APND,DAM,LMP,LMP_PRC,TH_ZP26_GEN-APND,ALL_APNODES,0,13.52609,393
2017-09-20T14:00:00-00:00,2017-09-20T15:00:00-00:00,2017-09-20,8,0,TH_ZP26_GEN-APND,TH_ZP26_GEN-APND,TH_ZP26_GEN-APND,DAM,LMP,LMP_PRC,TH_ZP26_GEN-APND,ALL_APNODES,0,36.95712,393
2017-09-21T04:00:00-00:00,2017-09-21T05:00:00-00:00,2017-09-20,22,0,TH_ZP26_GEN-APND,TH_ZP26_GEN-APND,TH_ZP26_GEN-APND,DAM,LMP,LMP_PRC,TH_ZP26_GEN-APND,ALL_APNODES,0,37.25659,393
2017-09-20T22:00:00-00:00,2017-09-20T23:00:00-00:00,2017-09-20,16,0,TH_ZP26_GEN-APND,TH_ZP26_GEN-APND,TH_ZP26_GEN-APND,DAM,LMP,LMP_PRC,TH_ZP26_GEN-APND,ALL_APNODES,0,19.79477,393
2017-09-20T10:00:00-00:00,2017-09-20T11:00:00-00:00,2017-09-20,4,0,TH_ZP26_GEN-APND,TH_ZP26_GEN-APND,TH_ZP26_GEN-APND,DAM,LMP,LMP_PRC,TH_ZP26_GEN-APND,ALL_APNODES,0,25.77418,393
2017-09-21T02:00:00-00:00,2017-09-21T03:00:00-00:00,2017-09-20,20,0,TH_ZP26_GEN-APND,TH_ZP26_GEN-APND,TH_ZP26_GEN-APND,DAM,LMP,LMP_PRC,TH_ZP26_GEN-APND,ALL_APNODES,0,52.47,393
2017-09-20T15:00:00-00:00,2017-09-20T16:00:00-00:00,2017-09-20,9,0,TH_ZP26_GEN-APND,TH_ZP26_GEN-APND,TH_ZP26_GEN-APND,DAM,LMP,LMP_PRC,TH_ZP26_GEN-APND,ALL_APNODES,0,25.33093,393
2017-09-21T06:00:00-00:00,2017-09-21T07:00:00-00:00,2017-09-20,24,0,TH_ZP26_GEN-APND,TH_ZP26_GEN-APND,TH_ZP26_GEN-APND,DAM,LMP,LMP_PRC,TH_ZP26_GEN-APND,ALL_APNODES,0,28.34215,393
2017-09-20T21:00:00-00:00,2017-09-20T22:00:00-00:00,2017-09-20,15,0,TH_ZP26_GEN-APND,TH_ZP26_GEN-APND,TH_ZP26_GEN-APND,DAM,LMP,LMP_PRC,TH_ZP26_GEN-APND,ALL_APNODES,0,15.61345,393
2017-09-20T23:00:00-00:00,2017-09-21T00:00:00-00:00,2017-09-20,17,0,TH_ZP26_GEN-APND,TH_ZP26_GEN-APND,TH_ZP26_GEN-APND,DAM,LMP,LMP_PRC,TH_ZP26_GEN-APND,ALL_APNODES,0,24.23959,393
2017-09-21T00:00:00-00:00,2017-09-21T01:00:00-00:00,2017-09-20,18,0,TH_ZP26_GEN-APND,TH_ZP26_GEN-APND,TH_ZP26_GEN-APND,DAM,LMP,LMP_PRC,TH_ZP26_GEN-APND,ALL_APNODES,0,31.76742,393
2017-09-20T19:00:00-00:00,2017-09-20T20:00:00-00:00,2017-09-20,13,0,TH_ZP26_GEN-APND,TH_ZP26_GEN-APND,TH_ZP26_GEN-APND,DAM,LMP,LMP_PRC,TH_ZP26_GEN-APND,ALL_APNODES,0,13.59399,393
2017-09-20T07:00:00-00:00,2017-09-20T08:00:00-00:00,2017-09-20,1,0,TH_ZP26_GEN-APND,TH_ZP26_GEN-APND,TH_ZP26_GEN-APND,DAM,LMP,LMP_PRC,TH_ZP26_GEN-APND,ALL_APNODES,0,26.585,393
2017-09-20T18:00:00-00:00,2017-09-20T19:00:00-00:00,2017-09-20,12,0,TH_ZP26_GEN-APND,TH_ZP26_GEN-APND,TH_ZP26_GEN-APND,DAM,LMP,LMP_PRC,TH_ZP26_GEN-APND,ALL_APNODES,0,13.94788,393
2017-09-20T09:00:00-00:00,2017-09-20T10:00:00-00:00,2017-09-20,3,0,TH_ZP26_GEN-APND,TH_ZP26_GEN-APND,TH_ZP26_GEN-APND,DAM,LMP,LMP_PRC,TH_ZP26_GEN-APND,ALL_APNODES,0,25.86102,393
2017-09-20T13:00:00-00:00,2017-09-20T14:00:00-00:00,2017-09-20,7,0,TH_ZP26_GEN-APND,TH_ZP26_GEN-APND,TH_ZP26_GEN-APND,DAM,LMP,LMP_PRC,TH_ZP26_GEN-APND,ALL_APNODES,0,39.27115,393
2017-09-20T20:00:00-00:00,2017-09-20T21:00:00-00:00,2017-09-20,14,0,TH_ZP26_GEN-APND,TH_ZP26_GEN-APND,TH_ZP26_GEN-APND,DAM,LMP,LMP_PRC,TH_ZP26_GEN-APND,ALL_APNODES,0,14.22002,393
2017-09-20T08:00:00-00:00,2017-09-20T09:00:00-00:00,2017-09-20,2,0,TH_ZP26_GEN-APND,TH_ZP26_GEN-APND,TH_ZP26_GEN-APND,DAM,LMP,LMP_PRC,TH_ZP26_GEN-APND,ALL_APNODES,0,26.86513,393
2017-09-20T11:00:00-00:00,2017-09-20T12:00:00-00:00,2017-09-20,5,0,TH_ZP26_GEN-APND,TH_ZP26_GEN-APND,TH_ZP26_GEN-APND,DAM,LMP,LMP_PRC,TH_ZP26_GEN-APND,ALL_APNODES,0,25.06314,393
2017-09-21T01:00:00-00:00,2017-09-21T02:00:00-00:00,2017-09-20,19,0,TH_ZP26_GEN-APND,TH_ZP26_GEN-APND,TH_ZP26_GEN-APND,DAM,LMP,LMP_PRC,TH_ZP26_GEN-APND,ALL_APNODES,0,44.45973,393
2017-09-21T03:00:00-00:00,2017-09-21T04:00:00-00:00,2017-09-20,21,0,TH_ZP26_GEN-APND,TH_ZP26_GEN-APND,TH_ZP26_GEN-APND,DAM,LMP,LMP_PRC,TH_ZP26_GEN-APND,ALL_APNODES,0,45.09572,393
2017-09-21T05:00:00-00:00,2017-09-21T06:00:00-00:00,2017-09-20,23,0,TH_ZP26_GEN-APND,TH_ZP26_GEN-APND,TH_ZP26_GEN-APND,DAM,LMP,LMP_PRC,TH_ZP26_GEN-APND,ALL_APNODES,0,33.40429,393
2017-09-20T12:00:00-00:00,2017-09-20T13:00:00-00:00,2017-09-20,6,0,TH_ZP26_GEN-APND,TH_ZP26_GEN-APND,TH_ZP26_GEN-APND,DAM,LMP,LMP_PRC,TH_ZP26_GEN-APND,ALL_APNODES,0,29.8329,393
2017-09-20T22:00:00-00:00,2017-09-20T23:00:00-00:00,2017-09-20,16,0,TH_ZP26_GEN-APND,TH_ZP26_GEN-APND,TH_ZP26_GEN-APND,DAM,MCC,LMP_CONG_PRC,TH_ZP26_GEN-APND,ALL_APNODES,0,-6.85536,394
2017-09-20T08:00:00-00:00,2017-09-20T09:00:00-00:00,2017-09-20,2,0,TH_ZP26_GEN-APND,TH_ZP26_GEN-APND,TH_ZP26_GEN-APND,DAM,MCC,LMP_CONG_PRC,TH_ZP26_GEN-APND,ALL_APNODES,0,0,394
2017-09-20T09:00:00-00:00,2017-09-20T10:00:00-00:00,2017-09-20,3,0,TH_ZP26_GEN-APND,TH_ZP26_GEN-APND,TH_ZP26_GEN-APND,DAM,MCC,LMP_CONG_PRC,TH_ZP26_GEN-APND,ALL_APNODES,0,0,394
2017-09-20T11:00:00-00:00,2017-09-20T12:00:00-00:00,2017-09-20,5,0,TH_ZP26_GEN-APND,TH_ZP26_GEN-APND,TH_ZP26_GEN-APND,DAM,MCC,LMP_CONG_PRC,TH_ZP26_GEN-APND,ALL_APNODES,0,0,394
2017-09-21T01:00:00-00:00,2017-09-21T02:00:00-00:00,2017-09-20,19,0,TH_ZP26_GEN-APND,TH_ZP26_GEN-APND,TH_ZP26_GEN-APND,DAM,MCC,LMP_CONG_PRC,TH_ZP26_GEN-APND,ALL_APNODES,0,0,394
2017-09-21T05:00:00-00:00,2017-09-21T06:00:00-00:00,2017-09-20,23,0,TH_ZP26_GEN-APND,TH_ZP26_GEN-APND,TH_ZP26_GEN-APND,DAM,MCC,LMP_CONG_PRC,TH_ZP26_GEN-APND,ALL_APNODES,0,0,394
2017-09-20T12:00:00-00:00,2017-09-20T13:00:00-00:00,2017-09-20,6,0,TH_ZP26_GEN-APND,TH_ZP26_GEN-APND,TH_ZP26_GEN-APND,DAM,MCC,LMP_CONG_PRC,TH_ZP26_GEN-APND,ALL_APNODES,0,-0.19648,394
2017-09-21T00:00:00-00:00,2017-09-21T01:00:00-00:00,2017-09-20,18,0,TH_ZP26_GEN-APND,TH_ZP26_GEN-APND,TH_ZP26_GEN-APND,DAM,MCC,LMP_CONG_PRC,TH_ZP26_GEN-APND,ALL_APNODES,0,-0.22328,394
2017-09-20T18:00:00-00:00,2017-09-20T19:00:00-00:00,2017-09-20,12,0,TH_ZP26_GEN-APND,TH_ZP26_GEN-APND,TH_ZP26_GEN-APND,DAM,MCC,LMP_CONG_PRC,TH_ZP26_GEN-APND,ALL_APNODES,0,-7.65376,394
2017-09-20T21:00:00-00:00,2017-09-20T22:00:00-00:00,2017-09-20,15,0,TH_ZP26_GEN-APND,TH_ZP26_GEN-APND,TH_ZP26_GEN-APND,DAM,MCC,LMP_CONG_PRC,TH_ZP26_GEN-APND,ALL_APNODES,0,-7.93682,394
2017-09-20T13:00:00-00:00,2017-09-20T14:00:00-00:00,2017-09-20,7,0,TH_ZP26_GEN-APND,TH_ZP26_GEN-APND,TH_ZP26_GEN-APND,DAM,MCC,LMP_CONG_PRC,TH_ZP26_GEN-APND,ALL_APNODES,0,-0.87621,394
2017-09-21T02:00:00-00:00,2017-09-21T03:00:00-00:00,2017-09-20,20,0,TH_ZP26_GEN-APND,TH_ZP26_GEN-APND,TH_ZP26_GEN-APND,DAM,MCC,LMP_CONG_PRC,TH_ZP26_GEN-APND,ALL_APNODES,0,0,394
2017-09-20T07:00:00-00:00,2017-09-20T08:00:00-00:00,2017-09-20,1,0,TH_ZP26_GEN-APND,TH_ZP26_GEN-APND,TH_ZP26_GEN-APND,DAM,MCC,LMP_CONG_PRC,TH_ZP26_GEN-APND,ALL_APNODES,0,0,394
2017-09-20T14:00:00-00:00,2017-09-20T15:00:00-00:00,2017-09-20,8,0,TH_ZP26_GEN-APND,TH_ZP26_GEN-APND,TH_ZP26_GEN-APND,DAM,MCC,LMP_CONG_PRC,TH_ZP26_GEN-APND,ALL_APNODES,0,0,394
2017-09-20T19:00:00-00:00,2017-09-20T20:00:00-00:00,2017-09-20,13,0,TH_ZP26_GEN-APND,TH_ZP26_GEN-APND,TH_ZP26_GEN-APND,DAM,MCC,LMP_CONG_PRC,TH_ZP26_GEN-APND,ALL_APNODES,0,-7.12353,394
2017-09-20T23:00:00-00:00,2017-09-21T00:00:00-00:00,2017-09-20,17,0,TH_ZP26_GEN-APND,TH_ZP26_GEN-APND,TH_ZP26_GEN-APND,DAM,MCC,LMP_CONG_PRC,TH_ZP26_GEN-APND,ALL_APNODES,0,-2.75599,394
2017-09-20T10:00:00-00:00,2017-09-20T11:00:00-00:00,2017-09-20,4,0,TH_ZP26_GEN-APND,TH_ZP26_GEN-APND,TH_ZP26_GEN-APND,DAM,MCC,LMP_CONG_PRC,TH_ZP26_GEN-APND,ALL_APNODES,0,0,394
2017-09-21T06:00:00-00:00,2017-09-21T07:00:00-00:00,2017-09-20,24,0,TH_ZP26_GEN-APND,TH_ZP26_GEN-APND,TH_ZP26_GEN-APND,DAM,MCC,LMP_CONG_PRC,TH_ZP26_GEN-APND,ALL_APNODES,0,0,394
2017-09-20T15:00:00-00:00,2017-09-20T16:00:00-00:00,2017-09-20,9,0,TH_ZP26_GEN-APND,TH_ZP26_GEN-APND,TH_ZP26_GEN-APND,DAM,MCC,LMP_CONG_PRC,TH_ZP26_GEN-APND,ALL_APNODES,0,0,394
2017-09-20T17:00:00-00:00,2017-09-20T18:00:00-00:00,2017-09-20,11,0,TH_ZP26_GEN-APND,TH_ZP26_GEN-APND,TH_ZP26_GEN-APND,DAM,MCC,LMP_CONG_PRC,TH_ZP26_GEN-APND,ALL_APNODES,0,-7.0348,394
2017-09-20T20:00:00-00:00,2017-09-20T21:00:00-00:00,2017-09-20,14,0,TH_ZP26_GEN-APND,TH_ZP26_GEN-APND,TH_ZP26_GEN-APND,DAM,MCC,LMP_CONG_PRC,TH_ZP26_GEN-APND,ALL_APNODES,0,-7.24895,394
2017-09-21T03:00:00-00:00,2017-09-21T04:00:00-00:00,2017-09-20,21,0,TH_ZP26_GEN-APND,TH_ZP26_GEN-APND,TH_ZP26_GEN-APND,DAM,MCC,LMP_CONG_PRC,TH_ZP26_GEN-APND,ALL_APNODES,0,0,394
2017-09-21T04:00:00-00:00,2017-09-21T05:00:00-00:00,2017-09-20,22,0,TH_ZP26_GEN-APND,TH_ZP26_GEN-APND,TH_ZP26_GEN-APND,DAM,MCC,LMP_CONG_PRC,TH_ZP26_GEN-APND,ALL_APNODES,0,0,394
2017-09-20T16:00:00-00:00,2017-09-20T17:00:00-00:00,2017-09-20,10,0,TH_ZP26_GEN-APND,TH_ZP26_GEN-APND,TH_ZP26_GEN-APND,DAM,MCC,LMP_CONG_PRC,TH_ZP26_GEN-APND,ALL_APNODES,0,-3.02852,394
2017-09-20T12:00:00-00:00,2017-09-20T13:00:00-00:00,2017-09-20,6,0,TH_ZP26_GEN-APND,TH_ZP26_GEN-APND,TH_ZP26_GEN-APND,DAM,MCE,LMP_ENE_PRC,TH_ZP26_GEN-APND,ALL_APNODES,0,31.03171,395
2017-09-20T15:00:00-00:00,2017-09-20T16:00:00-00:00,2017-09-20,9,0,TH_ZP26_GEN-APND,TH_ZP26_GEN-APND,TH_ZP26_GEN-APND,DAM,MCE,LMP_ENE_PRC,TH_ZP26_GEN-APND,ALL_APNODES,0,26.66414,395
2017-09-20T22:00:00-00:00,2017-09-20T23:00:00-00:00,2017-09-20,16,0,TH_ZP26_GEN-APND,TH_ZP26_GEN-APND,TH_ZP26_GEN-APND,DAM,MCE,LMP_ENE_PRC,TH_ZP26_GEN-APND,ALL_APNODES,0,28.29102,395
2017-09-20T09:00:00-00:00,2017-09-20T10:00:00-00:00,2017-09-20,3,0,TH_ZP26_GEN-APND,TH_ZP26_GEN-APND,TH_ZP26_GEN-APND,DAM,MCE,LMP_ENE_PRC,TH_ZP26_GEN-APND,ALL_APNODES,0,26.72697,395
2017-09-20T13:00:00-00:00,2017-09-20T14:00:00-00:00,2017-09-20,7,0,TH_ZP26_GEN-APND,TH_ZP26_GEN-APND,TH_ZP26_GEN-APND,DAM,MCE,LMP_ENE_PRC,TH_ZP26_GEN-APND,ALL_APNODES,0,41.48312,395
2017-09-20T21:00:00-00:00,2017-09-20T22:00:00-00:00,2017-09-20,15,0,TH_ZP26_GEN-APND,TH_ZP26_GEN-APND,TH_ZP26_GEN-APND,DAM,MCE,LMP_ENE_PRC,TH_ZP26_GEN-APND,ALL_APNODES,0,25.0109,395
2017-09-20T08:00:00-00:00,2017-09-20T09:00:00-00:00,2017-09-20,2,0,TH_ZP26_GEN-APND,TH_ZP26_GEN-APND,TH_ZP26_GEN-APND,DAM,MCE,LMP_ENE_PRC,TH_ZP26_GEN-APND,ALL_APNODES,0,27.7561,395
2017-09-20T07:00:00-00:00,2017-09-20T08:00:00-00:00,2017-09-20,1,0,TH_ZP26_GEN-APND,TH_ZP26_GEN-APND,TH_ZP26_GEN-APND,DAM,MCE,LMP_ENE_PRC,TH_ZP26_GEN-APND,ALL_APNODES,0,27.52925,395
2017-09-20T20:00:00-00:00,2017-09-20T21:00:00-00:00,2017-09-20,14,0,TH_ZP26_GEN-APND,TH_ZP26_GEN-APND,TH_ZP26_GEN-APND,DAM,MCE,LMP_ENE_PRC,TH_ZP26_GEN-APND,ALL_APNODES,0,22.77633,395
2017-09-20T19:00:00-00:00,2017-09-20T20:00:00-00:00,2017-09-20,13,0,TH_ZP26_GEN-APND,TH_ZP26_GEN-APND,TH_ZP26_GEN-APND,DAM,MCE,LMP_ENE_PRC,TH_ZP26_GEN-APND,ALL_APNODES,0,21.98145,395
2017-09-20T18:00:00-00:00,2017-09-20T19:00:00-00:00,2017-09-20,12,0,TH_ZP26_GEN-APND,TH_ZP26_GEN-APND,TH_ZP26_GEN-APND,DAM,MCE,LMP_ENE_PRC,TH_ZP26_GEN-APND,ALL_APNODES,0,22.93655,395
2017-09-21T06:00:00-00:00,2017-09-21T07:00:00-00:00,2017-09-20,24,0,TH_ZP26_GEN-APND,TH_ZP26_GEN-APND,TH_ZP26_GEN-APND,DAM,MCE,LMP_ENE_PRC,TH_ZP26_GEN-APND,ALL_APNODES,0,29.34881,395
2017-09-21T00:00:00-00:00,2017-09-21T01:00:00-00:00,2017-09-20,18,0,TH_ZP26_GEN-APND,TH_ZP26_GEN-APND,TH_ZP26_GEN-APND,DAM,MCE,LMP_ENE_PRC,TH_ZP26_GEN-APND,ALL_APNODES,0,33.62133,395
2017-09-20T14:00:00-00:00,2017-09-20T15:00:00-00:00,2017-09-20,8,0,TH_ZP26_GEN-APND,TH_ZP26_GEN-APND,TH_ZP26_GEN-APND,DAM,MCE,LMP_ENE_PRC,TH_ZP26_GEN-APND,ALL_APNODES,0,38.32136,395
2017-09-20T10:00:00-00:00,2017-09-20T11:00:00-00:00,2017-09-20,4,0,TH_ZP26_GEN-APND,TH_ZP26_GEN-APND,TH_ZP26_GEN-APND,DAM,MCE,LMP_ENE_PRC,TH_ZP26_GEN-APND,ALL_APNODES,0,26.64824,395
2017-09-20T16:00:00-00:00,2017-09-20T17:00:00-00:00,2017-09-20,10,0,TH_ZP26_GEN-APND,TH_ZP26_GEN-APND,TH_ZP26_GEN-APND,DAM,MCE,LMP_ENE_PRC,TH_ZP26_GEN-APND,ALL_APNODES,0,23.97675,395
2017-09-20T23:00:00-00:00,2017-09-21T00:00:00-00:00,2017-09-20,17,0,TH_ZP26_GEN-APND,TH_ZP26_GEN-APND,TH_ZP26_GEN-APND,DAM,MCE,LMP_ENE_PRC,TH_ZP26_GEN-APND,ALL_APNODES,0,28.60611,395
2017-09-21T03:00:00-00:00,2017-09-21T04:00:00-00:00,2017-09-20,21,0,TH_ZP26_GEN-APND,TH_ZP26_GEN-APND,TH_ZP26_GEN-APND,DAM,MCE,LMP_ENE_PRC,TH_ZP26_GEN-APND,ALL_APNODES,0,46.7507,395
2017-09-20T17:00:00-00:00,2017-09-20T18:00:00-00:00,2017-09-20,11,0,TH_ZP26_GEN-APND,TH_ZP26_GEN-APND,TH_ZP26_GEN-APND,DAM,MCE,LMP_ENE_PRC,TH_ZP26_GEN-APND,ALL_APNODES,0,21.83148,395
2017-09-21T02:00:00-00:00,2017-09-21T03:00:00-00:00,2017-09-20,20,0,TH_ZP26_GEN-APND,TH_ZP26_GEN-APND,TH_ZP26_GEN-APND,DAM,MCE,LMP_ENE_PRC,TH_ZP26_GEN-APND,ALL_APNODES,0,54.4973,395
2017-09-21T05:00:00-00:00,2017-09-21T06:00:00-00:00,2017-09-20,23,0,TH_ZP26_GEN-APND,TH_ZP26_GEN-APND,TH_ZP26_GEN-APND,DAM,MCE,LMP_ENE_PRC,TH_ZP26_GEN-APND,ALL_APNODES,0,34.65175,395
2017-09-21T04:00:00-00:00,2017-09-21T05:00:00-00:00,2017-09-20,22,0,TH_ZP26_GEN-APND,TH_ZP26_GEN-APND,TH_ZP26_GEN-APND,DAM,MCE,LMP_ENE_PRC,TH_ZP26_GEN-APND,ALL_APNODES,0,38.58387,395
2017-09-20T11:00:00-00:00,2017-09-20T12:00:00-00:00,2017-09-20,5,0,TH_ZP26_GEN-APND,TH_ZP26_GEN-APND,TH_ZP26_GEN-APND,DAM,MCE,LMP_ENE_PRC,TH_ZP26_GEN-APND,ALL_APNODES,0,25.95334,395
2017-09-21T01:00:00-00:00,2017-09-21T02:00:00-00:00,2017-09-20,19,0,TH_ZP26_GEN-APND,TH_ZP26_GEN-APND,TH_ZP26_GEN-APND,DAM,MCE,LMP_ENE_PRC,TH_ZP26_GEN-APND,ALL_APNODES,0,46.2544,395
2017-09-21T06:00:00-00:00,2017-09-21T07:00:00-00:00,2017-09-20,24,0,TH_ZP26_GEN-APND,TH_ZP26_GEN-APND,TH_ZP26_GEN-APND,DAM,MCL,LMP_LOSS_PRC,TH_ZP26_GEN-APND,ALL_APNODES,0,-1.00666,396
2017-09-21T00:00:00-00:00,2017-09-21T01:00:00-00:00,2017-09-20,18,0,TH_ZP26_GEN-APND,TH_ZP26_GEN-APND,TH_ZP26_GEN-APND,DAM,MCL,LMP_LOSS_PRC,TH_ZP26_GEN-APND,ALL_APNODES,0,-1.63063,396
2017-09-20T14:00:00-00:00,2017-09-20T15:00:00-00:00,2017-09-20,8,0,TH_ZP26_GEN-APND,TH_ZP26_GEN-APND,TH_ZP26_GEN-APND,DAM,MCL,LMP_LOSS_PRC,TH_ZP26_GEN-APND,ALL_APNODES,0,-1.36424,396
2017-09-20T13:00:00-00:00,2017-09-20T14:00:00-00:00,2017-09-20,7,0,TH_ZP26_GEN-APND,TH_ZP26_GEN-APND,TH_ZP26_GEN-APND,DAM,MCL,LMP_LOSS_PRC,TH_ZP26_GEN-APND,ALL_APNODES,0,-1.33576,396
2017-09-20T23:00:00-00:00,2017-09-21T00:00:00-00:00,2017-09-20,17,0,TH_ZP26_GEN-APND,TH_ZP26_GEN-APND,TH_ZP26_GEN-APND,DAM,MCL,LMP_LOSS_PRC,TH_ZP26_GEN-APND,ALL_APNODES,0,-1.61052,396
2017-09-21T05:00:00-00:00,2017-09-21T06:00:00-00:00,2017-09-20,23,0,TH_ZP26_GEN-APND,TH_ZP26_GEN-APND,TH_ZP26_GEN-APND,DAM,MCL,LMP_LOSS_PRC,TH_ZP26_GEN-APND,ALL_APNODES,0,-1.24746,396
2017-09-21T03:00:00-00:00,2017-09-21T04:00:00-00:00,2017-09-20,21,0,TH_ZP26_GEN-APND,TH_ZP26_GEN-APND,TH_ZP26_GEN-APND,DAM,MCL,LMP_LOSS_PRC,TH_ZP26_GEN-APND,ALL_APNODES,0,-1.65497,396
2017-09-20T08:00:00-00:00,2017-09-20T09:00:00-00:00,2017-09-20,2,0,TH_ZP26_GEN-APND,TH_ZP26_GEN-APND,TH_ZP26_GEN-APND,DAM,MCL,LMP_LOSS_PRC,TH_ZP26_GEN-APND,ALL_APNODES,0,-0.89097,396
2017-09-20T22:00:00-00:00,2017-09-20T23:00:00-00:00,2017-09-20,16,0,TH_ZP26_GEN-APND,TH_ZP26_GEN-APND,TH_ZP26_GEN-APND,DAM,MCL,LMP_LOSS_PRC,TH_ZP26_GEN-APND,ALL_APNODES,0,-1.64088,396
2017-09-20T16:00:00-00:00,2017-09-20T17:00:00-00:00,2017-09-20,10,0,TH_ZP26_GEN-APND,TH_ZP26_GEN-APND,TH_ZP26_GEN-APND,DAM,MCL,LMP_LOSS_PRC,TH_ZP26_GEN-APND,ALL_APNODES,0,-1.39065,396
2017-09-21T02:00:00-00:00,2017-09-21T03:00:00-00:00,2017-09-20,20,0,TH_ZP26_GEN-APND,TH_ZP26_GEN-APND,TH_ZP26_GEN-APND,DAM,MCL,LMP_LOSS_PRC,TH_ZP26_GEN-APND,ALL_APNODES,0,-2.0273,396
2017-09-21T01:00:00-00:00,2017-09-21T02:00:00-00:00,2017-09-20,19,0,TH_ZP26_GEN-APND,TH_ZP26_GEN-APND,TH_ZP26_GEN-APND,DAM,MCL,LMP_LOSS_PRC,TH_ZP26_GEN-APND,ALL_APNODES,0,-1.79467,396
2017-09-20T19:00:00-00:00,2017-09-20T20:00:00-00:00,2017-09-20,13,0,TH_ZP26_GEN-APND,TH_ZP26_GEN-APND,TH_ZP26_GEN-APND,DAM,MCL,LMP_LOSS_PRC,TH_ZP26_GEN-APND,ALL_APNODES,0,-1.26393,396
2017-09-20T12:00:00-00:00,2017-09-20T13:00:00-00:00,2017-09-20,6,0,TH_ZP26_GEN-APND,TH_ZP26_GEN-APND,TH_ZP26_GEN-APND,DAM,MCL,LMP_LOSS_PRC,TH_ZP26_GEN-APND,ALL_APNODES,0,-1.00232,396
2017-09-20T11:00:00-00:00,2017-09-20T12:00:00-00:00,2017-09-20,5,0,TH_ZP26_GEN-APND,TH_ZP26_GEN-APND,TH_ZP26_GEN-APND,DAM,MCL,LMP_LOSS_PRC,TH_ZP26_GEN-APND,ALL_APNODES,0,-0.8902,396
2017-09-20T10:00:00-00:00,2017-09-20T11:00:00-00:00,2017-09-20,4,0,TH_ZP26_GEN-APND,TH_ZP26_GEN-APND,TH_ZP26_GEN-APND,DAM,MCL,LMP_LOSS_PRC,TH_ZP26_GEN-APND,ALL_APNODES,0,-0.87406,396
2017-09-20T21:00:00-00:00,2017-09-20T22:00:00-00:00,2017-09-20,15,0,TH_ZP26_GEN-APND,TH_ZP26_GEN-APND,TH_ZP26_GEN-APND,DAM,MCL,LMP_LOSS_PRC,TH_ZP26_GEN-APND,ALL_APNODES,0,-1.46064,396
2017-09-20T15:00:00-00:00,2017-09-20T16:00:00-00:00,2017-09-20,9,0,TH_ZP26_GEN-APND,TH_ZP26_GEN-APND,TH_ZP26_GEN-APND,DAM,MCL,LMP_LOSS_PRC,TH_ZP26_GEN-APND,ALL_APNODES,0,-1.33321,396
2017-09-21T04:00:00-00:00,2017-09-21T05:00:00-00:00,2017-09-20,22,0,TH_ZP26_GEN-APND,TH_ZP26_GEN-APND,TH_ZP26_GEN-APND,DAM,MCL,LMP_LOSS_PRC,TH_ZP26_GEN-APND,ALL_APNODES,0,-1.32729,396
2017-09-20T09:00:00-00:00,2017-09-20T10:00:00-00:00,2017-09-20,3,0,TH_ZP26_GEN-APND,TH_ZP26_GEN-APND,TH_ZP26_GEN-APND,DAM,MCL,LMP_LOSS_PRC,TH_ZP26_GEN-APND,ALL_APNODES,0,-0.86595,396
2017-09-20T07:00:00-00:00,2017-09-20T08:00:00-00:00,2017-09-20,1,0,TH_ZP26_GEN-APND,TH_ZP26_GEN-APND,TH_ZP26_GEN-APND,DAM,MCL,LMP_LOSS_PRC,TH_ZP26_GEN-APND,ALL_APNODES,0,-0.94425,396
2017-09-20T18:00:00-00:00,2017-09-20T19:00:00-00:00,2017-09-20,12,0,TH_ZP26_GEN-APND,TH_ZP26_GEN-APND,TH_ZP26_GEN-APND,DAM,MCL,LMP_LOSS_PRC,TH_ZP26_GEN-APND,ALL_APNODES,0,-1.33491,396
2017-09-20T20:00:00-00:00,2017-09-20T21:00:00-00:00,2017-09-20,14,0,TH_ZP26_GEN-APND,TH_ZP26_GEN-APND,TH_ZP26_GEN-APND,DAM,MCL,LMP_LOSS_PRC,TH_ZP26_GEN-APND,ALL_APNODES,0,-1.30736,396
2017-09-20T17:00:00-00:00,2017-09-20T18:00:00-00:00,2017-09-20,11,0,TH_ZP26_GEN-APND,TH_ZP26_GEN-APND,TH_ZP26_GEN-APND,DAM,MCL,LMP_LOSS_PRC,TH_ZP26_GEN-APND,ALL_APNODES,0,-1.27059,396
2017-09-21T04:00:00-00:00,2017-09-21T05:00:00-00:00,2017-09-20,22,0,URBAN_6_N005,URBAN_6_N005,URBAN_6_N005,DAM,LMP,LMP_PRC,URBAN_6_N005,ALL,1,38.96585,397
2017-09-20T08:00:00-00:00,2017-09-20T09:00:00-00:00,2017-09-20,2,0,URBAN_6_N005,URBAN_6_N005,URBAN_6_N005,DAM,LMP,LMP_PRC,URBAN_6_N005,ALL,1,27.82272,397
2017-09-20T17:00:00-00:00,2017-09-20T18:00:00-00:00,2017-09-20,11,0,URBAN_6_N005,URBAN_6_N005,URBAN_6_N005,DAM,LMP,LMP_PRC,URBAN_6_N005,ALL,1,1.46914,397
2017-09-21T03:00:00-00:00,2017-09-21T04:00:00-00:00,2017-09-20,21,0,URBAN_6_N005,URBAN_6_N005,URBAN_6_N005,DAM,LMP,LMP_PRC,URBAN_6_N005,ALL,1,47.28366,397
2017-09-20T09:00:00-00:00,2017-09-20T10:00:00-00:00,2017-09-20,3,0,URBAN_6_N005,URBAN_6_N005,URBAN_6_N005,DAM,LMP,LMP_PRC,URBAN_6_N005,ALL,1,26.75103,397
2017-09-20T16:00:00-00:00,2017-09-20T17:00:00-00:00,2017-09-20,10,0,URBAN_6_N005,URBAN_6_N005,URBAN_6_N005,DAM,LMP,LMP_PRC,URBAN_6_N005,ALL,1,12.61421,397
2017-09-20T15:00:00-00:00,2017-09-20T16:00:00-00:00,2017-09-20,9,0,URBAN_6_N005,URBAN_6_N005,URBAN_6_N005,DAM,LMP,LMP_PRC,URBAN_6_N005,ALL,1,19.95015,397
2017-09-21T01:00:00-00:00,2017-09-21T02:00:00-00:00,2017-09-20,19,0,URBAN_6_N005,URBAN_6_N005,URBAN_6_N005,DAM,LMP,LMP_PRC,URBAN_6_N005,ALL,1,46.77245,397
2017-09-20T18:00:00-00:00,2017-09-20T19:00:00-00:00,2017-09-20,12,0,URBAN_6_N005,URBAN_6_N005,URBAN_6_N005,DAM,LMP,LMP_PRC,URBAN_6_N005,ALL,1,2.37287,397
2017-09-21T00:00:00-00:00,2017-09-21T01:00:00-00:00,2017-09-20,18,0,URBAN_6_N005,URBAN_6_N005,URBAN_6_N005,DAM,LMP,LMP_PRC,URBAN_6_N005,ALL,1,32.9712,397
2017-09-20T07:00:00-00:00,2017-09-20T08:00:00-00:00,2017-09-20,1,0,URBAN_6_N005,URBAN_6_N005,URBAN_6_N005,DAM,LMP,LMP_PRC,URBAN_6_N005,ALL,1,27.54852,397
2017-09-20T23:00:00-00:00,2017-09-21T00:00:00-00:00,2017-09-20,17,0,URBAN_6_N005,URBAN_6_N005,URBAN_6_N005,DAM,LMP,LMP_PRC,URBAN_6_N005,ALL,1,24.62498,397
2017-09-20T21:00:00-00:00,2017-09-20T22:00:00-00:00,2017-09-20,15,0,URBAN_6_N005,URBAN_6_N005,URBAN_6_N005,DAM,LMP,LMP_PRC,URBAN_6_N005,ALL,1,14.3672,397
2017-09-21T06:00:00-00:00,2017-09-21T07:00:00-00:00,2017-09-20,24,0,URBAN_6_N005,URBAN_6_N005,URBAN_6_N005,DAM,LMP,LMP_PRC,URBAN_6_N005,ALL,1,29.61589,397
2017-09-20T12:00:00-00:00,2017-09-20T13:00:00-00:00,2017-09-20,6,0,URBAN_6_N005,URBAN_6_N005,URBAN_6_N005,DAM,LMP,LMP_PRC,URBAN_6_N005,ALL,1,34.36693,397
2017-09-20T20:00:00-00:00,2017-09-20T21:00:00-00:00,2017-09-20,14,0,URBAN_6_N005,URBAN_6_N005,URBAN_6_N005,DAM,LMP,LMP_PRC,URBAN_6_N005,ALL,1,6.4443,397
2017-09-20T22:00:00-00:00,2017-09-20T23:00:00-00:00,2017-09-20,16,0,URBAN_6_N005,URBAN_6_N005,URBAN_6_N005,DAM,LMP,LMP_PRC,URBAN_6_N005,ALL,1,22.85793,397
2017-09-20T19:00:00-00:00,2017-09-20T20:00:00-00:00,2017-09-20,13,0,URBAN_6_N005,URBAN_6_N005,URBAN_6_N005,DAM,LMP,LMP_PRC,URBAN_6_N005,ALL,1,4.80416,397
2017-09-21T02:00:00-00:00,2017-09-21T03:00:00-00:00,2017-09-20,20,0,URBAN_6_N005,URBAN_6_N005,URBAN_6_N005,DAM,LMP,LMP_PRC,URBAN_6_N005,ALL,1,54.75344,397
2017-09-20T11:00:00-00:00,2017-09-20T12:00:00-00:00,2017-09-20,5,0,URBAN_6_N005,URBAN_6_N005,URBAN_6_N005,DAM,LMP,LMP_PRC,URBAN_6_N005,ALL,1,26.16615,397
2017-09-20T10:00:00-00:00,2017-09-20T11:00:00-00:00,2017-09-20,4,0,URBAN_6_N005,URBAN_6_N005,URBAN_6_N005,DAM,LMP,LMP_PRC,URBAN_6_N005,ALL,1,26.65624,397
2017-09-21T05:00:00-00:00,2017-09-21T06:00:00-00:00,2017-09-20,23,0,URBAN_6_N005,URBAN_6_N005,URBAN_6_N005,DAM,LMP,LMP_PRC,URBAN_6_N005,ALL,1,34.82501,397
2017-09-20T14:00:00-00:00,2017-09-20T15:00:00-00:00,2017-09-20,8,0,URBAN_6_N005,URBAN_6_N005,URBAN_6_N005,DAM,LMP,LMP_PRC,URBAN_6_N005,ALL,1,38.32902,397
2017-09-20T13:00:00-00:00,2017-09-20T14:00:00-00:00,2017-09-20,7,0,URBAN_6_N005,URBAN_6_N005,URBAN_6_N005,DAM,LMP,LMP_PRC,URBAN_6_N005,ALL,1,55.19659,397
2017-09-21T01:00:00-00:00,2017-09-21T02:00:00-00:00,2017-09-20,19,0,URBAN_6_N005,URBAN_6_N005,URBAN_6_N005,DAM,MCC,LMP_CONG_PRC,URBAN_6_N005,ALL,1,0,398
2017-09-21T03:00:00-00:00,2017-09-21T04:00:00-00:00,2017-09-20,21,0,URBAN_6_N005,URBAN_6_N005,URBAN_6_N005,DAM,MCC,LMP_CONG_PRC,URBAN_6_N005,ALL,1,0,398
2017-09-20T10:00:00-00:00,2017-09-20T11:00:00-00:00,2017-09-20,4,0,URBAN_6_N005,URBAN_6_N005,URBAN_6_N005,DAM,MCC,LMP_CONG_PRC,URBAN_6_N005,ALL,1,0,398
2017-09-20T13:00:00-00:00,2017-09-20T14:00:00-00:00,2017-09-20,7,0,URBAN_6_N005,URBAN_6_N005,URBAN_6_N005,DAM,MCC,LMP_CONG_PRC,URBAN_6_N005,ALL,1,13.23641,398
2017-09-20T20:00:00-00:00,2017-09-20T21:00:00-00:00,2017-09-20,14,0,URBAN_6_N005,URBAN_6_N005,URBAN_6_N005,DAM,MCC,LMP_CONG_PRC,URBAN_6_N005,ALL,1,-15.95167,398
2017-09-20T09:00:00-00:00,2017-09-20T10:00:00-00:00,2017-09-20,3,0,URBAN_6_N005,URBAN_6_N005,URBAN_6_N005,DAM,MCC,LMP_CONG_PRC,URBAN_6_N005,ALL,1,0,398
2017-09-20T17:00:00-00:00,2017-09-20T18:00:00-00:00,2017-09-20,11,0,URBAN_6_N005,URBAN_6_N005,URBAN_6_N005,DAM,MCC,LMP_CONG_PRC,URBAN_6_N005,ALL,1,-19.88423,398
2017-09-20T08:00:00-00:00,2017-09-20T09:00:00-00:00,2017-09-20,2,0,URBAN_6_N005,URBAN_6_N005,URBAN_6_N005,DAM,MCC,LMP_CONG_PRC,URBAN_6_N005,ALL,1,0,398
2017-09-20T07:00:00-00:00,2017-09-20T08:00:00-00:00,2017-09-20,1,0,URBAN_6_N005,URBAN_6_N005,URBAN_6_N005,DAM,MCC,LMP_CONG_PRC,URBAN_6_N005,ALL,1,0,398
2017-09-20T14:00:00-00:00,2017-09-20T15:00:00-00:00,2017-09-20,8,0,URBAN_6_N005,URBAN_6_N005,URBAN_6_N005,DAM,MCC,LMP_CONG_PRC,URBAN_6_N005,ALL,1,0,398
2017-09-20T16:00:00-00:00,2017-09-20T17:00:00-00:00,2017-09-20,10,0,URBAN_6_N005,URBAN_6_N005,URBAN_6_N005,DAM,MCC,LMP_CONG_PRC,URBAN_6_N005,ALL,1,-10.84465,398
2017-09-20T22:00:00-00:00,2017-09-20T23:00:00-00:00,2017-09-20,16,0,URBAN_6_N005,URBAN_6_N005,URBAN_6_N005,DAM,MCC,LMP_CONG_PRC,URBAN_6_N005,ALL,1,-5.10208,398
2017-09-20T21:00:00-00:00,2017-09-20T22:00:00-00:00,2017-09-20,15,0,URBAN_6_N005,URBAN_6_N005,URBAN_6_N005,DAM,MCC,LMP_CONG_PRC,URBAN_6_N005,ALL,1,-10.21602,398
2017-09-21T05:00:00-00:00,2017-09-21T06:00:00-00:00,2017-09-20,23,0,URBAN_6_N005,URBAN_6_N005,URBAN_6_N005,DAM,MCC,LMP_CONG_PRC,URBAN_6_N005,ALL,1,0,398
2017-09-21T02:00:00-00:00,2017-09-21T03:00:00-00:00,2017-09-20,20,0,URBAN_6_N005,URBAN_6_N005,URBAN_6_N005,DAM,MCC,LMP_CONG_PRC,URBAN_6_N005,ALL,1,0,398
2017-09-21T00:00:00-00:00,2017-09-21T01:00:00-00:00,2017-09-20,18,0,URBAN_6_N005,URBAN_6_N005,URBAN_6_N005,DAM,MCC,LMP_CONG_PRC,URBAN_6_N005,ALL,1,-0.87539,398
2017-09-21T06:00:00-00:00,2017-09-21T07:00:00-00:00,2017-09-20,24,0,URBAN_6_N005,URBAN_6_N005,URBAN_6_N005,DAM,MCC,LMP_CONG_PRC,URBAN_6_N005,ALL,1,0,398
2017-09-20T19:00:00-00:00,2017-09-20T20:00:00-00:00,2017-09-20,13,0,URBAN_6_N005,URBAN_6_N005,URBAN_6_N005,DAM,MCC,LMP_CONG_PRC,URBAN_6_N005,ALL,1,-16.79482,398
2017-09-20T11:00:00-00:00,2017-09-20T12:00:00-00:00,2017-09-20,5,0,URBAN_6_N005,URBAN_6_N005,URBAN_6_N005,DAM,MCC,LMP_CONG_PRC,URBAN_6_N005,ALL,1,0,398
2017-09-20T23:00:00-00:00,2017-09-21T00:00:00-00:00,2017-09-20,17,0,URBAN_6_N005,URBAN_6_N005,URBAN_6_N005,DAM,MCC,LMP_CONG_PRC,URBAN_6_N005,ALL,1,-3.74656,398
2017-09-20T15:00:00-00:00,2017-09-20T16:00:00-00:00,2017-09-20,9,0,URBAN_6_N005,URBAN_6_N005,URBAN_6_N005,DAM,MCC,LMP_CONG_PRC,URBAN_6_N005,ALL,1,-6.22604,398
2017-09-20T12:00:00-00:00,2017-09-20T13:00:00-00:00,2017-09-20,6,0,URBAN_6_N005,URBAN_6_N005,URBAN_6_N005,DAM,MCC,LMP_CONG_PRC,URBAN_6_N005,ALL,1,3.04973,398
2017-09-20T18:00:00-00:00,2017-09-20T19:00:00-00:00,2017-09-20,12,0,URBAN_6_N005,URBAN_6_N005,URBAN_6_N005,DAM,MCC,LMP_CONG_PRC,URBAN_6_N005,ALL,1,-20.10724,398
2017-09-21T04:00:00-00:00,2017-09-21T05:00:00-00:00,2017-09-20,22,0,URBAN_6_N005,URBAN_6_N005,URBAN_6_N005,DAM,MCC,LMP_CONG_PRC,URBAN_6_N005,ALL,1,0,398
2017-09-21T04:00:00-00:00,2017-09-21T05:00:00-00:00,2017-09-20,22,0,URBAN_6_N005,URBAN_6_N005,URBAN_6_N005,DAM,MCE,LMP_ENE_PRC,URBAN_6_N005,ALL,1,38.58387,399
2017-09-21T02:00:00-00:00,2017-09-21T03:00:00-00:00,2017-09-20,20,0,URBAN_6_N005,URBAN_6_N005,URBAN_6_N005,DAM,MCE,LMP_ENE_PRC,URBAN_6_N005,ALL,1,54.4973,399
2017-09-20T07:00:00-00:00,2017-09-20T08:00:00-00:00,2017-09-20,1,0,URBAN_6_N005,URBAN_6_N005,URBAN_6_N005,DAM,MCE,LMP_ENE_PRC,URBAN_6_N005,ALL,1,27.52925,399
2017-09-20T08:00:00-00:00,2017-09-20T09:00:00-00:00,2017-09-20,2,0,URBAN_6_N005,URBAN_6_N005,URBAN_6_N005,DAM,MCE,LMP_ENE_PRC,URBAN_6_N005,ALL,1,27.7561,399
2017-09-20T10:00:00-00:00,2017-09-20T11:00:00-00:00,2017-09-20,4,0,URBAN_6_N005,URBAN_6_N005,URBAN_6_N005,DAM,MCE,LMP_ENE_PRC,URBAN_6_N005,ALL,1,26.64824,399
2017-09-20T09:00:00-00:00,2017-09-20T10:00:00-00:00,2017-09-20,3,0,URBAN_6_N005,URBAN_6_N005,URBAN_6_N005,DAM,MCE,LMP_ENE_PRC,URBAN_6_N005,ALL,1,26.72697,399
2017-09-20T15:00:00-00:00,2017-09-20T16:00:00-00:00,2017-09-20,9,0,URBAN_6_N005,URBAN_6_N005,URBAN_6_N005,DAM,MCE,LMP_ENE_PRC,URBAN_6_N005,ALL,1,26.66414,399
2017-09-20T19:00:00-00:00,2017-09-20T20:00:00-00:00,2017-09-20,13,0,URBAN_6_N005,URBAN_6_N005,URBAN_6_N005,DAM,MCE,LMP_ENE_PRC,URBAN_6_N005,ALL,1,21.98145,399
2017-09-20T16:00:00-00:00,2017-09-20T17:00:00-00:00,2017-09-20,10,0,URBAN_6_N005,URBAN_6_N005,URBAN_6_N005,DAM,MCE,LMP_ENE_PRC,URBAN_6_N005,ALL,1,23.97675,399
2017-09-21T00:00:00-00:00,2017-09-21T01:00:00-00:00,2017-09-20,18,0,URBAN_6_N005,URBAN_6_N005,URBAN_6_N005,DAM,MCE,LMP_ENE_PRC,URBAN_6_N005,ALL,1,33.62133,399
2017-09-20T12:00:00-00:00,2017-09-20T13:00:00-00:00,2017-09-20,6,0,URBAN_6_N005,URBAN_6_N005,URBAN_6_N005,DAM,MCE,LMP_ENE_PRC,URBAN_6_N005,ALL,1,31.03171,399
2017-09-21T05:00:00-00:00,2017-09-21T06:00:00-00:00,2017-09-20,23,0,URBAN_6_N005,URBAN_6_N005,URBAN_6_N005,DAM,MCE,LMP_ENE_PRC,URBAN_6_N005,ALL,1,34.65175,399
2017-09-21T06:00:00-00:00,2017-09-21T07:00:00-00:00,2017-09-20,24,0,URBAN_6_N005,URBAN_6_N005,URBAN_6_N005,DAM,MCE,LMP_ENE_PRC,URBAN_6_N005,ALL,1,29.34881,399
2017-09-20T17:00:00-00:00,2017-09-20T18:00:00-00:00,2017-09-20,11,0,URBAN_6_N005,URBAN_6_N005,URBAN_6_N005,DAM,MCE,LMP_ENE_PRC,URBAN_6_N005,ALL,1,21.83148,399
2017-09-20T20:00:00-00:00,2017-09-20T21:00:00-00:00,2017-09-20,14,0,URBAN_6_N005,URBAN_6_N005,URBAN_6_N005,DAM,MCE,LMP_ENE_PRC,URBAN_6_N005,ALL,1,22.77633,399
2017-09-20T21:00:00-00:00,2017-09-20T22:00:00-00:00,2017-09-20,15,0,URBAN_6_N005,URBAN_6_N005,URBAN_6_N005,DAM,MCE,LMP_ENE_PRC,URBAN_6_N005,ALL,1,25.0109,399
2017-09-20T11:00:00-00:00,2017-09-20T12:00:00-00:00,2017-09-20,5,0,URBAN_6_N005,URBAN_6_N005,URBAN_6_N005,DAM,MCE,LMP_ENE_PRC,URBAN_6_N005,ALL,1,25.95334,399
2017-09-20T18:00:00-00:00,2017-09-20T19:00:00-00:00,2017-09-20,12,0,URBAN_6_N005,URBAN_6_N005,URBAN_6_N005,DAM,MCE,LMP_ENE_PRC,URBAN_6_N005,ALL,1,22.93655,399
2017-09-21T03:00:00-00:00,2017-09-21T04:00:00-00:00,2017-09-20,21,0,URBAN_6_N005,URBAN_6_N005,URBAN_6_N005,DAM,MCE,LMP_ENE_PRC,URBAN_6_N005,ALL,1,46.7507,399
2017-09-20T14:00:00-00:00,2017-09-20T15:00:00-00:00,2017-09-20,8,0,URBAN_6_N005,URBAN_6_N005,URBAN_6_N005,DAM,MCE,LMP_ENE_PRC,URBAN_6_N005,ALL,1,38.32136,399
2017-09-20T22:00:00-00:00,2017-09-20T23:00:00-00:00,2017-09-20,16,0,URBAN_6_N005,URBAN_6_N005,URBAN_6_N005,DAM,MCE,LMP_ENE_PRC,URBAN_6_N005,ALL,1,28.29102,399
2017-09-20T23:00:00-00:00,2017-09-21T00:00:00-00:00,2017-09-20,17,0,URBAN_6_N005,URBAN_6_N005,URBAN_6_N005,DAM,MCE,LMP_ENE_PRC,URBAN_6_N005,ALL,1,28.60611,399
2017-09-20T13:00:00-00:00,2017-09-20T14:00:00-00:00,2017-09-20,7,0,URBAN_6_N005,URBAN_6_N005,URBAN_6_N005,DAM,MCE,LMP_ENE_PRC,URBAN_6_N005,ALL,1,41.48312,399
2017-09-21T01:00:00-00:00,2017-09-21T02:00:00-00:00,2017-09-20,19,0,URBAN_6_N005,URBAN_6_N005,URBAN_6_N005,DAM,MCE,LMP_ENE_PRC,URBAN_6_N005,ALL,1,46.2544,399
2017-09-21T05:00:00-00:00,2017-09-21T06:00:00-00:00,2017-09-20,23,0,URBAN_6_N005,URBAN_6_N005,URBAN_6_N005,DAM,MCL,LMP_LOSS_PRC,URBAN_6_N005,ALL,1,0.17326,400
2017-09-20T13:00:00-00:00,2017-09-20T14:00:00-00:00,2017-09-20,7,0,URBAN_6_N005,URBAN_6_N005,URBAN_6_N005,DAM,MCL,LMP_LOSS_PRC,URBAN_6_N005,ALL,1,0.47706,400
2017-09-20T19:00:00-00:00,2017-09-20T20:00:00-00:00,2017-09-20,13,0,URBAN_6_N005,URBAN_6_N005,URBAN_6_N005,DAM,MCL,LMP_LOSS_PRC,URBAN_6_N005,ALL,1,-0.38248,400
2017-09-21T04:00:00-00:00,2017-09-21T05:00:00-00:00,2017-09-20,22,0,URBAN_6_N005,URBAN_6_N005,URBAN_6_N005,DAM,MCL,LMP_LOSS_PRC,URBAN_6_N005,ALL,1,0.38198,400
2017-09-20T14:00:00-00:00,2017-09-20T15:00:00-00:00,2017-09-20,8,0,URBAN_6_N005,URBAN_6_N005,URBAN_6_N005,DAM,MCL,LMP_LOSS_PRC,URBAN_6_N005,ALL,1,0.00766,400
2017-09-20T07:00:00-00:00,2017-09-20T08:00:00-00:00,2017-09-20,1,0,URBAN_6_N005,URBAN_6_N005,URBAN_6_N005,DAM,MCL,LMP_LOSS_PRC,URBAN_6_N005,ALL,1,0.01927,400
2017-09-20T18:00:00-00:00,2017-09-20T19:00:00-00:00,2017-09-20,12,0,URBAN_6_N005,URBAN_6_N005,URBAN_6_N005,DAM,MCL,LMP_LOSS_PRC,URBAN_6_N005,ALL,1,-0.45644,400
2017-09-20T21:00:00-00:00,2017-09-20T22:00:00-00:00,2017-09-20,15,0,URBAN_6_N005,URBAN_6_N005,URBAN_6_N005,DAM,MCL,LMP_LOSS_PRC,URBAN_6_N005,ALL,1,-0.42769,400
2017-09-20T12:00:00-00:00,2017-09-20T13:00:00-00:00,2017-09-20,6,0,URBAN_6_N005,URBAN_6_N005,URBAN_6_N005,DAM,MCL,LMP_LOSS_PRC,URBAN_6_N005,ALL,1,0.28549,400
2017-09-21T01:00:00-00:00,2017-09-21T02:00:00-00:00,2017-09-20,19,0,URBAN_6_N005,URBAN_6_N005,URBAN_6_N005,DAM,MCL,LMP_LOSS_PRC,URBAN_6_N005,ALL,1,0.51805,400
2017-09-21T06:00:00-00:00,2017-09-21T07:00:00-00:00,2017-09-20,24,0,URBAN_6_N005,URBAN_6_N005,URBAN_6_N005,DAM,MCL,LMP_LOSS_PRC,URBAN_6_N005,ALL,1,0.26707,400
2017-09-20T20:00:00-00:00,2017-09-20T21:00:00-00:00,2017-09-20,14,0,URBAN_6_N005,URBAN_6_N005,URBAN_6_N005,DAM,MCL,LMP_LOSS_PRC,URBAN_6_N005,ALL,1,-0.38036,400
2017-09-20T23:00:00-00:00,2017-09-21T00:00:00-00:00,2017-09-20,17,0,URBAN_6_N005,URBAN_6_N005,URBAN_6_N005,DAM,MCL,LMP_LOSS_PRC,URBAN_6_N005,ALL,1,-0.23457,400
2017-09-20T10:00:00-00:00,2017-09-20T11:00:00-00:00,2017-09-20,4,0,URBAN_6_N005,URBAN_6_N005,URBAN_6_N005,DAM,MCL,LMP_LOSS_PRC,URBAN_6_N005,ALL,1,0.00799,400
2017-09-20T11:00:00-00:00,2017-09-20T12:00:00-00:00,2017-09-20,5,0,URBAN_6_N005,URBAN_6_N005,URBAN_6_N005,DAM,MCL,LMP_LOSS_PRC,URBAN_6_N005,ALL,1,0.21282,400
2017-09-21T00:00:00-00:00,2017-09-21T01:00:00-00:00,2017-09-20,18,0,URBAN_6_N005,URBAN_6_N005,URBAN_6_N005,DAM,MCL,LMP_LOSS_PRC,URBAN_6_N005,ALL,1,0.22526,400
2017-09-21T02:00:00-00:00,2017-09-21T03:00:00-00:00,2017-09-20,20,0,URBAN_6_N005,URBAN_6_N005,URBAN_6_N005,DAM,MCL,LMP_LOSS_PRC,URBAN_6_N005,ALL,1,0.25614,400
2017-09-21T03:00:00-00:00,2017-09-21T04:00:00-00:00,2017-09-20,21,0,URBAN_6_N005,URBAN_6_N005,URBAN_6_N005,DAM,MCL,LMP_LOSS_PRC,URBAN_6_N005,ALL,1,0.53296,400
2017-09-20T09:00:00-00:00,2017-09-20T10:00:00-00:00,2017-09-20,3,0,URBAN_6_N005,URBAN_6_N005,URBAN_6_N005,DAM,MCL,LMP_LOSS_PRC,URBAN_6_N005,ALL,1,0.02405,400
2017-09-20T17:00:00-00:00,2017-09-20T18:00:00-00:00,2017-09-20,11,0,URBAN_6_N005,URBAN_6_N005,URBAN_6_N005,DAM,MCL,LMP_LOSS_PRC,URBAN_6_N005,ALL,1,-0.47811,400
2017-09-20T22:00:00-00:00,2017-09-20T23:00:00-00:00,2017-09-20,16,0,URBAN_6_N005,URBAN_6_N005,URBAN_6_N005,DAM,MCL,LMP_LOSS_PRC,URBAN_6_N005,ALL,1,-0.331,400
2017-09-20T15:00:00-00:00,2017-09-20T16:00:00-00:00,2017-09-20,9,0,URBAN_6_N005,URBAN_6_N005,URBAN_6_N005,DAM,MCL,LMP_LOSS_PRC,URBAN_6_N005,ALL,1,-0.48795,400
2017-09-20T08:00:00-00:00,2017-09-20T09:00:00-00:00,2017-09-20,2,0,URBAN_6_N005,URBAN_6_N005,URBAN_6_N005,DAM,MCL,LMP_LOSS_PRC,URBAN_6_N005,ALL,1,0.06661,400
2017-09-20T16:00:00-00:00,2017-09-20T17:00:00-00:00,2017-09-20,10,0,URBAN_6_N005,URBAN_6_N005,URBAN_6_N005,DAM,MCL,LMP_LOSS_PRC,URBAN_6_N005,ALL,1,-0.5179,400
2017-09-22T03:00:00-00:00,2017-09-22T04:00:00-00:00,2017-09-21,21,0,BAYSHOR2_1_N001,BAYSHOR2_1_N001,BAYSHOR2_1_N001,DAM,LMP,LMP_PRC,BAYSHOR2_1_N001,ALL,1,51.93398,401
2017-09-22T04:00:00-00:00,2017-09-22T05:00:00-00:00,2017-09-21,22,0,BAYSHOR2_1_N001,BAYSHOR2_1_N001,BAYSHOR2_1_N001,DAM,LMP,LMP_PRC,BAYSHOR2_1_N001,ALL,1,39.3407,401
2017-09-22T02:00:00-00:00,2017-09-22T03:00:00-00:00,2017-09-21,20,0,BAYSHOR2_1_N001,BAYSHOR2_1_N001,BAYSHOR2_1_N001,DAM,LMP,LMP_PRC,BAYSHOR2_1_N001,ALL,1,58.38848,401
2017-09-22T05:00:00-00:00,2017-09-22T06:00:00-00:00,2017-09-21,23,0,BAYSHOR2_1_N001,BAYSHOR2_1_N001,BAYSHOR2_1_N001,DAM,LMP,LMP_PRC,BAYSHOR2_1_N001,ALL,1,33.84312,401
2017-09-21T23:00:00-00:00,2017-09-22T00:00:00-00:00,2017-09-21,17,0,BAYSHOR2_1_N001,BAYSHOR2_1_N001,BAYSHOR2_1_N001,DAM,LMP,LMP_PRC,BAYSHOR2_1_N001,ALL,1,31.525,401
2017-09-21T17:00:00-00:00,2017-09-21T18:00:00-00:00,2017-09-21,11,0,BAYSHOR2_1_N001,BAYSHOR2_1_N001,BAYSHOR2_1_N001,DAM,LMP,LMP_PRC,BAYSHOR2_1_N001,ALL,1,28.7861,401
2017-09-21T15:00:00-00:00,2017-09-21T16:00:00-00:00,2017-09-21,9,0,BAYSHOR2_1_N001,BAYSHOR2_1_N001,BAYSHOR2_1_N001,DAM,LMP,LMP_PRC,BAYSHOR2_1_N001,ALL,1,33.99589,401
2017-09-21T22:00:00-00:00,2017-09-21T23:00:00-00:00,2017-09-21,16,0,BAYSHOR2_1_N001,BAYSHOR2_1_N001,BAYSHOR2_1_N001,DAM,LMP,LMP_PRC,BAYSHOR2_1_N001,ALL,1,29.00365,401
2017-09-22T00:00:00-00:00,2017-09-22T01:00:00-00:00,2017-09-21,18,0,BAYSHOR2_1_N001,BAYSHOR2_1_N001,BAYSHOR2_1_N001,DAM,LMP,LMP_PRC,BAYSHOR2_1_N001,ALL,1,36.75425,401
2017-09-22T01:00:00-00:00,2017-09-22T02:00:00-00:00,2017-09-21,19,0,BAYSHOR2_1_N001,BAYSHOR2_1_N001,BAYSHOR2_1_N001,DAM,LMP,LMP_PRC,BAYSHOR2_1_N001,ALL,1,47.46164,401
2017-09-21T08:00:00-00:00,2017-09-21T09:00:00-00:00,2017-09-21,2,0,BAYSHOR2_1_N001,BAYSHOR2_1_N001,BAYSHOR2_1_N001,DAM,LMP,LMP_PRC,BAYSHOR2_1_N001,ALL,1,28.64167,401
2017-09-21T09:00:00-00:00,2017-09-21T10:00:00-00:00,2017-09-21,3,0,BAYSHOR2_1_N001,BAYSHOR2_1_N001,BAYSHOR2_1_N001,DAM,LMP,LMP_PRC,BAYSHOR2_1_N001,ALL,1,27.81916,401
2017-09-21T12:00:00-00:00,2017-09-21T13:00:00-00:00,2017-09-21,6,0,BAYSHOR2_1_N001,BAYSHOR2_1_N001,BAYSHOR2_1_N001,DAM,LMP,LMP_PRC,BAYSHOR2_1_N001,ALL,1,32.05723,401
2017-09-21T11:00:00-00:00,2017-09-21T12:00:00-00:00,2017-09-21,5,0,BAYSHOR2_1_N001,BAYSHOR2_1_N001,BAYSHOR2_1_N001,DAM,LMP,LMP_PRC,BAYSHOR2_1_N001,ALL,1,28.76012,401
2017-09-21T14:00:00-00:00,2017-09-21T15:00:00-00:00,2017-09-21,8,0,BAYSHOR2_1_N001,BAYSHOR2_1_N001,BAYSHOR2_1_N001,DAM,LMP,LMP_PRC,BAYSHOR2_1_N001,ALL,1,47.76263,401
2017-09-21T18:00:00-00:00,2017-09-21T19:00:00-00:00,2017-09-21,12,0,BAYSHOR2_1_N001,BAYSHOR2_1_N001,BAYSHOR2_1_N001,DAM,LMP,LMP_PRC,BAYSHOR2_1_N001,ALL,1,28.24997,401
2017-09-21T20:00:00-00:00,2017-09-21T21:00:00-00:00,2017-09-21,14,0,BAYSHOR2_1_N001,BAYSHOR2_1_N001,BAYSHOR2_1_N001,DAM,LMP,LMP_PRC,BAYSHOR2_1_N001,ALL,1,25.63331,401
2017-09-21T21:00:00-00:00,2017-09-21T22:00:00-00:00,2017-09-21,15,0,BAYSHOR2_1_N001,BAYSHOR2_1_N001,BAYSHOR2_1_N001,DAM,LMP,LMP_PRC,BAYSHOR2_1_N001,ALL,1,24.46833,401
2017-09-21T13:00:00-00:00,2017-09-21T14:00:00-00:00,2017-09-21,7,0,BAYSHOR2_1_N001,BAYSHOR2_1_N001,BAYSHOR2_1_N001,DAM,LMP,LMP_PRC,BAYSHOR2_1_N001,ALL,1,45.31291,401
2017-09-21T16:00:00-00:00,2017-09-21T17:00:00-00:00,2017-09-21,10,0,BAYSHOR2_1_N001,BAYSHOR2_1_N001,BAYSHOR2_1_N001,DAM,LMP,LMP_PRC,BAYSHOR2_1_N001,ALL,1,32.96605,401
2017-09-21T10:00:00-00:00,2017-09-21T11:00:00-00:00,2017-09-21,4,0,BAYSHOR2_1_N001,BAYSHOR2_1_N001,BAYSHOR2_1_N001,DAM,LMP,LMP_PRC,BAYSHOR2_1_N001,ALL,1,27.63915,401
2017-09-22T06:00:00-00:00,2017-09-22T07:00:00-00:00,2017-09-21,24,0,BAYSHOR2_1_N001,BAYSHOR2_1_N001,BAYSHOR2_1_N001,DAM,LMP,LMP_PRC,BAYSHOR2_1_N001,ALL,1,30.2652,401
2017-09-21T07:00:00-00:00,2017-09-21T08:00:00-00:00,2017-09-21,1,0,BAYSHOR2_1_N001,BAYSHOR2_1_N001,BAYSHOR2_1_N001,DAM,LMP,LMP_PRC,BAYSHOR2_1_N001,ALL,1,29.48921,401
2017-09-21T19:00:00-00:00,2017-09-21T20:00:00-00:00,2017-09-21,13,0,BAYSHOR2_1_N001,BAYSHOR2_1_N001,BAYSHOR2_1_N001,DAM,LMP,LMP_PRC,BAYSHOR2_1_N001,ALL,1,27.00613,401
2017-09-21T12:00:00-00:00,2017-09-21T13:00:00-00:00,2017-09-21,6,0,BAYSHOR2_1_N001,BAYSHOR2_1_N001,BAYSHOR2_1_N001,DAM,MCC,LMP_CONG_PRC,BAYSHOR2_1_N001,ALL,1,0,402
2017-09-22T05:00:00-00:00,2017-09-22T06:00:00-00:00,2017-09-21,23,0,BAYSHOR2_1_N001,BAYSHOR2_1_N001,BAYSHOR2_1_N001,DAM,MCC,LMP_CONG_PRC,BAYSHOR2_1_N001,ALL,1,0.54519,402
2017-09-22T00:00:00-00:00,2017-09-22T01:00:00-00:00,2017-09-21,18,0,BAYSHOR2_1_N001,BAYSHOR2_1_N001,BAYSHOR2_1_N001,DAM,MCC,LMP_CONG_PRC,BAYSHOR2_1_N001,ALL,1,2.30168,402
2017-09-22T03:00:00-00:00,2017-09-22T04:00:00-00:00,2017-09-21,21,0,BAYSHOR2_1_N001,BAYSHOR2_1_N001,BAYSHOR2_1_N001,DAM,MCC,LMP_CONG_PRC,BAYSHOR2_1_N001,ALL,1,0.37358,402
2017-09-22T04:00:00-00:00,2017-09-22T05:00:00-00:00,2017-09-21,22,0,BAYSHOR2_1_N001,BAYSHOR2_1_N001,BAYSHOR2_1_N001,DAM,MCC,LMP_CONG_PRC,BAYSHOR2_1_N001,ALL,1,0.43699,402
2017-09-21T10:00:00-00:00,2017-09-21T11:00:00-00:00,2017-09-21,4,0,BAYSHOR2_1_N001,BAYSHOR2_1_N001,BAYSHOR2_1_N001,DAM,MCC,LMP_CONG_PRC,BAYSHOR2_1_N001,ALL,1,0,402
2017-09-21T16:00:00-00:00,2017-09-21T17:00:00-00:00,2017-09-21,10,0,BAYSHOR2_1_N001,BAYSHOR2_1_N001,BAYSHOR2_1_N001,DAM,MCC,LMP_CONG_PRC,BAYSHOR2_1_N001,ALL,1,4.40547,402
2017-09-22T06:00:00-00:00,2017-09-22T07:00:00-00:00,2017-09-21,24,0,BAYSHOR2_1_N001,BAYSHOR2_1_N001,BAYSHOR2_1_N001,DAM,MCC,LMP_CONG_PRC,BAYSHOR2_1_N001,ALL,1,0,402
2017-09-21T19:00:00-00:00,2017-09-21T20:00:00-00:00,2017-09-21,13,0,BAYSHOR2_1_N001,BAYSHOR2_1_N001,BAYSHOR2_1_N001,DAM,MCC,LMP_CONG_PRC,BAYSHOR2_1_N001,ALL,1,6.44015,402
2017-09-21T20:00:00-00:00,2017-09-21T21:00:00-00:00,2017-09-21,14,0,BAYSHOR2_1_N001,BAYSHOR2_1_N001,BAYSHOR2_1_N001,DAM,MCC,LMP_CONG_PRC,BAYSHOR2_1_N001,ALL,1,4.72387,402
2017-09-21T21:00:00-00:00,2017-09-21T22:00:00-00:00,2017-09-21,15,0,BAYSHOR2_1_N001,BAYSHOR2_1_N001,BAYSHOR2_1_N001,DAM,MCC,LMP_CONG_PRC,BAYSHOR2_1_N001,ALL,1,2.75569,402
2017-09-21T07:00:00-00:00,2017-09-21T08:00:00-00:00,2017-09-21,1,0,BAYSHOR2_1_N001,BAYSHOR2_1_N001,BAYSHOR2_1_N001,DAM,MCC,LMP_CONG_PRC,BAYSHOR2_1_N001,ALL,1,0.16795,402
2017-09-22T01:00:00-00:00,2017-09-22T02:00:00-00:00,2017-09-21,19,0,BAYSHOR2_1_N001,BAYSHOR2_1_N001,BAYSHOR2_1_N001,DAM,MCC,LMP_CONG_PRC,BAYSHOR2_1_N001,ALL,1,1.0736,402
2017-09-21T17:00:00-00:00,2017-09-21T18:00:00-00:00,2017-09-21,11,0,BAYSHOR2_1_N001,BAYSHOR2_1_N001,BAYSHOR2_1_N001,DAM,MCC,LMP_CONG_PRC,BAYSHOR2_1_N001,ALL,1,4.46639,402
2017-09-21T22:00:00-00:00,2017-09-21T23:00:00-00:00,2017-09-21,16,0,BAYSHOR2_1_N001,BAYSHOR2_1_N001,BAYSHOR2_1_N001,DAM,MCC,LMP_CONG_PRC,BAYSHOR2_1_N001,ALL,1,4.30053,402
2017-09-21T09:00:00-00:00,2017-09-21T10:00:00-00:00,2017-09-21,3,0,BAYSHOR2_1_N001,BAYSHOR2_1_N001,BAYSHOR2_1_N001,DAM,MCC,LMP_CONG_PRC,BAYSHOR2_1_N001,ALL,1,0,402
2017-09-21T11:00:00-00:00,2017-09-21T12:00:00-00:00,2017-09-21,5,0,BAYSHOR2_1_N001,BAYSHOR2_1_N001,BAYSHOR2_1_N001,DAM,MCC,LMP_CONG_PRC,BAYSHOR2_1_N001,ALL,1,0,402
2017-09-21T18:00:00-00:00,2017-09-21T19:00:00-00:00,2017-09-21,12,0,BAYSHOR2_1_N001,BAYSHOR2_1_N001,BAYSHOR2_1_N001,DAM,MCC,LMP_CONG_PRC,BAYSHOR2_1_N001,ALL,1,6.35608,402
2017-09-21T23:00:00-00:00,2017-09-22T00:00:00-00:00,2017-09-21,17,0,BAYSHOR2_1_N001,BAYSHOR2_1_N001,BAYSHOR2_1_N001,DAM,MCC,LMP_CONG_PRC,BAYSHOR2_1_N001,ALL,1,3.70104,402
2017-09-22T02:00:00-00:00,2017-09-22T03:00:00-00:00,2017-09-21,20,0,BAYSHOR2_1_N001,BAYSHOR2_1_N001,BAYSHOR2_1_N001,DAM,MCC,LMP_CONG_PRC,BAYSHOR2_1_N001,ALL,1,0.38135,402
2017-09-21T08:00:00-00:00,2017-09-21T09:00:00-00:00,2017-09-21,2,0,BAYSHOR2_1_N001,BAYSHOR2_1_N001,BAYSHOR2_1_N001,DAM,MCC,LMP_CONG_PRC,BAYSHOR2_1_N001,ALL,1,0,402
2017-09-21T13:00:00-00:00,2017-09-21T14:00:00-00:00,2017-09-21,7,0,BAYSHOR2_1_N001,BAYSHOR2_1_N001,BAYSHOR2_1_N001,DAM,MCC,LMP_CONG_PRC,BAYSHOR2_1_N001,ALL,1,0,402
2017-09-21T14:00:00-00:00,2017-09-21T15:00:00-00:00,2017-09-21,8,0,BAYSHOR2_1_N001,BAYSHOR2_1_N001,BAYSHOR2_1_N001,DAM,MCC,LMP_CONG_PRC,BAYSHOR2_1_N001,ALL,1,0.29612,402
2017-09-21T15:00:00-00:00,2017-09-21T16:00:00-00:00,2017-09-21,9,0,BAYSHOR2_1_N001,BAYSHOR2_1_N001,BAYSHOR2_1_N001,DAM,MCC,LMP_CONG_PRC,BAYSHOR2_1_N001,ALL,1,2.23013,402
2017-09-22T04:00:00-00:00,2017-09-22T05:00:00-00:00,2017-09-21,22,0,BAYSHOR2_1_N001,BAYSHOR2_1_N001,BAYSHOR2_1_N001,DAM,MCE,LMP_ENE_PRC,BAYSHOR2_1_N001,ALL,1,37.53373,403
2017-09-21T14:00:00-00:00,2017-09-21T15:00:00-00:00,2017-09-21,8,0,BAYSHOR2_1_N001,BAYSHOR2_1_N001,BAYSHOR2_1_N001,DAM,MCE,LMP_ENE_PRC,BAYSHOR2_1_N001,ALL,1,45.12025,403
2017-09-21T07:00:00-00:00,2017-09-21T08:00:00-00:00,2017-09-21,1,0,BAYSHOR2_1_N001,BAYSHOR2_1_N001,BAYSHOR2_1_N001,DAM,MCE,LMP_ENE_PRC,BAYSHOR2_1_N001,ALL,1,28.35438,403
2017-09-22T03:00:00-00:00,2017-09-22T04:00:00-00:00,2017-09-21,21,0,BAYSHOR2_1_N001,BAYSHOR2_1_N001,BAYSHOR2_1_N001,DAM,MCE,LMP_ENE_PRC,BAYSHOR2_1_N001,ALL,1,49.71594,403
2017-09-21T08:00:00-00:00,2017-09-21T09:00:00-00:00,2017-09-21,2,0,BAYSHOR2_1_N001,BAYSHOR2_1_N001,BAYSHOR2_1_N001,DAM,MCE,LMP_ENE_PRC,BAYSHOR2_1_N001,ALL,1,27.77778,403
2017-09-21T11:00:00-00:00,2017-09-21T12:00:00-00:00,2017-09-21,5,0,BAYSHOR2_1_N001,BAYSHOR2_1_N001,BAYSHOR2_1_N001,DAM,MCE,LMP_ENE_PRC,BAYSHOR2_1_N001,ALL,1,27.81443,403
2017-09-21T09:00:00-00:00,2017-09-21T10:00:00-00:00,2017-09-21,3,0,BAYSHOR2_1_N001,BAYSHOR2_1_N001,BAYSHOR2_1_N001,DAM,MCE,LMP_ENE_PRC,BAYSHOR2_1_N001,ALL,1,26.91482,403
2017-09-21T10:00:00-00:00,2017-09-21T11:00:00-00:00,2017-09-21,4,0,BAYSHOR2_1_N001,BAYSHOR2_1_N001,BAYSHOR2_1_N001,DAM,MCE,LMP_ENE_PRC,BAYSHOR2_1_N001,ALL,1,26.7174,403
2017-09-21T17:00:00-00:00,2017-09-21T18:00:00-00:00,2017-09-21,11,0,BAYSHOR2_1_N001,BAYSHOR2_1_N001,BAYSHOR2_1_N001,DAM,MCE,LMP_ENE_PRC,BAYSHOR2_1_N001,ALL,1,22.91934,403
2017-09-22T06:00:00-00:00,2017-09-22T07:00:00-00:00,2017-09-21,24,0,BAYSHOR2_1_N001,BAYSHOR2_1_N001,BAYSHOR2_1_N001,DAM,MCE,LMP_ENE_PRC,BAYSHOR2_1_N001,ALL,1,29.15722,403
2017-09-21T20:00:00-00:00,2017-09-21T21:00:00-00:00,2017-09-21,14,0,BAYSHOR2_1_N001,BAYSHOR2_1_N001,BAYSHOR2_1_N001,DAM,MCE,LMP_ENE_PRC,BAYSHOR2_1_N001,ALL,1,19.71287,403
2017-09-22T05:00:00-00:00,2017-09-22T06:00:00-00:00,2017-09-21,23,0,BAYSHOR2_1_N001,BAYSHOR2_1_N001,BAYSHOR2_1_N001,DAM,MCE,LMP_ENE_PRC,BAYSHOR2_1_N001,ALL,1,32.25606,403
2017-09-22T01:00:00-00:00,2017-09-22T02:00:00-00:00,2017-09-21,19,0,BAYSHOR2_1_N001,BAYSHOR2_1_N001,BAYSHOR2_1_N001,DAM,MCE,LMP_ENE_PRC,BAYSHOR2_1_N001,ALL,1,44.8107,403
2017-09-21T23:00:00-00:00,2017-09-22T00:00:00-00:00,2017-09-21,17,0,BAYSHOR2_1_N001,BAYSHOR2_1_N001,BAYSHOR2_1_N001,DAM,MCE,LMP_ENE_PRC,BAYSHOR2_1_N001,ALL,1,26.30858,403
2017-09-22T00:00:00-00:00,2017-09-22T01:00:00-00:00,2017-09-21,18,0,BAYSHOR2_1_N001,BAYSHOR2_1_N001,BAYSHOR2_1_N001,DAM,MCE,LMP_ENE_PRC,BAYSHOR2_1_N001,ALL,1,33.02269,403
2017-09-21T15:00:00-00:00,2017-09-21T16:00:00-00:00,2017-09-21,9,0,BAYSHOR2_1_N001,BAYSHOR2_1_N001,BAYSHOR2_1_N001,DAM,MCE,LMP_ENE_PRC,BAYSHOR2_1_N001,ALL,1,30.2531,403
2017-09-21T16:00:00-00:00,2017-09-21T17:00:00-00:00,2017-09-21,10,0,BAYSHOR2_1_N001,BAYSHOR2_1_N001,BAYSHOR2_1_N001,DAM,MCE,LMP_ENE_PRC,BAYSHOR2_1_N001,ALL,1,27.06139,403
2017-09-21T19:00:00-00:00,2017-09-21T20:00:00-00:00,2017-09-21,13,0,BAYSHOR2_1_N001,BAYSHOR2_1_N001,BAYSHOR2_1_N001,DAM,MCE,LMP_ENE_PRC,BAYSHOR2_1_N001,ALL,1,19.38358,403
2017-09-22T02:00:00-00:00,2017-09-22T03:00:00-00:00,2017-09-21,20,0,BAYSHOR2_1_N001,BAYSHOR2_1_N001,BAYSHOR2_1_N001,DAM,MCE,LMP_ENE_PRC,BAYSHOR2_1_N001,ALL,1,56.13231,403
2017-09-21T12:00:00-00:00,2017-09-21T13:00:00-00:00,2017-09-21,6,0,BAYSHOR2_1_N001,BAYSHOR2_1_N001,BAYSHOR2_1_N001,DAM,MCE,LMP_ENE_PRC,BAYSHOR2_1_N001,ALL,1,30.82722,403
2017-09-21T18:00:00-00:00,2017-09-21T19:00:00-00:00,2017-09-21,12,0,BAYSHOR2_1_N001,BAYSHOR2_1_N001,BAYSHOR2_1_N001,DAM,MCE,LMP_ENE_PRC,BAYSHOR2_1_N001,ALL,1,20.55765,403
2017-09-21T13:00:00-00:00,2017-09-21T14:00:00-00:00,2017-09-21,7,0,BAYSHOR2_1_N001,BAYSHOR2_1_N001,BAYSHOR2_1_N001,DAM,MCE,LMP_ENE_PRC,BAYSHOR2_1_N001,ALL,1,43.66667,403
2017-09-21T21:00:00-00:00,2017-09-21T22:00:00-00:00,2017-09-21,15,0,BAYSHOR2_1_N001,BAYSHOR2_1_N001,BAYSHOR2_1_N001,DAM,MCE,LMP_ENE_PRC,BAYSHOR2_1_N001,ALL,1,20.46045,403
2017-09-21T22:00:00-00:00,2017-09-21T23:00:00-00:00,2017-09-21,16,0,BAYSHOR2_1_N001,BAYSHOR2_1_N001,BAYSHOR2_1_N001,DAM,MCE,LMP_ENE_PRC,BAYSHOR2_1_N001,ALL,1,23.37761,403
2017-09-21T21:00:00-00:00,2017-09-21T22:00:00-00:00,2017-09-21,15,0,BAYSHOR2_1_N001,BAYSHOR2_1_N001,BAYSHOR2_1_N001,DAM,MCL,LMP_LOSS_PRC,BAYSHOR2_1_N001,ALL,1,1.25218,404
2017-09-22T03:00:00-00:00,2017-09-22T04:00:00-00:00,2017-09-21,21,0,BAYSHOR2_1_N001,BAYSHOR2_1_N001,BAYSHOR2_1_N001,DAM,MCL,LMP_LOSS_PRC,BAYSHOR2_1_N001,ALL,1,1.84446,404
2017-09-21T19:00:00-00:00,2017-09-21T20:00:00-00:00,2017-09-21,13,0,BAYSHOR2_1_N001,BAYSHOR2_1_N001,BAYSHOR2_1_N001,DAM,MCL,LMP_LOSS_PRC,BAYSHOR2_1_N001,ALL,1,1.1824,404
2017-09-22T01:00:00-00:00,2017-09-22T02:00:00-00:00,2017-09-21,19,0,BAYSHOR2_1_N001,BAYSHOR2_1_N001,BAYSHOR2_1_N001,DAM,MCL,LMP_LOSS_PRC,BAYSHOR2_1_N001,ALL,1,1.57734,404
2017-09-21T08:00:00-00:00,2017-09-21T09:00:00-00:00,2017-09-21,2,0,BAYSHOR2_1_N001,BAYSHOR2_1_N001,BAYSHOR2_1_N001,DAM,MCL,LMP_LOSS_PRC,BAYSHOR2_1_N001,ALL,1,0.86389,404
2017-09-21T12:00:00-00:00,2017-09-21T13:00:00-00:00,2017-09-21,6,0,BAYSHOR2_1_N001,BAYSHOR2_1_N001,BAYSHOR2_1_N001,DAM,MCL,LMP_LOSS_PRC,BAYSHOR2_1_N001,ALL,1,1.23001,404
2017-09-21T17:00:00-00:00,2017-09-21T18:00:00-00:00,2017-09-21,11,0,BAYSHOR2_1_N001,BAYSHOR2_1_N001,BAYSHOR2_1_N001,DAM,MCL,LMP_LOSS_PRC,BAYSHOR2_1_N001,ALL,1,1.40037,404
2017-09-21T07:00:00-00:00,2017-09-21T08:00:00-00:00,2017-09-21,1,0,BAYSHOR2_1_N001,BAYSHOR2_1_N001,BAYSHOR2_1_N001,DAM,MCL,LMP_LOSS_PRC,BAYSHOR2_1_N001,ALL,1,0.96688,404
2017-09-22T00:00:00-00:00,2017-09-22T01:00:00-00:00,2017-09-21,18,0,BAYSHOR2_1_N001,BAYSHOR2_1_N001,BAYSHOR2_1_N001,DAM,MCL,LMP_LOSS_PRC,BAYSHOR2_1_N001,ALL,1,1.42988,404
2017-09-21T10:00:00-00:00,2017-09-21T11:00:00-00:00,2017-09-21,4,0,BAYSHOR2_1_N001,BAYSHOR2_1_N001,BAYSHOR2_1_N001,DAM,MCL,LMP_LOSS_PRC,BAYSHOR2_1_N001,ALL,1,0.92175,404
2017-09-21T18:00:00-00:00,2017-09-21T19:00:00-00:00,2017-09-21,12,0,BAYSHOR2_1_N001,BAYSHOR2_1_N001,BAYSHOR2_1_N001,DAM,MCL,LMP_LOSS_PRC,BAYSHOR2_1_N001,ALL,1,1.33625,404
2017-09-22T06:00:00-00:00,2017-09-22T07:00:00-00:00,2017-09-21,24,0,BAYSHOR2_1_N001,BAYSHOR2_1_N001,BAYSHOR2_1_N001,DAM,MCL,LMP_LOSS_PRC,BAYSHOR2_1_N001,ALL,1,1.10797,404
2017-09-21T15:00:00-00:00,2017-09-21T16:00:00-00:00,2017-09-21,9,0,BAYSHOR2_1_N001,BAYSHOR2_1_N001,BAYSHOR2_1_N001,DAM,MCL,LMP_LOSS_PRC,BAYSHOR2_1_N001,ALL,1,1.51266,404
2017-09-21T20:00:00-00:00,2017-09-21T21:00:00-00:00,2017-09-21,14,0,BAYSHOR2_1_N001,BAYSHOR2_1_N001,BAYSHOR2_1_N001,DAM,MCL,LMP_LOSS_PRC,BAYSHOR2_1_N001,ALL,1,1.19657,404
2017-09-21T22:00:00-00:00,2017-09-21T23:00:00-00:00,2017-09-21,16,0,BAYSHOR2_1_N001,BAYSHOR2_1_N001,BAYSHOR2_1_N001,DAM,MCL,LMP_LOSS_PRC,BAYSHOR2_1_N001,ALL,1,1.32551,404
2017-09-22T05:00:00-00:00,2017-09-22T06:00:00-00:00,2017-09-21,23,0,BAYSHOR2_1_N001,BAYSHOR2_1_N001,BAYSHOR2_1_N001,DAM,MCL,LMP_LOSS_PRC,BAYSHOR2_1_N001,ALL,1,1.04187,404
2017-09-21T09:00:00-00:00,2017-09-21T10:00:00-00:00,2017-09-21,3,0,BAYSHOR2_1_N001,BAYSHOR2_1_N001,BAYSHOR2_1_N001,DAM,MCL,LMP_LOSS_PRC,BAYSHOR2_1_N001,ALL,1,0.90434,404
2017-09-22T02:00:00-00:00,2017-09-22T03:00:00-00:00,2017-09-21,20,0,BAYSHOR2_1_N001,BAYSHOR2_1_N001,BAYSHOR2_1_N001,DAM,MCL,LMP_LOSS_PRC,BAYSHOR2_1_N001,ALL,1,1.87482,404
2017-09-21T14:00:00-00:00,2017-09-21T15:00:00-00:00,2017-09-21,8,0,BAYSHOR2_1_N001,BAYSHOR2_1_N001,BAYSHOR2_1_N001,DAM,MCL,LMP_LOSS_PRC,BAYSHOR2_1_N001,ALL,1,2.34625,404
2017-09-21T16:00:00-00:00,2017-09-21T17:00:00-00:00,2017-09-21,10,0,BAYSHOR2_1_N001,BAYSHOR2_1_N001,BAYSHOR2_1_N001,DAM,MCL,LMP_LOSS_PRC,BAYSHOR2_1_N001,ALL,1,1.4992,404
2017-09-21T11:00:00-00:00,2017-09-21T12:00:00-00:00,2017-09-21,5,0,BAYSHOR2_1_N001,BAYSHOR2_1_N001,BAYSHOR2_1_N001,DAM,MCL,LMP_LOSS_PRC,BAYSHOR2_1_N001,ALL,1,0.94569,404
2017-09-21T13:00:00-00:00,2017-09-21T14:00:00-00:00,2017-09-21,7,0,BAYSHOR2_1_N001,BAYSHOR2_1_N001,BAYSHOR2_1_N001,DAM,MCL,LMP_LOSS_PRC,BAYSHOR2_1_N001,ALL,1,1.64623,404
2017-09-22T04:00:00-00:00,2017-09-22T05:00:00-00:00,2017-09-21,22,0,BAYSHOR2_1_N001,BAYSHOR2_1_N001,BAYSHOR2_1_N001,DAM,MCL,LMP_LOSS_PRC,BAYSHOR2_1_N001,ALL,1,1.36998,404
2017-09-21T23:00:00-00:00,2017-09-22T00:00:00-00:00,2017-09-21,17,0,BAYSHOR2_1_N001,BAYSHOR2_1_N001,BAYSHOR2_1_N001,DAM,MCL,LMP_LOSS_PRC,BAYSHOR2_1_N001,ALL,1,1.51537,404
2017-09-21T22:00:00-00:00,2017-09-21T23:00:00-00:00,2017-09-21,16,0,TH_NP15_GEN-APND,TH_NP15_GEN-APND,TH_NP15_GEN-APND,DAM,LMP,LMP_PRC,TH_NP15_GEN-APND,ALL_APNODES,0,21.97198,405
2017-09-22T05:00:00-00:00,2017-09-22T06:00:00-00:00,2017-09-21,23,0,TH_NP15_GEN-APND,TH_NP15_GEN-APND,TH_NP15_GEN-APND,DAM,LMP,LMP_PRC,TH_NP15_GEN-APND,ALL_APNODES,0,31.85608,405
2017-09-21T07:00:00-00:00,2017-09-21T08:00:00-00:00,2017-09-21,1,0,TH_NP15_GEN-APND,TH_NP15_GEN-APND,TH_NP15_GEN-APND,DAM,LMP,LMP_PRC,TH_NP15_GEN-APND,ALL_APNODES,0,28.068,405
2017-09-21T23:00:00-00:00,2017-09-22T00:00:00-00:00,2017-09-21,17,0,TH_NP15_GEN-APND,TH_NP15_GEN-APND,TH_NP15_GEN-APND,DAM,LMP,LMP_PRC,TH_NP15_GEN-APND,ALL_APNODES,0,25.61223,405
2017-09-22T03:00:00-00:00,2017-09-22T04:00:00-00:00,2017-09-21,21,0,TH_NP15_GEN-APND,TH_NP15_GEN-APND,TH_NP15_GEN-APND,DAM,LMP,LMP_PRC,TH_NP15_GEN-APND,ALL_APNODES,0,48.10605,405
2017-09-22T04:00:00-00:00,2017-09-22T05:00:00-00:00,2017-09-21,22,0,TH_NP15_GEN-APND,TH_NP15_GEN-APND,TH_NP15_GEN-APND,DAM,LMP,LMP_PRC,TH_NP15_GEN-APND,ALL_APNODES,0,36.29047,405
2017-09-21T08:00:00-00:00,2017-09-21T09:00:00-00:00,2017-09-21,2,0,TH_NP15_GEN-APND,TH_NP15_GEN-APND,TH_NP15_GEN-APND,DAM,LMP,LMP_PRC,TH_NP15_GEN-APND,ALL_APNODES,0,27.47222,405
2017-09-22T00:00:00-00:00,2017-09-22T01:00:00-00:00,2017-09-21,18,0,TH_NP15_GEN-APND,TH_NP15_GEN-APND,TH_NP15_GEN-APND,DAM,LMP,LMP_PRC,TH_NP15_GEN-APND,ALL_APNODES,0,32.14855,405
2017-09-21T10:00:00-00:00,2017-09-21T11:00:00-00:00,2017-09-21,4,0,TH_NP15_GEN-APND,TH_NP15_GEN-APND,TH_NP15_GEN-APND,DAM,LMP,LMP_PRC,TH_NP15_GEN-APND,ALL_APNODES,0,26.56511,405
2017-09-21T15:00:00-00:00,2017-09-21T16:00:00-00:00,2017-09-21,9,0,TH_NP15_GEN-APND,TH_NP15_GEN-APND,TH_NP15_GEN-APND,DAM,LMP,LMP_PRC,TH_NP15_GEN-APND,ALL_APNODES,0,30.09021,405
2017-09-21T18:00:00-00:00,2017-09-21T19:00:00-00:00,2017-09-21,12,0,TH_NP15_GEN-APND,TH_NP15_GEN-APND,TH_NP15_GEN-APND,DAM,LMP,LMP_PRC,TH_NP15_GEN-APND,ALL_APNODES,0,18.83682,405
2017-09-21T20:00:00-00:00,2017-09-21T21:00:00-00:00,2017-09-21,14,0,TH_NP15_GEN-APND,TH_NP15_GEN-APND,TH_NP15_GEN-APND,DAM,LMP,LMP_PRC,TH_NP15_GEN-APND,ALL_APNODES,0,17.85276,405
2017-09-22T02:00:00-00:00,2017-09-22T03:00:00-00:00,2017-09-21,20,0,TH_NP15_GEN-APND,TH_NP15_GEN-APND,TH_NP15_GEN-APND,DAM,LMP,LMP_PRC,TH_NP15_GEN-APND,ALL_APNODES,0,54.57354,405
2017-09-21T12:00:00-00:00,2017-09-21T13:00:00-00:00,2017-09-21,6,0,TH_NP15_GEN-APND,TH_NP15_GEN-APND,TH_NP15_GEN-APND,DAM,LMP,LMP_PRC,TH_NP15_GEN-APND,ALL_APNODES,0,30.65151,405
2017-09-21T13:00:00-00:00,2017-09-21T14:00:00-00:00,2017-09-21,7,0,TH_NP15_GEN-APND,TH_NP15_GEN-APND,TH_NP15_GEN-APND,DAM,LMP,LMP_PRC,TH_NP15_GEN-APND,ALL_APNODES,0,43.01527,405
2017-09-21T16:00:00-00:00,2017-09-21T17:00:00-00:00,2017-09-21,10,0,TH_NP15_GEN-APND,TH_NP15_GEN-APND,TH_NP15_GEN-APND,DAM,LMP,LMP_PRC,TH_NP15_GEN-APND,ALL_APNODES,0,26.6271,405
2017-09-22T01:00:00-00:00,2017-09-22T02:00:00-00:00,2017-09-21,19,0,TH_NP15_GEN-APND,TH_NP15_GEN-APND,TH_NP15_GEN-APND,DAM,LMP,LMP_PRC,TH_NP15_GEN-APND,ALL_APNODES,0,43.40676,405
2017-09-21T09:00:00-00:00,2017-09-21T10:00:00-00:00,2017-09-21,3,0,TH_NP15_GEN-APND,TH_NP15_GEN-APND,TH_NP15_GEN-APND,DAM,LMP,LMP_PRC,TH_NP15_GEN-APND,ALL_APNODES,0,26.71565,405
2017-09-21T21:00:00-00:00,2017-09-21T22:00:00-00:00,2017-09-21,15,0,TH_NP15_GEN-APND,TH_NP15_GEN-APND,TH_NP15_GEN-APND,DAM,LMP,LMP_PRC,TH_NP15_GEN-APND,ALL_APNODES,0,19.01356,405
2017-09-21T11:00:00-00:00,2017-09-21T12:00:00-00:00,2017-09-21,5,0,TH_NP15_GEN-APND,TH_NP15_GEN-APND,TH_NP15_GEN-APND,DAM,LMP,LMP_PRC,TH_NP15_GEN-APND,ALL_APNODES,0,27.58079,405
2017-09-21T14:00:00-00:00,2017-09-21T15:00:00-00:00,2017-09-21,8,0,TH_NP15_GEN-APND,TH_NP15_GEN-APND,TH_NP15_GEN-APND,DAM,LMP,LMP_PRC,TH_NP15_GEN-APND,ALL_APNODES,0,44.79755,405
2017-09-21T17:00:00-00:00,2017-09-21T18:00:00-00:00,2017-09-21,11,0,TH_NP15_GEN-APND,TH_NP15_GEN-APND,TH_NP15_GEN-APND,DAM,LMP,LMP_PRC,TH_NP15_GEN-APND,ALL_APNODES,0,21.64048,405
2017-09-22T06:00:00-00:00,2017-09-22T07:00:00-00:00,2017-09-21,24,0,TH_NP15_GEN-APND,TH_NP15_GEN-APND,TH_NP15_GEN-APND,DAM,LMP,LMP_PRC,TH_NP15_GEN-APND,ALL_APNODES,0,28.95895,405
2017-09-21T19:00:00-00:00,2017-09-21T20:00:00-00:00,2017-09-21,13,0,TH_NP15_GEN-APND,TH_NP15_GEN-APND,TH_NP15_GEN-APND,DAM,LMP,LMP_PRC,TH_NP15_GEN-APND,ALL_APNODES,0,17.36923,405
2017-09-22T04:00:00-00:00,2017-09-22T05:00:00-00:00,2017-09-21,22,0,TH_NP15_GEN-APND,TH_NP15_GEN-APND,TH_NP15_GEN-APND,DAM,MCC,LMP_CONG_PRC,TH_NP15_GEN-APND,ALL_APNODES,0,-0.67274,406
2017-09-22T05:00:00-00:00,2017-09-22T06:00:00-00:00,2017-09-21,23,0,TH_NP15_GEN-APND,TH_NP15_GEN-APND,TH_NP15_GEN-APND,DAM,MCC,LMP_CONG_PRC,TH_NP15_GEN-APND,ALL_APNODES,0,0,406
2017-09-21T09:00:00-00:00,2017-09-21T10:00:00-00:00,2017-09-21,3,0,TH_NP15_GEN-APND,TH_NP15_GEN-APND,TH_NP15_GEN-APND,DAM,MCC,LMP_CONG_PRC,TH_NP15_GEN-APND,ALL_APNODES,0,0,406
2017-09-21T17:00:00-00:00,2017-09-21T18:00:00-00:00,2017-09-21,11,0,TH_NP15_GEN-APND,TH_NP15_GEN-APND,TH_NP15_GEN-APND,DAM,MCC,LMP_CONG_PRC,TH_NP15_GEN-APND,ALL_APNODES,0,-1.42554,406
2017-09-22T02:00:00-00:00,2017-09-22T03:00:00-00:00,2017-09-21,20,0,TH_NP15_GEN-APND,TH_NP15_GEN-APND,TH_NP15_GEN-APND,DAM,MCC,LMP_CONG_PRC,TH_NP15_GEN-APND,ALL_APNODES,0,-0.57084,406
2017-09-21T19:00:00-00:00,2017-09-21T20:00:00-00:00,2017-09-21,13,0,TH_NP15_GEN-APND,TH_NP15_GEN-APND,TH_NP15_GEN-APND,DAM,MCC,LMP_CONG_PRC,TH_NP15_GEN-APND,ALL_APNODES,0,-2.1481,406
2017-09-21T12:00:00-00:00,2017-09-21T13:00:00-00:00,2017-09-21,6,0,TH_NP15_GEN-APND,TH_NP15_GEN-APND,TH_NP15_GEN-APND,DAM,MCC,LMP_CONG_PRC,TH_NP15_GEN-APND,ALL_APNODES,0,0,406
2017-09-21T15:00:00-00:00,2017-09-21T16:00:00-00:00,2017-09-21,9,0,TH_NP15_GEN-APND,TH_NP15_GEN-APND,TH_NP15_GEN-APND,DAM,MCC,LMP_CONG_PRC,TH_NP15_GEN-APND,ALL_APNODES,0,-0.16591,406
2017-09-21T18:00:00-00:00,2017-09-21T19:00:00-00:00,2017-09-21,12,0,TH_NP15_GEN-APND,TH_NP15_GEN-APND,TH_NP15_GEN-APND,DAM,MCC,LMP_CONG_PRC,TH_NP15_GEN-APND,ALL_APNODES,0,-1.90996,406
2017-09-21T14:00:00-00:00,2017-09-21T15:00:00-00:00,2017-09-21,8,0,TH_NP15_GEN-APND,TH_NP15_GEN-APND,TH_NP15_GEN-APND,DAM,MCC,LMP_CONG_PRC,TH_NP15_GEN-APND,ALL_APNODES,0,-0.26404,406
2017-09-21T16:00:00-00:00,2017-09-21T17:00:00-00:00,2017-09-21,10,0,TH_NP15_GEN-APND,TH_NP15_GEN-APND,TH_NP15_GEN-APND,DAM,MCC,LMP_CONG_PRC,TH_NP15_GEN-APND,ALL_APNODES,0,-0.50194,406
2017-09-22T03:00:00-00:00,2017-09-22T04:00:00-00:00,2017-09-21,21,0,TH_NP15_GEN-APND,TH_NP15_GEN-APND,TH_NP15_GEN-APND,DAM,MCC,LMP_CONG_PRC,TH_NP15_GEN-APND,ALL_APNODES,0,-0.6454,406
2017-09-21T10:00:00-00:00,2017-09-21T11:00:00-00:00,2017-09-21,4,0,TH_NP15_GEN-APND,TH_NP15_GEN-APND,TH_NP15_GEN-APND,DAM,MCC,LMP_CONG_PRC,TH_NP15_GEN-APND,ALL_APNODES,0,0,406
2017-09-21T11:00:00-00:00,2017-09-21T12:00:00-00:00,2017-09-21,5,0,TH_NP15_GEN-APND,TH_NP15_GEN-APND,TH_NP15_GEN-APND,DAM,MCC,LMP_CONG_PRC,TH_NP15_GEN-APND,ALL_APNODES,0,0,406
2017-09-22T06:00:00-00:00,2017-09-22T07:00:00-00:00,2017-09-21,24,0,TH_NP15_GEN-APND,TH_NP15_GEN-APND,TH_NP15_GEN-APND,DAM,MCC,LMP_CONG_PRC,TH_NP15_GEN-APND,ALL_APNODES,0,0,406
2017-09-21T07:00:00-00:00,2017-09-21T08:00:00-00:00,2017-09-21,1,0,TH_NP15_GEN-APND,TH_NP15_GEN-APND,TH_NP15_GEN-APND,DAM,MCC,LMP_CONG_PRC,TH_NP15_GEN-APND,ALL_APNODES,0,0,406
2017-09-21T20:00:00-00:00,2017-09-21T21:00:00-00:00,2017-09-21,14,0,TH_NP15_GEN-APND,TH_NP15_GEN-APND,TH_NP15_GEN-APND,DAM,MCC,LMP_CONG_PRC,TH_NP15_GEN-APND,ALL_APNODES,0,-1.98627,406
2017-09-21T08:00:00-00:00,2017-09-21T09:00:00-00:00,2017-09-21,2,0,TH_NP15_GEN-APND,TH_NP15_GEN-APND,TH_NP15_GEN-APND,DAM,MCC,LMP_CONG_PRC,TH_NP15_GEN-APND,ALL_APNODES,0,0,406
2017-09-22T00:00:00-00:00,2017-09-22T01:00:00-00:00,2017-09-21,18,0,TH_NP15_GEN-APND,TH_NP15_GEN-APND,TH_NP15_GEN-APND,DAM,MCC,LMP_CONG_PRC,TH_NP15_GEN-APND,ALL_APNODES,0,-0.61326,406
2017-09-21T21:00:00-00:00,2017-09-21T22:00:00-00:00,2017-09-21,15,0,TH_NP15_GEN-APND,TH_NP15_GEN-APND,TH_NP15_GEN-APND,DAM,MCC,LMP_CONG_PRC,TH_NP15_GEN-APND,ALL_APNODES,0,-1.60443,406
2017-09-21T22:00:00-00:00,2017-09-21T23:00:00-00:00,2017-09-21,16,0,TH_NP15_GEN-APND,TH_NP15_GEN-APND,TH_NP15_GEN-APND,DAM,MCC,LMP_CONG_PRC,TH_NP15_GEN-APND,ALL_APNODES,0,-1.49213,406
2017-09-21T23:00:00-00:00,2017-09-22T00:00:00-00:00,2017-09-21,17,0,TH_NP15_GEN-APND,TH_NP15_GEN-APND,TH_NP15_GEN-APND,DAM,MCC,LMP_CONG_PRC,TH_NP15_GEN-APND,ALL_APNODES,0,-0.85158,406
2017-09-21T13:00:00-00:00,2017-09-21T14:00:00-00:00,2017-09-21,7,0,TH_NP15_GEN-APND,TH_NP15_GEN-APND,TH_NP15_GEN-APND,DAM,MCC,LMP_CONG_PRC,TH_NP15_GEN-APND,ALL_APNODES,0,-0.24094,406
2017-09-22T01:00:00-00:00,2017-09-22T02:00:00-00:00,2017-09-21,19,0,TH_NP15_GEN-APND,TH_NP15_GEN-APND,TH_NP15_GEN-APND,DAM,MCC,LMP_CONG_PRC,TH_NP15_GEN-APND,ALL_APNODES,0,-0.57047,406
2017-09-21T13:00:00-00:00,2017-09-21T14:00:00-00:00,2017-09-21,7,0,TH_NP15_GEN-APND,TH_NP15_GEN-APND,TH_NP15_GEN-APND,DAM,MCE,LMP_ENE_PRC,TH_NP15_GEN-APND,ALL_APNODES,0,43.66667,407
2017-09-21T23:00:00-00:00,2017-09-22T00:00:00-00:00,2017-09-21,17,0,TH_NP15_GEN-APND,TH_NP15_GEN-APND,TH_NP15_GEN-APND,DAM,MCE,LMP_ENE_PRC,TH_NP15_GEN-APND,ALL_APNODES,0,26.30858,407
2017-09-21T11:00:00-00:00,2017-09-21T12:00:00-00:00,2017-09-21,5,0,TH_NP15_GEN-APND,TH_NP15_GEN-APND,TH_NP15_GEN-APND,DAM,MCE,LMP_ENE_PRC,TH_NP15_GEN-APND,ALL_APNODES,0,27.81443,407
2017-09-21T10:00:00-00:00,2017-09-21T11:00:00-00:00,2017-09-21,4,0,TH_NP15_GEN-APND,TH_NP15_GEN-APND,TH_NP15_GEN-APND,DAM,MCE,LMP_ENE_PRC,TH_NP15_GEN-APND,ALL_APNODES,0,26.7174,407
2017-09-22T02:00:00-00:00,2017-09-22T03:00:00-00:00,2017-09-21,20,0,TH_NP15_GEN-APND,TH_NP15_GEN-APND,TH_NP15_GEN-APND,DAM,MCE,LMP_ENE_PRC,TH_NP15_GEN-APND,ALL_APNODES,0,56.13231,407
2017-09-22T06:00:00-00:00,2017-09-22T07:00:00-00:00,2017-09-21,24,0,TH_NP15_GEN-APND,TH_NP15_GEN-APND,TH_NP15_GEN-APND,DAM,MCE,LMP_ENE_PRC,TH_NP15_GEN-APND,ALL_APNODES,0,29.15722,407
2017-09-21T20:00:00-00:00,2017-09-21T21:00:00-00:00,2017-09-21,14,0,TH_NP15_GEN-APND,TH_NP15_GEN-APND,TH_NP15_GEN-APND,DAM,MCE,LMP_ENE_PRC,TH_NP15_GEN-APND,ALL_APNODES,0,19.71287,407
2017-09-21T09:00:00-00:00,2017-09-21T10:00:00-00:00,2017-09-21,3,0,TH_NP15_GEN-APND,TH_NP15_GEN-APND,TH_NP15_GEN-APND,DAM,MCE,LMP_ENE_PRC,TH_NP15_GEN-APND,ALL_APNODES,0,26.91482,407
2017-09-21T14:00:00-00:00,2017-09-21T15:00:00-00:00,2017-09-21,8,0,TH_NP15_GEN-APND,TH_NP15_GEN-APND,TH_NP15_GEN-APND,DAM,MCE,LMP_ENE_PRC,TH_NP15_GEN-APND,ALL_APNODES,0,45.12025,407
2017-09-21T08:00:00-00:00,2017-09-21T09:00:00-00:00,2017-09-21,2,0,TH_NP15_GEN-APND,TH_NP15_GEN-APND,TH_NP15_GEN-APND,DAM,MCE,LMP_ENE_PRC,TH_NP15_GEN-APND,ALL_APNODES,0,27.77778,407
2017-09-21T18:00:00-00:00,2017-09-21T19:00:00-00:00,2017-09-21,12,0,TH_NP15_GEN-APND,TH_NP15_GEN-APND,TH_NP15_GEN-APND,DAM,MCE,LMP_ENE_PRC,TH_NP15_GEN-APND,ALL_APNODES,0,20.55765,407
2017-09-21T17:00:00-00:00,2017-09-21T18:00:00-00:00,2017-09-21,11,0,TH_NP15_GEN-APND,TH_NP15_GEN-APND,TH_NP15_GEN-APND,DAM,MCE,LMP_ENE_PRC,TH_NP15_GEN-APND,ALL_APNODES,0,22.91934,407
2017-09-21T15:00:00-00:00,2017-09-21T16:00:00-00:00,2017-09-21,9,0,TH_NP15_GEN-APND,TH_NP15_GEN-APND,TH_NP15_GEN-APND,DAM,MCE,LMP_ENE_PRC,TH_NP15_GEN-APND,ALL_APNODES,0,30.2531,407
2017-09-22T03:00:00-00:00,2017-09-22T04:00:00-00:00,2017-09-21,21,0,TH_NP15_GEN-APND,TH_NP15_GEN-APND,TH_NP15_GEN-APND,DAM,MCE,LMP_ENE_PRC,TH_NP15_GEN-APND,ALL_APNODES,0,49.71594,407
2017-09-21T22:00:00-00:00,2017-09-21T23:00:00-00:00,2017-09-21,16,0,TH_NP15_GEN-APND,TH_NP15_GEN-APND,TH_NP15_GEN-APND,DAM,MCE,LMP_ENE_PRC,TH_NP15_GEN-APND,ALL_APNODES,0,23.37761,407
2017-09-22T04:00:00-00:00,2017-09-22T05:00:00-00:00,2017-09-21,22,0,TH_NP15_GEN-APND,TH_NP15_GEN-APND,TH_NP15_GEN-APND,DAM,MCE,LMP_ENE_PRC,TH_NP15_GEN-APND,ALL_APNODES,0,37.53373,407
2017-09-22T05:00:00-00:00,2017-09-22T06:00:00-00:00,2017-09-21,23,0,TH_NP15_GEN-APND,TH_NP15_GEN-APND,TH_NP15_GEN-APND,DAM,MCE,LMP_ENE_PRC,TH_NP15_GEN-APND,ALL_APNODES,0,32.25606,407
2017-09-22T00:00:00-00:00,2017-09-22T01:00:00-00:00,2017-09-21,18,0,TH_NP15_GEN-APND,TH_NP15_GEN-APND,TH_NP15_GEN-APND,DAM,MCE,LMP_ENE_PRC,TH_NP15_GEN-APND,ALL_APNODES,0,33.02269,407
2017-09-21T21:00:00-00:00,2017-09-21T22:00:00-00:00,2017-09-21,15,0,TH_NP15_GEN-APND,TH_NP15_GEN-APND,TH_NP15_GEN-APND,DAM,MCE,LMP_ENE_PRC,TH_NP15_GEN-APND,ALL_APNODES,0,20.46045,407
2017-09-21T12:00:00-00:00,2017-09-21T13:00:00-00:00,2017-09-21,6,0,TH_NP15_GEN-APND,TH_NP15_GEN-APND,TH_NP15_GEN-APND,DAM,MCE,LMP_ENE_PRC,TH_NP15_GEN-APND,ALL_APNODES,0,30.82722,407
2017-09-21T07:00:00-00:00,2017-09-21T08:00:00-00:00,2017-09-21,1,0,TH_NP15_GEN-APND,TH_NP15_GEN-APND,TH_NP15_GEN-APND,DAM,MCE,LMP_ENE_PRC,TH_NP15_GEN-APND,ALL_APNODES,0,28.35438,407
2017-09-21T19:00:00-00:00,2017-09-21T20:00:00-00:00,2017-09-21,13,0,TH_NP15_GEN-APND,TH_NP15_GEN-APND,TH_NP15_GEN-APND,DAM,MCE,LMP_ENE_PRC,TH_NP15_GEN-APND,ALL_APNODES,0,19.38358,407
2017-09-21T16:00:00-00:00,2017-09-21T17:00:00-00:00,2017-09-21,10,0,TH_NP15_GEN-APND,TH_NP15_GEN-APND,TH_NP15_GEN-APND,DAM,MCE,LMP_ENE_PRC,TH_NP15_GEN-APND,ALL_APNODES,0,27.06139,407
2017-09-22T01:00:00-00:00,2017-09-22T02:00:00-00:00,2017-09-21,19,0,TH_NP15_GEN-APND,TH_NP15_GEN-APND,TH_NP15_GEN-APND,DAM,MCE,LMP_ENE_PRC,TH_NP15_GEN-APND,ALL_APNODES,0,44.8107,407
2017-09-21T13:00:00-00:00,2017-09-21T14:00:00-00:00,2017-09-21,7,0,TH_NP15_GEN-APND,TH_NP15_GEN-APND,TH_NP15_GEN-APND,DAM,MCL,LMP_LOSS_PRC,TH_NP15_GEN-APND,ALL_APNODES,0,-0.41047,408
2017-09-21T10:00:00-00:00,2017-09-21T11:00:00-00:00,2017-09-21,4,0,TH_NP15_GEN-APND,TH_NP15_GEN-APND,TH_NP15_GEN-APND,DAM,MCL,LMP_LOSS_PRC,TH_NP15_GEN-APND,ALL_APNODES,0,-0.15229,408
2017-09-21T09:00:00-00:00,2017-09-21T10:00:00-00:00,2017-09-21,3,0,TH_NP15_GEN-APND,TH_NP15_GEN-APND,TH_NP15_GEN-APND,DAM,MCL,LMP_LOSS_PRC,TH_NP15_GEN-APND,ALL_APNODES,0,-0.19917,408
2017-09-21T22:00:00-00:00,2017-09-21T23:00:00-00:00,2017-09-21,16,0,TH_NP15_GEN-APND,TH_NP15_GEN-APND,TH_NP15_GEN-APND,DAM,MCL,LMP_LOSS_PRC,TH_NP15_GEN-APND,ALL_APNODES,0,0.0865,408
2017-09-21T21:00:00-00:00,2017-09-21T22:00:00-00:00,2017-09-21,15,0,TH_NP15_GEN-APND,TH_NP15_GEN-APND,TH_NP15_GEN-APND,DAM,MCL,LMP_LOSS_PRC,TH_NP15_GEN-APND,ALL_APNODES,0,0.15755,408
2017-09-21T19:00:00-00:00,2017-09-21T20:00:00-00:00,2017-09-21,13,0,TH_NP15_GEN-APND,TH_NP15_GEN-APND,TH_NP15_GEN-APND,DAM,MCL,LMP_LOSS_PRC,TH_NP15_GEN-APND,ALL_APNODES,0,0.13375,408
2017-09-21T11:00:00-00:00,2017-09-21T12:00:00-00:00,2017-09-21,5,0,TH_NP15_GEN-APND,TH_NP15_GEN-APND,TH_NP15_GEN-APND,DAM,MCL,LMP_LOSS_PRC,TH_NP15_GEN-APND,ALL_APNODES,0,-0.23364,408
2017-09-21T18:00:00-00:00,2017-09-21T19:00:00-00:00,2017-09-21,12,0,TH_NP15_GEN-APND,TH_NP15_GEN-APND,TH_NP15_GEN-APND,DAM,MCL,LMP_LOSS_PRC,TH_NP15_GEN-APND,ALL_APNODES,0,0.18913,408
2017-09-21T14:00:00-00:00,2017-09-21T15:00:00-00:00,2017-09-21,8,0,TH_NP15_GEN-APND,TH_NP15_GEN-APND,TH_NP15_GEN-APND,DAM,MCL,LMP_LOSS_PRC,TH_NP15_GEN-APND,ALL_APNODES,0,-0.05866,408
2017-09-21T20:00:00-00:00,2017-09-21T21:00:00-00:00,2017-09-21,14,0,TH_NP15_GEN-APND,TH_NP15_GEN-APND,TH_NP15_GEN-APND,DAM,MCL,LMP_LOSS_PRC,TH_NP15_GEN-APND,ALL_APNODES,0,0.12616,408
2017-09-22T01:00:00-00:00,2017-09-22T02:00:00-00:00,2017-09-21,19,0,TH_NP15_GEN-APND,TH_NP15_GEN-APND,TH_NP15_GEN-APND,DAM,MCL,LMP_LOSS_PRC,TH_NP15_GEN-APND,ALL_APNODES,0,-0.83348,408
2017-09-22T06:00:00-00:00,2017-09-22T07:00:00-00:00,2017-09-21,24,0,TH_NP15_GEN-APND,TH_NP15_GEN-APND,TH_NP15_GEN-APND,DAM,MCL,LMP_LOSS_PRC,TH_NP15_GEN-APND,ALL_APNODES,0,-0.19827,408
2017-09-22T00:00:00-00:00,2017-09-22T01:00:00-00:00,2017-09-21,18,0,TH_NP15_GEN-APND,TH_NP15_GEN-APND,TH_NP15_GEN-APND,DAM,MCL,LMP_LOSS_PRC,TH_NP15_GEN-APND,ALL_APNODES,0,-0.26088,408
2017-09-22T04:00:00-00:00,2017-09-22T05:00:00-00:00,2017-09-21,22,0,TH_NP15_GEN-APND,TH_NP15_GEN-APND,TH_NP15_GEN-APND,DAM,MCL,LMP_LOSS_PRC,TH_NP15_GEN-APND,ALL_APNODES,0,-0.57051,408
2017-09-21T07:00:00-00:00,2017-09-21T08:00:00-00:00,2017-09-21,1,0,TH_NP15_GEN-APND,TH_NP15_GEN-APND,TH_NP15_GEN-APND,DAM,MCL,LMP_LOSS_PRC,TH_NP15_GEN-APND,ALL_APNODES,0,-0.28638,408
2017-09-21T23:00:00-00:00,2017-09-22T00:00:00-00:00,2017-09-21,17,0,TH_NP15_GEN-APND,TH_NP15_GEN-APND,TH_NP15_GEN-APND,DAM,MCL,LMP_LOSS_PRC,TH_NP15_GEN-APND,ALL_APNODES,0,0.15522,408
2017-09-22T05:00:00-00:00,2017-09-22T06:00:00-00:00,2017-09-21,23,0,TH_NP15_GEN-APND,TH_NP15_GEN-APND,TH_NP15_GEN-APND,DAM,MCL,LMP_LOSS_PRC,TH_NP15_GEN-APND,ALL_APNODES,0,-0.39998,408
2017-09-21T12:00:00-00:00,2017-09-21T13:00:00-00:00,2017-09-21,6,0,TH_NP15_GEN-APND,TH_NP15_GEN-APND,TH_NP15_GEN-APND,DAM,MCL,LMP_LOSS_PRC,TH_NP15_GEN-APND,ALL_APNODES,0,-0.17572,408
2017-09-21T08:00:00-00:00,2017-09-21T09:00:00-00:00,2017-09-21,2,0,TH_NP15_GEN-APND,TH_NP15_GEN-APND,TH_NP15_GEN-APND,DAM,MCL,LMP_LOSS_PRC,TH_NP15_GEN-APND,ALL_APNODES,0,-0.30556,408
2017-09-21T17:00:00-00:00,2017-09-21T18:00:00-00:00,2017-09-21,11,0,TH_NP15_GEN-APND,TH_NP15_GEN-APND,TH_NP15_GEN-APND,DAM,MCL,LMP_LOSS_PRC,TH_NP15_GEN-APND,ALL_APNODES,0,0.14668,408
2017-09-22T03:00:00-00:00,2017-09-22T04:00:00-00:00,2017-09-21,21,0,TH_NP15_GEN-APND,TH_NP15_GEN-APND,TH_NP15_GEN-APND,DAM,MCL,LMP_LOSS_PRC,TH_NP15_GEN-APND,ALL_APNODES,0,-0.96449,408
2017-09-21T16:00:00-00:00,2017-09-21T17:00:00-00:00,2017-09-21,10,0,TH_NP15_GEN-APND,TH_NP15_GEN-APND,TH_NP15_GEN-APND,DAM,MCL,LMP_LOSS_PRC,TH_NP15_GEN-APND,ALL_APNODES,0,0.06765,408
2017-09-21T15:00:00-00:00,2017-09-21T16:00:00-00:00,2017-09-21,9,0,TH_NP15_GEN-APND,TH_NP15_GEN-APND,TH_NP15_GEN-APND,DAM,MCL,LMP_LOSS_PRC,TH_NP15_GEN-APND,ALL_APNODES,0,0.00303,408
2017-09-22T02:00:00-00:00,2017-09-22T03:00:00-00:00,2017-09-21,20,0,TH_NP15_GEN-APND,TH_NP15_GEN-APND,TH_NP15_GEN-APND,DAM,MCL,LMP_LOSS_PRC,TH_NP15_GEN-APND,ALL_APNODES,0,-0.98793,408
2017-09-21T08:00:00-00:00,2017-09-21T09:00:00-00:00,2017-09-21,2,0,TH_SP15_GEN-APND,TH_SP15_GEN-APND,TH_SP15_GEN-APND,DAM,LMP,LMP_PRC,TH_SP15_GEN-APND,ALL_APNODES,0,27.00833,409
2017-09-21T19:00:00-00:00,2017-09-21T20:00:00-00:00,2017-09-21,13,0,TH_SP15_GEN-APND,TH_SP15_GEN-APND,TH_SP15_GEN-APND,DAM,LMP,LMP_PRC,TH_SP15_GEN-APND,ALL_APNODES,0,17.74068,409
2017-09-21T12:00:00-00:00,2017-09-21T13:00:00-00:00,2017-09-21,6,0,TH_SP15_GEN-APND,TH_SP15_GEN-APND,TH_SP15_GEN-APND,DAM,LMP,LMP_PRC,TH_SP15_GEN-APND,ALL_APNODES,0,29.83767,409
2017-09-21T14:00:00-00:00,2017-09-21T15:00:00-00:00,2017-09-21,8,0,TH_SP15_GEN-APND,TH_SP15_GEN-APND,TH_SP15_GEN-APND,DAM,LMP,LMP_PRC,TH_SP15_GEN-APND,ALL_APNODES,0,43.23874,409
2017-09-21T07:00:00-00:00,2017-09-21T08:00:00-00:00,2017-09-21,1,0,TH_SP15_GEN-APND,TH_SP15_GEN-APND,TH_SP15_GEN-APND,DAM,LMP,LMP_PRC,TH_SP15_GEN-APND,ALL_APNODES,0,27.52643,409
2017-09-21T09:00:00-00:00,2017-09-21T10:00:00-00:00,2017-09-21,3,0,TH_SP15_GEN-APND,TH_SP15_GEN-APND,TH_SP15_GEN-APND,DAM,LMP,LMP_PRC,TH_SP15_GEN-APND,ALL_APNODES,0,26.13429,409
2017-09-21T23:00:00-00:00,2017-09-22T00:00:00-00:00,2017-09-21,17,0,TH_SP15_GEN-APND,TH_SP15_GEN-APND,TH_SP15_GEN-APND,DAM,LMP,LMP_PRC,TH_SP15_GEN-APND,ALL_APNODES,0,24.98,409
2017-09-22T01:00:00-00:00,2017-09-22T02:00:00-00:00,2017-09-21,19,0,TH_SP15_GEN-APND,TH_SP15_GEN-APND,TH_SP15_GEN-APND,DAM,LMP,LMP_PRC,TH_SP15_GEN-APND,ALL_APNODES,0,43.39917,409
2017-09-22T05:00:00-00:00,2017-09-22T06:00:00-00:00,2017-09-21,23,0,TH_SP15_GEN-APND,TH_SP15_GEN-APND,TH_SP15_GEN-APND,DAM,LMP,LMP_PRC,TH_SP15_GEN-APND,ALL_APNODES,0,31.22387,409
2017-09-21T11:00:00-00:00,2017-09-21T12:00:00-00:00,2017-09-21,5,0,TH_SP15_GEN-APND,TH_SP15_GEN-APND,TH_SP15_GEN-APND,DAM,LMP,LMP_PRC,TH_SP15_GEN-APND,ALL_APNODES,0,27.01616,409
2017-09-21T15:00:00-00:00,2017-09-21T16:00:00-00:00,2017-09-21,9,0,TH_SP15_GEN-APND,TH_SP15_GEN-APND,TH_SP15_GEN-APND,DAM,LMP,LMP_PRC,TH_SP15_GEN-APND,ALL_APNODES,0,28.94314,409
2017-09-21T16:00:00-00:00,2017-09-21T17:00:00-00:00,2017-09-21,10,0,TH_SP15_GEN-APND,TH_SP15_GEN-APND,TH_SP15_GEN-APND,DAM,LMP,LMP_PRC,TH_SP15_GEN-APND,ALL_APNODES,0,25.97332,409
2017-09-22T06:00:00-00:00,2017-09-22T07:00:00-00:00,2017-09-21,24,0,TH_SP15_GEN-APND,TH_SP15_GEN-APND,TH_SP15_GEN-APND,DAM,LMP,LMP_PRC,TH_SP15_GEN-APND,ALL_APNODES,0,28.19795,409
2017-09-22T04:00:00-00:00,2017-09-22T05:00:00-00:00,2017-09-21,22,0,TH_SP15_GEN-APND,TH_SP15_GEN-APND,TH_SP15_GEN-APND,DAM,LMP,LMP_PRC,TH_SP15_GEN-APND,ALL_APNODES,0,36.31013,409
2017-09-21T20:00:00-00:00,2017-09-21T21:00:00-00:00,2017-09-21,14,0,TH_SP15_GEN-APND,TH_SP15_GEN-APND,TH_SP15_GEN-APND,DAM,LMP,LMP_PRC,TH_SP15_GEN-APND,ALL_APNODES,0,18.78045,409
2017-09-21T22:00:00-00:00,2017-09-21T23:00:00-00:00,2017-09-21,16,0,TH_SP15_GEN-APND,TH_SP15_GEN-APND,TH_SP15_GEN-APND,DAM,LMP,LMP_PRC,TH_SP15_GEN-APND,ALL_APNODES,0,22.33497,409
2017-09-22T02:00:00-00:00,2017-09-22T03:00:00-00:00,2017-09-21,20,0,TH_SP15_GEN-APND,TH_SP15_GEN-APND,TH_SP15_GEN-APND,DAM,LMP,LMP_PRC,TH_SP15_GEN-APND,ALL_APNODES,0,54.32485,409
2017-09-21T10:00:00-00:00,2017-09-21T11:00:00-00:00,2017-09-21,4,0,TH_SP15_GEN-APND,TH_SP15_GEN-APND,TH_SP15_GEN-APND,DAM,LMP,LMP_PRC,TH_SP15_GEN-APND,ALL_APNODES,0,25.92924,409
2017-09-21T21:00:00-00:00,2017-09-21T22:00:00-00:00,2017-09-21,15,0,TH_SP15_GEN-APND,TH_SP15_GEN-APND,TH_SP15_GEN-APND,DAM,LMP,LMP_PRC,TH_SP15_GEN-APND,ALL_APNODES,0,19.47017,409
2017-09-21T17:00:00-00:00,2017-09-21T18:00:00-00:00,2017-09-21,11,0,TH_SP15_GEN-APND,TH_SP15_GEN-APND,TH_SP15_GEN-APND,DAM,LMP,LMP_PRC,TH_SP15_GEN-APND,ALL_APNODES,0,22.00762,409
2017-09-22T03:00:00-00:00,2017-09-22T04:00:00-00:00,2017-09-21,21,0,TH_SP15_GEN-APND,TH_SP15_GEN-APND,TH_SP15_GEN-APND,DAM,LMP,LMP_PRC,TH_SP15_GEN-APND,ALL_APNODES,0,48.11508,409
2017-09-21T13:00:00-00:00,2017-09-21T14:00:00-00:00,2017-09-21,7,0,TH_SP15_GEN-APND,TH_SP15_GEN-APND,TH_SP15_GEN-APND,DAM,LMP,LMP_PRC,TH_SP15_GEN-APND,ALL_APNODES,0,42.19947,409
2017-09-21T18:00:00-00:00,2017-09-21T19:00:00-00:00,2017-09-21,12,0,TH_SP15_GEN-APND,TH_SP15_GEN-APND,TH_SP15_GEN-APND,DAM,LMP,LMP_PRC,TH_SP15_GEN-APND,ALL_APNODES,0,18.93589,409
2017-09-22T00:00:00-00:00,2017-09-22T01:00:00-00:00,2017-09-21,18,0,TH_SP15_GEN-APND,TH_SP15_GEN-APND,TH_SP15_GEN-APND,DAM,LMP,LMP_PRC,TH_SP15_GEN-APND,ALL_APNODES,0,31.63574,409
2017-09-21T21:00:00-00:00,2017-09-21T22:00:00-00:00,2017-09-21,15,0,TH_SP15_GEN-APND,TH_SP15_GEN-APND,TH_SP15_GEN-APND,DAM,MCC,LMP_CONG_PRC,TH_SP15_GEN-APND,ALL_APNODES,0,0,410
2017-09-22T02:00:00-00:00,2017-09-22T03:00:00-00:00,2017-09-21,20,0,TH_SP15_GEN-APND,TH_SP15_GEN-APND,TH_SP15_GEN-APND,DAM,MCC,LMP_CONG_PRC,TH_SP15_GEN-APND,ALL_APNODES,0,0,410
2017-09-22T03:00:00-00:00,2017-09-22T04:00:00-00:00,2017-09-21,21,0,TH_SP15_GEN-APND,TH_SP15_GEN-APND,TH_SP15_GEN-APND,DAM,MCC,LMP_CONG_PRC,TH_SP15_GEN-APND,ALL_APNODES,0,0,410
2017-09-22T04:00:00-00:00,2017-09-22T05:00:00-00:00,2017-09-21,22,0,TH_SP15_GEN-APND,TH_SP15_GEN-APND,TH_SP15_GEN-APND,DAM,MCC,LMP_CONG_PRC,TH_SP15_GEN-APND,ALL_APNODES,0,0,410
2017-09-21T12:00:00-00:00,2017-09-21T13:00:00-00:00,2017-09-21,6,0,TH_SP15_GEN-APND,TH_SP15_GEN-APND,TH_SP15_GEN-APND,DAM,MCC,LMP_CONG_PRC,TH_SP15_GEN-APND,ALL_APNODES,0,0,410
2017-09-22T05:00:00-00:00,2017-09-22T06:00:00-00:00,2017-09-21,23,0,TH_SP15_GEN-APND,TH_SP15_GEN-APND,TH_SP15_GEN-APND,DAM,MCC,LMP_CONG_PRC,TH_SP15_GEN-APND,ALL_APNODES,0,0,410
2017-09-21T14:00:00-00:00,2017-09-21T15:00:00-00:00,2017-09-21,8,0,TH_SP15_GEN-APND,TH_SP15_GEN-APND,TH_SP15_GEN-APND,DAM,MCC,LMP_CONG_PRC,TH_SP15_GEN-APND,ALL_APNODES,0,0,410
2017-09-21T17:00:00-00:00,2017-09-21T18:00:00-00:00,2017-09-21,11,0,TH_SP15_GEN-APND,TH_SP15_GEN-APND,TH_SP15_GEN-APND,DAM,MCC,LMP_CONG_PRC,TH_SP15_GEN-APND,ALL_APNODES,0,0.16549,410
2017-09-22T06:00:00-00:00,2017-09-22T07:00:00-00:00,2017-09-21,24,0,TH_SP15_GEN-APND,TH_SP15_GEN-APND,TH_SP15_GEN-APND,DAM,MCC,LMP_CONG_PRC,TH_SP15_GEN-APND,ALL_APNODES,0,0,410
2017-09-21T08:00:00-00:00,2017-09-21T09:00:00-00:00,2017-09-21,2,0,TH_SP15_GEN-APND,TH_SP15_GEN-APND,TH_SP15_GEN-APND,DAM,MCC,LMP_CONG_PRC,TH_SP15_GEN-APND,ALL_APNODES,0,0,410
2017-09-21T20:00:00-00:00,2017-09-21T21:00:00-00:00,2017-09-21,14,0,TH_SP15_GEN-APND,TH_SP15_GEN-APND,TH_SP15_GEN-APND,DAM,MCC,LMP_CONG_PRC,TH_SP15_GEN-APND,ALL_APNODES,0,0,410
2017-09-21T22:00:00-00:00,2017-09-21T23:00:00-00:00,2017-09-21,16,0,TH_SP15_GEN-APND,TH_SP15_GEN-APND,TH_SP15_GEN-APND,DAM,MCC,LMP_CONG_PRC,TH_SP15_GEN-APND,ALL_APNODES,0,0,410
2017-09-21T16:00:00-00:00,2017-09-21T17:00:00-00:00,2017-09-21,10,0,TH_SP15_GEN-APND,TH_SP15_GEN-APND,TH_SP15_GEN-APND,DAM,MCC,LMP_CONG_PRC,TH_SP15_GEN-APND,ALL_APNODES,0,0.10805,410
2017-09-21T23:00:00-00:00,2017-09-22T00:00:00-00:00,2017-09-21,17,0,TH_SP15_GEN-APND,TH_SP15_GEN-APND,TH_SP15_GEN-APND,DAM,MCC,LMP_CONG_PRC,TH_SP15_GEN-APND,ALL_APNODES,0,0,410
2017-09-22T01:00:00-00:00,2017-09-22T02:00:00-00:00,2017-09-21,19,0,TH_SP15_GEN-APND,TH_SP15_GEN-APND,TH_SP15_GEN-APND,DAM,MCC,LMP_CONG_PRC,TH_SP15_GEN-APND,ALL_APNODES,0,0,410
2017-09-21T11:00:00-00:00,2017-09-21T12:00:00-00:00,2017-09-21,5,0,TH_SP15_GEN-APND,TH_SP15_GEN-APND,TH_SP15_GEN-APND,DAM,MCC,LMP_CONG_PRC,TH_SP15_GEN-APND,ALL_APNODES,0,0,410
2017-09-21T13:00:00-00:00,2017-09-21T14:00:00-00:00,2017-09-21,7,0,TH_SP15_GEN-APND,TH_SP15_GEN-APND,TH_SP15_GEN-APND,DAM,MCC,LMP_CONG_PRC,TH_SP15_GEN-APND,ALL_APNODES,0,0,410
2017-09-21T19:00:00-00:00,2017-09-21T20:00:00-00:00,2017-09-21,13,0,TH_SP15_GEN-APND,TH_SP15_GEN-APND,TH_SP15_GEN-APND,DAM,MCC,LMP_CONG_PRC,TH_SP15_GEN-APND,ALL_APNODES,0,-0.71443,410
2017-09-21T09:00:00-00:00,2017-09-21T10:00:00-00:00,2017-09-21,3,0,TH_SP15_GEN-APND,TH_SP15_GEN-APND,TH_SP15_GEN-APND,DAM,MCC,LMP_CONG_PRC,TH_SP15_GEN-APND,ALL_APNODES,0,0,410
2017-09-21T10:00:00-00:00,2017-09-21T11:00:00-00:00,2017-09-21,4,0,TH_SP15_GEN-APND,TH_SP15_GEN-APND,TH_SP15_GEN-APND,DAM,MCC,LMP_CONG_PRC,TH_SP15_GEN-APND,ALL_APNODES,0,0,410
2017-09-21T15:00:00-00:00,2017-09-21T16:00:00-00:00,2017-09-21,9,0,TH_SP15_GEN-APND,TH_SP15_GEN-APND,TH_SP15_GEN-APND,DAM,MCC,LMP_CONG_PRC,TH_SP15_GEN-APND,ALL_APNODES,0,0,410
2017-09-21T18:00:00-00:00,2017-09-21T19:00:00-00:00,2017-09-21,12,0,TH_SP15_GEN-APND,TH_SP15_GEN-APND,TH_SP15_GEN-APND,DAM,MCC,LMP_CONG_PRC,TH_SP15_GEN-APND,ALL_APNODES,0,-0.60416,410
2017-09-22T00:00:00-00:00,2017-09-22T01:00:00-00:00,2017-09-21,18,0,TH_SP15_GEN-APND,TH_SP15_GEN-APND,TH_SP15_GEN-APND,DAM,MCC,LMP_CONG_PRC,TH_SP15_GEN-APND,ALL_APNODES,0,0,410
2017-09-21T07:00:00-00:00,2017-09-21T08:00:00-00:00,2017-09-21,1,0,TH_SP15_GEN-APND,TH_SP15_GEN-APND,TH_SP15_GEN-APND,DAM,MCC,LMP_CONG_PRC,TH_SP15_GEN-APND,ALL_APNODES,0,0,410
2017-09-21T22:00:00-00:00,2017-09-21T23:00:00-00:00,2017-09-21,16,0,TH_SP15_GEN-APND,TH_SP15_GEN-APND,TH_SP15_GEN-APND,DAM,MCE,LMP_ENE_PRC,TH_SP15_GEN-APND,ALL_APNODES,0,23.37761,411
2017-09-22T05:00:00-00:00,2017-09-22T06:00:00-00:00,2017-09-21,23,0,TH_SP15_GEN-APND,TH_SP15_GEN-APND,TH_SP15_GEN-APND,DAM,MCE,LMP_ENE_PRC,TH_SP15_GEN-APND,ALL_APNODES,0,32.25606,411
2017-09-22T04:00:00-00:00,2017-09-22T05:00:00-00:00,2017-09-21,22,0,TH_SP15_GEN-APND,TH_SP15_GEN-APND,TH_SP15_GEN-APND,DAM,MCE,LMP_ENE_PRC,TH_SP15_GEN-APND,ALL_APNODES,0,37.53373,411
2017-09-21T10:00:00-00:00,2017-09-21T11:00:00-00:00,2017-09-21,4,0,TH_SP15_GEN-APND,TH_SP15_GEN-APND,TH_SP15_GEN-APND,DAM,MCE,LMP_ENE_PRC,TH_SP15_GEN-APND,ALL_APNODES,0,26.7174,411
2017-09-22T03:00:00-00:00,2017-09-22T04:00:00-00:00,2017-09-21,21,0,TH_SP15_GEN-APND,TH_SP15_GEN-APND,TH_SP15_GEN-APND,DAM,MCE,LMP_ENE_PRC,TH_SP15_GEN-APND,ALL_APNODES,0,49.71594,411
2017-09-22T02:00:00-00:00,2017-09-22T03:00:00-00:00,2017-09-21,20,0,TH_SP15_GEN-APND,TH_SP15_GEN-APND,TH_SP15_GEN-APND,DAM,MCE,LMP_ENE_PRC,TH_SP15_GEN-APND,ALL_APNODES,0,56.13231,411
2017-09-21T20:00:00-00:00,2017-09-21T21:00:00-00:00,2017-09-21,14,0,TH_SP15_GEN-APND,TH_SP15_GEN-APND,TH_SP15_GEN-APND,DAM,MCE,LMP_ENE_PRC,TH_SP15_GEN-APND,ALL_APNODES,0,19.71287,411
2017-09-21T09:00:00-00:00,2017-09-21T10:00:00-00:00,2017-09-21,3,0,TH_SP15_GEN-APND,TH_SP15_GEN-APND,TH_SP15_GEN-APND,DAM,MCE,LMP_ENE_PRC,TH_SP15_GEN-APND,ALL_APNODES,0,26.91482,411
2017-09-21T19:00:00-00:00,2017-09-21T20:00:00-00:00,2017-09-21,13,0,TH_SP15_GEN-APND,TH_SP15_GEN-APND,TH_SP15_GEN-APND,DAM,MCE,LMP_ENE_PRC,TH_SP15_GEN-APND,ALL_APNODES,0,19.38358,411
2017-09-21T16:00:00-00:00,2017-09-21T17:00:00-00:00,2017-09-21,10,0,TH_SP15_GEN-APND,TH_SP15_GEN-APND,TH_SP15_GEN-APND,DAM,MCE,LMP_ENE_PRC,TH_SP15_GEN-APND,ALL_APNODES,0,27.06139,411
2017-09-21T17:00:00-00:00,2017-09-21T18:00:00-00:00,2017-09-21,11,0,TH_SP15_GEN-APND,TH_SP15_GEN-APND,TH_SP15_GEN-APND,DAM,MCE,LMP_ENE_PRC,TH_SP15_GEN-APND,ALL_APNODES,0,22.91934,411
2017-09-21T14:00:00-00:00,2017-09-21T15:00:00-00:00,2017-09-21,8,0,TH_SP15_GEN-APND,TH_SP15_GEN-APND,TH_SP15_GEN-APND,DAM,MCE,LMP_ENE_PRC,TH_SP15_GEN-APND,ALL_APNODES,0,45.12025,411
2017-09-22T00:00:00-00:00,2017-09-22T01:00:00-00:00,2017-09-21,18,0,TH_SP15_GEN-APND,TH_SP15_GEN-APND,TH_SP15_GEN-APND,DAM,MCE,LMP_ENE_PRC,TH_SP15_GEN-APND,ALL_APNODES,0,33.02269,411
2017-09-21T21:00:00-00:00,2017-09-21T22:00:00-00:00,2017-09-21,15,0,TH_SP15_GEN-APND,TH_SP15_GEN-APND,TH_SP15_GEN-APND,DAM,MCE,LMP_ENE_PRC,TH_SP15_GEN-APND,ALL_APNODES,0,20.46045,411
2017-09-21T08:00:00-00:00,2017-09-21T09:00:00-00:00,2017-09-21,2,0,TH_SP15_GEN-APND,TH_SP15_GEN-APND,TH_SP15_GEN-APND,DAM,MCE,LMP_ENE_PRC,TH_SP15_GEN-APND,ALL_APNODES,0,27.77778,411
2017-09-21T07:00:00-00:00,2017-09-21T08:00:00-00:00,2017-09-21,1,0,TH_SP15_GEN-APND,TH_SP15_GEN-APND,TH_SP15_GEN-APND,DAM,MCE,LMP_ENE_PRC,TH_SP15_GEN-APND,ALL_APNODES,0,28.35438,411
2017-09-21T23:00:00-00:00,2017-09-22T00:00:00-00:00,2017-09-21,17,0,TH_SP15_GEN-APND,TH_SP15_GEN-APND,TH_SP15_GEN-APND,DAM,MCE,LMP_ENE_PRC,TH_SP15_GEN-APND,ALL_APNODES,0,26.30858,411
2017-09-21T11:00:00-00:00,2017-09-21T12:00:00-00:00,2017-09-21,5,0,TH_SP15_GEN-APND,TH_SP15_GEN-APND,TH_SP15_GEN-APND,DAM,MCE,LMP_ENE_PRC,TH_SP15_GEN-APND,ALL_APNODES,0,27.81443,411
2017-09-22T06:00:00-00:00,2017-09-22T07:00:00-00:00,2017-09-21,24,0,TH_SP15_GEN-APND,TH_SP15_GEN-APND,TH_SP15_GEN-APND,DAM,MCE,LMP_ENE_PRC,TH_SP15_GEN-APND,ALL_APNODES,0,29.15722,411
2017-09-22T01:00:00-00:00,2017-09-22T02:00:00-00:00,2017-09-21,19,0,TH_SP15_GEN-APND,TH_SP15_GEN-APND,TH_SP15_GEN-APND,DAM,MCE,LMP_ENE_PRC,TH_SP15_GEN-APND,ALL_APNODES,0,44.8107,411
2017-09-21T18:00:00-00:00,2017-09-21T19:00:00-00:00,2017-09-21,12,0,TH_SP15_GEN-APND,TH_SP15_GEN-APND,TH_SP15_GEN-APND,DAM,MCE,LMP_ENE_PRC,TH_SP15_GEN-APND,ALL_APNODES,0,20.55765,411
2017-09-21T15:00:00-00:00,2017-09-21T16:00:00-00:00,2017-09-21,9,0,TH_SP15_GEN-APND,TH_SP15_GEN-APND,TH_SP15_GEN-APND,DAM,MCE,LMP_ENE_PRC,TH_SP15_GEN-APND,ALL_APNODES,0,30.2531,411
2017-09-21T12:00:00-00:00,2017-09-21T13:00:00-00:00,2017-09-21,6,0,TH_SP15_GEN-APND,TH_SP15_GEN-APND,TH_SP15_GEN-APND,DAM,MCE,LMP_ENE_PRC,TH_SP15_GEN-APND,ALL_APNODES,0,30.82722,411
2017-09-21T13:00:00-00:00,2017-09-21T14:00:00-00:00,2017-09-21,7,0,TH_SP15_GEN-APND,TH_SP15_GEN-APND,TH_SP15_GEN-APND,DAM,MCE,LMP_ENE_PRC,TH_SP15_GEN-APND,ALL_APNODES,0,43.66667,411
2017-09-21T17:00:00-00:00,2017-09-21T18:00:00-00:00,2017-09-21,11,0,TH_SP15_GEN-APND,TH_SP15_GEN-APND,TH_SP15_GEN-APND,DAM,MCL,LMP_LOSS_PRC,TH_SP15_GEN-APND,ALL_APNODES,0,-1.07721,412
2017-09-22T04:00:00-00:00,2017-09-22T05:00:00-00:00,2017-09-21,22,0,TH_SP15_GEN-APND,TH_SP15_GEN-APND,TH_SP15_GEN-APND,DAM,MCL,LMP_LOSS_PRC,TH_SP15_GEN-APND,ALL_APNODES,0,-1.2236,412
2017-09-21T21:00:00-00:00,2017-09-21T22:00:00-00:00,2017-09-21,15,0,TH_SP15_GEN-APND,TH_SP15_GEN-APND,TH_SP15_GEN-APND,DAM,MCL,LMP_LOSS_PRC,TH_SP15_GEN-APND,ALL_APNODES,0,-0.99029,412
2017-09-21T08:00:00-00:00,2017-09-21T09:00:00-00:00,2017-09-21,2,0,TH_SP15_GEN-APND,TH_SP15_GEN-APND,TH_SP15_GEN-APND,DAM,MCL,LMP_LOSS_PRC,TH_SP15_GEN-APND,ALL_APNODES,0,-0.76944,412
2017-09-22T03:00:00-00:00,2017-09-22T04:00:00-00:00,2017-09-21,21,0,TH_SP15_GEN-APND,TH_SP15_GEN-APND,TH_SP15_GEN-APND,DAM,MCL,LMP_LOSS_PRC,TH_SP15_GEN-APND,ALL_APNODES,0,-1.60085,412
2017-09-22T02:00:00-00:00,2017-09-22T03:00:00-00:00,2017-09-21,20,0,TH_SP15_GEN-APND,TH_SP15_GEN-APND,TH_SP15_GEN-APND,DAM,MCL,LMP_LOSS_PRC,TH_SP15_GEN-APND,ALL_APNODES,0,-1.80746,412
2017-09-21T19:00:00-00:00,2017-09-21T20:00:00-00:00,2017-09-21,13,0,TH_SP15_GEN-APND,TH_SP15_GEN-APND,TH_SP15_GEN-APND,DAM,MCL,LMP_LOSS_PRC,TH_SP15_GEN-APND,ALL_APNODES,0,-0.92847,412
2017-09-21T10:00:00-00:00,2017-09-21T11:00:00-00:00,2017-09-21,4,0,TH_SP15_GEN-APND,TH_SP15_GEN-APND,TH_SP15_GEN-APND,DAM,MCL,LMP_LOSS_PRC,TH_SP15_GEN-APND,ALL_APNODES,0,-0.78816,412
2017-09-22T00:00:00-00:00,2017-09-22T01:00:00-00:00,2017-09-21,18,0,TH_SP15_GEN-APND,TH_SP15_GEN-APND,TH_SP15_GEN-APND,DAM,MCL,LMP_LOSS_PRC,TH_SP15_GEN-APND,ALL_APNODES,0,-1.38695,412
2017-09-21T14:00:00-00:00,2017-09-21T15:00:00-00:00,2017-09-21,8,0,TH_SP15_GEN-APND,TH_SP15_GEN-APND,TH_SP15_GEN-APND,DAM,MCL,LMP_LOSS_PRC,TH_SP15_GEN-APND,ALL_APNODES,0,-1.88151,412
2017-09-21T11:00:00-00:00,2017-09-21T12:00:00-00:00,2017-09-21,5,0,TH_SP15_GEN-APND,TH_SP15_GEN-APND,TH_SP15_GEN-APND,DAM,MCL,LMP_LOSS_PRC,TH_SP15_GEN-APND,ALL_APNODES,0,-0.79827,412
2017-09-21T22:00:00-00:00,2017-09-21T23:00:00-00:00,2017-09-21,16,0,TH_SP15_GEN-APND,TH_SP15_GEN-APND,TH_SP15_GEN-APND,DAM,MCL,LMP_LOSS_PRC,TH_SP15_GEN-APND,ALL_APNODES,0,-1.04264,412
2017-09-21T09:00:00-00:00,2017-09-21T10:00:00-00:00,2017-09-21,3,0,TH_SP15_GEN-APND,TH_SP15_GEN-APND,TH_SP15_GEN-APND,DAM,MCL,LMP_LOSS_PRC,TH_SP15_GEN-APND,ALL_APNODES,0,-0.78053,412
2017-09-21T13:00:00-00:00,2017-09-21T14:00:00-00:00,2017-09-21,7,0,TH_SP15_GEN-APND,TH_SP15_GEN-APND,TH_SP15_GEN-APND,DAM,MCL,LMP_LOSS_PRC,TH_SP15_GEN-APND,ALL_APNODES,0,-1.4672,412
2017-09-21T07:00:00-00:00,2017-09-21T08:00:00-00:00,2017-09-21,1,0,TH_SP15_GEN-APND,TH_SP15_GEN-APND,TH_SP15_GEN-APND,DAM,MCL,LMP_LOSS_PRC,TH_SP15_GEN-APND,ALL_APNODES,0,-0.82795,412
2017-09-21T15:00:00-00:00,2017-09-21T16:00:00-00:00,2017-09-21,9,0,TH_SP15_GEN-APND,TH_SP15_GEN-APND,TH_SP15_GEN-APND,DAM,MCL,LMP_LOSS_PRC,TH_SP15_GEN-APND,ALL_APNODES,0,-1.30996,412
2017-09-21T12:00:00-00:00,2017-09-21T13:00:00-00:00,2017-09-21,6,0,TH_SP15_GEN-APND,TH_SP15_GEN-APND,TH_SP15_GEN-APND,DAM,MCL,LMP_LOSS_PRC,TH_SP15_GEN-APND,ALL_APNODES,0,-0.98955,412
2017-09-22T05:00:00-00:00,2017-09-22T06:00:00-00:00,2017-09-21,23,0,TH_SP15_GEN-APND,TH_SP15_GEN-APND,TH_SP15_GEN-APND,DAM,MCL,LMP_LOSS_PRC,TH_SP15_GEN-APND,ALL_APNODES,0,-1.03219,412
2017-09-22T01:00:00-00:00,2017-09-22T02:00:00-00:00,2017-09-21,19,0,TH_SP15_GEN-APND,TH_SP15_GEN-APND,TH_SP15_GEN-APND,DAM,MCL,LMP_LOSS_PRC,TH_SP15_GEN-APND,ALL_APNODES,0,-1.41154,412
2017-09-22T06:00:00-00:00,2017-09-22T07:00:00-00:00,2017-09-21,24,0,TH_SP15_GEN-APND,TH_SP15_GEN-APND,TH_SP15_GEN-APND,DAM,MCL,LMP_LOSS_PRC,TH_SP15_GEN-APND,ALL_APNODES,0,-0.95927,412
2017-09-21T16:00:00-00:00,2017-09-21T17:00:00-00:00,2017-09-21,10,0,TH_SP15_GEN-APND,TH_SP15_GEN-APND,TH_SP15_GEN-APND,DAM,MCL,LMP_LOSS_PRC,TH_SP15_GEN-APND,ALL_APNODES,0,-1.19611,412
2017-09-21T18:00:00-00:00,2017-09-21T19:00:00-00:00,2017-09-21,12,0,TH_SP15_GEN-APND,TH_SP15_GEN-APND,TH_SP15_GEN-APND,DAM,MCL,LMP_LOSS_PRC,TH_SP15_GEN-APND,ALL_APNODES,0,-1.0176,412
2017-09-21T20:00:00-00:00,2017-09-21T21:00:00-00:00,2017-09-21,14,0,TH_SP15_GEN-APND,TH_SP15_GEN-APND,TH_SP15_GEN-APND,DAM,MCL,LMP_LOSS_PRC,TH_SP15_GEN-APND,ALL_APNODES,0,-0.93242,412
2017-09-21T23:00:00-00:00,2017-09-22T00:00:00-00:00,2017-09-21,17,0,TH_SP15_GEN-APND,TH_SP15_GEN-APND,TH_SP15_GEN-APND,DAM,MCL,LMP_LOSS_PRC,TH_SP15_GEN-APND,ALL_APNODES,0,-1.32858,412
2017-09-22T06:00:00-00:00,2017-09-22T07:00:00-00:00,2017-09-21,24,0,TH_ZP26_GEN-APND,TH_ZP26_GEN-APND,TH_ZP26_GEN-APND,DAM,LMP,LMP_PRC,TH_ZP26_GEN-APND,ALL_APNODES,0,28.11631,413
2017-09-21T09:00:00-00:00,2017-09-21T10:00:00-00:00,2017-09-21,3,0,TH_ZP26_GEN-APND,TH_ZP26_GEN-APND,TH_ZP26_GEN-APND,DAM,LMP,LMP_PRC,TH_ZP26_GEN-APND,ALL_APNODES,0,26.067,413
2017-09-21T18:00:00-00:00,2017-09-21T19:00:00-00:00,2017-09-21,12,0,TH_ZP26_GEN-APND,TH_ZP26_GEN-APND,TH_ZP26_GEN-APND,DAM,LMP,LMP_PRC,TH_ZP26_GEN-APND,ALL_APNODES,0,17.68641,413
2017-09-21T17:00:00-00:00,2017-09-21T18:00:00-00:00,2017-09-21,11,0,TH_ZP26_GEN-APND,TH_ZP26_GEN-APND,TH_ZP26_GEN-APND,DAM,LMP,LMP_PRC,TH_ZP26_GEN-APND,ALL_APNODES,0,20.5501,413
2017-09-21T14:00:00-00:00,2017-09-21T15:00:00-00:00,2017-09-21,8,0,TH_ZP26_GEN-APND,TH_ZP26_GEN-APND,TH_ZP26_GEN-APND,DAM,LMP,LMP_PRC,TH_ZP26_GEN-APND,ALL_APNODES,0,43.6358,413
2017-09-21T13:00:00-00:00,2017-09-21T14:00:00-00:00,2017-09-21,7,0,TH_ZP26_GEN-APND,TH_ZP26_GEN-APND,TH_ZP26_GEN-APND,DAM,LMP,LMP_PRC,TH_ZP26_GEN-APND,ALL_APNODES,0,42.30864,413
2017-09-21T12:00:00-00:00,2017-09-21T13:00:00-00:00,2017-09-21,6,0,TH_ZP26_GEN-APND,TH_ZP26_GEN-APND,TH_ZP26_GEN-APND,DAM,LMP,LMP_PRC,TH_ZP26_GEN-APND,ALL_APNODES,0,29.85308,413
2017-09-22T04:00:00-00:00,2017-09-22T05:00:00-00:00,2017-09-21,22,0,TH_ZP26_GEN-APND,TH_ZP26_GEN-APND,TH_ZP26_GEN-APND,DAM,LMP,LMP_PRC,TH_ZP26_GEN-APND,ALL_APNODES,0,36.23506,413
2017-09-21T10:00:00-00:00,2017-09-21T11:00:00-00:00,2017-09-21,4,0,TH_ZP26_GEN-APND,TH_ZP26_GEN-APND,TH_ZP26_GEN-APND,DAM,LMP,LMP_PRC,TH_ZP26_GEN-APND,ALL_APNODES,0,25.88382,413
2017-09-22T01:00:00-00:00,2017-09-22T02:00:00-00:00,2017-09-21,19,0,TH_ZP26_GEN-APND,TH_ZP26_GEN-APND,TH_ZP26_GEN-APND,DAM,LMP,LMP_PRC,TH_ZP26_GEN-APND,ALL_APNODES,0,43.16167,413
2017-09-21T07:00:00-00:00,2017-09-21T08:00:00-00:00,2017-09-21,1,0,TH_ZP26_GEN-APND,TH_ZP26_GEN-APND,TH_ZP26_GEN-APND,DAM,LMP,LMP_PRC,TH_ZP26_GEN-APND,ALL_APNODES,0,27.4357,413
2017-09-21T11:00:00-00:00,2017-09-21T12:00:00-00:00,2017-09-21,5,0,TH_ZP26_GEN-APND,TH_ZP26_GEN-APND,TH_ZP26_GEN-APND,DAM,LMP,LMP_PRC,TH_ZP26_GEN-APND,ALL_APNODES,0,26.93828,413
2017-09-22T02:00:00-00:00,2017-09-22T03:00:00-00:00,2017-09-21,20,0,TH_ZP26_GEN-APND,TH_ZP26_GEN-APND,TH_ZP26_GEN-APND,DAM,LMP,LMP_PRC,TH_ZP26_GEN-APND,ALL_APNODES,0,53.97683,413
2017-09-21T23:00:00-00:00,2017-09-22T00:00:00-00:00,2017-09-21,17,0,TH_ZP26_GEN-APND,TH_ZP26_GEN-APND,TH_ZP26_GEN-APND,DAM,LMP,LMP_PRC,TH_ZP26_GEN-APND,ALL_APNODES,0,24.53387,413
2017-09-21T22:00:00-00:00,2017-09-21T23:00:00-00:00,2017-09-21,16,0,TH_ZP26_GEN-APND,TH_ZP26_GEN-APND,TH_ZP26_GEN-APND,DAM,LMP,LMP_PRC,TH_ZP26_GEN-APND,ALL_APNODES,0,20.79501,413
2017-09-22T05:00:00-00:00,2017-09-22T06:00:00-00:00,2017-09-21,23,0,TH_ZP26_GEN-APND,TH_ZP26_GEN-APND,TH_ZP26_GEN-APND,DAM,LMP,LMP_PRC,TH_ZP26_GEN-APND,ALL_APNODES,0,31.05936,413
2017-09-21T21:00:00-00:00,2017-09-21T22:00:00-00:00,2017-09-21,15,0,TH_ZP26_GEN-APND,TH_ZP26_GEN-APND,TH_ZP26_GEN-APND,DAM,LMP,LMP_PRC,TH_ZP26_GEN-APND,ALL_APNODES,0,17.92849,413
2017-09-21T08:00:00-00:00,2017-09-21T09:00:00-00:00,2017-09-21,2,0,TH_ZP26_GEN-APND,TH_ZP26_GEN-APND,TH_ZP26_GEN-APND,DAM,LMP,LMP_PRC,TH_ZP26_GEN-APND,ALL_APNODES,0,26.89167,413
2017-09-22T00:00:00-00:00,2017-09-22T01:00:00-00:00,2017-09-21,18,0,TH_ZP26_GEN-APND,TH_ZP26_GEN-APND,TH_ZP26_GEN-APND,DAM,LMP,LMP_PRC,TH_ZP26_GEN-APND,ALL_APNODES,0,31.52016,413
2017-09-21T20:00:00-00:00,2017-09-21T21:00:00-00:00,2017-09-21,14,0,TH_ZP26_GEN-APND,TH_ZP26_GEN-APND,TH_ZP26_GEN-APND,DAM,LMP,LMP_PRC,TH_ZP26_GEN-APND,ALL_APNODES,0,16.81603,413
2017-09-21T15:00:00-00:00,2017-09-21T16:00:00-00:00,2017-09-21,9,0,TH_ZP26_GEN-APND,TH_ZP26_GEN-APND,TH_ZP26_GEN-APND,DAM,LMP,LMP_PRC,TH_ZP26_GEN-APND,ALL_APNODES,0,28.93709,413
2017-09-22T03:00:00-00:00,2017-09-22T04:00:00-00:00,2017-09-21,21,0,TH_ZP26_GEN-APND,TH_ZP26_GEN-APND,TH_ZP26_GEN-APND,DAM,LMP,LMP_PRC,TH_ZP26_GEN-APND,ALL_APNODES,0,47.92119,413
2017-09-21T16:00:00-00:00,2017-09-21T17:00:00-00:00,2017-09-21,10,0,TH_ZP26_GEN-APND,TH_ZP26_GEN-APND,TH_ZP26_GEN-APND,DAM,LMP,LMP_PRC,TH_ZP26_GEN-APND,ALL_APNODES,0,25.54354,413
2017-09-21T19:00:00-00:00,2017-09-21T20:00:00-00:00,2017-09-21,13,0,TH_ZP26_GEN-APND,TH_ZP26_GEN-APND,TH_ZP26_GEN-APND,DAM,LMP,LMP_PRC,TH_ZP26_GEN-APND,ALL_APNODES,0,16.28702,413
2017-09-21T08:00:00-00:00,2017-09-21T09:00:00-00:00,2017-09-21,2,0,TH_ZP26_GEN-APND,TH_ZP26_GEN-APND,TH_ZP26_GEN-APND,DAM,MCC,LMP_CONG_PRC,TH_ZP26_GEN-APND,ALL_APNODES,0,0,414
2017-09-21T14:00:00-00:00,2017-09-21T15:00:00-00:00,2017-09-21,8,0,TH_ZP26_GEN-APND,TH_ZP26_GEN-APND,TH_ZP26_GEN-APND,DAM,MCC,LMP_CONG_PRC,TH_ZP26_GEN-APND,ALL_APNODES,0,0,414
2017-09-22T02:00:00-00:00,2017-09-22T03:00:00-00:00,2017-09-21,20,0,TH_ZP26_GEN-APND,TH_ZP26_GEN-APND,TH_ZP26_GEN-APND,DAM,MCC,LMP_CONG_PRC,TH_ZP26_GEN-APND,ALL_APNODES,0,0,414
2017-09-21T21:00:00-00:00,2017-09-21T22:00:00-00:00,2017-09-21,15,0,TH_ZP26_GEN-APND,TH_ZP26_GEN-APND,TH_ZP26_GEN-APND,DAM,MCC,LMP_CONG_PRC,TH_ZP26_GEN-APND,ALL_APNODES,0,-1.36367,414
2017-09-21T19:00:00-00:00,2017-09-21T20:00:00-00:00,2017-09-21,13,0,TH_ZP26_GEN-APND,TH_ZP26_GEN-APND,TH_ZP26_GEN-APND,DAM,MCC,LMP_CONG_PRC,TH_ZP26_GEN-APND,ALL_APNODES,0,-2.0072,414
2017-09-21T18:00:00-00:00,2017-09-21T19:00:00-00:00,2017-09-21,12,0,TH_ZP26_GEN-APND,TH_ZP26_GEN-APND,TH_ZP26_GEN-APND,DAM,MCC,LMP_CONG_PRC,TH_ZP26_GEN-APND,ALL_APNODES,0,-1.69739,414
2017-09-21T10:00:00-00:00,2017-09-21T11:00:00-00:00,2017-09-21,4,0,TH_ZP26_GEN-APND,TH_ZP26_GEN-APND,TH_ZP26_GEN-APND,DAM,MCC,LMP_CONG_PRC,TH_ZP26_GEN-APND,ALL_APNODES,0,0,414
2017-09-22T05:00:00-00:00,2017-09-22T06:00:00-00:00,2017-09-21,23,0,TH_ZP26_GEN-APND,TH_ZP26_GEN-APND,TH_ZP26_GEN-APND,DAM,MCC,LMP_CONG_PRC,TH_ZP26_GEN-APND,ALL_APNODES,0,0,414
2017-09-22T00:00:00-00:00,2017-09-22T01:00:00-00:00,2017-09-21,18,0,TH_ZP26_GEN-APND,TH_ZP26_GEN-APND,TH_ZP26_GEN-APND,DAM,MCC,LMP_CONG_PRC,TH_ZP26_GEN-APND,ALL_APNODES,0,0,414
2017-09-21T17:00:00-00:00,2017-09-21T18:00:00-00:00,2017-09-21,11,0,TH_ZP26_GEN-APND,TH_ZP26_GEN-APND,TH_ZP26_GEN-APND,DAM,MCC,LMP_CONG_PRC,TH_ZP26_GEN-APND,ALL_APNODES,0,-1.10409,414
2017-09-21T16:00:00-00:00,2017-09-21T17:00:00-00:00,2017-09-21,10,0,TH_ZP26_GEN-APND,TH_ZP26_GEN-APND,TH_ZP26_GEN-APND,DAM,MCC,LMP_CONG_PRC,TH_ZP26_GEN-APND,ALL_APNODES,0,-0.16207,414
2017-09-21T15:00:00-00:00,2017-09-21T16:00:00-00:00,2017-09-21,9,0,TH_ZP26_GEN-APND,TH_ZP26_GEN-APND,TH_ZP26_GEN-APND,DAM,MCC,LMP_CONG_PRC,TH_ZP26_GEN-APND,ALL_APNODES,0,0,414
2017-09-21T12:00:00-00:00,2017-09-21T13:00:00-00:00,2017-09-21,6,0,TH_ZP26_GEN-APND,TH_ZP26_GEN-APND,TH_ZP26_GEN-APND,DAM,MCC,LMP_CONG_PRC,TH_ZP26_GEN-APND,ALL_APNODES,0,0,414
2017-09-22T03:00:00-00:00,2017-09-22T04:00:00-00:00,2017-09-21,21,0,TH_ZP26_GEN-APND,TH_ZP26_GEN-APND,TH_ZP26_GEN-APND,DAM,MCC,LMP_CONG_PRC,TH_ZP26_GEN-APND,ALL_APNODES,0,0,414
2017-09-21T22:00:00-00:00,2017-09-21T23:00:00-00:00,2017-09-21,16,0,TH_ZP26_GEN-APND,TH_ZP26_GEN-APND,TH_ZP26_GEN-APND,DAM,MCC,LMP_CONG_PRC,TH_ZP26_GEN-APND,ALL_APNODES,0,-1.25476,414
2017-09-21T13:00:00-00:00,2017-09-21T14:00:00-00:00,2017-09-21,7,0,TH_ZP26_GEN-APND,TH_ZP26_GEN-APND,TH_ZP26_GEN-APND,DAM,MCC,LMP_CONG_PRC,TH_ZP26_GEN-APND,ALL_APNODES,0,0,414
2017-09-21T07:00:00-00:00,2017-09-21T08:00:00-00:00,2017-09-21,1,0,TH_ZP26_GEN-APND,TH_ZP26_GEN-APND,TH_ZP26_GEN-APND,DAM,MCC,LMP_CONG_PRC,TH_ZP26_GEN-APND,ALL_APNODES,0,0,414
2017-09-22T06:00:00-00:00,2017-09-22T07:00:00-00:00,2017-09-21,24,0,TH_ZP26_GEN-APND,TH_ZP26_GEN-APND,TH_ZP26_GEN-APND,DAM,MCC,LMP_CONG_PRC,TH_ZP26_GEN-APND,ALL_APNODES,0,0,414
2017-09-21T20:00:00-00:00,2017-09-21T21:00:00-00:00,2017-09-21,14,0,TH_ZP26_GEN-APND,TH_ZP26_GEN-APND,TH_ZP26_GEN-APND,DAM,MCC,LMP_CONG_PRC,TH_ZP26_GEN-APND,ALL_APNODES,0,-1.79095,414
2017-09-21T11:00:00-00:00,2017-09-21T12:00:00-00:00,2017-09-21,5,0,TH_ZP26_GEN-APND,TH_ZP26_GEN-APND,TH_ZP26_GEN-APND,DAM,MCC,LMP_CONG_PRC,TH_ZP26_GEN-APND,ALL_APNODES,0,0,414
2017-09-22T04:00:00-00:00,2017-09-22T05:00:00-00:00,2017-09-21,22,0,TH_ZP26_GEN-APND,TH_ZP26_GEN-APND,TH_ZP26_GEN-APND,DAM,MCC,LMP_CONG_PRC,TH_ZP26_GEN-APND,ALL_APNODES,0,0,414
2017-09-22T01:00:00-00:00,2017-09-22T02:00:00-00:00,2017-09-21,19,0,TH_ZP26_GEN-APND,TH_ZP26_GEN-APND,TH_ZP26_GEN-APND,DAM,MCC,LMP_CONG_PRC,TH_ZP26_GEN-APND,ALL_APNODES,0,0,414
2017-09-21T23:00:00-00:00,2017-09-22T00:00:00-00:00,2017-09-21,17,0,TH_ZP26_GEN-APND,TH_ZP26_GEN-APND,TH_ZP26_GEN-APND,DAM,MCC,LMP_CONG_PRC,TH_ZP26_GEN-APND,ALL_APNODES,0,-0.36721,414
2017-09-21T09:00:00-00:00,2017-09-21T10:00:00-00:00,2017-09-21,3,0,TH_ZP26_GEN-APND,TH_ZP26_GEN-APND,TH_ZP26_GEN-APND,DAM,MCC,LMP_CONG_PRC,TH_ZP26_GEN-APND,ALL_APNODES,0,0,414
2017-09-21T17:00:00-00:00,2017-09-21T18:00:00-00:00,2017-09-21,11,0,TH_ZP26_GEN-APND,TH_ZP26_GEN-APND,TH_ZP26_GEN-APND,DAM,MCE,LMP_ENE_PRC,TH_ZP26_GEN-APND,ALL_APNODES,0,22.91934,415
2017-09-22T06:00:00-00:00,2017-09-22T07:00:00-00:00,2017-09-21,24,0,TH_ZP26_GEN-APND,TH_ZP26_GEN-APND,TH_ZP26_GEN-APND,DAM,MCE,LMP_ENE_PRC,TH_ZP26_GEN-APND,ALL_APNODES,0,29.15722,415
2017-09-21T11:00:00-00:00,2017-09-21T12:00:00-00:00,2017-09-21,5,0,TH_ZP26_GEN-APND,TH_ZP26_GEN-APND,TH_ZP26_GEN-APND,DAM,MCE,LMP_ENE_PRC,TH_ZP26_GEN-APND,ALL_APNODES,0,27.81443,415
2017-09-21T19:00:00-00:00,2017-09-21T20:00:00-00:00,2017-09-21,13,0,TH_ZP26_GEN-APND,TH_ZP26_GEN-APND,TH_ZP26_GEN-APND,DAM,MCE,LMP_ENE_PRC,TH_ZP26_GEN-APND,ALL_APNODES,0,19.38358,415
2017-09-21T09:00:00-00:00,2017-09-21T10:00:00-00:00,2017-09-21,3,0,TH_ZP26_GEN-APND,TH_ZP26_GEN-APND,TH_ZP26_GEN-APND,DAM,MCE,LMP_ENE_PRC,TH_ZP26_GEN-APND,ALL_APNODES,0,26.91482,415
2017-09-21T12:00:00-00:00,2017-09-21T13:00:00-00:00,2017-09-21,6,0,TH_ZP26_GEN-APND,TH_ZP26_GEN-APND,TH_ZP26_GEN-APND,DAM,MCE,LMP_ENE_PRC,TH_ZP26_GEN-APND,ALL_APNODES,0,30.82722,415
2017-09-21T16:00:00-00:00,2017-09-21T17:00:00-00:00,2017-09-21,10,0,TH_ZP26_GEN-APND,TH_ZP26_GEN-APND,TH_ZP26_GEN-APND,DAM,MCE,LMP_ENE_PRC,TH_ZP26_GEN-APND,ALL_APNODES,0,27.06139,415
2017-09-21T18:00:00-00:00,2017-09-21T19:00:00-00:00,2017-09-21,12,0,TH_ZP26_GEN-APND,TH_ZP26_GEN-APND,TH_ZP26_GEN-APND,DAM,MCE,LMP_ENE_PRC,TH_ZP26_GEN-APND,ALL_APNODES,0,20.55765,415
2017-09-21T20:00:00-00:00,2017-09-21T21:00:00-00:00,2017-09-21,14,0,TH_ZP26_GEN-APND,TH_ZP26_GEN-APND,TH_ZP26_GEN-APND,DAM,MCE,LMP_ENE_PRC,TH_ZP26_GEN-APND,ALL_APNODES,0,19.71287,415
2017-09-22T00:00:00-00:00,2017-09-22T01:00:00-00:00,2017-09-21,18,0,TH_ZP26_GEN-APND,TH_ZP26_GEN-APND,TH_ZP26_GEN-APND,DAM,MCE,LMP_ENE_PRC,TH_ZP26_GEN-APND,ALL_APNODES,0,33.02269,415
2017-09-21T13:00:00-00:00,2017-09-21T14:00:00-00:00,2017-09-21,7,0,TH_ZP26_GEN-APND,TH_ZP26_GEN-APND,TH_ZP26_GEN-APND,DAM,MCE,LMP_ENE_PRC,TH_ZP26_GEN-APND,ALL_APNODES,0,43.66667,415
2017-09-21T14:00:00-00:00,2017-09-21T15:00:00-00:00,2017-09-21,8,0,TH_ZP26_GEN-APND,TH_ZP26_GEN-APND,TH_ZP26_GEN-APND,DAM,MCE,LMP_ENE_PRC,TH_ZP26_GEN-APND,ALL_APNODES,0,45.12025,415
2017-09-21T07:00:00-00:00,2017-09-21T08:00:00-00:00,2017-09-21,1,0,TH_ZP26_GEN-APND,TH_ZP26_GEN-APND,TH_ZP26_GEN-APND,DAM,MCE,LMP_ENE_PRC,TH_ZP26_GEN-APND,ALL_APNODES,0,28.35438,415
2017-09-21T08:00:00-00:00,2017-09-21T09:00:00-00:00,2017-09-21,2,0,TH_ZP26_GEN-APND,TH_ZP26_GEN-APND,TH_ZP26_GEN-APND,DAM,MCE,LMP_ENE_PRC,TH_ZP26_GEN-APND,ALL_APNODES,0,27.77778,415
2017-09-22T01:00:00-00:00,2017-09-22T02:00:00-00:00,2017-09-21,19,0,TH_ZP26_GEN-APND,TH_ZP26_GEN-APND,TH_ZP26_GEN-APND,DAM,MCE,LMP_ENE_PRC,TH_ZP26_GEN-APND,ALL_APNODES,0,44.8107,415
2017-09-22T05:00:00-00:00,2017-09-22T06:00:00-00:00,2017-09-21,23,0,TH_ZP26_GEN-APND,TH_ZP26_GEN-APND,TH_ZP26_GEN-APND,DAM,MCE,LMP_ENE_PRC,TH_ZP26_GEN-APND,ALL_APNODES,0,32.25606,415
2017-09-21T23:00:00-00:00,2017-09-22T00:00:00-00:00,2017-09-21,17,0,TH_ZP26_GEN-APND,TH_ZP26_GEN-APND,TH_ZP26_GEN-APND,DAM,MCE,LMP_ENE_PRC,TH_ZP26_GEN-APND,ALL_APNODES,0,26.30858,415
2017-09-22T02:00:00-00:00,2017-09-22T03:00:00-00:00,2017-09-21,20,0,TH_ZP26_GEN-APND,TH_ZP26_GEN-APND,TH_ZP26_GEN-APND,DAM,MCE,LMP_ENE_PRC,TH_ZP26_GEN-APND,ALL_APNODES,0,56.13231,415
2017-09-22T03:00:00-00:00,2017-09-22T04:00:00-00:00,2017-09-21,21,0,TH_ZP26_GEN-APND,TH_ZP26_GEN-APND,TH_ZP26_GEN-APND,DAM,MCE,LMP_ENE_PRC,TH_ZP26_GEN-APND,ALL_APNODES,0,49.71594,415
2017-09-22T04:00:00-00:00,2017-09-22T05:00:00-00:00,2017-09-21,22,0,TH_ZP26_GEN-APND,TH_ZP26_GEN-APND,TH_ZP26_GEN-APND,DAM,MCE,LMP_ENE_PRC,TH_ZP26_GEN-APND,ALL_APNODES,0,37.53373,415
2017-09-21T10:00:00-00:00,2017-09-21T11:00:00-00:00,2017-09-21,4,0,TH_ZP26_GEN-APND,TH_ZP26_GEN-APND,TH_ZP26_GEN-APND,DAM,MCE,LMP_ENE_PRC,TH_ZP26_GEN-APND,ALL_APNODES,0,26.7174,415
2017-09-21T15:00:00-00:00,2017-09-21T16:00:00-00:00,2017-09-21,9,0,TH_ZP26_GEN-APND,TH_ZP26_GEN-APND,TH_ZP26_GEN-APND,DAM,MCE,LMP_ENE_PRC,TH_ZP26_GEN-APND,ALL_APNODES,0,30.2531,415
2017-09-21T22:00:00-00:00,2017-09-21T23:00:00-00:00,2017-09-21,16,0,TH_ZP26_GEN-APND,TH_ZP26_GEN-APND,TH_ZP26_GEN-APND,DAM,MCE,LMP_ENE_PRC,TH_ZP26_GEN-APND,ALL_APNODES,0,23.37761,415
2017-09-21T21:00:00-00:00,2017-09-21T22:00:00-00:00,2017-09-21,15,0,TH_ZP26_GEN-APND,TH_ZP26_GEN-APND,TH_ZP26_GEN-APND,DAM,MCE,LMP_ENE_PRC,TH_ZP26_GEN-APND,ALL_APNODES,0,20.46045,415
2017-09-22T03:00:00-00:00,2017-09-22T04:00:00-00:00,2017-09-21,21,0,TH_ZP26_GEN-APND,TH_ZP26_GEN-APND,TH_ZP26_GEN-APND,DAM,MCL,LMP_LOSS_PRC,TH_ZP26_GEN-APND,ALL_APNODES,0,-1.79475,416
2017-09-21T08:00:00-00:00,2017-09-21T09:00:00-00:00,2017-09-21,2,0,TH_ZP26_GEN-APND,TH_ZP26_GEN-APND,TH_ZP26_GEN-APND,DAM,MCL,LMP_LOSS_PRC,TH_ZP26_GEN-APND,ALL_APNODES,0,-0.88611,416
2017-09-21T16:00:00-00:00,2017-09-21T17:00:00-00:00,2017-09-21,10,0,TH_ZP26_GEN-APND,TH_ZP26_GEN-APND,TH_ZP26_GEN-APND,DAM,MCL,LMP_LOSS_PRC,TH_ZP26_GEN-APND,ALL_APNODES,0,-1.35578,416
2017-09-21T19:00:00-00:00,2017-09-21T20:00:00-00:00,2017-09-21,13,0,TH_ZP26_GEN-APND,TH_ZP26_GEN-APND,TH_ZP26_GEN-APND,DAM,MCL,LMP_LOSS_PRC,TH_ZP26_GEN-APND,ALL_APNODES,0,-1.08936,416
2017-09-21T14:00:00-00:00,2017-09-21T15:00:00-00:00,2017-09-21,8,0,TH_ZP26_GEN-APND,TH_ZP26_GEN-APND,TH_ZP26_GEN-APND,DAM,MCL,LMP_LOSS_PRC,TH_ZP26_GEN-APND,ALL_APNODES,0,-1.48446,416
2017-09-21T15:00:00-00:00,2017-09-21T16:00:00-00:00,2017-09-21,9,0,TH_ZP26_GEN-APND,TH_ZP26_GEN-APND,TH_ZP26_GEN-APND,DAM,MCL,LMP_LOSS_PRC,TH_ZP26_GEN-APND,ALL_APNODES,0,-1.31601,416
2017-09-21T10:00:00-00:00,2017-09-21T11:00:00-00:00,2017-09-21,4,0,TH_ZP26_GEN-APND,TH_ZP26_GEN-APND,TH_ZP26_GEN-APND,DAM,MCL,LMP_LOSS_PRC,TH_ZP26_GEN-APND,ALL_APNODES,0,-0.83358,416
2017-09-21T12:00:00-00:00,2017-09-21T13:00:00-00:00,2017-09-21,6,0,TH_ZP26_GEN-APND,TH_ZP26_GEN-APND,TH_ZP26_GEN-APND,DAM,MCL,LMP_LOSS_PRC,TH_ZP26_GEN-APND,ALL_APNODES,0,-0.97414,416
2017-09-21T13:00:00-00:00,2017-09-21T14:00:00-00:00,2017-09-21,7,0,TH_ZP26_GEN-APND,TH_ZP26_GEN-APND,TH_ZP26_GEN-APND,DAM,MCL,LMP_LOSS_PRC,TH_ZP26_GEN-APND,ALL_APNODES,0,-1.35803,416
2017-09-21T17:00:00-00:00,2017-09-21T18:00:00-00:00,2017-09-21,11,0,TH_ZP26_GEN-APND,TH_ZP26_GEN-APND,TH_ZP26_GEN-APND,DAM,MCL,LMP_LOSS_PRC,TH_ZP26_GEN-APND,ALL_APNODES,0,-1.26515,416
2017-09-21T18:00:00-00:00,2017-09-21T19:00:00-00:00,2017-09-21,12,0,TH_ZP26_GEN-APND,TH_ZP26_GEN-APND,TH_ZP26_GEN-APND,DAM,MCL,LMP_LOSS_PRC,TH_ZP26_GEN-APND,ALL_APNODES,0,-1.17384,416
2017-09-22T04:00:00-00:00,2017-09-22T05:00:00-00:00,2017-09-21,22,0,TH_ZP26_GEN-APND,TH_ZP26_GEN-APND,TH_ZP26_GEN-APND,DAM,MCL,LMP_LOSS_PRC,TH_ZP26_GEN-APND,ALL_APNODES,0,-1.29867,416
2017-09-22T06:00:00-00:00,2017-09-22T07:00:00-00:00,2017-09-21,24,0,TH_ZP26_GEN-APND,TH_ZP26_GEN-APND,TH_ZP26_GEN-APND,DAM,MCL,LMP_LOSS_PRC,TH_ZP26_GEN-APND,ALL_APNODES,0,-1.04091,416
2017-09-22T01:00:00-00:00,2017-09-22T02:00:00-00:00,2017-09-21,19,0,TH_ZP26_GEN-APND,TH_ZP26_GEN-APND,TH_ZP26_GEN-APND,DAM,MCL,LMP_LOSS_PRC,TH_ZP26_GEN-APND,ALL_APNODES,0,-1.64903,416
2017-09-21T07:00:00-00:00,2017-09-21T08:00:00-00:00,2017-09-21,1,0,TH_ZP26_GEN-APND,TH_ZP26_GEN-APND,TH_ZP26_GEN-APND,DAM,MCL,LMP_LOSS_PRC,TH_ZP26_GEN-APND,ALL_APNODES,0,-0.91868,416
2017-09-21T21:00:00-00:00,2017-09-21T22:00:00-00:00,2017-09-21,15,0,TH_ZP26_GEN-APND,TH_ZP26_GEN-APND,TH_ZP26_GEN-APND,DAM,MCL,LMP_LOSS_PRC,TH_ZP26_GEN-APND,ALL_APNODES,0,-1.16829,416
2017-09-21T23:00:00-00:00,2017-09-22T00:00:00-00:00,2017-09-21,17,0,TH_ZP26_GEN-APND,TH_ZP26_GEN-APND,TH_ZP26_GEN-APND,DAM,MCL,LMP_LOSS_PRC,TH_ZP26_GEN-APND,ALL_APNODES,0,-1.40751,416
2017-09-22T02:00:00-00:00,2017-09-22T03:00:00-00:00,2017-09-21,20,0,TH_ZP26_GEN-APND,TH_ZP26_GEN-APND,TH_ZP26_GEN-APND,DAM,MCL,LMP_LOSS_PRC,TH_ZP26_GEN-APND,ALL_APNODES,0,-2.15548,416
2017-09-22T05:00:00-00:00,2017-09-22T06:00:00-00:00,2017-09-21,23,0,TH_ZP26_GEN-APND,TH_ZP26_GEN-APND,TH_ZP26_GEN-APND,DAM,MCL,LMP_LOSS_PRC,TH_ZP26_GEN-APND,ALL_APNODES,0,-1.1967,416
2017-09-21T22:00:00-00:00,2017-09-21T23:00:00-00:00,2017-09-21,16,0,TH_ZP26_GEN-APND,TH_ZP26_GEN-APND,TH_ZP26_GEN-APND,DAM,MCL,LMP_LOSS_PRC,TH_ZP26_GEN-APND,ALL_APNODES,0,-1.32785,416
2017-09-22T00:00:00-00:00,2017-09-22T01:00:00-00:00,2017-09-21,18,0,TH_ZP26_GEN-APND,TH_ZP26_GEN-APND,TH_ZP26_GEN-APND,DAM,MCL,LMP_LOSS_PRC,TH_ZP26_GEN-APND,ALL_APNODES,0,-1.50253,416
2017-09-21T20:00:00-00:00,2017-09-21T21:00:00-00:00,2017-09-21,14,0,TH_ZP26_GEN-APND,TH_ZP26_GEN-APND,TH_ZP26_GEN-APND,DAM,MCL,LMP_LOSS_PRC,TH_ZP26_GEN-APND,ALL_APNODES,0,-1.10589,416
2017-09-21T09:00:00-00:00,2017-09-21T10:00:00-00:00,2017-09-21,3,0,TH_ZP26_GEN-APND,TH_ZP26_GEN-APND,TH_ZP26_GEN-APND,DAM,MCL,LMP_LOSS_PRC,TH_ZP26_GEN-APND,ALL_APNODES,0,-0.84782,416
2017-09-21T11:00:00-00:00,2017-09-21T12:00:00-00:00,2017-09-21,5,0,TH_ZP26_GEN-APND,TH_ZP26_GEN-APND,TH_ZP26_GEN-APND,DAM,MCL,LMP_LOSS_PRC,TH_ZP26_GEN-APND,ALL_APNODES,0,-0.87615,416
2017-09-22T06:00:00-00:00,2017-09-22T07:00:00-00:00,2017-09-21,24,0,URBAN_6_N005,URBAN_6_N005,URBAN_6_N005,DAM,LMP,LMP_PRC,URBAN_6_N005,ALL,1,29.27677,417
2017-09-22T00:00:00-00:00,2017-09-22T01:00:00-00:00,2017-09-21,18,0,URBAN_6_N005,URBAN_6_N005,URBAN_6_N005,DAM,LMP,LMP_PRC,URBAN_6_N005,ALL,1,23.98283,417
2017-09-21T12:00:00-00:00,2017-09-21T13:00:00-00:00,2017-09-21,6,0,URBAN_6_N005,URBAN_6_N005,URBAN_6_N005,DAM,LMP,LMP_PRC,URBAN_6_N005,ALL,1,30.88271,417
2017-09-21T13:00:00-00:00,2017-09-21T14:00:00-00:00,2017-09-21,7,0,URBAN_6_N005,URBAN_6_N005,URBAN_6_N005,DAM,LMP,LMP_PRC,URBAN_6_N005,ALL,1,43.79331,417
2017-09-22T01:00:00-00:00,2017-09-22T02:00:00-00:00,2017-09-21,19,0,URBAN_6_N005,URBAN_6_N005,URBAN_6_N005,DAM,LMP,LMP_PRC,URBAN_6_N005,ALL,1,45.0258,417
2017-09-21T11:00:00-00:00,2017-09-21T12:00:00-00:00,2017-09-21,5,0,URBAN_6_N005,URBAN_6_N005,URBAN_6_N005,DAM,LMP,LMP_PRC,URBAN_6_N005,ALL,1,27.87562,417
2017-09-21T14:00:00-00:00,2017-09-21T15:00:00-00:00,2017-09-21,8,0,URBAN_6_N005,URBAN_6_N005,URBAN_6_N005,DAM,LMP,LMP_PRC,URBAN_6_N005,ALL,1,40.061,417
2017-09-21T22:00:00-00:00,2017-09-21T23:00:00-00:00,2017-09-21,16,0,URBAN_6_N005,URBAN_6_N005,URBAN_6_N005,DAM,LMP,LMP_PRC,URBAN_6_N005,ALL,1,9.35725,417
2017-09-22T05:00:00-00:00,2017-09-22T06:00:00-00:00,2017-09-21,23,0,URBAN_6_N005,URBAN_6_N005,URBAN_6_N005,DAM,LMP,LMP_PRC,URBAN_6_N005,ALL,1,32.51088,417
2017-09-21T15:00:00-00:00,2017-09-21T16:00:00-00:00,2017-09-21,9,0,URBAN_6_N005,URBAN_6_N005,URBAN_6_N005,DAM,LMP,LMP_PRC,URBAN_6_N005,ALL,1,10.75894,417
2017-09-21T17:00:00-00:00,2017-09-21T18:00:00-00:00,2017-09-21,11,0,URBAN_6_N005,URBAN_6_N005,URBAN_6_N005,DAM,LMP,LMP_PRC,URBAN_6_N005,ALL,1,2.28461,417
2017-09-21T18:00:00-00:00,2017-09-21T19:00:00-00:00,2017-09-21,12,0,URBAN_6_N005,URBAN_6_N005,URBAN_6_N005,DAM,LMP,LMP_PRC,URBAN_6_N005,ALL,1,-1.58972,417
2017-09-21T07:00:00-00:00,2017-09-21T08:00:00-00:00,2017-09-21,1,0,URBAN_6_N005,URBAN_6_N005,URBAN_6_N005,DAM,LMP,LMP_PRC,URBAN_6_N005,ALL,1,28.35722,417
2017-09-21T20:00:00-00:00,2017-09-21T21:00:00-00:00,2017-09-21,14,0,URBAN_6_N005,URBAN_6_N005,URBAN_6_N005,DAM,LMP,LMP_PRC,URBAN_6_N005,ALL,1,0.86569,417
2017-09-21T21:00:00-00:00,2017-09-21T22:00:00-00:00,2017-09-21,15,0,URBAN_6_N005,URBAN_6_N005,URBAN_6_N005,DAM,LMP,LMP_PRC,URBAN_6_N005,ALL,1,6.92135,417
2017-09-22T03:00:00-00:00,2017-09-22T04:00:00-00:00,2017-09-21,21,0,URBAN_6_N005,URBAN_6_N005,URBAN_6_N005,DAM,LMP,LMP_PRC,URBAN_6_N005,ALL,1,50.07886,417
2017-09-21T19:00:00-00:00,2017-09-21T20:00:00-00:00,2017-09-21,13,0,URBAN_6_N005,URBAN_6_N005,URBAN_6_N005,DAM,LMP,LMP_PRC,URBAN_6_N005,ALL,1,0.29505,417
2017-09-21T08:00:00-00:00,2017-09-21T09:00:00-00:00,2017-09-21,2,0,URBAN_6_N005,URBAN_6_N005,URBAN_6_N005,DAM,LMP,LMP_PRC,URBAN_6_N005,ALL,1,27.77778,417
2017-09-22T04:00:00-00:00,2017-09-22T05:00:00-00:00,2017-09-21,22,0,URBAN_6_N005,URBAN_6_N005,URBAN_6_N005,DAM,LMP,LMP_PRC,URBAN_6_N005,ALL,1,37.71013,417
2017-09-22T02:00:00-00:00,2017-09-22T03:00:00-00:00,2017-09-21,20,0,URBAN_6_N005,URBAN_6_N005,URBAN_6_N005,DAM,LMP,LMP_PRC,URBAN_6_N005,ALL,1,56.40174,417
2017-09-21T16:00:00-00:00,2017-09-21T17:00:00-00:00,2017-09-21,10,0,URBAN_6_N005,URBAN_6_N005,URBAN_6_N005,DAM,LMP,LMP_PRC,URBAN_6_N005,ALL,1,4.4466,417
2017-09-21T09:00:00-00:00,2017-09-21T10:00:00-00:00,2017-09-21,3,0,URBAN_6_N005,URBAN_6_N005,URBAN_6_N005,DAM,LMP,LMP_PRC,URBAN_6_N005,ALL,1,26.86099,417
2017-09-21T23:00:00-00:00,2017-09-22T00:00:00-00:00,2017-09-21,17,0,URBAN_6_N005,URBAN_6_N005,URBAN_6_N005,DAM,LMP,LMP_PRC,URBAN_6_N005,ALL,1,13.86575,417
2017-09-21T10:00:00-00:00,2017-09-21T11:00:00-00:00,2017-09-21,4,0,URBAN_6_N005,URBAN_6_N005,URBAN_6_N005,DAM,LMP,LMP_PRC,URBAN_6_N005,ALL,1,26.62389,417
2017-09-21T16:00:00-00:00,2017-09-21T17:00:00-00:00,2017-09-21,10,0,URBAN_6_N005,URBAN_6_N005,URBAN_6_N005,DAM,MCC,LMP_CONG_PRC,URBAN_6_N005,ALL,1,-22.23051,418
2017-09-21T08:00:00-00:00,2017-09-21T09:00:00-00:00,2017-09-21,2,0,URBAN_6_N005,URBAN_6_N005,URBAN_6_N005,DAM,MCC,LMP_CONG_PRC,URBAN_6_N005,ALL,1,0,418
2017-09-21T11:00:00-00:00,2017-09-21T12:00:00-00:00,2017-09-21,5,0,URBAN_6_N005,URBAN_6_N005,URBAN_6_N005,DAM,MCC,LMP_CONG_PRC,URBAN_6_N005,ALL,1,0,418
2017-09-21T13:00:00-00:00,2017-09-21T14:00:00-00:00,2017-09-21,7,0,URBAN_6_N005,URBAN_6_N005,URBAN_6_N005,DAM,MCC,LMP_CONG_PRC,URBAN_6_N005,ALL,1,0,418
2017-09-21T17:00:00-00:00,2017-09-21T18:00:00-00:00,2017-09-21,11,0,URBAN_6_N005,URBAN_6_N005,URBAN_6_N005,DAM,MCC,LMP_CONG_PRC,URBAN_6_N005,ALL,1,-20.30698,418
2017-09-21T19:00:00-00:00,2017-09-21T20:00:00-00:00,2017-09-21,13,0,URBAN_6_N005,URBAN_6_N005,URBAN_6_N005,DAM,MCC,LMP_CONG_PRC,URBAN_6_N005,ALL,1,-18.82104,418
2017-09-21T07:00:00-00:00,2017-09-21T08:00:00-00:00,2017-09-21,1,0,URBAN_6_N005,URBAN_6_N005,URBAN_6_N005,DAM,MCC,LMP_CONG_PRC,URBAN_6_N005,ALL,1,0,418
2017-09-22T00:00:00-00:00,2017-09-22T01:00:00-00:00,2017-09-21,18,0,URBAN_6_N005,URBAN_6_N005,URBAN_6_N005,DAM,MCC,LMP_CONG_PRC,URBAN_6_N005,ALL,1,-9.02335,418
2017-09-21T14:00:00-00:00,2017-09-21T15:00:00-00:00,2017-09-21,8,0,URBAN_6_N005,URBAN_6_N005,URBAN_6_N005,DAM,MCC,LMP_CONG_PRC,URBAN_6_N005,ALL,1,-4.39147,418
2017-09-21T20:00:00-00:00,2017-09-21T21:00:00-00:00,2017-09-21,14,0,URBAN_6_N005,URBAN_6_N005,URBAN_6_N005,DAM,MCC,LMP_CONG_PRC,URBAN_6_N005,ALL,1,-18.56332,418
2017-09-22T05:00:00-00:00,2017-09-22T06:00:00-00:00,2017-09-21,23,0,URBAN_6_N005,URBAN_6_N005,URBAN_6_N005,DAM,MCC,LMP_CONG_PRC,URBAN_6_N005,ALL,1,0,418
2017-09-21T10:00:00-00:00,2017-09-21T11:00:00-00:00,2017-09-21,4,0,URBAN_6_N005,URBAN_6_N005,URBAN_6_N005,DAM,MCC,LMP_CONG_PRC,URBAN_6_N005,ALL,1,0,418
2017-09-21T15:00:00-00:00,2017-09-21T16:00:00-00:00,2017-09-21,9,0,URBAN_6_N005,URBAN_6_N005,URBAN_6_N005,DAM,MCC,LMP_CONG_PRC,URBAN_6_N005,ALL,1,-19.10994,418
2017-09-22T06:00:00-00:00,2017-09-22T07:00:00-00:00,2017-09-21,24,0,URBAN_6_N005,URBAN_6_N005,URBAN_6_N005,DAM,MCC,LMP_CONG_PRC,URBAN_6_N005,ALL,1,0,418
2017-09-21T09:00:00-00:00,2017-09-21T10:00:00-00:00,2017-09-21,3,0,URBAN_6_N005,URBAN_6_N005,URBAN_6_N005,DAM,MCC,LMP_CONG_PRC,URBAN_6_N005,ALL,1,0,418
2017-09-21T23:00:00-00:00,2017-09-22T00:00:00-00:00,2017-09-21,17,0,URBAN_6_N005,URBAN_6_N005,URBAN_6_N005,DAM,MCC,LMP_CONG_PRC,URBAN_6_N005,ALL,1,-12.17975,418
2017-09-22T02:00:00-00:00,2017-09-22T03:00:00-00:00,2017-09-21,20,0,URBAN_6_N005,URBAN_6_N005,URBAN_6_N005,DAM,MCC,LMP_CONG_PRC,URBAN_6_N005,ALL,1,0,418
2017-09-21T18:00:00-00:00,2017-09-21T19:00:00-00:00,2017-09-21,12,0,URBAN_6_N005,URBAN_6_N005,URBAN_6_N005,DAM,MCC,LMP_CONG_PRC,URBAN_6_N005,ALL,1,-21.81433,418
2017-09-21T21:00:00-00:00,2017-09-21T22:00:00-00:00,2017-09-21,15,0,URBAN_6_N005,URBAN_6_N005,URBAN_6_N005,DAM,MCC,LMP_CONG_PRC,URBAN_6_N005,ALL,1,-13.2322,418
2017-09-21T22:00:00-00:00,2017-09-21T23:00:00-00:00,2017-09-21,16,0,URBAN_6_N005,URBAN_6_N005,URBAN_6_N005,DAM,MCC,LMP_CONG_PRC,URBAN_6_N005,ALL,1,-13.77256,418
2017-09-22T01:00:00-00:00,2017-09-22T02:00:00-00:00,2017-09-21,19,0,URBAN_6_N005,URBAN_6_N005,URBAN_6_N005,DAM,MCC,LMP_CONG_PRC,URBAN_6_N005,ALL,1,0,418
2017-09-22T03:00:00-00:00,2017-09-22T04:00:00-00:00,2017-09-21,21,0,URBAN_6_N005,URBAN_6_N005,URBAN_6_N005,DAM,MCC,LMP_CONG_PRC,URBAN_6_N005,ALL,1,0,418
2017-09-22T04:00:00-00:00,2017-09-22T05:00:00-00:00,2017-09-21,22,0,URBAN_6_N005,URBAN_6_N005,URBAN_6_N005,DAM,MCC,LMP_CONG_PRC,URBAN_6_N005,ALL,1,0,418
2017-09-21T12:00:00-00:00,2017-09-21T13:00:00-00:00,2017-09-21,6,0,URBAN_6_N005,URBAN_6_N005,URBAN_6_N005,DAM,MCC,LMP_CONG_PRC,URBAN_6_N005,ALL,1,0,418
2017-09-22T03:00:00-00:00,2017-09-22T04:00:00-00:00,2017-09-21,21,0,URBAN_6_N005,URBAN_6_N005,URBAN_6_N005,DAM,MCE,LMP_ENE_PRC,URBAN_6_N005,ALL,1,49.71594,419
2017-09-21T19:00:00-00:00,2017-09-21T20:00:00-00:00,2017-09-21,13,0,URBAN_6_N005,URBAN_6_N005,URBAN_6_N005,DAM,MCE,LMP_ENE_PRC,URBAN_6_N005,ALL,1,19.38358,419
2017-09-21T09:00:00-00:00,2017-09-21T10:00:00-00:00,2017-09-21,3,0,URBAN_6_N005,URBAN_6_N005,URBAN_6_N005,DAM,MCE,LMP_ENE_PRC,URBAN_6_N005,ALL,1,26.91482,419
2017-09-21T11:00:00-00:00,2017-09-21T12:00:00-00:00,2017-09-21,5,0,URBAN_6_N005,URBAN_6_N005,URBAN_6_N005,DAM,MCE,LMP_ENE_PRC,URBAN_6_N005,ALL,1,27.81443,419
2017-09-21T22:00:00-00:00,2017-09-21T23:00:00-00:00,2017-09-21,16,0,URBAN_6_N005,URBAN_6_N005,URBAN_6_N005,DAM,MCE,LMP_ENE_PRC,URBAN_6_N005,ALL,1,23.37761,419
2017-09-21T20:00:00-00:00,2017-09-21T21:00:00-00:00,2017-09-21,14,0,URBAN_6_N005,URBAN_6_N005,URBAN_6_N005,DAM,MCE,LMP_ENE_PRC,URBAN_6_N005,ALL,1,19.71287,419
2017-09-22T01:00:00-00:00,2017-09-22T02:00:00-00:00,2017-09-21,19,0,URBAN_6_N005,URBAN_6_N005,URBAN_6_N005,DAM,MCE,LMP_ENE_PRC,URBAN_6_N005,ALL,1,44.8107,419
2017-09-22T06:00:00-00:00,2017-09-22T07:00:00-00:00,2017-09-21,24,0,URBAN_6_N005,URBAN_6_N005,URBAN_6_N005,DAM,MCE,LMP_ENE_PRC,URBAN_6_N005,ALL,1,29.15722,419
2017-09-21T10:00:00-00:00,2017-09-21T11:00:00-00:00,2017-09-21,4,0,URBAN_6_N005,URBAN_6_N005,URBAN_6_N005,DAM,MCE,LMP_ENE_PRC,URBAN_6_N005,ALL,1,26.7174,419
2017-09-21T21:00:00-00:00,2017-09-21T22:00:00-00:00,2017-09-21,15,0,URBAN_6_N005,URBAN_6_N005,URBAN_6_N005,DAM,MCE,LMP_ENE_PRC,URBAN_6_N005,ALL,1,20.46045,419
2017-09-21T08:00:00-00:00,2017-09-21T09:00:00-00:00,2017-09-21,2,0,URBAN_6_N005,URBAN_6_N005,URBAN_6_N005,DAM,MCE,LMP_ENE_PRC,URBAN_6_N005,ALL,1,27.77778,419
2017-09-21T07:00:00-00:00,2017-09-21T08:00:00-00:00,2017-09-21,1,0,URBAN_6_N005,URBAN_6_N005,URBAN_6_N005,DAM,MCE,LMP_ENE_PRC,URBAN_6_N005,ALL,1,28.35438,419
2017-09-21T16:00:00-00:00,2017-09-21T17:00:00-00:00,2017-09-21,10,0,URBAN_6_N005,URBAN_6_N005,URBAN_6_N005,DAM,MCE,LMP_ENE_PRC,URBAN_6_N005,ALL,1,27.06139,419
2017-09-21T15:00:00-00:00,2017-09-21T16:00:00-00:00,2017-09-21,9,0,URBAN_6_N005,URBAN_6_N005,URBAN_6_N005,DAM,MCE,LMP_ENE_PRC,URBAN_6_N005,ALL,1,30.2531,419
2017-09-21T12:00:00-00:00,2017-09-21T13:00:00-00:00,2017-09-21,6,0,URBAN_6_N005,URBAN_6_N005,URBAN_6_N005,DAM,MCE,LMP_ENE_PRC,URBAN_6_N005,ALL,1,30.82722,419
2017-09-21T14:00:00-00:00,2017-09-21T15:00:00-00:00,2017-09-21,8,0,URBAN_6_N005,URBAN_6_N005,URBAN_6_N005,DAM,MCE,LMP_ENE_PRC,URBAN_6_N005,ALL,1,45.12025,419
2017-09-21T23:00:00-00:00,2017-09-22T00:00:00-00:00,2017-09-21,17,0,URBAN_6_N005,URBAN_6_N005,URBAN_6_N005,DAM,MCE,LMP_ENE_PRC,URBAN_6_N005,ALL,1,26.30858,419
2017-09-21T13:00:00-00:00,2017-09-21T14:00:00-00:00,2017-09-21,7,0,URBAN_6_N005,URBAN_6_N005,URBAN_6_N005,DAM,MCE,LMP_ENE_PRC,URBAN_6_N005,ALL,1,43.66667,419
2017-09-22T05:00:00-00:00,2017-09-22T06:00:00-00:00,2017-09-21,23,0,URBAN_6_N005,URBAN_6_N005,URBAN_6_N005,DAM,MCE,LMP_ENE_PRC,URBAN_6_N005,ALL,1,32.25606,419
2017-09-22T04:00:00-00:00,2017-09-22T05:00:00-00:00,2017-09-21,22,0,URBAN_6_N005,URBAN_6_N005,URBAN_6_N005,DAM,MCE,LMP_ENE_PRC,URBAN_6_N005,ALL,1,37.53373,419
2017-09-21T18:00:00-00:00,2017-09-21T19:00:00-00:00,2017-09-21,12,0,URBAN_6_N005,URBAN_6_N005,URBAN_6_N005,DAM,MCE,LMP_ENE_PRC,URBAN_6_N005,ALL,1,20.55765,419
2017-09-22T02:00:00-00:00,2017-09-22T03:00:00-00:00,2017-09-21,20,0,URBAN_6_N005,URBAN_6_N005,URBAN_6_N005,DAM,MCE,LMP_ENE_PRC,URBAN_6_N005,ALL,1,56.13231,419
2017-09-21T17:00:00-00:00,2017-09-21T18:00:00-00:00,2017-09-21,11,0,URBAN_6_N005,URBAN_6_N005,URBAN_6_N005,DAM,MCE,LMP_ENE_PRC,URBAN_6_N005,ALL,1,22.91934,419
2017-09-22T00:00:00-00:00,2017-09-22T01:00:00-00:00,2017-09-21,18,0,URBAN_6_N005,URBAN_6_N005,URBAN_6_N005,DAM,MCE,LMP_ENE_PRC,URBAN_6_N005,ALL,1,33.02269,419
2017-09-21T07:00:00-00:00,2017-09-21T08:00:00-00:00,2017-09-21,1,0,URBAN_6_N005,URBAN_6_N005,URBAN_6_N005,DAM,MCL,LMP_LOSS_PRC,URBAN_6_N005,ALL,1,0.00284,420
2017-09-21T18:00:00-00:00,2017-09-21T19:00:00-00:00,2017-09-21,12,0,URBAN_6_N005,URBAN_6_N005,URBAN_6_N005,DAM,MCL,LMP_LOSS_PRC,URBAN_6_N005,ALL,1,-0.33303,420
2017-09-21T19:00:00-00:00,2017-09-21T20:00:00-00:00,2017-09-21,13,0,URBAN_6_N005,URBAN_6_N005,URBAN_6_N005,DAM,MCL,LMP_LOSS_PRC,URBAN_6_N005,ALL,1,-0.26749,420
2017-09-21T17:00:00-00:00,2017-09-21T18:00:00-00:00,2017-09-21,11,0,URBAN_6_N005,URBAN_6_N005,URBAN_6_N005,DAM,MCL,LMP_LOSS_PRC,URBAN_6_N005,ALL,1,-0.32775,420
2017-09-21T13:00:00-00:00,2017-09-21T14:00:00-00:00,2017-09-21,7,0,URBAN_6_N005,URBAN_6_N005,URBAN_6_N005,DAM,MCL,LMP_LOSS_PRC,URBAN_6_N005,ALL,1,0.12663,420
2017-09-22T00:00:00-00:00,2017-09-22T01:00:00-00:00,2017-09-21,18,0,URBAN_6_N005,URBAN_6_N005,URBAN_6_N005,DAM,MCL,LMP_LOSS_PRC,URBAN_6_N005,ALL,1,-0.01651,420
2017-09-21T21:00:00-00:00,2017-09-21T22:00:00-00:00,2017-09-21,15,0,URBAN_6_N005,URBAN_6_N005,URBAN_6_N005,DAM,MCL,LMP_LOSS_PRC,URBAN_6_N005,ALL,1,-0.30691,420
2017-09-21T16:00:00-00:00,2017-09-21T17:00:00-00:00,2017-09-21,10,0,URBAN_6_N005,URBAN_6_N005,URBAN_6_N005,DAM,MCL,LMP_LOSS_PRC,URBAN_6_N005,ALL,1,-0.38427,420
2017-09-22T03:00:00-00:00,2017-09-22T04:00:00-00:00,2017-09-21,21,0,URBAN_6_N005,URBAN_6_N005,URBAN_6_N005,DAM,MCL,LMP_LOSS_PRC,URBAN_6_N005,ALL,1,0.36293,420
2017-09-22T02:00:00-00:00,2017-09-22T03:00:00-00:00,2017-09-21,20,0,URBAN_6_N005,URBAN_6_N005,URBAN_6_N005,DAM,MCL,LMP_LOSS_PRC,URBAN_6_N005,ALL,1,0.26944,420
2017-09-22T04:00:00-00:00,2017-09-22T05:00:00-00:00,2017-09-21,22,0,URBAN_6_N005,URBAN_6_N005,URBAN_6_N005,DAM,MCL,LMP_LOSS_PRC,URBAN_6_N005,ALL,1,0.17641,420
2017-09-21T12:00:00-00:00,2017-09-21T13:00:00-00:00,2017-09-21,6,0,URBAN_6_N005,URBAN_6_N005,URBAN_6_N005,DAM,MCL,LMP_LOSS_PRC,URBAN_6_N005,ALL,1,0.05549,420
2017-09-22T05:00:00-00:00,2017-09-22T06:00:00-00:00,2017-09-21,23,0,URBAN_6_N005,URBAN_6_N005,URBAN_6_N005,DAM,MCL,LMP_LOSS_PRC,URBAN_6_N005,ALL,1,0.25482,420
2017-09-22T01:00:00-00:00,2017-09-22T02:00:00-00:00,2017-09-21,19,0,URBAN_6_N005,URBAN_6_N005,URBAN_6_N005,DAM,MCL,LMP_LOSS_PRC,URBAN_6_N005,ALL,1,0.21509,420
2017-09-21T09:00:00-00:00,2017-09-21T10:00:00-00:00,2017-09-21,3,0,URBAN_6_N005,URBAN_6_N005,URBAN_6_N005,DAM,MCL,LMP_LOSS_PRC,URBAN_6_N005,ALL,1,-0.05383,420
2017-09-21T08:00:00-00:00,2017-09-21T09:00:00-00:00,2017-09-21,2,0,URBAN_6_N005,URBAN_6_N005,URBAN_6_N005,DAM,MCL,LMP_LOSS_PRC,URBAN_6_N005,ALL,1,0,420
2017-09-22T06:00:00-00:00,2017-09-22T07:00:00-00:00,2017-09-21,24,0,URBAN_6_N005,URBAN_6_N005,URBAN_6_N005,DAM,MCL,LMP_LOSS_PRC,URBAN_6_N005,ALL,1,0.11954,420
2017-09-21T10:00:00-00:00,2017-09-21T11:00:00-00:00,2017-09-21,4,0,URBAN_6_N005,URBAN_6_N005,URBAN_6_N005,DAM,MCL,LMP_LOSS_PRC,URBAN_6_N005,ALL,1,-0.09351,420
2017-09-21T23:00:00-00:00,2017-09-22T00:00:00-00:00,2017-09-21,17,0,URBAN_6_N005,URBAN_6_N005,URBAN_6_N005,DAM,MCL,LMP_LOSS_PRC,URBAN_6_N005,ALL,1,-0.26309,420
2017-09-21T22:00:00-00:00,2017-09-21T23:00:00-00:00,2017-09-21,16,0,URBAN_6_N005,URBAN_6_N005,URBAN_6_N005,DAM,MCL,LMP_LOSS_PRC,URBAN_6_N005,ALL,1,-0.2478,420
2017-09-21T20:00:00-00:00,2017-09-21T21:00:00-00:00,2017-09-21,14,0,URBAN_6_N005,URBAN_6_N005,URBAN_6_N005,DAM,MCL,LMP_LOSS_PRC,URBAN_6_N005,ALL,1,-0.28387,420
2017-09-21T11:00:00-00:00,2017-09-21T12:00:00-00:00,2017-09-21,5,0,URBAN_6_N005,URBAN_6_N005,URBAN_6_N005,DAM,MCL,LMP_LOSS_PRC,URBAN_6_N005,ALL,1,0.06119,420
2017-09-21T14:00:00-00:00,2017-09-21T15:00:00-00:00,2017-09-21,8,0,URBAN_6_N005,URBAN_6_N005,URBAN_6_N005,DAM,MCL,LMP_LOSS_PRC,URBAN_6_N005,ALL,1,-0.66778,420
2017-09-21T15:00:00-00:00,2017-09-21T16:00:00-00:00,2017-09-21,9,0,URBAN_6_N005,URBAN_6_N005,URBAN_6_N005,DAM,MCL,LMP_LOSS_PRC,URBAN_6_N005,ALL,1,-0.38421,420
2017-09-23T05:00:00-00:00,2017-09-23T06:00:00-00:00,2017-09-22,23,0,BAYSHOR2_1_N001,BAYSHOR2_1_N001,BAYSHOR2_1_N001,DAM,LMP,LMP_PRC,BAYSHOR2_1_N001,ALL,1,35.85512,421
2017-09-23T04:00:00-00:00,2017-09-23T05:00:00-00:00,2017-09-22,22,0,BAYSHOR2_1_N001,BAYSHOR2_1_N001,BAYSHOR2_1_N001,DAM,LMP,LMP_PRC,BAYSHOR2_1_N001,ALL,1,40.14787,421
2017-09-22T12:00:00-00:00,2017-09-22T13:00:00-00:00,2017-09-22,6,0,BAYSHOR2_1_N001,BAYSHOR2_1_N001,BAYSHOR2_1_N001,DAM,LMP,LMP_PRC,BAYSHOR2_1_N001,ALL,1,34.33402,421
2017-09-23T06:00:00-00:00,2017-09-23T07:00:00-00:00,2017-09-22,24,0,BAYSHOR2_1_N001,BAYSHOR2_1_N001,BAYSHOR2_1_N001,DAM,LMP,LMP_PRC,BAYSHOR2_1_N001,ALL,1,33.24131,421
2017-09-22T22:00:00-00:00,2017-09-22T23:00:00-00:00,2017-09-22,16,0,BAYSHOR2_1_N001,BAYSHOR2_1_N001,BAYSHOR2_1_N001,DAM,LMP,LMP_PRC,BAYSHOR2_1_N001,ALL,1,30.97209,421
2017-09-22T23:00:00-00:00,2017-09-23T00:00:00-00:00,2017-09-22,17,0,BAYSHOR2_1_N001,BAYSHOR2_1_N001,BAYSHOR2_1_N001,DAM,LMP,LMP_PRC,BAYSHOR2_1_N001,ALL,1,32.88756,421
2017-09-22T14:00:00-00:00,2017-09-22T15:00:00-00:00,2017-09-22,8,0,BAYSHOR2_1_N001,BAYSHOR2_1_N001,BAYSHOR2_1_N001,DAM,LMP,LMP_PRC,BAYSHOR2_1_N001,ALL,1,44.56883,421
2017-09-22T16:00:00-00:00,2017-09-22T17:00:00-00:00,2017-09-22,10,0,BAYSHOR2_1_N001,BAYSHOR2_1_N001,BAYSHOR2_1_N001,DAM,LMP,LMP_PRC,BAYSHOR2_1_N001,ALL,1,39.96703,421
2017-09-22T19:00:00-00:00,2017-09-22T20:00:00-00:00,2017-09-22,13,0,BAYSHOR2_1_N001,BAYSHOR2_1_N001,BAYSHOR2_1_N001,DAM,LMP,LMP_PRC,BAYSHOR2_1_N001,ALL,1,30.07373,421
2017-09-22T21:00:00-00:00,2017-09-22T22:00:00-00:00,2017-09-22,15,0,BAYSHOR2_1_N001,BAYSHOR2_1_N001,BAYSHOR2_1_N001,DAM,LMP,LMP_PRC,BAYSHOR2_1_N001,ALL,1,32.22046,421
2017-09-22T18:00:00-00:00,2017-09-22T19:00:00-00:00,2017-09-22,12,0,BAYSHOR2_1_N001,BAYSHOR2_1_N001,BAYSHOR2_1_N001,DAM,LMP,LMP_PRC,BAYSHOR2_1_N001,ALL,1,34.16438,421
2017-09-22T20:00:00-00:00,2017-09-22T21:00:00-00:00,2017-09-22,14,0,BAYSHOR2_1_N001,BAYSHOR2_1_N001,BAYSHOR2_1_N001,DAM,LMP,LMP_PRC,BAYSHOR2_1_N001,ALL,1,35.68441,421
2017-09-22T07:00:00-00:00,2017-09-22T08:00:00-00:00,2017-09-22,1,0,BAYSHOR2_1_N001,BAYSHOR2_1_N001,BAYSHOR2_1_N001,DAM,LMP,LMP_PRC,BAYSHOR2_1_N001,ALL,1,29.42593,421
2017-09-22T09:00:00-00:00,2017-09-22T10:00:00-00:00,2017-09-22,3,0,BAYSHOR2_1_N001,BAYSHOR2_1_N001,BAYSHOR2_1_N001,DAM,LMP,LMP_PRC,BAYSHOR2_1_N001,ALL,1,28.44752,421
2017-09-23T00:00:00-00:00,2017-09-23T01:00:00-00:00,2017-09-22,18,0,BAYSHOR2_1_N001,BAYSHOR2_1_N001,BAYSHOR2_1_N001,DAM,LMP,LMP_PRC,BAYSHOR2_1_N001,ALL,1,35.52607,421
2017-09-22T15:00:00-00:00,2017-09-22T16:00:00-00:00,2017-09-22,9,0,BAYSHOR2_1_N001,BAYSHOR2_1_N001,BAYSHOR2_1_N001,DAM,LMP,LMP_PRC,BAYSHOR2_1_N001,ALL,1,39.68248,421
2017-09-22T17:00:00-00:00,2017-09-22T18:00:00-00:00,2017-09-22,11,0,BAYSHOR2_1_N001,BAYSHOR2_1_N001,BAYSHOR2_1_N001,DAM,LMP,LMP_PRC,BAYSHOR2_1_N001,ALL,1,32.61878,421
2017-09-22T08:00:00-00:00,2017-09-22T09:00:00-00:00,2017-09-22,2,0,BAYSHOR2_1_N001,BAYSHOR2_1_N001,BAYSHOR2_1_N001,DAM,LMP,LMP_PRC,BAYSHOR2_1_N001,ALL,1,29.04026,421
2017-09-23T02:00:00-00:00,2017-09-23T03:00:00-00:00,2017-09-22,20,0,BAYSHOR2_1_N001,BAYSHOR2_1_N001,BAYSHOR2_1_N001,DAM,LMP,LMP_PRC,BAYSHOR2_1_N001,ALL,1,58.84678,421
2017-09-22T13:00:00-00:00,2017-09-22T14:00:00-00:00,2017-09-22,7,0,BAYSHOR2_1_N001,BAYSHOR2_1_N001,BAYSHOR2_1_N001,DAM,LMP,LMP_PRC,BAYSHOR2_1_N001,ALL,1,45.20595,421
2017-09-22T10:00:00-00:00,2017-09-22T11:00:00-00:00,2017-09-22,4,0,BAYSHOR2_1_N001,BAYSHOR2_1_N001,BAYSHOR2_1_N001,DAM,LMP,LMP_PRC,BAYSHOR2_1_N001,ALL,1,27.86765,421
2017-09-23T01:00:00-00:00,2017-09-23T02:00:00-00:00,2017-09-22,19,0,BAYSHOR2_1_N001,BAYSHOR2_1_N001,BAYSHOR2_1_N001,DAM,LMP,LMP_PRC,BAYSHOR2_1_N001,ALL,1,44.42223,421
2017-09-23T03:00:00-00:00,2017-09-23T04:00:00-00:00,2017-09-22,21,0,BAYSHOR2_1_N001,BAYSHOR2_1_N001,BAYSHOR2_1_N001,DAM,LMP,LMP_PRC,BAYSHOR2_1_N001,ALL,1,47.84608,421
2017-09-22T11:00:00-00:00,2017-09-22T12:00:00-00:00,2017-09-22,5,0,BAYSHOR2_1_N001,BAYSHOR2_1_N001,BAYSHOR2_1_N001,DAM,LMP,LMP_PRC,BAYSHOR2_1_N001,ALL,1,30.12418,421
2017-09-22T21:00:00-00:00,2017-09-22T22:00:00-00:00,2017-09-22,15,0,BAYSHOR2_1_N001,BAYSHOR2_1_N001,BAYSHOR2_1_N001,DAM,MCC,LMP_CONG_PRC,BAYSHOR2_1_N001,ALL,1,6.09848,422
2017-09-23T01:00:00-00:00,2017-09-23T02:00:00-00:00,2017-09-22,19,0,BAYSHOR2_1_N001,BAYSHOR2_1_N001,BAYSHOR2_1_N001,DAM,MCC,LMP_CONG_PRC,BAYSHOR2_1_N001,ALL,1,1.23268,422
2017-09-22T08:00:00-00:00,2017-09-22T09:00:00-00:00,2017-09-22,2,0,BAYSHOR2_1_N001,BAYSHOR2_1_N001,BAYSHOR2_1_N001,DAM,MCC,LMP_CONG_PRC,BAYSHOR2_1_N001,ALL,1,0,422
2017-09-22T13:00:00-00:00,2017-09-22T14:00:00-00:00,2017-09-22,7,0,BAYSHOR2_1_N001,BAYSHOR2_1_N001,BAYSHOR2_1_N001,DAM,MCC,LMP_CONG_PRC,BAYSHOR2_1_N001,ALL,1,0.47476,422
2017-09-22T11:00:00-00:00,2017-09-22T12:00:00-00:00,2017-09-22,5,0,BAYSHOR2_1_N001,BAYSHOR2_1_N001,BAYSHOR2_1_N001,DAM,MCC,LMP_CONG_PRC,BAYSHOR2_1_N001,ALL,1,1.10034,422
2017-09-22T22:00:00-00:00,2017-09-22T23:00:00-00:00,2017-09-22,16,0,BAYSHOR2_1_N001,BAYSHOR2_1_N001,BAYSHOR2_1_N001,DAM,MCC,LMP_CONG_PRC,BAYSHOR2_1_N001,ALL,1,4.88543,422
2017-09-23T05:00:00-00:00,2017-09-23T06:00:00-00:00,2017-09-22,23,0,BAYSHOR2_1_N001,BAYSHOR2_1_N001,BAYSHOR2_1_N001,DAM,MCC,LMP_CONG_PRC,BAYSHOR2_1_N001,ALL,1,0,422
2017-09-23T04:00:00-00:00,2017-09-23T05:00:00-00:00,2017-09-22,22,0,BAYSHOR2_1_N001,BAYSHOR2_1_N001,BAYSHOR2_1_N001,DAM,MCC,LMP_CONG_PRC,BAYSHOR2_1_N001,ALL,1,0,422
2017-09-23T03:00:00-00:00,2017-09-23T04:00:00-00:00,2017-09-22,21,0,BAYSHOR2_1_N001,BAYSHOR2_1_N001,BAYSHOR2_1_N001,DAM,MCC,LMP_CONG_PRC,BAYSHOR2_1_N001,ALL,1,0,422
2017-09-22T23:00:00-00:00,2017-09-23T00:00:00-00:00,2017-09-22,17,0,BAYSHOR2_1_N001,BAYSHOR2_1_N001,BAYSHOR2_1_N001,DAM,MCC,LMP_CONG_PRC,BAYSHOR2_1_N001,ALL,1,4.60645,422
2017-09-23T06:00:00-00:00,2017-09-23T07:00:00-00:00,2017-09-22,24,0,BAYSHOR2_1_N001,BAYSHOR2_1_N001,BAYSHOR2_1_N001,DAM,MCC,LMP_CONG_PRC,BAYSHOR2_1_N001,ALL,1,0,422
2017-09-22T10:00:00-00:00,2017-09-22T11:00:00-00:00,2017-09-22,4,0,BAYSHOR2_1_N001,BAYSHOR2_1_N001,BAYSHOR2_1_N001,DAM,MCC,LMP_CONG_PRC,BAYSHOR2_1_N001,ALL,1,0,422
2017-09-22T07:00:00-00:00,2017-09-22T08:00:00-00:00,2017-09-22,1,0,BAYSHOR2_1_N001,BAYSHOR2_1_N001,BAYSHOR2_1_N001,DAM,MCC,LMP_CONG_PRC,BAYSHOR2_1_N001,ALL,1,0,422
2017-09-22T17:00:00-00:00,2017-09-22T18:00:00-00:00,2017-09-22,11,0,BAYSHOR2_1_N001,BAYSHOR2_1_N001,BAYSHOR2_1_N001,DAM,MCC,LMP_CONG_PRC,BAYSHOR2_1_N001,ALL,1,8.0745,422
2017-09-22T19:00:00-00:00,2017-09-22T20:00:00-00:00,2017-09-22,13,0,BAYSHOR2_1_N001,BAYSHOR2_1_N001,BAYSHOR2_1_N001,DAM,MCC,LMP_CONG_PRC,BAYSHOR2_1_N001,ALL,1,6.04639,422
2017-09-22T16:00:00-00:00,2017-09-22T17:00:00-00:00,2017-09-22,10,0,BAYSHOR2_1_N001,BAYSHOR2_1_N001,BAYSHOR2_1_N001,DAM,MCC,LMP_CONG_PRC,BAYSHOR2_1_N001,ALL,1,11.42165,422
2017-09-22T14:00:00-00:00,2017-09-22T15:00:00-00:00,2017-09-22,8,0,BAYSHOR2_1_N001,BAYSHOR2_1_N001,BAYSHOR2_1_N001,DAM,MCC,LMP_CONG_PRC,BAYSHOR2_1_N001,ALL,1,1.64239,422
2017-09-22T12:00:00-00:00,2017-09-22T13:00:00-00:00,2017-09-22,6,0,BAYSHOR2_1_N001,BAYSHOR2_1_N001,BAYSHOR2_1_N001,DAM,MCC,LMP_CONG_PRC,BAYSHOR2_1_N001,ALL,1,0,422
2017-09-22T09:00:00-00:00,2017-09-22T10:00:00-00:00,2017-09-22,3,0,BAYSHOR2_1_N001,BAYSHOR2_1_N001,BAYSHOR2_1_N001,DAM,MCC,LMP_CONG_PRC,BAYSHOR2_1_N001,ALL,1,0,422
2017-09-22T20:00:00-00:00,2017-09-22T21:00:00-00:00,2017-09-22,14,0,BAYSHOR2_1_N001,BAYSHOR2_1_N001,BAYSHOR2_1_N001,DAM,MCC,LMP_CONG_PRC,BAYSHOR2_1_N001,ALL,1,10.55098,422
2017-09-22T15:00:00-00:00,2017-09-22T16:00:00-00:00,2017-09-22,9,0,BAYSHOR2_1_N001,BAYSHOR2_1_N001,BAYSHOR2_1_N001,DAM,MCC,LMP_CONG_PRC,BAYSHOR2_1_N001,ALL,1,7.57523,422
2017-09-23T02:00:00-00:00,2017-09-23T03:00:00-00:00,2017-09-22,20,0,BAYSHOR2_1_N001,BAYSHOR2_1_N001,BAYSHOR2_1_N001,DAM,MCC,LMP_CONG_PRC,BAYSHOR2_1_N001,ALL,1,0.36872,422
2017-09-23T00:00:00-00:00,2017-09-23T01:00:00-00:00,2017-09-22,18,0,BAYSHOR2_1_N001,BAYSHOR2_1_N001,BAYSHOR2_1_N001,DAM,MCC,LMP_CONG_PRC,BAYSHOR2_1_N001,ALL,1,2.63893,422
2017-09-22T18:00:00-00:00,2017-09-22T19:00:00-00:00,2017-09-22,12,0,BAYSHOR2_1_N001,BAYSHOR2_1_N001,BAYSHOR2_1_N001,DAM,MCC,LMP_CONG_PRC,BAYSHOR2_1_N001,ALL,1,10.08673,422
2017-09-22T19:00:00-00:00,2017-09-22T20:00:00-00:00,2017-09-22,13,0,BAYSHOR2_1_N001,BAYSHOR2_1_N001,BAYSHOR2_1_N001,DAM,MCE,LMP_ENE_PRC,BAYSHOR2_1_N001,ALL,1,22.57996,423
2017-09-22T21:00:00-00:00,2017-09-22T22:00:00-00:00,2017-09-22,15,0,BAYSHOR2_1_N001,BAYSHOR2_1_N001,BAYSHOR2_1_N001,DAM,MCE,LMP_ENE_PRC,BAYSHOR2_1_N001,ALL,1,24.55074,423
2017-09-22T17:00:00-00:00,2017-09-22T18:00:00-00:00,2017-09-22,11,0,BAYSHOR2_1_N001,BAYSHOR2_1_N001,BAYSHOR2_1_N001,DAM,MCE,LMP_ENE_PRC,BAYSHOR2_1_N001,ALL,1,23.00522,423
2017-09-22T15:00:00-00:00,2017-09-22T16:00:00-00:00,2017-09-22,9,0,BAYSHOR2_1_N001,BAYSHOR2_1_N001,BAYSHOR2_1_N001,DAM,MCE,LMP_ENE_PRC,BAYSHOR2_1_N001,ALL,1,30.3156,423
2017-09-22T14:00:00-00:00,2017-09-22T15:00:00-00:00,2017-09-22,8,0,BAYSHOR2_1_N001,BAYSHOR2_1_N001,BAYSHOR2_1_N001,DAM,MCE,LMP_ENE_PRC,BAYSHOR2_1_N001,ALL,1,40.68858,423
2017-09-23T04:00:00-00:00,2017-09-23T05:00:00-00:00,2017-09-22,22,0,BAYSHOR2_1_N001,BAYSHOR2_1_N001,BAYSHOR2_1_N001,DAM,MCE,LMP_ENE_PRC,BAYSHOR2_1_N001,ALL,1,38.74529,423
2017-09-23T06:00:00-00:00,2017-09-23T07:00:00-00:00,2017-09-22,24,0,BAYSHOR2_1_N001,BAYSHOR2_1_N001,BAYSHOR2_1_N001,DAM,MCE,LMP_ENE_PRC,BAYSHOR2_1_N001,ALL,1,32.0028,423
2017-09-22T13:00:00-00:00,2017-09-22T14:00:00-00:00,2017-09-22,7,0,BAYSHOR2_1_N001,BAYSHOR2_1_N001,BAYSHOR2_1_N001,DAM,MCE,LMP_ENE_PRC,BAYSHOR2_1_N001,ALL,1,42.70281,423
2017-09-23T02:00:00-00:00,2017-09-23T03:00:00-00:00,2017-09-22,20,0,BAYSHOR2_1_N001,BAYSHOR2_1_N001,BAYSHOR2_1_N001,DAM,MCE,LMP_ENE_PRC,BAYSHOR2_1_N001,ALL,1,56.36439,423
2017-09-22T09:00:00-00:00,2017-09-22T10:00:00-00:00,2017-09-22,3,0,BAYSHOR2_1_N001,BAYSHOR2_1_N001,BAYSHOR2_1_N001,DAM,MCE,LMP_ENE_PRC,BAYSHOR2_1_N001,ALL,1,27.3035,423
2017-09-23T01:00:00-00:00,2017-09-23T02:00:00-00:00,2017-09-22,19,0,BAYSHOR2_1_N001,BAYSHOR2_1_N001,BAYSHOR2_1_N001,DAM,MCE,LMP_ENE_PRC,BAYSHOR2_1_N001,ALL,1,41.47657,423
2017-09-23T05:00:00-00:00,2017-09-23T06:00:00-00:00,2017-09-22,23,0,BAYSHOR2_1_N001,BAYSHOR2_1_N001,BAYSHOR2_1_N001,DAM,MCE,LMP_ENE_PRC,BAYSHOR2_1_N001,ALL,1,34.44957,423
2017-09-23T00:00:00-00:00,2017-09-23T01:00:00-00:00,2017-09-22,18,0,BAYSHOR2_1_N001,BAYSHOR2_1_N001,BAYSHOR2_1_N001,DAM,MCE,LMP_ENE_PRC,BAYSHOR2_1_N001,ALL,1,31.34796,423
2017-09-22T11:00:00-00:00,2017-09-22T12:00:00-00:00,2017-09-22,5,0,BAYSHOR2_1_N001,BAYSHOR2_1_N001,BAYSHOR2_1_N001,DAM,MCE,LMP_ENE_PRC,BAYSHOR2_1_N001,ALL,1,28.00988,423
2017-09-22T08:00:00-00:00,2017-09-22T09:00:00-00:00,2017-09-22,2,0,BAYSHOR2_1_N001,BAYSHOR2_1_N001,BAYSHOR2_1_N001,DAM,MCE,LMP_ENE_PRC,BAYSHOR2_1_N001,ALL,1,27.92333,423
2017-09-22T18:00:00-00:00,2017-09-22T19:00:00-00:00,2017-09-22,12,0,BAYSHOR2_1_N001,BAYSHOR2_1_N001,BAYSHOR2_1_N001,DAM,MCE,LMP_ENE_PRC,BAYSHOR2_1_N001,ALL,1,22.59115,423
2017-09-23T03:00:00-00:00,2017-09-23T04:00:00-00:00,2017-09-22,21,0,BAYSHOR2_1_N001,BAYSHOR2_1_N001,BAYSHOR2_1_N001,DAM,MCE,LMP_ENE_PRC,BAYSHOR2_1_N001,ALL,1,46.03683,423
2017-09-22T23:00:00-00:00,2017-09-23T00:00:00-00:00,2017-09-22,17,0,BAYSHOR2_1_N001,BAYSHOR2_1_N001,BAYSHOR2_1_N001,DAM,MCE,LMP_ENE_PRC,BAYSHOR2_1_N001,ALL,1,26.76361,423
2017-09-22T22:00:00-00:00,2017-09-22T23:00:00-00:00,2017-09-22,16,0,BAYSHOR2_1_N001,BAYSHOR2_1_N001,BAYSHOR2_1_N001,DAM,MCE,LMP_ENE_PRC,BAYSHOR2_1_N001,ALL,1,24.6147,423
2017-09-22T20:00:00-00:00,2017-09-22T21:00:00-00:00,2017-09-22,14,0,BAYSHOR2_1_N001,BAYSHOR2_1_N001,BAYSHOR2_1_N001,DAM,MCE,LMP_ENE_PRC,BAYSHOR2_1_N001,ALL,1,23.56627,423
2017-09-22T07:00:00-00:00,2017-09-22T08:00:00-00:00,2017-09-22,1,0,BAYSHOR2_1_N001,BAYSHOR2_1_N001,BAYSHOR2_1_N001,DAM,MCE,LMP_ENE_PRC,BAYSHOR2_1_N001,ALL,1,28.27241,423
2017-09-22T16:00:00-00:00,2017-09-22T17:00:00-00:00,2017-09-22,10,0,BAYSHOR2_1_N001,BAYSHOR2_1_N001,BAYSHOR2_1_N001,DAM,MCE,LMP_ENE_PRC,BAYSHOR2_1_N001,ALL,1,26.82081,423
2017-09-22T12:00:00-00:00,2017-09-22T13:00:00-00:00,2017-09-22,6,0,BAYSHOR2_1_N001,BAYSHOR2_1_N001,BAYSHOR2_1_N001,DAM,MCE,LMP_ENE_PRC,BAYSHOR2_1_N001,ALL,1,32.73023,423
2017-09-22T10:00:00-00:00,2017-09-22T11:00:00-00:00,2017-09-22,4,0,BAYSHOR2_1_N001,BAYSHOR2_1_N001,BAYSHOR2_1_N001,DAM,MCE,LMP_ENE_PRC,BAYSHOR2_1_N001,ALL,1,26.77522,423
2017-09-23T01:00:00-00:00,2017-09-23T02:00:00-00:00,2017-09-22,19,0,BAYSHOR2_1_N001,BAYSHOR2_1_N001,BAYSHOR2_1_N001,DAM,MCL,LMP_LOSS_PRC,BAYSHOR2_1_N001,ALL,1,1.71298,424
2017-09-23T04:00:00-00:00,2017-09-23T05:00:00-00:00,2017-09-22,22,0,BAYSHOR2_1_N001,BAYSHOR2_1_N001,BAYSHOR2_1_N001,DAM,MCL,LMP_LOSS_PRC,BAYSHOR2_1_N001,ALL,1,1.40258,424
2017-09-22T11:00:00-00:00,2017-09-22T12:00:00-00:00,2017-09-22,5,0,BAYSHOR2_1_N001,BAYSHOR2_1_N001,BAYSHOR2_1_N001,DAM,MCL,LMP_LOSS_PRC,BAYSHOR2_1_N001,ALL,1,1.01396,424
2017-09-22T15:00:00-00:00,2017-09-22T16:00:00-00:00,2017-09-22,9,0,BAYSHOR2_1_N001,BAYSHOR2_1_N001,BAYSHOR2_1_N001,DAM,MCL,LMP_LOSS_PRC,BAYSHOR2_1_N001,ALL,1,1.79165,424
2017-09-23T06:00:00-00:00,2017-09-23T07:00:00-00:00,2017-09-22,24,0,BAYSHOR2_1_N001,BAYSHOR2_1_N001,BAYSHOR2_1_N001,DAM,MCL,LMP_LOSS_PRC,BAYSHOR2_1_N001,ALL,1,1.23851,424
2017-09-23T00:00:00-00:00,2017-09-23T01:00:00-00:00,2017-09-22,18,0,BAYSHOR2_1_N001,BAYSHOR2_1_N001,BAYSHOR2_1_N001,DAM,MCL,LMP_LOSS_PRC,BAYSHOR2_1_N001,ALL,1,1.53918,424
2017-09-22T12:00:00-00:00,2017-09-22T13:00:00-00:00,2017-09-22,6,0,BAYSHOR2_1_N001,BAYSHOR2_1_N001,BAYSHOR2_1_N001,DAM,MCL,LMP_LOSS_PRC,BAYSHOR2_1_N001,ALL,1,1.60378,424
2017-09-22T14:00:00-00:00,2017-09-22T15:00:00-00:00,2017-09-22,8,0,BAYSHOR2_1_N001,BAYSHOR2_1_N001,BAYSHOR2_1_N001,DAM,MCL,LMP_LOSS_PRC,BAYSHOR2_1_N001,ALL,1,2.23787,424
2017-09-22T17:00:00-00:00,2017-09-22T18:00:00-00:00,2017-09-22,11,0,BAYSHOR2_1_N001,BAYSHOR2_1_N001,BAYSHOR2_1_N001,DAM,MCL,LMP_LOSS_PRC,BAYSHOR2_1_N001,ALL,1,1.53905,424
2017-09-22T08:00:00-00:00,2017-09-22T09:00:00-00:00,2017-09-22,2,0,BAYSHOR2_1_N001,BAYSHOR2_1_N001,BAYSHOR2_1_N001,DAM,MCL,LMP_LOSS_PRC,BAYSHOR2_1_N001,ALL,1,1.11693,424
2017-09-22T21:00:00-00:00,2017-09-22T22:00:00-00:00,2017-09-22,15,0,BAYSHOR2_1_N001,BAYSHOR2_1_N001,BAYSHOR2_1_N001,DAM,MCL,LMP_LOSS_PRC,BAYSHOR2_1_N001,ALL,1,1.57125,424
2017-09-23T02:00:00-00:00,2017-09-23T03:00:00-00:00,2017-09-22,20,0,BAYSHOR2_1_N001,BAYSHOR2_1_N001,BAYSHOR2_1_N001,DAM,MCL,LMP_LOSS_PRC,BAYSHOR2_1_N001,ALL,1,2.11366,424
2017-09-23T05:00:00-00:00,2017-09-23T06:00:00-00:00,2017-09-22,23,0,BAYSHOR2_1_N001,BAYSHOR2_1_N001,BAYSHOR2_1_N001,DAM,MCL,LMP_LOSS_PRC,BAYSHOR2_1_N001,ALL,1,1.40554,424
2017-09-22T13:00:00-00:00,2017-09-22T14:00:00-00:00,2017-09-22,7,0,BAYSHOR2_1_N001,BAYSHOR2_1_N001,BAYSHOR2_1_N001,DAM,MCL,LMP_LOSS_PRC,BAYSHOR2_1_N001,ALL,1,2.02838,424
2017-09-22T19:00:00-00:00,2017-09-22T20:00:00-00:00,2017-09-22,13,0,BAYSHOR2_1_N001,BAYSHOR2_1_N001,BAYSHOR2_1_N001,DAM,MCL,LMP_LOSS_PRC,BAYSHOR2_1_N001,ALL,1,1.44738,424
2017-09-22T09:00:00-00:00,2017-09-22T10:00:00-00:00,2017-09-22,3,0,BAYSHOR2_1_N001,BAYSHOR2_1_N001,BAYSHOR2_1_N001,DAM,MCL,LMP_LOSS_PRC,BAYSHOR2_1_N001,ALL,1,1.14402,424
2017-09-22T23:00:00-00:00,2017-09-23T00:00:00-00:00,2017-09-22,17,0,BAYSHOR2_1_N001,BAYSHOR2_1_N001,BAYSHOR2_1_N001,DAM,MCL,LMP_LOSS_PRC,BAYSHOR2_1_N001,ALL,1,1.5175,424
2017-09-22T16:00:00-00:00,2017-09-22T17:00:00-00:00,2017-09-22,10,0,BAYSHOR2_1_N001,BAYSHOR2_1_N001,BAYSHOR2_1_N001,DAM,MCL,LMP_LOSS_PRC,BAYSHOR2_1_N001,ALL,1,1.72458,424
2017-09-22T10:00:00-00:00,2017-09-22T11:00:00-00:00,2017-09-22,4,0,BAYSHOR2_1_N001,BAYSHOR2_1_N001,BAYSHOR2_1_N001,DAM,MCL,LMP_LOSS_PRC,BAYSHOR2_1_N001,ALL,1,1.09243,424
2017-09-22T18:00:00-00:00,2017-09-22T19:00:00-00:00,2017-09-22,12,0,BAYSHOR2_1_N001,BAYSHOR2_1_N001,BAYSHOR2_1_N001,DAM,MCL,LMP_LOSS_PRC,BAYSHOR2_1_N001,ALL,1,1.4865,424
2017-09-22T07:00:00-00:00,2017-09-22T08:00:00-00:00,2017-09-22,1,0,BAYSHOR2_1_N001,BAYSHOR2_1_N001,BAYSHOR2_1_N001,DAM,MCL,LMP_LOSS_PRC,BAYSHOR2_1_N001,ALL,1,1.15351,424
2017-09-22T20:00:00-00:00,2017-09-22T21:00:00-00:00,2017-09-22,14,0,BAYSHOR2_1_N001,BAYSHOR2_1_N001,BAYSHOR2_1_N001,DAM,MCL,LMP_LOSS_PRC,BAYSHOR2_1_N001,ALL,1,1.56716,424
2017-09-22T22:00:00-00:00,2017-09-22T23:00:00-00:00,2017-09-22,16,0,BAYSHOR2_1_N001,BAYSHOR2_1_N001,BAYSHOR2_1_N001,DAM,MCL,LMP_LOSS_PRC,BAYSHOR2_1_N001,ALL,1,1.47196,424
2017-09-23T03:00:00-00:00,2017-09-23T04:00:00-00:00,2017-09-22,21,0,BAYSHOR2_1_N001,BAYSHOR2_1_N001,BAYSHOR2_1_N001,DAM,MCL,LMP_LOSS_PRC,BAYSHOR2_1_N001,ALL,1,1.80925,424
2017-09-22T20:00:00-00:00,2017-09-22T21:00:00-00:00,2017-09-22,14,0,TH_NP15_GEN-APND,TH_NP15_GEN-APND,TH_NP15_GEN-APND,DAM,LMP,LMP_PRC,TH_NP15_GEN-APND,ALL_APNODES,0,22.6065,425
2017-09-23T06:00:00-00:00,2017-09-23T07:00:00-00:00,2017-09-22,24,0,TH_NP15_GEN-APND,TH_NP15_GEN-APND,TH_NP15_GEN-APND,DAM,LMP,LMP_PRC,TH_NP15_GEN-APND,ALL_APNODES,0,31.974,425
2017-09-22T21:00:00-00:00,2017-09-22T22:00:00-00:00,2017-09-22,15,0,TH_NP15_GEN-APND,TH_NP15_GEN-APND,TH_NP15_GEN-APND,DAM,LMP,LMP_PRC,TH_NP15_GEN-APND,ALL_APNODES,0,23.82082,425
2017-09-23T02:00:00-00:00,2017-09-23T03:00:00-00:00,2017-09-22,20,0,TH_NP15_GEN-APND,TH_NP15_GEN-APND,TH_NP15_GEN-APND,DAM,LMP,LMP_PRC,TH_NP15_GEN-APND,ALL_APNODES,0,54.06433,425
2017-09-22T17:00:00-00:00,2017-09-22T18:00:00-00:00,2017-09-22,11,0,TH_NP15_GEN-APND,TH_NP15_GEN-APND,TH_NP15_GEN-APND,DAM,LMP,LMP_PRC,TH_NP15_GEN-APND,ALL_APNODES,0,22.50733,425
2017-09-22T07:00:00-00:00,2017-09-22T08:00:00-00:00,2017-09-22,1,0,TH_NP15_GEN-APND,TH_NP15_GEN-APND,TH_NP15_GEN-APND,DAM,LMP,LMP_PRC,TH_NP15_GEN-APND,ALL_APNODES,0,28.19608,425
2017-09-22T09:00:00-00:00,2017-09-22T10:00:00-00:00,2017-09-22,3,0,TH_NP15_GEN-APND,TH_NP15_GEN-APND,TH_NP15_GEN-APND,DAM,LMP,LMP_PRC,TH_NP15_GEN-APND,ALL_APNODES,0,27.34992,425
2017-09-22T18:00:00-00:00,2017-09-22T19:00:00-00:00,2017-09-22,12,0,TH_NP15_GEN-APND,TH_NP15_GEN-APND,TH_NP15_GEN-APND,DAM,LMP,LMP_PRC,TH_NP15_GEN-APND,ALL_APNODES,0,22.05477,425
2017-09-22T14:00:00-00:00,2017-09-22T15:00:00-00:00,2017-09-22,8,0,TH_NP15_GEN-APND,TH_NP15_GEN-APND,TH_NP15_GEN-APND,DAM,LMP,LMP_PRC,TH_NP15_GEN-APND,ALL_APNODES,0,40.61548,425
2017-09-22T15:00:00-00:00,2017-09-22T16:00:00-00:00,2017-09-22,9,0,TH_NP15_GEN-APND,TH_NP15_GEN-APND,TH_NP15_GEN-APND,DAM,LMP,LMP_PRC,TH_NP15_GEN-APND,ALL_APNODES,0,30.21096,425
2017-09-22T19:00:00-00:00,2017-09-22T20:00:00-00:00,2017-09-22,13,0,TH_NP15_GEN-APND,TH_NP15_GEN-APND,TH_NP15_GEN-APND,DAM,LMP,LMP_PRC,TH_NP15_GEN-APND,ALL_APNODES,0,21.18837,425
2017-09-23T03:00:00-00:00,2017-09-23T04:00:00-00:00,2017-09-22,21,0,TH_NP15_GEN-APND,TH_NP15_GEN-APND,TH_NP15_GEN-APND,DAM,LMP,LMP_PRC,TH_NP15_GEN-APND,ALL_APNODES,0,44.16904,425
2017-09-23T05:00:00-00:00,2017-09-23T06:00:00-00:00,2017-09-22,23,0,TH_NP15_GEN-APND,TH_NP15_GEN-APND,TH_NP15_GEN-APND,DAM,LMP,LMP_PRC,TH_NP15_GEN-APND,ALL_APNODES,0,33.88586,425
2017-09-22T12:00:00-00:00,2017-09-22T13:00:00-00:00,2017-09-22,6,0,TH_NP15_GEN-APND,TH_NP15_GEN-APND,TH_NP15_GEN-APND,DAM,LMP,LMP_PRC,TH_NP15_GEN-APND,ALL_APNODES,0,32.88079,425
2017-09-23T00:00:00-00:00,2017-09-23T01:00:00-00:00,2017-09-22,18,0,TH_NP15_GEN-APND,TH_NP15_GEN-APND,TH_NP15_GEN-APND,DAM,LMP,LMP_PRC,TH_NP15_GEN-APND,ALL_APNODES,0,31.1545,425
2017-09-23T01:00:00-00:00,2017-09-23T02:00:00-00:00,2017-09-22,19,0,TH_NP15_GEN-APND,TH_NP15_GEN-APND,TH_NP15_GEN-APND,DAM,LMP,LMP_PRC,TH_NP15_GEN-APND,ALL_APNODES,0,40.04872,425
2017-09-22T13:00:00-00:00,2017-09-22T14:00:00-00:00,2017-09-22,7,0,TH_NP15_GEN-APND,TH_NP15_GEN-APND,TH_NP15_GEN-APND,DAM,LMP,LMP_PRC,TH_NP15_GEN-APND,ALL_APNODES,0,42.40959,425
2017-09-22T16:00:00-00:00,2017-09-22T17:00:00-00:00,2017-09-22,10,0,TH_NP15_GEN-APND,TH_NP15_GEN-APND,TH_NP15_GEN-APND,DAM,LMP,LMP_PRC,TH_NP15_GEN-APND,ALL_APNODES,0,26.84548,425
2017-09-22T08:00:00-00:00,2017-09-22T09:00:00-00:00,2017-09-22,2,0,TH_NP15_GEN-APND,TH_NP15_GEN-APND,TH_NP15_GEN-APND,DAM,LMP,LMP_PRC,TH_NP15_GEN-APND,ALL_APNODES,0,27.89261,425
2017-09-22T10:00:00-00:00,2017-09-22T11:00:00-00:00,2017-09-22,4,0,TH_NP15_GEN-APND,TH_NP15_GEN-APND,TH_NP15_GEN-APND,DAM,LMP,LMP_PRC,TH_NP15_GEN-APND,ALL_APNODES,0,26.8261,425
2017-09-22T23:00:00-00:00,2017-09-23T00:00:00-00:00,2017-09-22,17,0,TH_NP15_GEN-APND,TH_NP15_GEN-APND,TH_NP15_GEN-APND,DAM,LMP,LMP_PRC,TH_NP15_GEN-APND,ALL_APNODES,0,26.62967,425
2017-09-23T04:00:00-00:00,2017-09-23T05:00:00-00:00,2017-09-22,22,0,TH_NP15_GEN-APND,TH_NP15_GEN-APND,TH_NP15_GEN-APND,DAM,LMP,LMP_PRC,TH_NP15_GEN-APND,ALL_APNODES,0,37.7061,425
2017-09-22T11:00:00-00:00,2017-09-22T12:00:00-00:00,2017-09-22,5,0,TH_NP15_GEN-APND,TH_NP15_GEN-APND,TH_NP15_GEN-APND,DAM,LMP,LMP_PRC,TH_NP15_GEN-APND,ALL_APNODES,0,28.01828,425
2017-09-22T22:00:00-00:00,2017-09-22T23:00:00-00:00,2017-09-22,16,0,TH_NP15_GEN-APND,TH_NP15_GEN-APND,TH_NP15_GEN-APND,DAM,LMP,LMP_PRC,TH_NP15_GEN-APND,ALL_APNODES,0,23.97587,425
2017-09-22T17:00:00-00:00,2017-09-22T18:00:00-00:00,2017-09-22,11,0,TH_NP15_GEN-APND,TH_NP15_GEN-APND,TH_NP15_GEN-APND,DAM,MCC,LMP_CONG_PRC,TH_NP15_GEN-APND,ALL_APNODES,0,-0.79927,426
2017-09-22T18:00:00-00:00,2017-09-22T19:00:00-00:00,2017-09-22,12,0,TH_NP15_GEN-APND,TH_NP15_GEN-APND,TH_NP15_GEN-APND,DAM,MCC,LMP_CONG_PRC,TH_NP15_GEN-APND,ALL_APNODES,0,-0.83007,426
2017-09-22T22:00:00-00:00,2017-09-22T23:00:00-00:00,2017-09-22,16,0,TH_NP15_GEN-APND,TH_NP15_GEN-APND,TH_NP15_GEN-APND,DAM,MCC,LMP_CONG_PRC,TH_NP15_GEN-APND,ALL_APNODES,0,-0.78406,426
2017-09-22T20:00:00-00:00,2017-09-22T21:00:00-00:00,2017-09-22,14,0,TH_NP15_GEN-APND,TH_NP15_GEN-APND,TH_NP15_GEN-APND,DAM,MCC,LMP_CONG_PRC,TH_NP15_GEN-APND,ALL_APNODES,0,-1.21193,426
2017-09-23T01:00:00-00:00,2017-09-23T02:00:00-00:00,2017-09-22,19,0,TH_NP15_GEN-APND,TH_NP15_GEN-APND,TH_NP15_GEN-APND,DAM,MCC,LMP_CONG_PRC,TH_NP15_GEN-APND,ALL_APNODES,0,-0.76007,426
2017-09-22T08:00:00-00:00,2017-09-22T09:00:00-00:00,2017-09-22,2,0,TH_NP15_GEN-APND,TH_NP15_GEN-APND,TH_NP15_GEN-APND,DAM,MCC,LMP_CONG_PRC,TH_NP15_GEN-APND,ALL_APNODES,0,0,426
2017-09-22T09:00:00-00:00,2017-09-22T10:00:00-00:00,2017-09-22,3,0,TH_NP15_GEN-APND,TH_NP15_GEN-APND,TH_NP15_GEN-APND,DAM,MCC,LMP_CONG_PRC,TH_NP15_GEN-APND,ALL_APNODES,0,0,426
2017-09-23T02:00:00-00:00,2017-09-23T03:00:00-00:00,2017-09-22,20,0,TH_NP15_GEN-APND,TH_NP15_GEN-APND,TH_NP15_GEN-APND,DAM,MCC,LMP_CONG_PRC,TH_NP15_GEN-APND,ALL_APNODES,0,-1.44332,426
2017-09-22T15:00:00-00:00,2017-09-22T16:00:00-00:00,2017-09-22,9,0,TH_NP15_GEN-APND,TH_NP15_GEN-APND,TH_NP15_GEN-APND,DAM,MCC,LMP_CONG_PRC,TH_NP15_GEN-APND,ALL_APNODES,0,-0.25924,426
2017-09-22T10:00:00-00:00,2017-09-22T11:00:00-00:00,2017-09-22,4,0,TH_NP15_GEN-APND,TH_NP15_GEN-APND,TH_NP15_GEN-APND,DAM,MCC,LMP_CONG_PRC,TH_NP15_GEN-APND,ALL_APNODES,0,0,426
2017-09-22T19:00:00-00:00,2017-09-22T20:00:00-00:00,2017-09-22,13,0,TH_NP15_GEN-APND,TH_NP15_GEN-APND,TH_NP15_GEN-APND,DAM,MCC,LMP_CONG_PRC,TH_NP15_GEN-APND,ALL_APNODES,0,-1.63772,426
2017-09-22T23:00:00-00:00,2017-09-23T00:00:00-00:00,2017-09-22,17,0,TH_NP15_GEN-APND,TH_NP15_GEN-APND,TH_NP15_GEN-APND,DAM,MCC,LMP_CONG_PRC,TH_NP15_GEN-APND,ALL_APNODES,0,-0.26241,426
2017-09-23T04:00:00-00:00,2017-09-23T05:00:00-00:00,2017-09-22,22,0,TH_NP15_GEN-APND,TH_NP15_GEN-APND,TH_NP15_GEN-APND,DAM,MCC,LMP_CONG_PRC,TH_NP15_GEN-APND,ALL_APNODES,0,-0.3844,426
2017-09-22T21:00:00-00:00,2017-09-22T22:00:00-00:00,2017-09-22,15,0,TH_NP15_GEN-APND,TH_NP15_GEN-APND,TH_NP15_GEN-APND,DAM,MCC,LMP_CONG_PRC,TH_NP15_GEN-APND,ALL_APNODES,0,-0.97297,426
2017-09-22T14:00:00-00:00,2017-09-22T15:00:00-00:00,2017-09-22,8,0,TH_NP15_GEN-APND,TH_NP15_GEN-APND,TH_NP15_GEN-APND,DAM,MCC,LMP_CONG_PRC,TH_NP15_GEN-APND,ALL_APNODES,0,-0.14227,426
2017-09-22T12:00:00-00:00,2017-09-22T13:00:00-00:00,2017-09-22,6,0,TH_NP15_GEN-APND,TH_NP15_GEN-APND,TH_NP15_GEN-APND,DAM,MCC,LMP_CONG_PRC,TH_NP15_GEN-APND,ALL_APNODES,0,0,426
2017-09-22T07:00:00-00:00,2017-09-22T08:00:00-00:00,2017-09-22,1,0,TH_NP15_GEN-APND,TH_NP15_GEN-APND,TH_NP15_GEN-APND,DAM,MCC,LMP_CONG_PRC,TH_NP15_GEN-APND,ALL_APNODES,0,0,426
2017-09-22T11:00:00-00:00,2017-09-22T12:00:00-00:00,2017-09-22,5,0,TH_NP15_GEN-APND,TH_NP15_GEN-APND,TH_NP15_GEN-APND,DAM,MCC,LMP_CONG_PRC,TH_NP15_GEN-APND,ALL_APNODES,0,0,426
2017-09-23T05:00:00-00:00,2017-09-23T06:00:00-00:00,2017-09-22,23,0,TH_NP15_GEN-APND,TH_NP15_GEN-APND,TH_NP15_GEN-APND,DAM,MCC,LMP_CONG_PRC,TH_NP15_GEN-APND,ALL_APNODES,0,-0.32946,426
2017-09-23T06:00:00-00:00,2017-09-23T07:00:00-00:00,2017-09-22,24,0,TH_NP15_GEN-APND,TH_NP15_GEN-APND,TH_NP15_GEN-APND,DAM,MCC,LMP_CONG_PRC,TH_NP15_GEN-APND,ALL_APNODES,0,0,426
2017-09-23T03:00:00-00:00,2017-09-23T04:00:00-00:00,2017-09-22,21,0,TH_NP15_GEN-APND,TH_NP15_GEN-APND,TH_NP15_GEN-APND,DAM,MCC,LMP_CONG_PRC,TH_NP15_GEN-APND,ALL_APNODES,0,-1.01151,426
2017-09-22T13:00:00-00:00,2017-09-22T14:00:00-00:00,2017-09-22,7,0,TH_NP15_GEN-APND,TH_NP15_GEN-APND,TH_NP15_GEN-APND,DAM,MCC,LMP_CONG_PRC,TH_NP15_GEN-APND,ALL_APNODES,0,-0.22063,426
2017-09-23T00:00:00-00:00,2017-09-23T01:00:00-00:00,2017-09-22,18,0,TH_NP15_GEN-APND,TH_NP15_GEN-APND,TH_NP15_GEN-APND,DAM,MCC,LMP_CONG_PRC,TH_NP15_GEN-APND,ALL_APNODES,0,-0.09942,426
2017-09-22T16:00:00-00:00,2017-09-22T17:00:00-00:00,2017-09-22,10,0,TH_NP15_GEN-APND,TH_NP15_GEN-APND,TH_NP15_GEN-APND,DAM,MCC,LMP_CONG_PRC,TH_NP15_GEN-APND,ALL_APNODES,0,-0.26767,426
2017-09-22T18:00:00-00:00,2017-09-22T19:00:00-00:00,2017-09-22,12,0,TH_NP15_GEN-APND,TH_NP15_GEN-APND,TH_NP15_GEN-APND,DAM,MCE,LMP_ENE_PRC,TH_NP15_GEN-APND,ALL_APNODES,0,22.59115,427
2017-09-22T15:00:00-00:00,2017-09-22T16:00:00-00:00,2017-09-22,9,0,TH_NP15_GEN-APND,TH_NP15_GEN-APND,TH_NP15_GEN-APND,DAM,MCE,LMP_ENE_PRC,TH_NP15_GEN-APND,ALL_APNODES,0,30.3156,427
2017-09-22T13:00:00-00:00,2017-09-22T14:00:00-00:00,2017-09-22,7,0,TH_NP15_GEN-APND,TH_NP15_GEN-APND,TH_NP15_GEN-APND,DAM,MCE,LMP_ENE_PRC,TH_NP15_GEN-APND,ALL_APNODES,0,42.70281,427
2017-09-22T19:00:00-00:00,2017-09-22T20:00:00-00:00,2017-09-22,13,0,TH_NP15_GEN-APND,TH_NP15_GEN-APND,TH_NP15_GEN-APND,DAM,MCE,LMP_ENE_PRC,TH_NP15_GEN-APND,ALL_APNODES,0,22.57996,427
2017-09-22T17:00:00-00:00,2017-09-22T18:00:00-00:00,2017-09-22,11,0,TH_NP15_GEN-APND,TH_NP15_GEN-APND,TH_NP15_GEN-APND,DAM,MCE,LMP_ENE_PRC,TH_NP15_GEN-APND,ALL_APNODES,0,23.00522,427
2017-09-23T05:00:00-00:00,2017-09-23T06:00:00-00:00,2017-09-22,23,0,TH_NP15_GEN-APND,TH_NP15_GEN-APND,TH_NP15_GEN-APND,DAM,MCE,LMP_ENE_PRC,TH_NP15_GEN-APND,ALL_APNODES,0,34.44957,427
2017-09-23T03:00:00-00:00,2017-09-23T04:00:00-00:00,2017-09-22,21,0,TH_NP15_GEN-APND,TH_NP15_GEN-APND,TH_NP15_GEN-APND,DAM,MCE,LMP_ENE_PRC,TH_NP15_GEN-APND,ALL_APNODES,0,46.03683,427
2017-09-23T01:00:00-00:00,2017-09-23T02:00:00-00:00,2017-09-22,19,0,TH_NP15_GEN-APND,TH_NP15_GEN-APND,TH_NP15_GEN-APND,DAM,MCE,LMP_ENE_PRC,TH_NP15_GEN-APND,ALL_APNODES,0,41.47657,427
2017-09-22T21:00:00-00:00,2017-09-22T22:00:00-00:00,2017-09-22,15,0,TH_NP15_GEN-APND,TH_NP15_GEN-APND,TH_NP15_GEN-APND,DAM,MCE,LMP_ENE_PRC,TH_NP15_GEN-APND,ALL_APNODES,0,24.55074,427
2017-09-22T08:00:00-00:00,2017-09-22T09:00:00-00:00,2017-09-22,2,0,TH_NP15_GEN-APND,TH_NP15_GEN-APND,TH_NP15_GEN-APND,DAM,MCE,LMP_ENE_PRC,TH_NP15_GEN-APND,ALL_APNODES,0,27.92333,427
2017-09-22T20:00:00-00:00,2017-09-22T21:00:00-00:00,2017-09-22,14,0,TH_NP15_GEN-APND,TH_NP15_GEN-APND,TH_NP15_GEN-APND,DAM,MCE,LMP_ENE_PRC,TH_NP15_GEN-APND,ALL_APNODES,0,23.56627,427
2017-09-22T12:00:00-00:00,2017-09-22T13:00:00-00:00,2017-09-22,6,0,TH_NP15_GEN-APND,TH_NP15_GEN-APND,TH_NP15_GEN-APND,DAM,MCE,LMP_ENE_PRC,TH_NP15_GEN-APND,ALL_APNODES,0,32.73023,427
2017-09-23T04:00:00-00:00,2017-09-23T05:00:00-00:00,2017-09-22,22,0,TH_NP15_GEN-APND,TH_NP15_GEN-APND,TH_NP15_GEN-APND,DAM,MCE,LMP_ENE_PRC,TH_NP15_GEN-APND,ALL_APNODES,0,38.74529,427
2017-09-23T00:00:00-00:00,2017-09-23T01:00:00-00:00,2017-09-22,18,0,TH_NP15_GEN-APND,TH_NP15_GEN-APND,TH_NP15_GEN-APND,DAM,MCE,LMP_ENE_PRC,TH_NP15_GEN-APND,ALL_APNODES,0,31.34796,427
2017-09-22T16:00:00-00:00,2017-09-22T17:00:00-00:00,2017-09-22,10,0,TH_NP15_GEN-APND,TH_NP15_GEN-APND,TH_NP15_GEN-APND,DAM,MCE,LMP_ENE_PRC,TH_NP15_GEN-APND,ALL_APNODES,0,26.82081,427
2017-09-22T14:00:00-00:00,2017-09-22T15:00:00-00:00,2017-09-22,8,0,TH_NP15_GEN-APND,TH_NP15_GEN-APND,TH_NP15_GEN-APND,DAM,MCE,LMP_ENE_PRC,TH_NP15_GEN-APND,ALL_APNODES,0,40.68858,427
2017-09-22T11:00:00-00:00,2017-09-22T12:00:00-00:00,2017-09-22,5,0,TH_NP15_GEN-APND,TH_NP15_GEN-APND,TH_NP15_GEN-APND,DAM,MCE,LMP_ENE_PRC,TH_NP15_GEN-APND,ALL_APNODES,0,28.00988,427
2017-09-23T06:00:00-00:00,2017-09-23T07:00:00-00:00,2017-09-22,24,0,TH_NP15_GEN-APND,TH_NP15_GEN-APND,TH_NP15_GEN-APND,DAM,MCE,LMP_ENE_PRC,TH_NP15_GEN-APND,ALL_APNODES,0,32.0028,427
2017-09-23T02:00:00-00:00,2017-09-23T03:00:00-00:00,2017-09-22,20,0,TH_NP15_GEN-APND,TH_NP15_GEN-APND,TH_NP15_GEN-APND,DAM,MCE,LMP_ENE_PRC,TH_NP15_GEN-APND,ALL_APNODES,0,56.36439,427
2017-09-22T07:00:00-00:00,2017-09-22T08:00:00-00:00,2017-09-22,1,0,TH_NP15_GEN-APND,TH_NP15_GEN-APND,TH_NP15_GEN-APND,DAM,MCE,LMP_ENE_PRC,TH_NP15_GEN-APND,ALL_APNODES,0,28.27241,427
2017-09-22T23:00:00-00:00,2017-09-23T00:00:00-00:00,2017-09-22,17,0,TH_NP15_GEN-APND,TH_NP15_GEN-APND,TH_NP15_GEN-APND,DAM,MCE,LMP_ENE_PRC,TH_NP15_GEN-APND,ALL_APNODES,0,26.76361,427
2017-09-22T09:00:00-00:00,2017-09-22T10:00:00-00:00,2017-09-22,3,0,TH_NP15_GEN-APND,TH_NP15_GEN-APND,TH_NP15_GEN-APND,DAM,MCE,LMP_ENE_PRC,TH_NP15_GEN-APND,ALL_APNODES,0,27.3035,427
2017-09-22T10:00:00-00:00,2017-09-22T11:00:00-00:00,2017-09-22,4,0,TH_NP15_GEN-APND,TH_NP15_GEN-APND,TH_NP15_GEN-APND,DAM,MCE,LMP_ENE_PRC,TH_NP15_GEN-APND,ALL_APNODES,0,26.77522,427
2017-09-22T22:00:00-00:00,2017-09-22T23:00:00-00:00,2017-09-22,16,0,TH_NP15_GEN-APND,TH_NP15_GEN-APND,TH_NP15_GEN-APND,DAM,MCE,LMP_ENE_PRC,TH_NP15_GEN-APND,ALL_APNODES,0,24.6147,427
2017-09-22T12:00:00-00:00,2017-09-22T13:00:00-00:00,2017-09-22,6,0,TH_NP15_GEN-APND,TH_NP15_GEN-APND,TH_NP15_GEN-APND,DAM,MCL,LMP_LOSS_PRC,TH_NP15_GEN-APND,ALL_APNODES,0,0.15056,428
2017-09-23T03:00:00-00:00,2017-09-23T04:00:00-00:00,2017-09-22,21,0,TH_NP15_GEN-APND,TH_NP15_GEN-APND,TH_NP15_GEN-APND,DAM,MCL,LMP_LOSS_PRC,TH_NP15_GEN-APND,ALL_APNODES,0,-0.85629,428
2017-09-22T15:00:00-00:00,2017-09-22T16:00:00-00:00,2017-09-22,9,0,TH_NP15_GEN-APND,TH_NP15_GEN-APND,TH_NP15_GEN-APND,DAM,MCL,LMP_LOSS_PRC,TH_NP15_GEN-APND,ALL_APNODES,0,0.15461,428
2017-09-23T02:00:00-00:00,2017-09-23T03:00:00-00:00,2017-09-22,20,0,TH_NP15_GEN-APND,TH_NP15_GEN-APND,TH_NP15_GEN-APND,DAM,MCL,LMP_LOSS_PRC,TH_NP15_GEN-APND,ALL_APNODES,0,-0.85674,428
2017-09-23T04:00:00-00:00,2017-09-23T05:00:00-00:00,2017-09-22,22,0,TH_NP15_GEN-APND,TH_NP15_GEN-APND,TH_NP15_GEN-APND,DAM,MCL,LMP_LOSS_PRC,TH_NP15_GEN-APND,ALL_APNODES,0,-0.6548,428
2017-09-23T06:00:00-00:00,2017-09-23T07:00:00-00:00,2017-09-22,24,0,TH_NP15_GEN-APND,TH_NP15_GEN-APND,TH_NP15_GEN-APND,DAM,MCL,LMP_LOSS_PRC,TH_NP15_GEN-APND,ALL_APNODES,0,-0.0288,428
2017-09-22T13:00:00-00:00,2017-09-22T14:00:00-00:00,2017-09-22,7,0,TH_NP15_GEN-APND,TH_NP15_GEN-APND,TH_NP15_GEN-APND,DAM,MCL,LMP_LOSS_PRC,TH_NP15_GEN-APND,ALL_APNODES,0,-0.07259,428
2017-09-22T18:00:00-00:00,2017-09-22T19:00:00-00:00,2017-09-22,12,0,TH_NP15_GEN-APND,TH_NP15_GEN-APND,TH_NP15_GEN-APND,DAM,MCL,LMP_LOSS_PRC,TH_NP15_GEN-APND,ALL_APNODES,0,0.29368,428
2017-09-22T21:00:00-00:00,2017-09-22T22:00:00-00:00,2017-09-22,15,0,TH_NP15_GEN-APND,TH_NP15_GEN-APND,TH_NP15_GEN-APND,DAM,MCL,LMP_LOSS_PRC,TH_NP15_GEN-APND,ALL_APNODES,0,0.24305,428
2017-09-22T22:00:00-00:00,2017-09-22T23:00:00-00:00,2017-09-22,16,0,TH_NP15_GEN-APND,TH_NP15_GEN-APND,TH_NP15_GEN-APND,DAM,MCL,LMP_LOSS_PRC,TH_NP15_GEN-APND,ALL_APNODES,0,0.14523,428
2017-09-22T14:00:00-00:00,2017-09-22T15:00:00-00:00,2017-09-22,8,0,TH_NP15_GEN-APND,TH_NP15_GEN-APND,TH_NP15_GEN-APND,DAM,MCL,LMP_LOSS_PRC,TH_NP15_GEN-APND,ALL_APNODES,0,0.06917,428
2017-09-22T07:00:00-00:00,2017-09-22T08:00:00-00:00,2017-09-22,1,0,TH_NP15_GEN-APND,TH_NP15_GEN-APND,TH_NP15_GEN-APND,DAM,MCL,LMP_LOSS_PRC,TH_NP15_GEN-APND,ALL_APNODES,0,-0.07634,428
2017-09-22T23:00:00-00:00,2017-09-23T00:00:00-00:00,2017-09-22,17,0,TH_NP15_GEN-APND,TH_NP15_GEN-APND,TH_NP15_GEN-APND,DAM,MCL,LMP_LOSS_PRC,TH_NP15_GEN-APND,ALL_APNODES,0,0.12847,428
2017-09-22T19:00:00-00:00,2017-09-22T20:00:00-00:00,2017-09-22,13,0,TH_NP15_GEN-APND,TH_NP15_GEN-APND,TH_NP15_GEN-APND,DAM,MCL,LMP_LOSS_PRC,TH_NP15_GEN-APND,ALL_APNODES,0,0.24612,428
2017-09-22T10:00:00-00:00,2017-09-22T11:00:00-00:00,2017-09-22,4,0,TH_NP15_GEN-APND,TH_NP15_GEN-APND,TH_NP15_GEN-APND,DAM,MCL,LMP_LOSS_PRC,TH_NP15_GEN-APND,ALL_APNODES,0,0.05087,428
2017-09-22T11:00:00-00:00,2017-09-22T12:00:00-00:00,2017-09-22,5,0,TH_NP15_GEN-APND,TH_NP15_GEN-APND,TH_NP15_GEN-APND,DAM,MCL,LMP_LOSS_PRC,TH_NP15_GEN-APND,ALL_APNODES,0,0.0084,428
2017-09-22T17:00:00-00:00,2017-09-22T18:00:00-00:00,2017-09-22,11,0,TH_NP15_GEN-APND,TH_NP15_GEN-APND,TH_NP15_GEN-APND,DAM,MCL,LMP_LOSS_PRC,TH_NP15_GEN-APND,ALL_APNODES,0,0.30137,428
2017-09-22T09:00:00-00:00,2017-09-22T10:00:00-00:00,2017-09-22,3,0,TH_NP15_GEN-APND,TH_NP15_GEN-APND,TH_NP15_GEN-APND,DAM,MCL,LMP_LOSS_PRC,TH_NP15_GEN-APND,ALL_APNODES,0,0.04642,428
2017-09-23T00:00:00-00:00,2017-09-23T01:00:00-00:00,2017-09-22,18,0,TH_NP15_GEN-APND,TH_NP15_GEN-APND,TH_NP15_GEN-APND,DAM,MCL,LMP_LOSS_PRC,TH_NP15_GEN-APND,ALL_APNODES,0,-0.09404,428
2017-09-23T01:00:00-00:00,2017-09-23T02:00:00-00:00,2017-09-22,19,0,TH_NP15_GEN-APND,TH_NP15_GEN-APND,TH_NP15_GEN-APND,DAM,MCL,LMP_LOSS_PRC,TH_NP15_GEN-APND,ALL_APNODES,0,-0.66777,428
2017-09-22T20:00:00-00:00,2017-09-22T21:00:00-00:00,2017-09-22,14,0,TH_NP15_GEN-APND,TH_NP15_GEN-APND,TH_NP15_GEN-APND,DAM,MCL,LMP_LOSS_PRC,TH_NP15_GEN-APND,ALL_APNODES,0,0.25216,428
2017-09-22T08:00:00-00:00,2017-09-22T09:00:00-00:00,2017-09-22,2,0,TH_NP15_GEN-APND,TH_NP15_GEN-APND,TH_NP15_GEN-APND,DAM,MCL,LMP_LOSS_PRC,TH_NP15_GEN-APND,ALL_APNODES,0,-0.03072,428
2017-09-23T05:00:00-00:00,2017-09-23T06:00:00-00:00,2017-09-22,23,0,TH_NP15_GEN-APND,TH_NP15_GEN-APND,TH_NP15_GEN-APND,DAM,MCL,LMP_LOSS_PRC,TH_NP15_GEN-APND,ALL_APNODES,0,-0.23426,428
2017-09-22T16:00:00-00:00,2017-09-22T17:00:00-00:00,2017-09-22,10,0,TH_NP15_GEN-APND,TH_NP15_GEN-APND,TH_NP15_GEN-APND,DAM,MCL,LMP_LOSS_PRC,TH_NP15_GEN-APND,ALL_APNODES,0,0.29235,428
2017-09-22T19:00:00-00:00,2017-09-22T20:00:00-00:00,2017-09-22,13,0,TH_SP15_GEN-APND,TH_SP15_GEN-APND,TH_SP15_GEN-APND,DAM,LMP,LMP_PRC,TH_SP15_GEN-APND,ALL_APNODES,0,21.57491,429
2017-09-23T00:00:00-00:00,2017-09-23T01:00:00-00:00,2017-09-22,18,0,TH_SP15_GEN-APND,TH_SP15_GEN-APND,TH_SP15_GEN-APND,DAM,LMP,LMP_PRC,TH_SP15_GEN-APND,ALL_APNODES,0,30,429
2017-09-22T14:00:00-00:00,2017-09-22T15:00:00-00:00,2017-09-22,8,0,TH_SP15_GEN-APND,TH_SP15_GEN-APND,TH_SP15_GEN-APND,DAM,LMP,LMP_PRC,TH_SP15_GEN-APND,ALL_APNODES,0,38.8169,429
2017-09-22T07:00:00-00:00,2017-09-22T08:00:00-00:00,2017-09-22,1,0,TH_SP15_GEN-APND,TH_SP15_GEN-APND,TH_SP15_GEN-APND,DAM,LMP,LMP_PRC,TH_SP15_GEN-APND,ALL_APNODES,0,27.31963,429
2017-09-22T16:00:00-00:00,2017-09-22T17:00:00-00:00,2017-09-22,10,0,TH_SP15_GEN-APND,TH_SP15_GEN-APND,TH_SP15_GEN-APND,DAM,LMP,LMP_PRC,TH_SP15_GEN-APND,ALL_APNODES,0,25.47559,429
2017-09-22T20:00:00-00:00,2017-09-22T21:00:00-00:00,2017-09-22,14,0,TH_SP15_GEN-APND,TH_SP15_GEN-APND,TH_SP15_GEN-APND,DAM,LMP,LMP_PRC,TH_SP15_GEN-APND,ALL_APNODES,0,22.35496,429
2017-09-22T21:00:00-00:00,2017-09-22T22:00:00-00:00,2017-09-22,15,0,TH_SP15_GEN-APND,TH_SP15_GEN-APND,TH_SP15_GEN-APND,DAM,LMP,LMP_PRC,TH_SP15_GEN-APND,ALL_APNODES,0,23.31338,429
2017-09-23T01:00:00-00:00,2017-09-23T02:00:00-00:00,2017-09-22,19,0,TH_SP15_GEN-APND,TH_SP15_GEN-APND,TH_SP15_GEN-APND,DAM,LMP,LMP_PRC,TH_SP15_GEN-APND,ALL_APNODES,0,40,429
2017-09-23T03:00:00-00:00,2017-09-23T04:00:00-00:00,2017-09-22,21,0,TH_SP15_GEN-APND,TH_SP15_GEN-APND,TH_SP15_GEN-APND,DAM,LMP,LMP_PRC,TH_SP15_GEN-APND,ALL_APNODES,0,44.47158,429
2017-09-22T13:00:00-00:00,2017-09-22T14:00:00-00:00,2017-09-22,7,0,TH_SP15_GEN-APND,TH_SP15_GEN-APND,TH_SP15_GEN-APND,DAM,LMP,LMP_PRC,TH_SP15_GEN-APND,ALL_APNODES,0,40.9947,429
2017-09-23T04:00:00-00:00,2017-09-23T05:00:00-00:00,2017-09-22,22,0,TH_SP15_GEN-APND,TH_SP15_GEN-APND,TH_SP15_GEN-APND,DAM,LMP,LMP_PRC,TH_SP15_GEN-APND,ALL_APNODES,0,37.46282,429
2017-09-22T22:00:00-00:00,2017-09-22T23:00:00-00:00,2017-09-22,16,0,TH_SP15_GEN-APND,TH_SP15_GEN-APND,TH_SP15_GEN-APND,DAM,LMP,LMP_PRC,TH_SP15_GEN-APND,ALL_APNODES,0,23.46274,429
2017-09-23T02:00:00-00:00,2017-09-23T03:00:00-00:00,2017-09-22,20,0,TH_SP15_GEN-APND,TH_SP15_GEN-APND,TH_SP15_GEN-APND,DAM,LMP,LMP_PRC,TH_SP15_GEN-APND,ALL_APNODES,0,54.324,429
2017-09-23T06:00:00-00:00,2017-09-23T07:00:00-00:00,2017-09-22,24,0,TH_SP15_GEN-APND,TH_SP15_GEN-APND,TH_SP15_GEN-APND,DAM,LMP,LMP_PRC,TH_SP15_GEN-APND,ALL_APNODES,0,30.78669,429
2017-09-22T11:00:00-00:00,2017-09-22T12:00:00-00:00,2017-09-22,5,0,TH_SP15_GEN-APND,TH_SP15_GEN-APND,TH_SP15_GEN-APND,DAM,LMP,LMP_PRC,TH_SP15_GEN-APND,ALL_APNODES,0,27.03513,429
2017-09-22T12:00:00-00:00,2017-09-22T13:00:00-00:00,2017-09-22,6,0,TH_SP15_GEN-APND,TH_SP15_GEN-APND,TH_SP15_GEN-APND,DAM,LMP,LMP_PRC,TH_SP15_GEN-APND,ALL_APNODES,0,31.41775,429
2017-09-22T10:00:00-00:00,2017-09-22T11:00:00-00:00,2017-09-22,4,0,TH_SP15_GEN-APND,TH_SP15_GEN-APND,TH_SP15_GEN-APND,DAM,LMP,LMP_PRC,TH_SP15_GEN-APND,ALL_APNODES,0,25.84077,429
2017-09-23T05:00:00-00:00,2017-09-23T06:00:00-00:00,2017-09-22,23,0,TH_SP15_GEN-APND,TH_SP15_GEN-APND,TH_SP15_GEN-APND,DAM,LMP,LMP_PRC,TH_SP15_GEN-APND,ALL_APNODES,0,33.18872,429
2017-09-22T15:00:00-00:00,2017-09-22T16:00:00-00:00,2017-09-22,9,0,TH_SP15_GEN-APND,TH_SP15_GEN-APND,TH_SP15_GEN-APND,DAM,LMP,LMP_PRC,TH_SP15_GEN-APND,ALL_APNODES,0,28.88546,429
2017-09-22T17:00:00-00:00,2017-09-22T18:00:00-00:00,2017-09-22,11,0,TH_SP15_GEN-APND,TH_SP15_GEN-APND,TH_SP15_GEN-APND,DAM,LMP,LMP_PRC,TH_SP15_GEN-APND,ALL_APNODES,0,22.11244,429
2017-09-22T18:00:00-00:00,2017-09-22T19:00:00-00:00,2017-09-22,12,0,TH_SP15_GEN-APND,TH_SP15_GEN-APND,TH_SP15_GEN-APND,DAM,LMP,LMP_PRC,TH_SP15_GEN-APND,ALL_APNODES,0,21.66778,429
2017-09-22T09:00:00-00:00,2017-09-22T10:00:00-00:00,2017-09-22,3,0,TH_SP15_GEN-APND,TH_SP15_GEN-APND,TH_SP15_GEN-APND,DAM,LMP,LMP_PRC,TH_SP15_GEN-APND,ALL_APNODES,0,26.3315,429
2017-09-22T23:00:00-00:00,2017-09-23T00:00:00-00:00,2017-09-22,17,0,TH_SP15_GEN-APND,TH_SP15_GEN-APND,TH_SP15_GEN-APND,DAM,LMP,LMP_PRC,TH_SP15_GEN-APND,ALL_APNODES,0,25.50572,429
2017-09-22T08:00:00-00:00,2017-09-22T09:00:00-00:00,2017-09-22,2,0,TH_SP15_GEN-APND,TH_SP15_GEN-APND,TH_SP15_GEN-APND,DAM,LMP,LMP_PRC,TH_SP15_GEN-APND,ALL_APNODES,0,26.9516,429
2017-09-22T16:00:00-00:00,2017-09-22T17:00:00-00:00,2017-09-22,10,0,TH_SP15_GEN-APND,TH_SP15_GEN-APND,TH_SP15_GEN-APND,DAM,MCC,LMP_CONG_PRC,TH_SP15_GEN-APND,ALL_APNODES,0,0.00387,430
2017-09-23T04:00:00-00:00,2017-09-23T05:00:00-00:00,2017-09-22,22,0,TH_SP15_GEN-APND,TH_SP15_GEN-APND,TH_SP15_GEN-APND,DAM,MCC,LMP_CONG_PRC,TH_SP15_GEN-APND,ALL_APNODES,0,0,430
2017-09-22T18:00:00-00:00,2017-09-22T19:00:00-00:00,2017-09-22,12,0,TH_SP15_GEN-APND,TH_SP15_GEN-APND,TH_SP15_GEN-APND,DAM,MCC,LMP_CONG_PRC,TH_SP15_GEN-APND,ALL_APNODES,0,0.28526,430
2017-09-22T19:00:00-00:00,2017-09-22T20:00:00-00:00,2017-09-22,13,0,TH_SP15_GEN-APND,TH_SP15_GEN-APND,TH_SP15_GEN-APND,DAM,MCC,LMP_CONG_PRC,TH_SP15_GEN-APND,ALL_APNODES,0,0.15555,430
2017-09-23T03:00:00-00:00,2017-09-23T04:00:00-00:00,2017-09-22,21,0,TH_SP15_GEN-APND,TH_SP15_GEN-APND,TH_SP15_GEN-APND,DAM,MCC,LMP_CONG_PRC,TH_SP15_GEN-APND,ALL_APNODES,0,0,430
2017-09-23T05:00:00-00:00,2017-09-23T06:00:00-00:00,2017-09-22,23,0,TH_SP15_GEN-APND,TH_SP15_GEN-APND,TH_SP15_GEN-APND,DAM,MCC,LMP_CONG_PRC,TH_SP15_GEN-APND,ALL_APNODES,0,0,430
2017-09-22T11:00:00-00:00,2017-09-22T12:00:00-00:00,2017-09-22,5,0,TH_SP15_GEN-APND,TH_SP15_GEN-APND,TH_SP15_GEN-APND,DAM,MCC,LMP_CONG_PRC,TH_SP15_GEN-APND,ALL_APNODES,0,0,430
2017-09-22T22:00:00-00:00,2017-09-22T23:00:00-00:00,2017-09-22,16,0,TH_SP15_GEN-APND,TH_SP15_GEN-APND,TH_SP15_GEN-APND,DAM,MCC,LMP_CONG_PRC,TH_SP15_GEN-APND,ALL_APNODES,0,0,430
2017-09-23T01:00:00-00:00,2017-09-23T02:00:00-00:00,2017-09-22,19,0,TH_SP15_GEN-APND,TH_SP15_GEN-APND,TH_SP15_GEN-APND,DAM,MCC,LMP_CONG_PRC,TH_SP15_GEN-APND,ALL_APNODES,0,0,430
2017-09-22T23:00:00-00:00,2017-09-23T00:00:00-00:00,2017-09-22,17,0,TH_SP15_GEN-APND,TH_SP15_GEN-APND,TH_SP15_GEN-APND,DAM,MCC,LMP_CONG_PRC,TH_SP15_GEN-APND,ALL_APNODES,0,0,430
2017-09-22T13:00:00-00:00,2017-09-22T14:00:00-00:00,2017-09-22,7,0,TH_SP15_GEN-APND,TH_SP15_GEN-APND,TH_SP15_GEN-APND,DAM,MCC,LMP_CONG_PRC,TH_SP15_GEN-APND,ALL_APNODES,0,0,430
2017-09-22T15:00:00-00:00,2017-09-22T16:00:00-00:00,2017-09-22,9,0,TH_SP15_GEN-APND,TH_SP15_GEN-APND,TH_SP15_GEN-APND,DAM,MCC,LMP_CONG_PRC,TH_SP15_GEN-APND,ALL_APNODES,0,0.03714,430
2017-09-22T21:00:00-00:00,2017-09-22T22:00:00-00:00,2017-09-22,15,0,TH_SP15_GEN-APND,TH_SP15_GEN-APND,TH_SP15_GEN-APND,DAM,MCC,LMP_CONG_PRC,TH_SP15_GEN-APND,ALL_APNODES,0,0,430
2017-09-22T12:00:00-00:00,2017-09-22T13:00:00-00:00,2017-09-22,6,0,TH_SP15_GEN-APND,TH_SP15_GEN-APND,TH_SP15_GEN-APND,DAM,MCC,LMP_CONG_PRC,TH_SP15_GEN-APND,ALL_APNODES,0,0,430
2017-09-22T14:00:00-00:00,2017-09-22T15:00:00-00:00,2017-09-22,8,0,TH_SP15_GEN-APND,TH_SP15_GEN-APND,TH_SP15_GEN-APND,DAM,MCC,LMP_CONG_PRC,TH_SP15_GEN-APND,ALL_APNODES,0,0,430
2017-09-22T08:00:00-00:00,2017-09-22T09:00:00-00:00,2017-09-22,2,0,TH_SP15_GEN-APND,TH_SP15_GEN-APND,TH_SP15_GEN-APND,DAM,MCC,LMP_CONG_PRC,TH_SP15_GEN-APND,ALL_APNODES,0,0,430
2017-09-22T10:00:00-00:00,2017-09-22T11:00:00-00:00,2017-09-22,4,0,TH_SP15_GEN-APND,TH_SP15_GEN-APND,TH_SP15_GEN-APND,DAM,MCC,LMP_CONG_PRC,TH_SP15_GEN-APND,ALL_APNODES,0,0,430
2017-09-23T00:00:00-00:00,2017-09-23T01:00:00-00:00,2017-09-22,18,0,TH_SP15_GEN-APND,TH_SP15_GEN-APND,TH_SP15_GEN-APND,DAM,MCC,LMP_CONG_PRC,TH_SP15_GEN-APND,ALL_APNODES,0,0,430
2017-09-22T20:00:00-00:00,2017-09-22T21:00:00-00:00,2017-09-22,14,0,TH_SP15_GEN-APND,TH_SP15_GEN-APND,TH_SP15_GEN-APND,DAM,MCC,LMP_CONG_PRC,TH_SP15_GEN-APND,ALL_APNODES,0,0,430
2017-09-22T07:00:00-00:00,2017-09-22T08:00:00-00:00,2017-09-22,1,0,TH_SP15_GEN-APND,TH_SP15_GEN-APND,TH_SP15_GEN-APND,DAM,MCC,LMP_CONG_PRC,TH_SP15_GEN-APND,ALL_APNODES,0,0,430
2017-09-22T09:00:00-00:00,2017-09-22T10:00:00-00:00,2017-09-22,3,0,TH_SP15_GEN-APND,TH_SP15_GEN-APND,TH_SP15_GEN-APND,DAM,MCC,LMP_CONG_PRC,TH_SP15_GEN-APND,ALL_APNODES,0,0,430
2017-09-22T17:00:00-00:00,2017-09-22T18:00:00-00:00,2017-09-22,11,0,TH_SP15_GEN-APND,TH_SP15_GEN-APND,TH_SP15_GEN-APND,DAM,MCC,LMP_CONG_PRC,TH_SP15_GEN-APND,ALL_APNODES,0,0.32649,430
2017-09-23T02:00:00-00:00,2017-09-23T03:00:00-00:00,2017-09-22,20,0,TH_SP15_GEN-APND,TH_SP15_GEN-APND,TH_SP15_GEN-APND,DAM,MCC,LMP_CONG_PRC,TH_SP15_GEN-APND,ALL_APNODES,0,0,430
2017-09-23T06:00:00-00:00,2017-09-23T07:00:00-00:00,2017-09-22,24,0,TH_SP15_GEN-APND,TH_SP15_GEN-APND,TH_SP15_GEN-APND,DAM,MCC,LMP_CONG_PRC,TH_SP15_GEN-APND,ALL_APNODES,0,0,430
2017-09-23T00:00:00-00:00,2017-09-23T01:00:00-00:00,2017-09-22,18,0,TH_SP15_GEN-APND,TH_SP15_GEN-APND,TH_SP15_GEN-APND,DAM,MCE,LMP_ENE_PRC,TH_SP15_GEN-APND,ALL_APNODES,0,31.34796,431
2017-09-22T14:00:00-00:00,2017-09-22T15:00:00-00:00,2017-09-22,8,0,TH_SP15_GEN-APND,TH_SP15_GEN-APND,TH_SP15_GEN-APND,DAM,MCE,LMP_ENE_PRC,TH_SP15_GEN-APND,ALL_APNODES,0,40.68858,431
2017-09-23T06:00:00-00:00,2017-09-23T07:00:00-00:00,2017-09-22,24,0,TH_SP15_GEN-APND,TH_SP15_GEN-APND,TH_SP15_GEN-APND,DAM,MCE,LMP_ENE_PRC,TH_SP15_GEN-APND,ALL_APNODES,0,32.0028,431
2017-09-23T05:00:00-00:00,2017-09-23T06:00:00-00:00,2017-09-22,23,0,TH_SP15_GEN-APND,TH_SP15_GEN-APND,TH_SP15_GEN-APND,DAM,MCE,LMP_ENE_PRC,TH_SP15_GEN-APND,ALL_APNODES,0,34.44957,431
2017-09-23T02:00:00-00:00,2017-09-23T03:00:00-00:00,2017-09-22,20,0,TH_SP15_GEN-APND,TH_SP15_GEN-APND,TH_SP15_GEN-APND,DAM,MCE,LMP_ENE_PRC,TH_SP15_GEN-APND,ALL_APNODES,0,56.36439,431
2017-09-22T08:00:00-00:00,2017-09-22T09:00:00-00:00,2017-09-22,2,0,TH_SP15_GEN-APND,TH_SP15_GEN-APND,TH_SP15_GEN-APND,DAM,MCE,LMP_ENE_PRC,TH_SP15_GEN-APND,ALL_APNODES,0,27.92333,431
2017-09-22T13:00:00-00:00,2017-09-22T14:00:00-00:00,2017-09-22,7,0,TH_SP15_GEN-APND,TH_SP15_GEN-APND,TH_SP15_GEN-APND,DAM,MCE,LMP_ENE_PRC,TH_SP15_GEN-APND,ALL_APNODES,0,42.70281,431
2017-09-23T03:00:00-00:00,2017-09-23T04:00:00-00:00,2017-09-22,21,0,TH_SP15_GEN-APND,TH_SP15_GEN-APND,TH_SP15_GEN-APND,DAM,MCE,LMP_ENE_PRC,TH_SP15_GEN-APND,ALL_APNODES,0,46.03683,431
2017-09-22T23:00:00-00:00,2017-09-23T00:00:00-00:00,2017-09-22,17,0,TH_SP15_GEN-APND,TH_SP15_GEN-APND,TH_SP15_GEN-APND,DAM,MCE,LMP_ENE_PRC,TH_SP15_GEN-APND,ALL_APNODES,0,26.76361,431
2017-09-22T07:00:00-00:00,2017-09-22T08:00:00-00:00,2017-09-22,1,0,TH_SP15_GEN-APND,TH_SP15_GEN-APND,TH_SP15_GEN-APND,DAM,MCE,LMP_ENE_PRC,TH_SP15_GEN-APND,ALL_APNODES,0,28.27241,431
2017-09-22T20:00:00-00:00,2017-09-22T21:00:00-00:00,2017-09-22,14,0,TH_SP15_GEN-APND,TH_SP15_GEN-APND,TH_SP15_GEN-APND,DAM,MCE,LMP_ENE_PRC,TH_SP15_GEN-APND,ALL_APNODES,0,23.56627,431
2017-09-22T19:00:00-00:00,2017-09-22T20:00:00-00:00,2017-09-22,13,0,TH_SP15_GEN-APND,TH_SP15_GEN-APND,TH_SP15_GEN-APND,DAM,MCE,LMP_ENE_PRC,TH_SP15_GEN-APND,ALL_APNODES,0,22.57996,431
2017-09-22T21:00:00-00:00,2017-09-22T22:00:00-00:00,2017-09-22,15,0,TH_SP15_GEN-APND,TH_SP15_GEN-APND,TH_SP15_GEN-APND,DAM,MCE,LMP_ENE_PRC,TH_SP15_GEN-APND,ALL_APNODES,0,24.55074,431
2017-09-22T17:00:00-00:00,2017-09-22T18:00:00-00:00,2017-09-22,11,0,TH_SP15_GEN-APND,TH_SP15_GEN-APND,TH_SP15_GEN-APND,DAM,MCE,LMP_ENE_PRC,TH_SP15_GEN-APND,ALL_APNODES,0,23.00522,431
2017-09-22T15:00:00-00:00,2017-09-22T16:00:00-00:00,2017-09-22,9,0,TH_SP15_GEN-APND,TH_SP15_GEN-APND,TH_SP15_GEN-APND,DAM,MCE,LMP_ENE_PRC,TH_SP15_GEN-APND,ALL_APNODES,0,30.3156,431
2017-09-22T22:00:00-00:00,2017-09-22T23:00:00-00:00,2017-09-22,16,0,TH_SP15_GEN-APND,TH_SP15_GEN-APND,TH_SP15_GEN-APND,DAM,MCE,LMP_ENE_PRC,TH_SP15_GEN-APND,ALL_APNODES,0,24.6147,431
2017-09-22T09:00:00-00:00,2017-09-22T10:00:00-00:00,2017-09-22,3,0,TH_SP15_GEN-APND,TH_SP15_GEN-APND,TH_SP15_GEN-APND,DAM,MCE,LMP_ENE_PRC,TH_SP15_GEN-APND,ALL_APNODES,0,27.3035,431
2017-09-22T12:00:00-00:00,2017-09-22T13:00:00-00:00,2017-09-22,6,0,TH_SP15_GEN-APND,TH_SP15_GEN-APND,TH_SP15_GEN-APND,DAM,MCE,LMP_ENE_PRC,TH_SP15_GEN-APND,ALL_APNODES,0,32.73023,431
2017-09-23T01:00:00-00:00,2017-09-23T02:00:00-00:00,2017-09-22,19,0,TH_SP15_GEN-APND,TH_SP15_GEN-APND,TH_SP15_GEN-APND,DAM,MCE,LMP_ENE_PRC,TH_SP15_GEN-APND,ALL_APNODES,0,41.47657,431
2017-09-22T16:00:00-00:00,2017-09-22T17:00:00-00:00,2017-09-22,10,0,TH_SP15_GEN-APND,TH_SP15_GEN-APND,TH_SP15_GEN-APND,DAM,MCE,LMP_ENE_PRC,TH_SP15_GEN-APND,ALL_APNODES,0,26.82081,431
2017-09-22T11:00:00-00:00,2017-09-22T12:00:00-00:00,2017-09-22,5,0,TH_SP15_GEN-APND,TH_SP15_GEN-APND,TH_SP15_GEN-APND,DAM,MCE,LMP_ENE_PRC,TH_SP15_GEN-APND,ALL_APNODES,0,28.00988,431
2017-09-23T04:00:00-00:00,2017-09-23T05:00:00-00:00,2017-09-22,22,0,TH_SP15_GEN-APND,TH_SP15_GEN-APND,TH_SP15_GEN-APND,DAM,MCE,LMP_ENE_PRC,TH_SP15_GEN-APND,ALL_APNODES,0,38.74529,431
2017-09-22T10:00:00-00:00,2017-09-22T11:00:00-00:00,2017-09-22,4,0,TH_SP15_GEN-APND,TH_SP15_GEN-APND,TH_SP15_GEN-APND,DAM,MCE,LMP_ENE_PRC,TH_SP15_GEN-APND,ALL_APNODES,0,26.77522,431
2017-09-22T18:00:00-00:00,2017-09-22T19:00:00-00:00,2017-09-22,12,0,TH_SP15_GEN-APND,TH_SP15_GEN-APND,TH_SP15_GEN-APND,DAM,MCE,LMP_ENE_PRC,TH_SP15_GEN-APND,ALL_APNODES,0,22.59115,431
2017-09-23T01:00:00-00:00,2017-09-23T02:00:00-00:00,2017-09-22,19,0,TH_SP15_GEN-APND,TH_SP15_GEN-APND,TH_SP15_GEN-APND,DAM,MCL,LMP_LOSS_PRC,TH_SP15_GEN-APND,ALL_APNODES,0,-1.47657,432
2017-09-22T17:00:00-00:00,2017-09-22T18:00:00-00:00,2017-09-22,11,0,TH_SP15_GEN-APND,TH_SP15_GEN-APND,TH_SP15_GEN-APND,DAM,MCL,LMP_LOSS_PRC,TH_SP15_GEN-APND,ALL_APNODES,0,-1.21928,432
2017-09-23T00:00:00-00:00,2017-09-23T01:00:00-00:00,2017-09-22,18,0,TH_SP15_GEN-APND,TH_SP15_GEN-APND,TH_SP15_GEN-APND,DAM,MCL,LMP_LOSS_PRC,TH_SP15_GEN-APND,ALL_APNODES,0,-1.34796,432
2017-09-23T04:00:00-00:00,2017-09-23T05:00:00-00:00,2017-09-22,22,0,TH_SP15_GEN-APND,TH_SP15_GEN-APND,TH_SP15_GEN-APND,DAM,MCL,LMP_LOSS_PRC,TH_SP15_GEN-APND,ALL_APNODES,0,-1.28247,432
2017-09-22T21:00:00-00:00,2017-09-22T22:00:00-00:00,2017-09-22,15,0,TH_SP15_GEN-APND,TH_SP15_GEN-APND,TH_SP15_GEN-APND,DAM,MCL,LMP_LOSS_PRC,TH_SP15_GEN-APND,ALL_APNODES,0,-1.23736,432
2017-09-22T20:00:00-00:00,2017-09-22T21:00:00-00:00,2017-09-22,14,0,TH_SP15_GEN-APND,TH_SP15_GEN-APND,TH_SP15_GEN-APND,DAM,MCL,LMP_LOSS_PRC,TH_SP15_GEN-APND,ALL_APNODES,0,-1.21131,432
2017-09-22T19:00:00-00:00,2017-09-22T20:00:00-00:00,2017-09-22,13,0,TH_SP15_GEN-APND,TH_SP15_GEN-APND,TH_SP15_GEN-APND,DAM,MCL,LMP_LOSS_PRC,TH_SP15_GEN-APND,ALL_APNODES,0,-1.16061,432
2017-09-22T15:00:00-00:00,2017-09-22T16:00:00-00:00,2017-09-22,9,0,TH_SP15_GEN-APND,TH_SP15_GEN-APND,TH_SP15_GEN-APND,DAM,MCL,LMP_LOSS_PRC,TH_SP15_GEN-APND,ALL_APNODES,0,-1.46727,432
2017-09-22T13:00:00-00:00,2017-09-22T14:00:00-00:00,2017-09-22,7,0,TH_SP15_GEN-APND,TH_SP15_GEN-APND,TH_SP15_GEN-APND,DAM,MCL,LMP_LOSS_PRC,TH_SP15_GEN-APND,ALL_APNODES,0,-1.70811,432
2017-09-22T07:00:00-00:00,2017-09-22T08:00:00-00:00,2017-09-22,1,0,TH_SP15_GEN-APND,TH_SP15_GEN-APND,TH_SP15_GEN-APND,DAM,MCL,LMP_LOSS_PRC,TH_SP15_GEN-APND,ALL_APNODES,0,-0.95278,432
2017-09-23T05:00:00-00:00,2017-09-23T06:00:00-00:00,2017-09-22,23,0,TH_SP15_GEN-APND,TH_SP15_GEN-APND,TH_SP15_GEN-APND,DAM,MCL,LMP_LOSS_PRC,TH_SP15_GEN-APND,ALL_APNODES,0,-1.26085,432
2017-09-22T18:00:00-00:00,2017-09-22T19:00:00-00:00,2017-09-22,12,0,TH_SP15_GEN-APND,TH_SP15_GEN-APND,TH_SP15_GEN-APND,DAM,MCL,LMP_LOSS_PRC,TH_SP15_GEN-APND,ALL_APNODES,0,-1.20863,432
2017-09-22T22:00:00-00:00,2017-09-22T23:00:00-00:00,2017-09-22,16,0,TH_SP15_GEN-APND,TH_SP15_GEN-APND,TH_SP15_GEN-APND,DAM,MCL,LMP_LOSS_PRC,TH_SP15_GEN-APND,ALL_APNODES,0,-1.15197,432
2017-09-22T08:00:00-00:00,2017-09-22T09:00:00-00:00,2017-09-22,2,0,TH_SP15_GEN-APND,TH_SP15_GEN-APND,TH_SP15_GEN-APND,DAM,MCL,LMP_LOSS_PRC,TH_SP15_GEN-APND,ALL_APNODES,0,-0.97173,432
2017-09-22T12:00:00-00:00,2017-09-22T13:00:00-00:00,2017-09-22,6,0,TH_SP15_GEN-APND,TH_SP15_GEN-APND,TH_SP15_GEN-APND,DAM,MCL,LMP_LOSS_PRC,TH_SP15_GEN-APND,ALL_APNODES,0,-1.31248,432
2017-09-22T14:00:00-00:00,2017-09-22T15:00:00-00:00,2017-09-22,8,0,TH_SP15_GEN-APND,TH_SP15_GEN-APND,TH_SP15_GEN-APND,DAM,MCL,LMP_LOSS_PRC,TH_SP15_GEN-APND,ALL_APNODES,0,-1.87167,432
2017-09-22T11:00:00-00:00,2017-09-22T12:00:00-00:00,2017-09-22,5,0,TH_SP15_GEN-APND,TH_SP15_GEN-APND,TH_SP15_GEN-APND,DAM,MCL,LMP_LOSS_PRC,TH_SP15_GEN-APND,ALL_APNODES,0,-0.97474,432
2017-09-22T23:00:00-00:00,2017-09-23T00:00:00-00:00,2017-09-22,17,0,TH_SP15_GEN-APND,TH_SP15_GEN-APND,TH_SP15_GEN-APND,DAM,MCL,LMP_LOSS_PRC,TH_SP15_GEN-APND,ALL_APNODES,0,-1.25789,432
2017-09-23T02:00:00-00:00,2017-09-23T03:00:00-00:00,2017-09-22,20,0,TH_SP15_GEN-APND,TH_SP15_GEN-APND,TH_SP15_GEN-APND,DAM,MCL,LMP_LOSS_PRC,TH_SP15_GEN-APND,ALL_APNODES,0,-2.04039,432
2017-09-22T16:00:00-00:00,2017-09-22T17:00:00-00:00,2017-09-22,10,0,TH_SP15_GEN-APND,TH_SP15_GEN-APND,TH_SP15_GEN-APND,DAM,MCL,LMP_LOSS_PRC,TH_SP15_GEN-APND,ALL_APNODES,0,-1.34909,432
2017-09-23T06:00:00-00:00,2017-09-23T07:00:00-00:00,2017-09-22,24,0,TH_SP15_GEN-APND,TH_SP15_GEN-APND,TH_SP15_GEN-APND,DAM,MCL,LMP_LOSS_PRC,TH_SP15_GEN-APND,ALL_APNODES,0,-1.21611,432
2017-09-22T10:00:00-00:00,2017-09-22T11:00:00-00:00,2017-09-22,4,0,TH_SP15_GEN-APND,TH_SP15_GEN-APND,TH_SP15_GEN-APND,DAM,MCL,LMP_LOSS_PRC,TH_SP15_GEN-APND,ALL_APNODES,0,-0.93446,432
2017-09-22T09:00:00-00:00,2017-09-22T10:00:00-00:00,2017-09-22,3,0,TH_SP15_GEN-APND,TH_SP15_GEN-APND,TH_SP15_GEN-APND,DAM,MCL,LMP_LOSS_PRC,TH_SP15_GEN-APND,ALL_APNODES,0,-0.972,432
2017-09-23T03:00:00-00:00,2017-09-23T04:00:00-00:00,2017-09-22,21,0,TH_SP15_GEN-APND,TH_SP15_GEN-APND,TH_SP15_GEN-APND,DAM,MCL,LMP_LOSS_PRC,TH_SP15_GEN-APND,ALL_APNODES,0,-1.56525,432
2017-09-23T02:00:00-00:00,2017-09-23T03:00:00-00:00,2017-09-22,20,0,TH_ZP26_GEN-APND,TH_ZP26_GEN-APND,TH_ZP26_GEN-APND,DAM,LMP,LMP_PRC,TH_ZP26_GEN-APND,ALL_APNODES,0,54.49873,433
2017-09-23T03:00:00-00:00,2017-09-23T04:00:00-00:00,2017-09-22,21,0,TH_ZP26_GEN-APND,TH_ZP26_GEN-APND,TH_ZP26_GEN-APND,DAM,LMP,LMP_PRC,TH_ZP26_GEN-APND,ALL_APNODES,0,44.54984,433
2017-09-22T21:00:00-00:00,2017-09-22T22:00:00-00:00,2017-09-22,15,0,TH_ZP26_GEN-APND,TH_ZP26_GEN-APND,TH_ZP26_GEN-APND,DAM,LMP,LMP_PRC,TH_ZP26_GEN-APND,ALL_APNODES,0,22.60051,433
2017-09-22T08:00:00-00:00,2017-09-22T09:00:00-00:00,2017-09-22,2,0,TH_ZP26_GEN-APND,TH_ZP26_GEN-APND,TH_ZP26_GEN-APND,DAM,LMP,LMP_PRC,TH_ZP26_GEN-APND,ALL_APNODES,0,27.03537,433
2017-09-22T16:00:00-00:00,2017-09-22T17:00:00-00:00,2017-09-22,10,0,TH_ZP26_GEN-APND,TH_ZP26_GEN-APND,TH_ZP26_GEN-APND,DAM,LMP,LMP_PRC,TH_ZP26_GEN-APND,ALL_APNODES,0,25.48988,433
2017-09-22T13:00:00-00:00,2017-09-22T14:00:00-00:00,2017-09-22,7,0,TH_ZP26_GEN-APND,TH_ZP26_GEN-APND,TH_ZP26_GEN-APND,DAM,LMP,LMP_PRC,TH_ZP26_GEN-APND,ALL_APNODES,0,41.40465,433
2017-09-23T06:00:00-00:00,2017-09-23T07:00:00-00:00,2017-09-22,24,0,TH_ZP26_GEN-APND,TH_ZP26_GEN-APND,TH_ZP26_GEN-APND,DAM,LMP,LMP_PRC,TH_ZP26_GEN-APND,ALL_APNODES,0,30.98511,433
2017-09-22T17:00:00-00:00,2017-09-22T18:00:00-00:00,2017-09-22,11,0,TH_ZP26_GEN-APND,TH_ZP26_GEN-APND,TH_ZP26_GEN-APND,DAM,LMP,LMP_PRC,TH_ZP26_GEN-APND,ALL_APNODES,0,21.31492,433
2017-09-22T18:00:00-00:00,2017-09-22T19:00:00-00:00,2017-09-22,12,0,TH_ZP26_GEN-APND,TH_ZP26_GEN-APND,TH_ZP26_GEN-APND,DAM,LMP,LMP_PRC,TH_ZP26_GEN-APND,ALL_APNODES,0,20.90866,433
2017-09-22T14:00:00-00:00,2017-09-22T15:00:00-00:00,2017-09-22,8,0,TH_ZP26_GEN-APND,TH_ZP26_GEN-APND,TH_ZP26_GEN-APND,DAM,LMP,LMP_PRC,TH_ZP26_GEN-APND,ALL_APNODES,0,39.30516,433
2017-09-23T05:00:00-00:00,2017-09-23T06:00:00-00:00,2017-09-22,23,0,TH_ZP26_GEN-APND,TH_ZP26_GEN-APND,TH_ZP26_GEN-APND,DAM,LMP,LMP_PRC,TH_ZP26_GEN-APND,ALL_APNODES,0,33.32307,433
2017-09-22T07:00:00-00:00,2017-09-22T08:00:00-00:00,2017-09-22,1,0,TH_ZP26_GEN-APND,TH_ZP26_GEN-APND,TH_ZP26_GEN-APND,DAM,LMP,LMP_PRC,TH_ZP26_GEN-APND,ALL_APNODES,0,27.33942,433
2017-09-22T11:00:00-00:00,2017-09-22T12:00:00-00:00,2017-09-22,5,0,TH_ZP26_GEN-APND,TH_ZP26_GEN-APND,TH_ZP26_GEN-APND,DAM,LMP,LMP_PRC,TH_ZP26_GEN-APND,ALL_APNODES,0,27.13877,433
2017-09-23T00:00:00-00:00,2017-09-23T01:00:00-00:00,2017-09-22,18,0,TH_ZP26_GEN-APND,TH_ZP26_GEN-APND,TH_ZP26_GEN-APND,DAM,LMP,LMP_PRC,TH_ZP26_GEN-APND,ALL_APNODES,0,29.98119,433
2017-09-22T22:00:00-00:00,2017-09-22T23:00:00-00:00,2017-09-22,16,0,TH_ZP26_GEN-APND,TH_ZP26_GEN-APND,TH_ZP26_GEN-APND,DAM,LMP,LMP_PRC,TH_ZP26_GEN-APND,ALL_APNODES,0,22.80075,433
2017-09-23T01:00:00-00:00,2017-09-23T02:00:00-00:00,2017-09-22,19,0,TH_ZP26_GEN-APND,TH_ZP26_GEN-APND,TH_ZP26_GEN-APND,DAM,LMP,LMP_PRC,TH_ZP26_GEN-APND,ALL_APNODES,0,40.02903,433
2017-09-22T12:00:00-00:00,2017-09-22T13:00:00-00:00,2017-09-22,6,0,TH_ZP26_GEN-APND,TH_ZP26_GEN-APND,TH_ZP26_GEN-APND,DAM,LMP,LMP_PRC,TH_ZP26_GEN-APND,ALL_APNODES,0,31.70578,433
2017-09-22T10:00:00-00:00,2017-09-22T11:00:00-00:00,2017-09-22,4,0,TH_ZP26_GEN-APND,TH_ZP26_GEN-APND,TH_ZP26_GEN-APND,DAM,LMP,LMP_PRC,TH_ZP26_GEN-APND,ALL_APNODES,0,25.93448,433
2017-09-23T04:00:00-00:00,2017-09-23T05:00:00-00:00,2017-09-22,22,0,TH_ZP26_GEN-APND,TH_ZP26_GEN-APND,TH_ZP26_GEN-APND,DAM,LMP,LMP_PRC,TH_ZP26_GEN-APND,ALL_APNODES,0,37.48606,433
2017-09-22T09:00:00-00:00,2017-09-22T10:00:00-00:00,2017-09-22,3,0,TH_ZP26_GEN-APND,TH_ZP26_GEN-APND,TH_ZP26_GEN-APND,DAM,LMP,LMP_PRC,TH_ZP26_GEN-APND,ALL_APNODES,0,26.44071,433
2017-09-22T20:00:00-00:00,2017-09-22T21:00:00-00:00,2017-09-22,14,0,TH_ZP26_GEN-APND,TH_ZP26_GEN-APND,TH_ZP26_GEN-APND,DAM,LMP,LMP_PRC,TH_ZP26_GEN-APND,ALL_APNODES,0,21.3561,433
2017-09-22T19:00:00-00:00,2017-09-22T20:00:00-00:00,2017-09-22,13,0,TH_ZP26_GEN-APND,TH_ZP26_GEN-APND,TH_ZP26_GEN-APND,DAM,LMP,LMP_PRC,TH_ZP26_GEN-APND,ALL_APNODES,0,20.07308,433
2017-09-22T15:00:00-00:00,2017-09-22T16:00:00-00:00,2017-09-22,9,0,TH_ZP26_GEN-APND,TH_ZP26_GEN-APND,TH_ZP26_GEN-APND,DAM,LMP,LMP_PRC,TH_ZP26_GEN-APND,ALL_APNODES,0,28.96658,433
2017-09-22T23:00:00-00:00,2017-09-23T00:00:00-00:00,2017-09-22,17,0,TH_ZP26_GEN-APND,TH_ZP26_GEN-APND,TH_ZP26_GEN-APND,DAM,LMP,LMP_PRC,TH_ZP26_GEN-APND,ALL_APNODES,0,25.42008,433
2017-09-22T21:00:00-00:00,2017-09-22T22:00:00-00:00,2017-09-22,15,0,TH_ZP26_GEN-APND,TH_ZP26_GEN-APND,TH_ZP26_GEN-APND,DAM,MCC,LMP_CONG_PRC,TH_ZP26_GEN-APND,ALL_APNODES,0,-0.67605,434
2017-09-22T09:00:00-00:00,2017-09-22T10:00:00-00:00,2017-09-22,3,0,TH_ZP26_GEN-APND,TH_ZP26_GEN-APND,TH_ZP26_GEN-APND,DAM,MCC,LMP_CONG_PRC,TH_ZP26_GEN-APND,ALL_APNODES,0,0,434
2017-09-23T04:00:00-00:00,2017-09-23T05:00:00-00:00,2017-09-22,22,0,TH_ZP26_GEN-APND,TH_ZP26_GEN-APND,TH_ZP26_GEN-APND,DAM,MCC,LMP_CONG_PRC,TH_ZP26_GEN-APND,ALL_APNODES,0,0,434
2017-09-23T00:00:00-00:00,2017-09-23T01:00:00-00:00,2017-09-22,18,0,TH_ZP26_GEN-APND,TH_ZP26_GEN-APND,TH_ZP26_GEN-APND,DAM,MCC,LMP_CONG_PRC,TH_ZP26_GEN-APND,ALL_APNODES,0,0,434
2017-09-22T23:00:00-00:00,2017-09-23T00:00:00-00:00,2017-09-22,17,0,TH_ZP26_GEN-APND,TH_ZP26_GEN-APND,TH_ZP26_GEN-APND,DAM,MCC,LMP_CONG_PRC,TH_ZP26_GEN-APND,ALL_APNODES,0,0,434
2017-09-23T06:00:00-00:00,2017-09-23T07:00:00-00:00,2017-09-22,24,0,TH_ZP26_GEN-APND,TH_ZP26_GEN-APND,TH_ZP26_GEN-APND,DAM,MCC,LMP_CONG_PRC,TH_ZP26_GEN-APND,ALL_APNODES,0,0,434
2017-09-22T20:00:00-00:00,2017-09-22T21:00:00-00:00,2017-09-22,14,0,TH_ZP26_GEN-APND,TH_ZP26_GEN-APND,TH_ZP26_GEN-APND,DAM,MCC,LMP_CONG_PRC,TH_ZP26_GEN-APND,ALL_APNODES,0,-1.00357,434
2017-09-22T16:00:00-00:00,2017-09-22T17:00:00-00:00,2017-09-22,10,0,TH_ZP26_GEN-APND,TH_ZP26_GEN-APND,TH_ZP26_GEN-APND,DAM,MCC,LMP_CONG_PRC,TH_ZP26_GEN-APND,ALL_APNODES,0,-0.00598,434
2017-09-22T08:00:00-00:00,2017-09-22T09:00:00-00:00,2017-09-22,2,0,TH_ZP26_GEN-APND,TH_ZP26_GEN-APND,TH_ZP26_GEN-APND,DAM,MCC,LMP_CONG_PRC,TH_ZP26_GEN-APND,ALL_APNODES,0,0,434
2017-09-22T07:00:00-00:00,2017-09-22T08:00:00-00:00,2017-09-22,1,0,TH_ZP26_GEN-APND,TH_ZP26_GEN-APND,TH_ZP26_GEN-APND,DAM,MCC,LMP_CONG_PRC,TH_ZP26_GEN-APND,ALL_APNODES,0,0,434
2017-09-22T11:00:00-00:00,2017-09-22T12:00:00-00:00,2017-09-22,5,0,TH_ZP26_GEN-APND,TH_ZP26_GEN-APND,TH_ZP26_GEN-APND,DAM,MCC,LMP_CONG_PRC,TH_ZP26_GEN-APND,ALL_APNODES,0,0,434
2017-09-22T22:00:00-00:00,2017-09-22T23:00:00-00:00,2017-09-22,16,0,TH_ZP26_GEN-APND,TH_ZP26_GEN-APND,TH_ZP26_GEN-APND,DAM,MCC,LMP_CONG_PRC,TH_ZP26_GEN-APND,ALL_APNODES,0,-0.52415,434
2017-09-22T10:00:00-00:00,2017-09-22T11:00:00-00:00,2017-09-22,4,0,TH_ZP26_GEN-APND,TH_ZP26_GEN-APND,TH_ZP26_GEN-APND,DAM,MCC,LMP_CONG_PRC,TH_ZP26_GEN-APND,ALL_APNODES,0,0,434
2017-09-22T18:00:00-00:00,2017-09-22T19:00:00-00:00,2017-09-22,12,0,TH_ZP26_GEN-APND,TH_ZP26_GEN-APND,TH_ZP26_GEN-APND,DAM,MCC,LMP_CONG_PRC,TH_ZP26_GEN-APND,ALL_APNODES,0,-0.5326,434
2017-09-22T17:00:00-00:00,2017-09-22T18:00:00-00:00,2017-09-22,11,0,TH_ZP26_GEN-APND,TH_ZP26_GEN-APND,TH_ZP26_GEN-APND,DAM,MCC,LMP_CONG_PRC,TH_ZP26_GEN-APND,ALL_APNODES,0,-0.50554,434
2017-09-22T14:00:00-00:00,2017-09-22T15:00:00-00:00,2017-09-22,8,0,TH_ZP26_GEN-APND,TH_ZP26_GEN-APND,TH_ZP26_GEN-APND,DAM,MCC,LMP_CONG_PRC,TH_ZP26_GEN-APND,ALL_APNODES,0,0,434
2017-09-22T13:00:00-00:00,2017-09-22T14:00:00-00:00,2017-09-22,7,0,TH_ZP26_GEN-APND,TH_ZP26_GEN-APND,TH_ZP26_GEN-APND,DAM,MCC,LMP_CONG_PRC,TH_ZP26_GEN-APND,ALL_APNODES,0,0,434
2017-09-22T12:00:00-00:00,2017-09-22T13:00:00-00:00,2017-09-22,6,0,TH_ZP26_GEN-APND,TH_ZP26_GEN-APND,TH_ZP26_GEN-APND,DAM,MCC,LMP_CONG_PRC,TH_ZP26_GEN-APND,ALL_APNODES,0,0,434
2017-09-23T05:00:00-00:00,2017-09-23T06:00:00-00:00,2017-09-22,23,0,TH_ZP26_GEN-APND,TH_ZP26_GEN-APND,TH_ZP26_GEN-APND,DAM,MCC,LMP_CONG_PRC,TH_ZP26_GEN-APND,ALL_APNODES,0,0,434
2017-09-23T03:00:00-00:00,2017-09-23T04:00:00-00:00,2017-09-22,21,0,TH_ZP26_GEN-APND,TH_ZP26_GEN-APND,TH_ZP26_GEN-APND,DAM,MCC,LMP_CONG_PRC,TH_ZP26_GEN-APND,ALL_APNODES,0,0,434
2017-09-23T01:00:00-00:00,2017-09-23T02:00:00-00:00,2017-09-22,19,0,TH_ZP26_GEN-APND,TH_ZP26_GEN-APND,TH_ZP26_GEN-APND,DAM,MCC,LMP_CONG_PRC,TH_ZP26_GEN-APND,ALL_APNODES,0,0,434
2017-09-22T19:00:00-00:00,2017-09-22T20:00:00-00:00,2017-09-22,13,0,TH_ZP26_GEN-APND,TH_ZP26_GEN-APND,TH_ZP26_GEN-APND,DAM,MCC,LMP_CONG_PRC,TH_ZP26_GEN-APND,ALL_APNODES,0,-1.35982,434
2017-09-23T02:00:00-00:00,2017-09-23T03:00:00-00:00,2017-09-22,20,0,TH_ZP26_GEN-APND,TH_ZP26_GEN-APND,TH_ZP26_GEN-APND,DAM,MCC,LMP_CONG_PRC,TH_ZP26_GEN-APND,ALL_APNODES,0,0,434
2017-09-22T15:00:00-00:00,2017-09-22T16:00:00-00:00,2017-09-22,9,0,TH_ZP26_GEN-APND,TH_ZP26_GEN-APND,TH_ZP26_GEN-APND,DAM,MCC,LMP_CONG_PRC,TH_ZP26_GEN-APND,ALL_APNODES,0,-0.05454,434
2017-09-23T02:00:00-00:00,2017-09-23T03:00:00-00:00,2017-09-22,20,0,TH_ZP26_GEN-APND,TH_ZP26_GEN-APND,TH_ZP26_GEN-APND,DAM,MCE,LMP_ENE_PRC,TH_ZP26_GEN-APND,ALL_APNODES,0,56.36439,435
2017-09-22T15:00:00-00:00,2017-09-22T16:00:00-00:00,2017-09-22,9,0,TH_ZP26_GEN-APND,TH_ZP26_GEN-APND,TH_ZP26_GEN-APND,DAM,MCE,LMP_ENE_PRC,TH_ZP26_GEN-APND,ALL_APNODES,0,30.3156,435
2017-09-22T10:00:00-00:00,2017-09-22T11:00:00-00:00,2017-09-22,4,0,TH_ZP26_GEN-APND,TH_ZP26_GEN-APND,TH_ZP26_GEN-APND,DAM,MCE,LMP_ENE_PRC,TH_ZP26_GEN-APND,ALL_APNODES,0,26.77522,435
2017-09-23T03:00:00-00:00,2017-09-23T04:00:00-00:00,2017-09-22,21,0,TH_ZP26_GEN-APND,TH_ZP26_GEN-APND,TH_ZP26_GEN-APND,DAM,MCE,LMP_ENE_PRC,TH_ZP26_GEN-APND,ALL_APNODES,0,46.03683,435
2017-09-22T11:00:00-00:00,2017-09-22T12:00:00-00:00,2017-09-22,5,0,TH_ZP26_GEN-APND,TH_ZP26_GEN-APND,TH_ZP26_GEN-APND,DAM,MCE,LMP_ENE_PRC,TH_ZP26_GEN-APND,ALL_APNODES,0,28.00988,435
2017-09-22T16:00:00-00:00,2017-09-22T17:00:00-00:00,2017-09-22,10,0,TH_ZP26_GEN-APND,TH_ZP26_GEN-APND,TH_ZP26_GEN-APND,DAM,MCE,LMP_ENE_PRC,TH_ZP26_GEN-APND,ALL_APNODES,0,26.82081,435
2017-09-22T14:00:00-00:00,2017-09-22T15:00:00-00:00,2017-09-22,8,0,TH_ZP26_GEN-APND,TH_ZP26_GEN-APND,TH_ZP26_GEN-APND,DAM,MCE,LMP_ENE_PRC,TH_ZP26_GEN-APND,ALL_APNODES,0,40.68858,435
2017-09-22T22:00:00-00:00,2017-09-22T23:00:00-00:00,2017-09-22,16,0,TH_ZP26_GEN-APND,TH_ZP26_GEN-APND,TH_ZP26_GEN-APND,DAM,MCE,LMP_ENE_PRC,TH_ZP26_GEN-APND,ALL_APNODES,0,24.6147,435
2017-09-22T23:00:00-00:00,2017-09-23T00:00:00-00:00,2017-09-22,17,0,TH_ZP26_GEN-APND,TH_ZP26_GEN-APND,TH_ZP26_GEN-APND,DAM,MCE,LMP_ENE_PRC,TH_ZP26_GEN-APND,ALL_APNODES,0,26.76361,435
2017-09-23T01:00:00-00:00,2017-09-23T02:00:00-00:00,2017-09-22,19,0,TH_ZP26_GEN-APND,TH_ZP26_GEN-APND,TH_ZP26_GEN-APND,DAM,MCE,LMP_ENE_PRC,TH_ZP26_GEN-APND,ALL_APNODES,0,41.47657,435
2017-09-23T05:00:00-00:00,2017-09-23T06:00:00-00:00,2017-09-22,23,0,TH_ZP26_GEN-APND,TH_ZP26_GEN-APND,TH_ZP26_GEN-APND,DAM,MCE,LMP_ENE_PRC,TH_ZP26_GEN-APND,ALL_APNODES,0,34.44957,435
2017-09-22T12:00:00-00:00,2017-09-22T13:00:00-00:00,2017-09-22,6,0,TH_ZP26_GEN-APND,TH_ZP26_GEN-APND,TH_ZP26_GEN-APND,DAM,MCE,LMP_ENE_PRC,TH_ZP26_GEN-APND,ALL_APNODES,0,32.73023,435
2017-09-22T17:00:00-00:00,2017-09-22T18:00:00-00:00,2017-09-22,11,0,TH_ZP26_GEN-APND,TH_ZP26_GEN-APND,TH_ZP26_GEN-APND,DAM,MCE,LMP_ENE_PRC,TH_ZP26_GEN-APND,ALL_APNODES,0,23.00522,435
2017-09-22T07:00:00-00:00,2017-09-22T08:00:00-00:00,2017-09-22,1,0,TH_ZP26_GEN-APND,TH_ZP26_GEN-APND,TH_ZP26_GEN-APND,DAM,MCE,LMP_ENE_PRC,TH_ZP26_GEN-APND,ALL_APNODES,0,28.27241,435
2017-09-22T21:00:00-00:00,2017-09-22T22:00:00-00:00,2017-09-22,15,0,TH_ZP26_GEN-APND,TH_ZP26_GEN-APND,TH_ZP26_GEN-APND,DAM,MCE,LMP_ENE_PRC,TH_ZP26_GEN-APND,ALL_APNODES,0,24.55074,435
2017-09-23T00:00:00-00:00,2017-09-23T01:00:00-00:00,2017-09-22,18,0,TH_ZP26_GEN-APND,TH_ZP26_GEN-APND,TH_ZP26_GEN-APND,DAM,MCE,LMP_ENE_PRC,TH_ZP26_GEN-APND,ALL_APNODES,0,31.34796,435
2017-09-22T20:00:00-00:00,2017-09-22T21:00:00-00:00,2017-09-22,14,0,TH_ZP26_GEN-APND,TH_ZP26_GEN-APND,TH_ZP26_GEN-APND,DAM,MCE,LMP_ENE_PRC,TH_ZP26_GEN-APND,ALL_APNODES,0,23.56627,435
2017-09-22T09:00:00-00:00,2017-09-22T10:00:00-00:00,2017-09-22,3,0,TH_ZP26_GEN-APND,TH_ZP26_GEN-APND,TH_ZP26_GEN-APND,DAM,MCE,LMP_ENE_PRC,TH_ZP26_GEN-APND,ALL_APNODES,0,27.3035,435
2017-09-22T13:00:00-00:00,2017-09-22T14:00:00-00:00,2017-09-22,7,0,TH_ZP26_GEN-APND,TH_ZP26_GEN-APND,TH_ZP26_GEN-APND,DAM,MCE,LMP_ENE_PRC,TH_ZP26_GEN-APND,ALL_APNODES,0,42.70281,435
2017-09-23T04:00:00-00:00,2017-09-23T05:00:00-00:00,2017-09-22,22,0,TH_ZP26_GEN-APND,TH_ZP26_GEN-APND,TH_ZP26_GEN-APND,DAM,MCE,LMP_ENE_PRC,TH_ZP26_GEN-APND,ALL_APNODES,0,38.74529,435
2017-09-23T06:00:00-00:00,2017-09-23T07:00:00-00:00,2017-09-22,24,0,TH_ZP26_GEN-APND,TH_ZP26_GEN-APND,TH_ZP26_GEN-APND,DAM,MCE,LMP_ENE_PRC,TH_ZP26_GEN-APND,ALL_APNODES,0,32.0028,435
2017-09-22T18:00:00-00:00,2017-09-22T19:00:00-00:00,2017-09-22,12,0,TH_ZP26_GEN-APND,TH_ZP26_GEN-APND,TH_ZP26_GEN-APND,DAM,MCE,LMP_ENE_PRC,TH_ZP26_GEN-APND,ALL_APNODES,0,22.59115,435
2017-09-22T19:00:00-00:00,2017-09-22T20:00:00-00:00,2017-09-22,13,0,TH_ZP26_GEN-APND,TH_ZP26_GEN-APND,TH_ZP26_GEN-APND,DAM,MCE,LMP_ENE_PRC,TH_ZP26_GEN-APND,ALL_APNODES,0,22.57996,435
2017-09-22T08:00:00-00:00,2017-09-22T09:00:00-00:00,2017-09-22,2,0,TH_ZP26_GEN-APND,TH_ZP26_GEN-APND,TH_ZP26_GEN-APND,DAM,MCE,LMP_ENE_PRC,TH_ZP26_GEN-APND,ALL_APNODES,0,27.92333,435
2017-09-23T03:00:00-00:00,2017-09-23T04:00:00-00:00,2017-09-22,21,0,TH_ZP26_GEN-APND,TH_ZP26_GEN-APND,TH_ZP26_GEN-APND,DAM,MCL,LMP_LOSS_PRC,TH_ZP26_GEN-APND,ALL_APNODES,0,-1.48699,436
2017-09-22T16:00:00-00:00,2017-09-22T17:00:00-00:00,2017-09-22,10,0,TH_ZP26_GEN-APND,TH_ZP26_GEN-APND,TH_ZP26_GEN-APND,DAM,MCL,LMP_LOSS_PRC,TH_ZP26_GEN-APND,ALL_APNODES,0,-1.32495,436
2017-09-22T21:00:00-00:00,2017-09-22T22:00:00-00:00,2017-09-22,15,0,TH_ZP26_GEN-APND,TH_ZP26_GEN-APND,TH_ZP26_GEN-APND,DAM,MCL,LMP_LOSS_PRC,TH_ZP26_GEN-APND,ALL_APNODES,0,-1.27418,436
2017-09-23T01:00:00-00:00,2017-09-23T02:00:00-00:00,2017-09-22,19,0,TH_ZP26_GEN-APND,TH_ZP26_GEN-APND,TH_ZP26_GEN-APND,DAM,MCL,LMP_LOSS_PRC,TH_ZP26_GEN-APND,ALL_APNODES,0,-1.44753,436
2017-09-22T12:00:00-00:00,2017-09-22T13:00:00-00:00,2017-09-22,6,0,TH_ZP26_GEN-APND,TH_ZP26_GEN-APND,TH_ZP26_GEN-APND,DAM,MCL,LMP_LOSS_PRC,TH_ZP26_GEN-APND,ALL_APNODES,0,-1.02446,436
2017-09-23T05:00:00-00:00,2017-09-23T06:00:00-00:00,2017-09-22,23,0,TH_ZP26_GEN-APND,TH_ZP26_GEN-APND,TH_ZP26_GEN-APND,DAM,MCL,LMP_LOSS_PRC,TH_ZP26_GEN-APND,ALL_APNODES,0,-1.1265,436
2017-09-22T11:00:00-00:00,2017-09-22T12:00:00-00:00,2017-09-22,5,0,TH_ZP26_GEN-APND,TH_ZP26_GEN-APND,TH_ZP26_GEN-APND,DAM,MCL,LMP_LOSS_PRC,TH_ZP26_GEN-APND,ALL_APNODES,0,-0.87111,436
2017-09-22T13:00:00-00:00,2017-09-22T14:00:00-00:00,2017-09-22,7,0,TH_ZP26_GEN-APND,TH_ZP26_GEN-APND,TH_ZP26_GEN-APND,DAM,MCL,LMP_LOSS_PRC,TH_ZP26_GEN-APND,ALL_APNODES,0,-1.29817,436
2017-09-22T15:00:00-00:00,2017-09-22T16:00:00-00:00,2017-09-22,9,0,TH_ZP26_GEN-APND,TH_ZP26_GEN-APND,TH_ZP26_GEN-APND,DAM,MCL,LMP_LOSS_PRC,TH_ZP26_GEN-APND,ALL_APNODES,0,-1.29448,436
2017-09-22T18:00:00-00:00,2017-09-22T19:00:00-00:00,2017-09-22,12,0,TH_ZP26_GEN-APND,TH_ZP26_GEN-APND,TH_ZP26_GEN-APND,DAM,MCL,LMP_LOSS_PRC,TH_ZP26_GEN-APND,ALL_APNODES,0,-1.14989,436
2017-09-22T19:00:00-00:00,2017-09-22T20:00:00-00:00,2017-09-22,13,0,TH_ZP26_GEN-APND,TH_ZP26_GEN-APND,TH_ZP26_GEN-APND,DAM,MCL,LMP_LOSS_PRC,TH_ZP26_GEN-APND,ALL_APNODES,0,-1.14706,436
2017-09-22T09:00:00-00:00,2017-09-22T10:00:00-00:00,2017-09-22,3,0,TH_ZP26_GEN-APND,TH_ZP26_GEN-APND,TH_ZP26_GEN-APND,DAM,MCL,LMP_LOSS_PRC,TH_ZP26_GEN-APND,ALL_APNODES,0,-0.86279,436
2017-09-22T23:00:00-00:00,2017-09-23T00:00:00-00:00,2017-09-22,17,0,TH_ZP26_GEN-APND,TH_ZP26_GEN-APND,TH_ZP26_GEN-APND,DAM,MCL,LMP_LOSS_PRC,TH_ZP26_GEN-APND,ALL_APNODES,0,-1.34353,436
2017-09-22T14:00:00-00:00,2017-09-22T15:00:00-00:00,2017-09-22,8,0,TH_ZP26_GEN-APND,TH_ZP26_GEN-APND,TH_ZP26_GEN-APND,DAM,MCL,LMP_LOSS_PRC,TH_ZP26_GEN-APND,ALL_APNODES,0,-1.38341,436
2017-09-22T22:00:00-00:00,2017-09-22T23:00:00-00:00,2017-09-22,16,0,TH_ZP26_GEN-APND,TH_ZP26_GEN-APND,TH_ZP26_GEN-APND,DAM,MCL,LMP_LOSS_PRC,TH_ZP26_GEN-APND,ALL_APNODES,0,-1.28981,436
2017-09-23T02:00:00-00:00,2017-09-23T03:00:00-00:00,2017-09-22,20,0,TH_ZP26_GEN-APND,TH_ZP26_GEN-APND,TH_ZP26_GEN-APND,DAM,MCL,LMP_LOSS_PRC,TH_ZP26_GEN-APND,ALL_APNODES,0,-1.86566,436
2017-09-22T20:00:00-00:00,2017-09-22T21:00:00-00:00,2017-09-22,14,0,TH_ZP26_GEN-APND,TH_ZP26_GEN-APND,TH_ZP26_GEN-APND,DAM,MCL,LMP_LOSS_PRC,TH_ZP26_GEN-APND,ALL_APNODES,0,-1.20659,436
2017-09-22T07:00:00-00:00,2017-09-22T08:00:00-00:00,2017-09-22,1,0,TH_ZP26_GEN-APND,TH_ZP26_GEN-APND,TH_ZP26_GEN-APND,DAM,MCL,LMP_LOSS_PRC,TH_ZP26_GEN-APND,ALL_APNODES,0,-0.93299,436
2017-09-22T08:00:00-00:00,2017-09-22T09:00:00-00:00,2017-09-22,2,0,TH_ZP26_GEN-APND,TH_ZP26_GEN-APND,TH_ZP26_GEN-APND,DAM,MCL,LMP_LOSS_PRC,TH_ZP26_GEN-APND,ALL_APNODES,0,-0.88796,436
2017-09-22T10:00:00-00:00,2017-09-22T11:00:00-00:00,2017-09-22,4,0,TH_ZP26_GEN-APND,TH_ZP26_GEN-APND,TH_ZP26_GEN-APND,DAM,MCL,LMP_LOSS_PRC,TH_ZP26_GEN-APND,ALL_APNODES,0,-0.84074,436
2017-09-23T00:00:00-00:00,2017-09-23T01:00:00-00:00,2017-09-22,18,0,TH_ZP26_GEN-APND,TH_ZP26_GEN-APND,TH_ZP26_GEN-APND,DAM,MCL,LMP_LOSS_PRC,TH_ZP26_GEN-APND,ALL_APNODES,0,-1.36677,436
2017-09-23T04:00:00-00:00,2017-09-23T05:00:00-00:00,2017-09-22,22,0,TH_ZP26_GEN-APND,TH_ZP26_GEN-APND,TH_ZP26_GEN-APND,DAM,MCL,LMP_LOSS_PRC,TH_ZP26_GEN-APND,ALL_APNODES,0,-1.25922,436
2017-09-23T06:00:00-00:00,2017-09-23T07:00:00-00:00,2017-09-22,24,0,TH_ZP26_GEN-APND,TH_ZP26_GEN-APND,TH_ZP26_GEN-APND,DAM,MCL,LMP_LOSS_PRC,TH_ZP26_GEN-APND,ALL_APNODES,0,-1.01769,436
2017-09-22T17:00:00-00:00,2017-09-22T18:00:00-00:00,2017-09-22,11,0,TH_ZP26_GEN-APND,TH_ZP26_GEN-APND,TH_ZP26_GEN-APND,DAM,MCL,LMP_LOSS_PRC,TH_ZP26_GEN-APND,ALL_APNODES,0,-1.18477,436
2017-09-22T23:00:00-00:00,2017-09-23T00:00:00-00:00,2017-09-22,17,0,URBAN_6_N005,URBAN_6_N005,URBAN_6_N005,DAM,LMP,LMP_PRC,URBAN_6_N005,ALL,1,7.19088,437
2017-09-22T08:00:00-00:00,2017-09-22T09:00:00-00:00,2017-09-22,2,0,URBAN_6_N005,URBAN_6_N005,URBAN_6_N005,DAM,LMP,LMP_PRC,URBAN_6_N005,ALL,1,27.69715,437
2017-09-22T14:00:00-00:00,2017-09-22T15:00:00-00:00,2017-09-22,8,0,URBAN_6_N005,URBAN_6_N005,URBAN_6_N005,DAM,LMP,LMP_PRC,URBAN_6_N005,ALL,1,40.27762,437
2017-09-22T19:00:00-00:00,2017-09-22T20:00:00-00:00,2017-09-22,13,0,URBAN_6_N005,URBAN_6_N005,URBAN_6_N005,DAM,LMP,LMP_PRC,URBAN_6_N005,ALL,1,10.49263,437
2017-09-22T22:00:00-00:00,2017-09-22T23:00:00-00:00,2017-09-22,16,0,URBAN_6_N005,URBAN_6_N005,URBAN_6_N005,DAM,LMP,LMP_PRC,URBAN_6_N005,ALL,1,9.30662,437
2017-09-23T01:00:00-00:00,2017-09-23T02:00:00-00:00,2017-09-22,19,0,URBAN_6_N005,URBAN_6_N005,URBAN_6_N005,DAM,LMP,LMP_PRC,URBAN_6_N005,ALL,1,40.84927,437
2017-09-23T02:00:00-00:00,2017-09-23T03:00:00-00:00,2017-09-22,20,0,URBAN_6_N005,URBAN_6_N005,URBAN_6_N005,DAM,LMP,LMP_PRC,URBAN_6_N005,ALL,1,56.25166,437
2017-09-22T18:00:00-00:00,2017-09-22T19:00:00-00:00,2017-09-22,12,0,URBAN_6_N005,URBAN_6_N005,URBAN_6_N005,DAM,LMP,LMP_PRC,URBAN_6_N005,ALL,1,10.02517,437
2017-09-22T11:00:00-00:00,2017-09-22T12:00:00-00:00,2017-09-22,5,0,URBAN_6_N005,URBAN_6_N005,URBAN_6_N005,DAM,LMP,LMP_PRC,URBAN_6_N005,ALL,1,27.85863,437
2017-09-23T03:00:00-00:00,2017-09-23T04:00:00-00:00,2017-09-22,21,0,URBAN_6_N005,URBAN_6_N005,URBAN_6_N005,DAM,LMP,LMP_PRC,URBAN_6_N005,ALL,1,46.23939,437
2017-09-23T04:00:00-00:00,2017-09-23T05:00:00-00:00,2017-09-22,22,0,URBAN_6_N005,URBAN_6_N005,URBAN_6_N005,DAM,LMP,LMP_PRC,URBAN_6_N005,ALL,1,38.91189,437
2017-09-23T06:00:00-00:00,2017-09-23T07:00:00-00:00,2017-09-22,24,0,URBAN_6_N005,URBAN_6_N005,URBAN_6_N005,DAM,LMP,LMP_PRC,URBAN_6_N005,ALL,1,31.83319,437
2017-09-22T13:00:00-00:00,2017-09-22T14:00:00-00:00,2017-09-22,7,0,URBAN_6_N005,URBAN_6_N005,URBAN_6_N005,DAM,LMP,LMP_PRC,URBAN_6_N005,ALL,1,42.62595,437
2017-09-22T20:00:00-00:00,2017-09-22T21:00:00-00:00,2017-09-22,14,0,URBAN_6_N005,URBAN_6_N005,URBAN_6_N005,DAM,LMP,LMP_PRC,URBAN_6_N005,ALL,1,9.73433,437
2017-09-22T09:00:00-00:00,2017-09-22T10:00:00-00:00,2017-09-22,3,0,URBAN_6_N005,URBAN_6_N005,URBAN_6_N005,DAM,LMP,LMP_PRC,URBAN_6_N005,ALL,1,27.02228,437
2017-09-23T05:00:00-00:00,2017-09-23T06:00:00-00:00,2017-09-22,23,0,URBAN_6_N005,URBAN_6_N005,URBAN_6_N005,DAM,LMP,LMP_PRC,URBAN_6_N005,ALL,1,34.41168,437
2017-09-22T15:00:00-00:00,2017-09-22T16:00:00-00:00,2017-09-22,9,0,URBAN_6_N005,URBAN_6_N005,URBAN_6_N005,DAM,LMP,LMP_PRC,URBAN_6_N005,ALL,1,19.81873,437
2017-09-22T16:00:00-00:00,2017-09-22T17:00:00-00:00,2017-09-22,10,0,URBAN_6_N005,URBAN_6_N005,URBAN_6_N005,DAM,LMP,LMP_PRC,URBAN_6_N005,ALL,1,7.76252,437
2017-09-22T21:00:00-00:00,2017-09-22T22:00:00-00:00,2017-09-22,15,0,URBAN_6_N005,URBAN_6_N005,URBAN_6_N005,DAM,LMP,LMP_PRC,URBAN_6_N005,ALL,1,12.49456,437
2017-09-22T07:00:00-00:00,2017-09-22T08:00:00-00:00,2017-09-22,1,0,URBAN_6_N005,URBAN_6_N005,URBAN_6_N005,DAM,LMP,LMP_PRC,URBAN_6_N005,ALL,1,28.11409,437
2017-09-23T00:00:00-00:00,2017-09-23T01:00:00-00:00,2017-09-22,18,0,URBAN_6_N005,URBAN_6_N005,URBAN_6_N005,DAM,LMP,LMP_PRC,URBAN_6_N005,ALL,1,26.62925,437
2017-09-22T17:00:00-00:00,2017-09-22T18:00:00-00:00,2017-09-22,11,0,URBAN_6_N005,URBAN_6_N005,URBAN_6_N005,DAM,LMP,LMP_PRC,URBAN_6_N005,ALL,1,13.05296,437
2017-09-22T10:00:00-00:00,2017-09-22T11:00:00-00:00,2017-09-22,4,0,URBAN_6_N005,URBAN_6_N005,URBAN_6_N005,DAM,LMP,LMP_PRC,URBAN_6_N005,ALL,1,26.48605,437
2017-09-22T12:00:00-00:00,2017-09-22T13:00:00-00:00,2017-09-22,6,0,URBAN_6_N005,URBAN_6_N005,URBAN_6_N005,DAM,LMP,LMP_PRC,URBAN_6_N005,ALL,1,32.6255,437
2017-09-22T16:00:00-00:00,2017-09-22T17:00:00-00:00,2017-09-22,10,0,URBAN_6_N005,URBAN_6_N005,URBAN_6_N005,DAM,MCC,LMP_CONG_PRC,URBAN_6_N005,ALL,1,-18.6828,438
2017-09-23T00:00:00-00:00,2017-09-23T01:00:00-00:00,2017-09-22,18,0,URBAN_6_N005,URBAN_6_N005,URBAN_6_N005,DAM,MCC,LMP_CONG_PRC,URBAN_6_N005,ALL,1,-4.60586,438
2017-09-23T02:00:00-00:00,2017-09-23T03:00:00-00:00,2017-09-22,20,0,URBAN_6_N005,URBAN_6_N005,URBAN_6_N005,DAM,MCC,LMP_CONG_PRC,URBAN_6_N005,ALL,1,0,438
2017-09-22T15:00:00-00:00,2017-09-22T16:00:00-00:00,2017-09-22,9,0,URBAN_6_N005,URBAN_6_N005,URBAN_6_N005,DAM,MCC,LMP_CONG_PRC,URBAN_6_N005,ALL,1,-10.10883,438
2017-09-22T07:00:00-00:00,2017-09-22T08:00:00-00:00,2017-09-22,1,0,URBAN_6_N005,URBAN_6_N005,URBAN_6_N005,DAM,MCC,LMP_CONG_PRC,URBAN_6_N005,ALL,1,0,438
2017-09-22T22:00:00-00:00,2017-09-22T23:00:00-00:00,2017-09-22,16,0,URBAN_6_N005,URBAN_6_N005,URBAN_6_N005,DAM,MCC,LMP_CONG_PRC,URBAN_6_N005,ALL,1,-15.01025,438
2017-09-22T23:00:00-00:00,2017-09-23T00:00:00-00:00,2017-09-22,17,0,URBAN_6_N005,URBAN_6_N005,URBAN_6_N005,DAM,MCC,LMP_CONG_PRC,URBAN_6_N005,ALL,1,-19.27298,438
2017-09-23T03:00:00-00:00,2017-09-23T04:00:00-00:00,2017-09-22,21,0,URBAN_6_N005,URBAN_6_N005,URBAN_6_N005,DAM,MCC,LMP_CONG_PRC,URBAN_6_N005,ALL,1,0,438
2017-09-23T04:00:00-00:00,2017-09-23T05:00:00-00:00,2017-09-22,22,0,URBAN_6_N005,URBAN_6_N005,URBAN_6_N005,DAM,MCC,LMP_CONG_PRC,URBAN_6_N005,ALL,1,0,438
2017-09-23T05:00:00-00:00,2017-09-23T06:00:00-00:00,2017-09-22,23,0,URBAN_6_N005,URBAN_6_N005,URBAN_6_N005,DAM,MCC,LMP_CONG_PRC,URBAN_6_N005,ALL,1,0,438
2017-09-22T17:00:00-00:00,2017-09-22T18:00:00-00:00,2017-09-22,11,0,URBAN_6_N005,URBAN_6_N005,URBAN_6_N005,DAM,MCC,LMP_CONG_PRC,URBAN_6_N005,ALL,1,-9.56118,438
2017-09-22T21:00:00-00:00,2017-09-22T22:00:00-00:00,2017-09-22,15,0,URBAN_6_N005,URBAN_6_N005,URBAN_6_N005,DAM,MCC,LMP_CONG_PRC,URBAN_6_N005,ALL,1,-11.68056,438
2017-09-22T09:00:00-00:00,2017-09-22T10:00:00-00:00,2017-09-22,3,0,URBAN_6_N005,URBAN_6_N005,URBAN_6_N005,DAM,MCC,LMP_CONG_PRC,URBAN_6_N005,ALL,1,0,438
2017-09-23T01:00:00-00:00,2017-09-23T02:00:00-00:00,2017-09-22,19,0,URBAN_6_N005,URBAN_6_N005,URBAN_6_N005,DAM,MCC,LMP_CONG_PRC,URBAN_6_N005,ALL,1,-0.81394,438
2017-09-22T14:00:00-00:00,2017-09-22T15:00:00-00:00,2017-09-22,8,0,URBAN_6_N005,URBAN_6_N005,URBAN_6_N005,DAM,MCC,LMP_CONG_PRC,URBAN_6_N005,ALL,1,0,438
2017-09-22T18:00:00-00:00,2017-09-22T19:00:00-00:00,2017-09-22,12,0,URBAN_6_N005,URBAN_6_N005,URBAN_6_N005,DAM,MCC,LMP_CONG_PRC,URBAN_6_N005,ALL,1,-12.15482,438
2017-09-22T08:00:00-00:00,2017-09-22T09:00:00-00:00,2017-09-22,2,0,URBAN_6_N005,URBAN_6_N005,URBAN_6_N005,DAM,MCC,LMP_CONG_PRC,URBAN_6_N005,ALL,1,0,438
2017-09-23T06:00:00-00:00,2017-09-23T07:00:00-00:00,2017-09-22,24,0,URBAN_6_N005,URBAN_6_N005,URBAN_6_N005,DAM,MCC,LMP_CONG_PRC,URBAN_6_N005,ALL,1,0,438
2017-09-22T19:00:00-00:00,2017-09-22T20:00:00-00:00,2017-09-22,13,0,URBAN_6_N005,URBAN_6_N005,URBAN_6_N005,DAM,MCC,LMP_CONG_PRC,URBAN_6_N005,ALL,1,-11.72605,438
2017-09-22T20:00:00-00:00,2017-09-22T21:00:00-00:00,2017-09-22,14,0,URBAN_6_N005,URBAN_6_N005,URBAN_6_N005,DAM,MCC,LMP_CONG_PRC,URBAN_6_N005,ALL,1,-13.47374,438
2017-09-22T13:00:00-00:00,2017-09-22T14:00:00-00:00,2017-09-22,7,0,URBAN_6_N005,URBAN_6_N005,URBAN_6_N005,DAM,MCC,LMP_CONG_PRC,URBAN_6_N005,ALL,1,0,438
2017-09-22T10:00:00-00:00,2017-09-22T11:00:00-00:00,2017-09-22,4,0,URBAN_6_N005,URBAN_6_N005,URBAN_6_N005,DAM,MCC,LMP_CONG_PRC,URBAN_6_N005,ALL,1,0,438
2017-09-22T12:00:00-00:00,2017-09-22T13:00:00-00:00,2017-09-22,6,0,URBAN_6_N005,URBAN_6_N005,URBAN_6_N005,DAM,MCC,LMP_CONG_PRC,URBAN_6_N005,ALL,1,0,438
2017-09-22T11:00:00-00:00,2017-09-22T12:00:00-00:00,2017-09-22,5,0,URBAN_6_N005,URBAN_6_N005,URBAN_6_N005,DAM,MCC,LMP_CONG_PRC,URBAN_6_N005,ALL,1,0,438
2017-09-23T02:00:00-00:00,2017-09-23T03:00:00-00:00,2017-09-22,20,0,URBAN_6_N005,URBAN_6_N005,URBAN_6_N005,DAM,MCE,LMP_ENE_PRC,URBAN_6_N005,ALL,1,56.36439,439
2017-09-23T00:00:00-00:00,2017-09-23T01:00:00-00:00,2017-09-22,18,0,URBAN_6_N005,URBAN_6_N005,URBAN_6_N005,DAM,MCE,LMP_ENE_PRC,URBAN_6_N005,ALL,1,31.34796,439
2017-09-22T17:00:00-00:00,2017-09-22T18:00:00-00:00,2017-09-22,11,0,URBAN_6_N005,URBAN_6_N005,URBAN_6_N005,DAM,MCE,LMP_ENE_PRC,URBAN_6_N005,ALL,1,23.00522,439
2017-09-22T14:00:00-00:00,2017-09-22T15:00:00-00:00,2017-09-22,8,0,URBAN_6_N005,URBAN_6_N005,URBAN_6_N005,DAM,MCE,LMP_ENE_PRC,URBAN_6_N005,ALL,1,40.68858,439
2017-09-22T15:00:00-00:00,2017-09-22T16:00:00-00:00,2017-09-22,9,0,URBAN_6_N005,URBAN_6_N005,URBAN_6_N005,DAM,MCE,LMP_ENE_PRC,URBAN_6_N005,ALL,1,30.3156,439
2017-09-23T03:00:00-00:00,2017-09-23T04:00:00-00:00,2017-09-22,21,0,URBAN_6_N005,URBAN_6_N005,URBAN_6_N005,DAM,MCE,LMP_ENE_PRC,URBAN_6_N005,ALL,1,46.03683,439
2017-09-22T12:00:00-00:00,2017-09-22T13:00:00-00:00,2017-09-22,6,0,URBAN_6_N005,URBAN_6_N005,URBAN_6_N005,DAM,MCE,LMP_ENE_PRC,URBAN_6_N005,ALL,1,32.73023,439
2017-09-23T06:00:00-00:00,2017-09-23T07:00:00-00:00,2017-09-22,24,0,URBAN_6_N005,URBAN_6_N005,URBAN_6_N005,DAM,MCE,LMP_ENE_PRC,URBAN_6_N005,ALL,1,32.0028,439
2017-09-22T11:00:00-00:00,2017-09-22T12:00:00-00:00,2017-09-22,5,0,URBAN_6_N005,URBAN_6_N005,URBAN_6_N005,DAM,MCE,LMP_ENE_PRC,URBAN_6_N005,ALL,1,28.00988,439
2017-09-22T13:00:00-00:00,2017-09-22T14:00:00-00:00,2017-09-22,7,0,URBAN_6_N005,URBAN_6_N005,URBAN_6_N005,DAM,MCE,LMP_ENE_PRC,URBAN_6_N005,ALL,1,42.70281,439
2017-09-23T04:00:00-00:00,2017-09-23T05:00:00-00:00,2017-09-22,22,0,URBAN_6_N005,URBAN_6_N005,URBAN_6_N005,DAM,MCE,LMP_ENE_PRC,URBAN_6_N005,ALL,1,38.74529,439
2017-09-22T10:00:00-00:00,2017-09-22T11:00:00-00:00,2017-09-22,4,0,URBAN_6_N005,URBAN_6_N005,URBAN_6_N005,DAM,MCE,LMP_ENE_PRC,URBAN_6_N005,ALL,1,26.77522,439
2017-09-22T20:00:00-00:00,2017-09-22T21:00:00-00:00,2017-09-22,14,0,URBAN_6_N005,URBAN_6_N005,URBAN_6_N005,DAM,MCE,LMP_ENE_PRC,URBAN_6_N005,ALL,1,23.56627,439
2017-09-22T18:00:00-00:00,2017-09-22T19:00:00-00:00,2017-09-22,12,0,URBAN_6_N005,URBAN_6_N005,URBAN_6_N005,DAM,MCE,LMP_ENE_PRC,URBAN_6_N005,ALL,1,22.59115,439
2017-09-22T23:00:00-00:00,2017-09-23T00:00:00-00:00,2017-09-22,17,0,URBAN_6_N005,URBAN_6_N005,URBAN_6_N005,DAM,MCE,LMP_ENE_PRC,URBAN_6_N005,ALL,1,26.76361,439
2017-09-22T22:00:00-00:00,2017-09-22T23:00:00-00:00,2017-09-22,16,0,URBAN_6_N005,URBAN_6_N005,URBAN_6_N005,DAM,MCE,LMP_ENE_PRC,URBAN_6_N005,ALL,1,24.6147,439
2017-09-22T09:00:00-00:00,2017-09-22T10:00:00-00:00,2017-09-22,3,0,URBAN_6_N005,URBAN_6_N005,URBAN_6_N005,DAM,MCE,LMP_ENE_PRC,URBAN_6_N005,ALL,1,27.3035,439
2017-09-22T07:00:00-00:00,2017-09-22T08:00:00-00:00,2017-09-22,1,0,URBAN_6_N005,URBAN_6_N005,URBAN_6_N005,DAM,MCE,LMP_ENE_PRC,URBAN_6_N005,ALL,1,28.27241,439
2017-09-22T19:00:00-00:00,2017-09-22T20:00:00-00:00,2017-09-22,13,0,URBAN_6_N005,URBAN_6_N005,URBAN_6_N005,DAM,MCE,LMP_ENE_PRC,URBAN_6_N005,ALL,1,22.57996,439
2017-09-23T05:00:00-00:00,2017-09-23T06:00:00-00:00,2017-09-22,23,0,URBAN_6_N005,URBAN_6_N005,URBAN_6_N005,DAM,MCE,LMP_ENE_PRC,URBAN_6_N005,ALL,1,34.44957,439
2017-09-22T21:00:00-00:00,2017-09-22T22:00:00-00:00,2017-09-22,15,0,URBAN_6_N005,URBAN_6_N005,URBAN_6_N005,DAM,MCE,LMP_ENE_PRC,URBAN_6_N005,ALL,1,24.55074,439
2017-09-22T16:00:00-00:00,2017-09-22T17:00:00-00:00,2017-09-22,10,0,URBAN_6_N005,URBAN_6_N005,URBAN_6_N005,DAM,MCE,LMP_ENE_PRC,URBAN_6_N005,ALL,1,26.82081,439
2017-09-23T01:00:00-00:00,2017-09-23T02:00:00-00:00,2017-09-22,19,0,URBAN_6_N005,URBAN_6_N005,URBAN_6_N005,DAM,MCE,LMP_ENE_PRC,URBAN_6_N005,ALL,1,41.47657,439
2017-09-22T08:00:00-00:00,2017-09-22T09:00:00-00:00,2017-09-22,2,0,URBAN_6_N005,URBAN_6_N005,URBAN_6_N005,DAM,MCE,LMP_ENE_PRC,URBAN_6_N005,ALL,1,27.92333,439
2017-09-23T03:00:00-00:00,2017-09-23T04:00:00-00:00,2017-09-22,21,0,URBAN_6_N005,URBAN_6_N005,URBAN_6_N005,DAM,MCL,LMP_LOSS_PRC,URBAN_6_N005,ALL,1,0.20256,440
2017-09-22T14:00:00-00:00,2017-09-22T15:00:00-00:00,2017-09-22,8,0,URBAN_6_N005,URBAN_6_N005,URBAN_6_N005,DAM,MCL,LMP_LOSS_PRC,URBAN_6_N005,ALL,1,-0.41095,440
2017-09-22T10:00:00-00:00,2017-09-22T11:00:00-00:00,2017-09-22,4,0,URBAN_6_N005,URBAN_6_N005,URBAN_6_N005,DAM,MCL,LMP_LOSS_PRC,URBAN_6_N005,ALL,1,-0.28917,440
2017-09-22T09:00:00-00:00,2017-09-22T10:00:00-00:00,2017-09-22,3,0,URBAN_6_N005,URBAN_6_N005,URBAN_6_N005,DAM,MCL,LMP_LOSS_PRC,URBAN_6_N005,ALL,1,-0.28123,440
2017-09-22T20:00:00-00:00,2017-09-22T21:00:00-00:00,2017-09-22,14,0,URBAN_6_N005,URBAN_6_N005,URBAN_6_N005,DAM,MCL,LMP_LOSS_PRC,URBAN_6_N005,ALL,1,-0.35821,440
2017-09-22T16:00:00-00:00,2017-09-22T17:00:00-00:00,2017-09-22,10,0,URBAN_6_N005,URBAN_6_N005,URBAN_6_N005,DAM,MCL,LMP_LOSS_PRC,URBAN_6_N005,ALL,1,-0.37549,440
2017-09-22T15:00:00-00:00,2017-09-22T16:00:00-00:00,2017-09-22,9,0,URBAN_6_N005,URBAN_6_N005,URBAN_6_N005,DAM,MCL,LMP_LOSS_PRC,URBAN_6_N005,ALL,1,-0.38804,440
2017-09-23T04:00:00-00:00,2017-09-23T05:00:00-00:00,2017-09-22,22,0,URBAN_6_N005,URBAN_6_N005,URBAN_6_N005,DAM,MCL,LMP_LOSS_PRC,URBAN_6_N005,ALL,1,0.1666,440
2017-09-23T01:00:00-00:00,2017-09-23T02:00:00-00:00,2017-09-22,19,0,URBAN_6_N005,URBAN_6_N005,URBAN_6_N005,DAM,MCL,LMP_LOSS_PRC,URBAN_6_N005,ALL,1,0.18664,440
2017-09-22T23:00:00-00:00,2017-09-23T00:00:00-00:00,2017-09-22,17,0,URBAN_6_N005,URBAN_6_N005,URBAN_6_N005,DAM,MCL,LMP_LOSS_PRC,URBAN_6_N005,ALL,1,-0.29975,440
2017-09-22T13:00:00-00:00,2017-09-22T14:00:00-00:00,2017-09-22,7,0,URBAN_6_N005,URBAN_6_N005,URBAN_6_N005,DAM,MCL,LMP_LOSS_PRC,URBAN_6_N005,ALL,1,-0.07687,440
2017-09-23T00:00:00-00:00,2017-09-23T01:00:00-00:00,2017-09-22,18,0,URBAN_6_N005,URBAN_6_N005,URBAN_6_N005,DAM,MCL,LMP_LOSS_PRC,URBAN_6_N005,ALL,1,-0.11285,440
2017-09-22T22:00:00-00:00,2017-09-22T23:00:00-00:00,2017-09-22,16,0,URBAN_6_N005,URBAN_6_N005,URBAN_6_N005,DAM,MCL,LMP_LOSS_PRC,URBAN_6_N005,ALL,1,-0.29784,440
2017-09-23T06:00:00-00:00,2017-09-23T07:00:00-00:00,2017-09-22,24,0,URBAN_6_N005,URBAN_6_N005,URBAN_6_N005,DAM,MCL,LMP_LOSS_PRC,URBAN_6_N005,ALL,1,-0.16961,440
2017-09-22T19:00:00-00:00,2017-09-22T20:00:00-00:00,2017-09-22,13,0,URBAN_6_N005,URBAN_6_N005,URBAN_6_N005,DAM,MCL,LMP_LOSS_PRC,URBAN_6_N005,ALL,1,-0.36128,440
2017-09-22T08:00:00-00:00,2017-09-22T09:00:00-00:00,2017-09-22,2,0,URBAN_6_N005,URBAN_6_N005,URBAN_6_N005,DAM,MCL,LMP_LOSS_PRC,URBAN_6_N005,ALL,1,-0.22618,440
2017-09-23T05:00:00-00:00,2017-09-23T06:00:00-00:00,2017-09-22,23,0,URBAN_6_N005,URBAN_6_N005,URBAN_6_N005,DAM,MCL,LMP_LOSS_PRC,URBAN_6_N005,ALL,1,-0.03789,440
2017-09-22T11:00:00-00:00,2017-09-22T12:00:00-00:00,2017-09-22,5,0,URBAN_6_N005,URBAN_6_N005,URBAN_6_N005,DAM,MCL,LMP_LOSS_PRC,URBAN_6_N005,ALL,1,-0.15125,440
2017-09-22T07:00:00-00:00,2017-09-22T08:00:00-00:00,2017-09-22,1,0,URBAN_6_N005,URBAN_6_N005,URBAN_6_N005,DAM,MCL,LMP_LOSS_PRC,URBAN_6_N005,ALL,1,-0.15833,440
2017-09-22T18:00:00-00:00,2017-09-22T19:00:00-00:00,2017-09-22,12,0,URBAN_6_N005,URBAN_6_N005,URBAN_6_N005,DAM,MCL,LMP_LOSS_PRC,URBAN_6_N005,ALL,1,-0.41116,440
2017-09-22T17:00:00-00:00,2017-09-22T18:00:00-00:00,2017-09-22,11,0,URBAN_6_N005,URBAN_6_N005,URBAN_6_N005,DAM,MCL,LMP_LOSS_PRC,URBAN_6_N005,ALL,1,-0.39109,440
2017-09-22T12:00:00-00:00,2017-09-22T13:00:00-00:00,2017-09-22,6,0,URBAN_6_N005,URBAN_6_N005,URBAN_6_N005,DAM,MCL,LMP_LOSS_PRC,URBAN_6_N005,ALL,1,-0.10474,440
2017-09-23T02:00:00-00:00,2017-09-23T03:00:00-00:00,2017-09-22,20,0,URBAN_6_N005,URBAN_6_N005,URBAN_6_N005,DAM,MCL,LMP_LOSS_PRC,URBAN_6_N005,ALL,1,-0.11273,440
2017-09-22T21:00:00-00:00,2017-09-22T22:00:00-00:00,2017-09-22,15,0,URBAN_6_N005,URBAN_6_N005,URBAN_6_N005,DAM,MCL,LMP_LOSS_PRC,URBAN_6_N005,ALL,1,-0.37563,440
2017-09-24T04:00:00-00:00,2017-09-24T05:00:00-00:00,2017-09-23,22,0,BAYSHOR2_1_N001,BAYSHOR2_1_N001,BAYSHOR2_1_N001,DAM,LMP,LMP_PRC,BAYSHOR2_1_N001,ALL,1,39.48251,441
2017-09-24T05:00:00-00:00,2017-09-24T06:00:00-00:00,2017-09-23,23,0,BAYSHOR2_1_N001,BAYSHOR2_1_N001,BAYSHOR2_1_N001,DAM,LMP,LMP_PRC,BAYSHOR2_1_N001,ALL,1,36.11899,441
2017-09-23T09:00:00-00:00,2017-09-23T10:00:00-00:00,2017-09-23,3,0,BAYSHOR2_1_N001,BAYSHOR2_1_N001,BAYSHOR2_1_N001,DAM,LMP,LMP_PRC,BAYSHOR2_1_N001,ALL,1,30.7016,441
2017-09-23T23:00:00-00:00,2017-09-24T00:00:00-00:00,2017-09-23,17,0,BAYSHOR2_1_N001,BAYSHOR2_1_N001,BAYSHOR2_1_N001,DAM,LMP,LMP_PRC,BAYSHOR2_1_N001,ALL,1,25.70889,441
2017-09-23T22:00:00-00:00,2017-09-23T23:00:00-00:00,2017-09-23,16,0,BAYSHOR2_1_N001,BAYSHOR2_1_N001,BAYSHOR2_1_N001,DAM,LMP,LMP_PRC,BAYSHOR2_1_N001,ALL,1,20.71593,441
2017-09-23T12:00:00-00:00,2017-09-23T13:00:00-00:00,2017-09-23,6,0,BAYSHOR2_1_N001,BAYSHOR2_1_N001,BAYSHOR2_1_N001,DAM,LMP,LMP_PRC,BAYSHOR2_1_N001,ALL,1,32.0234,441
2017-09-24T01:00:00-00:00,2017-09-24T02:00:00-00:00,2017-09-23,19,0,BAYSHOR2_1_N001,BAYSHOR2_1_N001,BAYSHOR2_1_N001,DAM,LMP,LMP_PRC,BAYSHOR2_1_N001,ALL,1,43.64834,441
2017-09-23T21:00:00-00:00,2017-09-23T22:00:00-00:00,2017-09-23,15,0,BAYSHOR2_1_N001,BAYSHOR2_1_N001,BAYSHOR2_1_N001,DAM,LMP,LMP_PRC,BAYSHOR2_1_N001,ALL,1,16.87305,441
2017-09-23T11:00:00-00:00,2017-09-23T12:00:00-00:00,2017-09-23,5,0,BAYSHOR2_1_N001,BAYSHOR2_1_N001,BAYSHOR2_1_N001,DAM,LMP,LMP_PRC,BAYSHOR2_1_N001,ALL,1,30.37522,441
2017-09-23T07:00:00-00:00,2017-09-23T08:00:00-00:00,2017-09-23,1,0,BAYSHOR2_1_N001,BAYSHOR2_1_N001,BAYSHOR2_1_N001,DAM,LMP,LMP_PRC,BAYSHOR2_1_N001,ALL,1,30.06398,441
2017-09-23T18:00:00-00:00,2017-09-23T19:00:00-00:00,2017-09-23,12,0,BAYSHOR2_1_N001,BAYSHOR2_1_N001,BAYSHOR2_1_N001,DAM,LMP,LMP_PRC,BAYSHOR2_1_N001,ALL,1,8.64094,441
2017-09-24T03:00:00-00:00,2017-09-24T04:00:00-00:00,2017-09-23,21,0,BAYSHOR2_1_N001,BAYSHOR2_1_N001,BAYSHOR2_1_N001,DAM,LMP,LMP_PRC,BAYSHOR2_1_N001,ALL,1,47.22394,441
2017-09-24T02:00:00-00:00,2017-09-24T03:00:00-00:00,2017-09-23,20,0,BAYSHOR2_1_N001,BAYSHOR2_1_N001,BAYSHOR2_1_N001,DAM,LMP,LMP_PRC,BAYSHOR2_1_N001,ALL,1,55.41964,441
2017-09-23T10:00:00-00:00,2017-09-23T11:00:00-00:00,2017-09-23,4,0,BAYSHOR2_1_N001,BAYSHOR2_1_N001,BAYSHOR2_1_N001,DAM,LMP,LMP_PRC,BAYSHOR2_1_N001,ALL,1,29.92105,441
2017-09-23T13:00:00-00:00,2017-09-23T14:00:00-00:00,2017-09-23,7,0,BAYSHOR2_1_N001,BAYSHOR2_1_N001,BAYSHOR2_1_N001,DAM,LMP,LMP_PRC,BAYSHOR2_1_N001,ALL,1,30.93423,441
2017-09-23T14:00:00-00:00,2017-09-23T15:00:00-00:00,2017-09-23,8,0,BAYSHOR2_1_N001,BAYSHOR2_1_N001,BAYSHOR2_1_N001,DAM,LMP,LMP_PRC,BAYSHOR2_1_N001,ALL,1,29.07881,441
2017-09-23T19:00:00-00:00,2017-09-23T20:00:00-00:00,2017-09-23,13,0,BAYSHOR2_1_N001,BAYSHOR2_1_N001,BAYSHOR2_1_N001,DAM,LMP,LMP_PRC,BAYSHOR2_1_N001,ALL,1,10.78473,441
2017-09-23T17:00:00-00:00,2017-09-23T18:00:00-00:00,2017-09-23,11,0,BAYSHOR2_1_N001,BAYSHOR2_1_N001,BAYSHOR2_1_N001,DAM,LMP,LMP_PRC,BAYSHOR2_1_N001,ALL,1,7.05097,441
2017-09-23T15:00:00-00:00,2017-09-23T16:00:00-00:00,2017-09-23,9,0,BAYSHOR2_1_N001,BAYSHOR2_1_N001,BAYSHOR2_1_N001,DAM,LMP,LMP_PRC,BAYSHOR2_1_N001,ALL,1,24.20327,441
2017-09-24T06:00:00-00:00,2017-09-24T07:00:00-00:00,2017-09-23,24,0,BAYSHOR2_1_N001,BAYSHOR2_1_N001,BAYSHOR2_1_N001,DAM,LMP,LMP_PRC,BAYSHOR2_1_N001,ALL,1,32.99852,441
2017-09-23T08:00:00-00:00,2017-09-23T09:00:00-00:00,2017-09-23,2,0,BAYSHOR2_1_N001,BAYSHOR2_1_N001,BAYSHOR2_1_N001,DAM,LMP,LMP_PRC,BAYSHOR2_1_N001,ALL,1,28.71443,441
2017-09-23T20:00:00-00:00,2017-09-23T21:00:00-00:00,2017-09-23,14,0,BAYSHOR2_1_N001,BAYSHOR2_1_N001,BAYSHOR2_1_N001,DAM,LMP,LMP_PRC,BAYSHOR2_1_N001,ALL,1,14.59627,441
2017-09-23T16:00:00-00:00,2017-09-23T17:00:00-00:00,2017-09-23,10,0,BAYSHOR2_1_N001,BAYSHOR2_1_N001,BAYSHOR2_1_N001,DAM,LMP,LMP_PRC,BAYSHOR2_1_N001,ALL,1,15.39828,441
2017-09-24T00:00:00-00:00,2017-09-24T01:00:00-00:00,2017-09-23,18,0,BAYSHOR2_1_N001,BAYSHOR2_1_N001,BAYSHOR2_1_N001,DAM,LMP,LMP_PRC,BAYSHOR2_1_N001,ALL,1,30.76703,441
2017-09-24T01:00:00-00:00,2017-09-24T02:00:00-00:00,2017-09-23,19,0,BAYSHOR2_1_N001,BAYSHOR2_1_N001,BAYSHOR2_1_N001,DAM,MCC,LMP_CONG_PRC,BAYSHOR2_1_N001,ALL,1,0,442
2017-09-23T22:00:00-00:00,2017-09-23T23:00:00-00:00,2017-09-23,16,0,BAYSHOR2_1_N001,BAYSHOR2_1_N001,BAYSHOR2_1_N001,DAM,MCC,LMP_CONG_PRC,BAYSHOR2_1_N001,ALL,1,-0.28401,442
2017-09-23T09:00:00-00:00,2017-09-23T10:00:00-00:00,2017-09-23,3,0,BAYSHOR2_1_N001,BAYSHOR2_1_N001,BAYSHOR2_1_N001,DAM,MCC,LMP_CONG_PRC,BAYSHOR2_1_N001,ALL,1,0,442
2017-09-23T18:00:00-00:00,2017-09-23T19:00:00-00:00,2017-09-23,12,0,BAYSHOR2_1_N001,BAYSHOR2_1_N001,BAYSHOR2_1_N001,DAM,MCC,LMP_CONG_PRC,BAYSHOR2_1_N001,ALL,1,-0.16309,442
2017-09-23T15:00:00-00:00,2017-09-23T16:00:00-00:00,2017-09-23,9,0,BAYSHOR2_1_N001,BAYSHOR2_1_N001,BAYSHOR2_1_N001,DAM,MCC,LMP_CONG_PRC,BAYSHOR2_1_N001,ALL,1,0,442
2017-09-24T06:00:00-00:00,2017-09-24T07:00:00-00:00,2017-09-23,24,0,BAYSHOR2_1_N001,BAYSHOR2_1_N001,BAYSHOR2_1_N001,DAM,MCC,LMP_CONG_PRC,BAYSHOR2_1_N001,ALL,1,0,442
2017-09-23T23:00:00-00:00,2017-09-24T00:00:00-00:00,2017-09-23,17,0,BAYSHOR2_1_N001,BAYSHOR2_1_N001,BAYSHOR2_1_N001,DAM,MCC,LMP_CONG_PRC,BAYSHOR2_1_N001,ALL,1,0,442
2017-09-23T11:00:00-00:00,2017-09-23T12:00:00-00:00,2017-09-23,5,0,BAYSHOR2_1_N001,BAYSHOR2_1_N001,BAYSHOR2_1_N001,DAM,MCC,LMP_CONG_PRC,BAYSHOR2_1_N001,ALL,1,0,442
2017-09-23T16:00:00-00:00,2017-09-23T17:00:00-00:00,2017-09-23,10,0,BAYSHOR2_1_N001,BAYSHOR2_1_N001,BAYSHOR2_1_N001,DAM,MCC,LMP_CONG_PRC,BAYSHOR2_1_N001,ALL,1,-0.88452,442
2017-09-24T04:00:00-00:00,2017-09-24T05:00:00-00:00,2017-09-23,22,0,BAYSHOR2_1_N001,BAYSHOR2_1_N001,BAYSHOR2_1_N001,DAM,MCC,LMP_CONG_PRC,BAYSHOR2_1_N001,ALL,1,0,442
2017-09-24T02:00:00-00:00,2017-09-24T03:00:00-00:00,2017-09-23,20,0,BAYSHOR2_1_N001,BAYSHOR2_1_N001,BAYSHOR2_1_N001,DAM,MCC,LMP_CONG_PRC,BAYSHOR2_1_N001,ALL,1,0,442
2017-09-24T00:00:00-00:00,2017-09-24T01:00:00-00:00,2017-09-23,18,0,BAYSHOR2_1_N001,BAYSHOR2_1_N001,BAYSHOR2_1_N001,DAM,MCC,LMP_CONG_PRC,BAYSHOR2_1_N001,ALL,1,0,442
2017-09-23T12:00:00-00:00,2017-09-23T13:00:00-00:00,2017-09-23,6,0,BAYSHOR2_1_N001,BAYSHOR2_1_N001,BAYSHOR2_1_N001,DAM,MCC,LMP_CONG_PRC,BAYSHOR2_1_N001,ALL,1,0,442
2017-09-23T10:00:00-00:00,2017-09-23T11:00:00-00:00,2017-09-23,4,0,BAYSHOR2_1_N001,BAYSHOR2_1_N001,BAYSHOR2_1_N001,DAM,MCC,LMP_CONG_PRC,BAYSHOR2_1_N001,ALL,1,0,442
2017-09-23T07:00:00-00:00,2017-09-23T08:00:00-00:00,2017-09-23,1,0,BAYSHOR2_1_N001,BAYSHOR2_1_N001,BAYSHOR2_1_N001,DAM,MCC,LMP_CONG_PRC,BAYSHOR2_1_N001,ALL,1,0,442
2017-09-23T17:00:00-00:00,2017-09-23T18:00:00-00:00,2017-09-23,11,0,BAYSHOR2_1_N001,BAYSHOR2_1_N001,BAYSHOR2_1_N001,DAM,MCC,LMP_CONG_PRC,BAYSHOR2_1_N001,ALL,1,-0.04428,442
2017-09-24T05:00:00-00:00,2017-09-24T06:00:00-00:00,2017-09-23,23,0,BAYSHOR2_1_N001,BAYSHOR2_1_N001,BAYSHOR2_1_N001,DAM,MCC,LMP_CONG_PRC,BAYSHOR2_1_N001,ALL,1,0,442
2017-09-24T03:00:00-00:00,2017-09-24T04:00:00-00:00,2017-09-23,21,0,BAYSHOR2_1_N001,BAYSHOR2_1_N001,BAYSHOR2_1_N001,DAM,MCC,LMP_CONG_PRC,BAYSHOR2_1_N001,ALL,1,0,442
2017-09-23T19:00:00-00:00,2017-09-23T20:00:00-00:00,2017-09-23,13,0,BAYSHOR2_1_N001,BAYSHOR2_1_N001,BAYSHOR2_1_N001,DAM,MCC,LMP_CONG_PRC,BAYSHOR2_1_N001,ALL,1,-0.13344,442
2017-09-23T21:00:00-00:00,2017-09-23T22:00:00-00:00,2017-09-23,15,0,BAYSHOR2_1_N001,BAYSHOR2_1_N001,BAYSHOR2_1_N001,DAM,MCC,LMP_CONG_PRC,BAYSHOR2_1_N001,ALL,1,-0.08509,442
2017-09-23T20:00:00-00:00,2017-09-23T21:00:00-00:00,2017-09-23,14,0,BAYSHOR2_1_N001,BAYSHOR2_1_N001,BAYSHOR2_1_N001,DAM,MCC,LMP_CONG_PRC,BAYSHOR2_1_N001,ALL,1,-0.36581,442
2017-09-23T13:00:00-00:00,2017-09-23T14:00:00-00:00,2017-09-23,7,0,BAYSHOR2_1_N001,BAYSHOR2_1_N001,BAYSHOR2_1_N001,DAM,MCC,LMP_CONG_PRC,BAYSHOR2_1_N001,ALL,1,0,442
2017-09-23T14:00:00-00:00,2017-09-23T15:00:00-00:00,2017-09-23,8,0,BAYSHOR2_1_N001,BAYSHOR2_1_N001,BAYSHOR2_1_N001,DAM,MCC,LMP_CONG_PRC,BAYSHOR2_1_N001,ALL,1,0,442
2017-09-23T08:00:00-00:00,2017-09-23T09:00:00-00:00,2017-09-23,2,0,BAYSHOR2_1_N001,BAYSHOR2_1_N001,BAYSHOR2_1_N001,DAM,MCC,LMP_CONG_PRC,BAYSHOR2_1_N001,ALL,1,0,442
2017-09-23T08:00:00-00:00,2017-09-23T09:00:00-00:00,2017-09-23,2,0,BAYSHOR2_1_N001,BAYSHOR2_1_N001,BAYSHOR2_1_N001,DAM,MCE,LMP_ENE_PRC,BAYSHOR2_1_N001,ALL,1,27.70326,443
2017-09-23T17:00:00-00:00,2017-09-23T18:00:00-00:00,2017-09-23,11,0,BAYSHOR2_1_N001,BAYSHOR2_1_N001,BAYSHOR2_1_N001,DAM,MCE,LMP_ENE_PRC,BAYSHOR2_1_N001,ALL,1,6.73109,443
2017-09-23T14:00:00-00:00,2017-09-23T15:00:00-00:00,2017-09-23,8,0,BAYSHOR2_1_N001,BAYSHOR2_1_N001,BAYSHOR2_1_N001,DAM,MCE,LMP_ENE_PRC,BAYSHOR2_1_N001,ALL,1,28.07919,443
2017-09-24T03:00:00-00:00,2017-09-24T04:00:00-00:00,2017-09-23,21,0,BAYSHOR2_1_N001,BAYSHOR2_1_N001,BAYSHOR2_1_N001,DAM,MCE,LMP_ENE_PRC,BAYSHOR2_1_N001,ALL,1,45.76406,443
2017-09-23T18:00:00-00:00,2017-09-23T19:00:00-00:00,2017-09-23,12,0,BAYSHOR2_1_N001,BAYSHOR2_1_N001,BAYSHOR2_1_N001,DAM,MCE,LMP_ENE_PRC,BAYSHOR2_1_N001,ALL,1,8.35297,443
2017-09-23T23:00:00-00:00,2017-09-24T00:00:00-00:00,2017-09-23,17,0,BAYSHOR2_1_N001,BAYSHOR2_1_N001,BAYSHOR2_1_N001,DAM,MCE,LMP_ENE_PRC,BAYSHOR2_1_N001,ALL,1,24.41027,443
2017-09-23T07:00:00-00:00,2017-09-23T08:00:00-00:00,2017-09-23,1,0,BAYSHOR2_1_N001,BAYSHOR2_1_N001,BAYSHOR2_1_N001,DAM,MCE,LMP_ENE_PRC,BAYSHOR2_1_N001,ALL,1,28.98851,443
2017-09-23T10:00:00-00:00,2017-09-23T11:00:00-00:00,2017-09-23,4,0,BAYSHOR2_1_N001,BAYSHOR2_1_N001,BAYSHOR2_1_N001,DAM,MCE,LMP_ENE_PRC,BAYSHOR2_1_N001,ALL,1,29.06368,443
2017-09-23T21:00:00-00:00,2017-09-23T22:00:00-00:00,2017-09-23,15,0,BAYSHOR2_1_N001,BAYSHOR2_1_N001,BAYSHOR2_1_N001,DAM,MCE,LMP_ENE_PRC,BAYSHOR2_1_N001,ALL,1,16.05884,443
2017-09-23T12:00:00-00:00,2017-09-23T13:00:00-00:00,2017-09-23,6,0,BAYSHOR2_1_N001,BAYSHOR2_1_N001,BAYSHOR2_1_N001,DAM,MCE,LMP_ENE_PRC,BAYSHOR2_1_N001,ALL,1,31.12392,443
2017-09-23T13:00:00-00:00,2017-09-23T14:00:00-00:00,2017-09-23,7,0,BAYSHOR2_1_N001,BAYSHOR2_1_N001,BAYSHOR2_1_N001,DAM,MCE,LMP_ENE_PRC,BAYSHOR2_1_N001,ALL,1,30.00992,443
2017-09-24T06:00:00-00:00,2017-09-24T07:00:00-00:00,2017-09-23,24,0,BAYSHOR2_1_N001,BAYSHOR2_1_N001,BAYSHOR2_1_N001,DAM,MCE,LMP_ENE_PRC,BAYSHOR2_1_N001,ALL,1,31.89495,443
2017-09-23T15:00:00-00:00,2017-09-23T16:00:00-00:00,2017-09-23,9,0,BAYSHOR2_1_N001,BAYSHOR2_1_N001,BAYSHOR2_1_N001,DAM,MCE,LMP_ENE_PRC,BAYSHOR2_1_N001,ALL,1,23.06171,443
2017-09-23T16:00:00-00:00,2017-09-23T17:00:00-00:00,2017-09-23,10,0,BAYSHOR2_1_N001,BAYSHOR2_1_N001,BAYSHOR2_1_N001,DAM,MCE,LMP_ENE_PRC,BAYSHOR2_1_N001,ALL,1,15.44417,443
2017-09-23T22:00:00-00:00,2017-09-23T23:00:00-00:00,2017-09-23,16,0,BAYSHOR2_1_N001,BAYSHOR2_1_N001,BAYSHOR2_1_N001,DAM,MCE,LMP_ENE_PRC,BAYSHOR2_1_N001,ALL,1,19.95813,443
2017-09-24T00:00:00-00:00,2017-09-24T01:00:00-00:00,2017-09-23,18,0,BAYSHOR2_1_N001,BAYSHOR2_1_N001,BAYSHOR2_1_N001,DAM,MCE,LMP_ENE_PRC,BAYSHOR2_1_N001,ALL,1,29.45341,443
2017-09-24T01:00:00-00:00,2017-09-24T02:00:00-00:00,2017-09-23,19,0,BAYSHOR2_1_N001,BAYSHOR2_1_N001,BAYSHOR2_1_N001,DAM,MCE,LMP_ENE_PRC,BAYSHOR2_1_N001,ALL,1,42.26214,443
2017-09-24T04:00:00-00:00,2017-09-24T05:00:00-00:00,2017-09-23,22,0,BAYSHOR2_1_N001,BAYSHOR2_1_N001,BAYSHOR2_1_N001,DAM,MCE,LMP_ENE_PRC,BAYSHOR2_1_N001,ALL,1,38.37725,443
2017-09-23T20:00:00-00:00,2017-09-23T21:00:00-00:00,2017-09-23,14,0,BAYSHOR2_1_N001,BAYSHOR2_1_N001,BAYSHOR2_1_N001,DAM,MCE,LMP_ENE_PRC,BAYSHOR2_1_N001,ALL,1,14.19957,443
2017-09-23T19:00:00-00:00,2017-09-23T20:00:00-00:00,2017-09-23,13,0,BAYSHOR2_1_N001,BAYSHOR2_1_N001,BAYSHOR2_1_N001,DAM,MCE,LMP_ENE_PRC,BAYSHOR2_1_N001,ALL,1,10.3529,443
2017-09-23T09:00:00-00:00,2017-09-23T10:00:00-00:00,2017-09-23,3,0,BAYSHOR2_1_N001,BAYSHOR2_1_N001,BAYSHOR2_1_N001,DAM,MCE,LMP_ENE_PRC,BAYSHOR2_1_N001,ALL,1,29.77846,443
2017-09-23T11:00:00-00:00,2017-09-23T12:00:00-00:00,2017-09-23,5,0,BAYSHOR2_1_N001,BAYSHOR2_1_N001,BAYSHOR2_1_N001,DAM,MCE,LMP_ENE_PRC,BAYSHOR2_1_N001,ALL,1,29.41055,443
2017-09-24T02:00:00-00:00,2017-09-24T03:00:00-00:00,2017-09-23,20,0,BAYSHOR2_1_N001,BAYSHOR2_1_N001,BAYSHOR2_1_N001,DAM,MCE,LMP_ENE_PRC,BAYSHOR2_1_N001,ALL,1,53.57143,443
2017-09-24T05:00:00-00:00,2017-09-24T06:00:00-00:00,2017-09-23,23,0,BAYSHOR2_1_N001,BAYSHOR2_1_N001,BAYSHOR2_1_N001,DAM,MCE,LMP_ENE_PRC,BAYSHOR2_1_N001,ALL,1,34.87736,443
2017-09-23T14:00:00-00:00,2017-09-23T15:00:00-00:00,2017-09-23,8,0,BAYSHOR2_1_N001,BAYSHOR2_1_N001,BAYSHOR2_1_N001,DAM,MCL,LMP_LOSS_PRC,BAYSHOR2_1_N001,ALL,1,0.99962,444
2017-09-24T05:00:00-00:00,2017-09-24T06:00:00-00:00,2017-09-23,23,0,BAYSHOR2_1_N001,BAYSHOR2_1_N001,BAYSHOR2_1_N001,DAM,MCL,LMP_LOSS_PRC,BAYSHOR2_1_N001,ALL,1,1.24163,444
2017-09-23T13:00:00-00:00,2017-09-23T14:00:00-00:00,2017-09-23,7,0,BAYSHOR2_1_N001,BAYSHOR2_1_N001,BAYSHOR2_1_N001,DAM,MCL,LMP_LOSS_PRC,BAYSHOR2_1_N001,ALL,1,0.92431,444
2017-09-23T15:00:00-00:00,2017-09-23T16:00:00-00:00,2017-09-23,9,0,BAYSHOR2_1_N001,BAYSHOR2_1_N001,BAYSHOR2_1_N001,DAM,MCL,LMP_LOSS_PRC,BAYSHOR2_1_N001,ALL,1,1.14155,444
2017-09-23T16:00:00-00:00,2017-09-23T17:00:00-00:00,2017-09-23,10,0,BAYSHOR2_1_N001,BAYSHOR2_1_N001,BAYSHOR2_1_N001,DAM,MCL,LMP_LOSS_PRC,BAYSHOR2_1_N001,ALL,1,0.83862,444
2017-09-23T17:00:00-00:00,2017-09-23T18:00:00-00:00,2017-09-23,11,0,BAYSHOR2_1_N001,BAYSHOR2_1_N001,BAYSHOR2_1_N001,DAM,MCL,LMP_LOSS_PRC,BAYSHOR2_1_N001,ALL,1,0.36415,444
2017-09-24T01:00:00-00:00,2017-09-24T02:00:00-00:00,2017-09-23,19,0,BAYSHOR2_1_N001,BAYSHOR2_1_N001,BAYSHOR2_1_N001,DAM,MCL,LMP_LOSS_PRC,BAYSHOR2_1_N001,ALL,1,1.3862,444
2017-09-24T03:00:00-00:00,2017-09-24T04:00:00-00:00,2017-09-23,21,0,BAYSHOR2_1_N001,BAYSHOR2_1_N001,BAYSHOR2_1_N001,DAM,MCL,LMP_LOSS_PRC,BAYSHOR2_1_N001,ALL,1,1.45987,444
2017-09-24T04:00:00-00:00,2017-09-24T05:00:00-00:00,2017-09-23,22,0,BAYSHOR2_1_N001,BAYSHOR2_1_N001,BAYSHOR2_1_N001,DAM,MCL,LMP_LOSS_PRC,BAYSHOR2_1_N001,ALL,1,1.10526,444
2017-09-23T19:00:00-00:00,2017-09-23T20:00:00-00:00,2017-09-23,13,0,BAYSHOR2_1_N001,BAYSHOR2_1_N001,BAYSHOR2_1_N001,DAM,MCL,LMP_LOSS_PRC,BAYSHOR2_1_N001,ALL,1,0.56527,444
2017-09-23T22:00:00-00:00,2017-09-23T23:00:00-00:00,2017-09-23,16,0,BAYSHOR2_1_N001,BAYSHOR2_1_N001,BAYSHOR2_1_N001,DAM,MCL,LMP_LOSS_PRC,BAYSHOR2_1_N001,ALL,1,1.04181,444
2017-09-23T12:00:00-00:00,2017-09-23T13:00:00-00:00,2017-09-23,6,0,BAYSHOR2_1_N001,BAYSHOR2_1_N001,BAYSHOR2_1_N001,DAM,MCL,LMP_LOSS_PRC,BAYSHOR2_1_N001,ALL,1,0.89948,444
2017-09-23T07:00:00-00:00,2017-09-23T08:00:00-00:00,2017-09-23,1,0,BAYSHOR2_1_N001,BAYSHOR2_1_N001,BAYSHOR2_1_N001,DAM,MCL,LMP_LOSS_PRC,BAYSHOR2_1_N001,ALL,1,1.07547,444
2017-09-24T02:00:00-00:00,2017-09-24T03:00:00-00:00,2017-09-23,20,0,BAYSHOR2_1_N001,BAYSHOR2_1_N001,BAYSHOR2_1_N001,DAM,MCL,LMP_LOSS_PRC,BAYSHOR2_1_N001,ALL,1,1.84821,444
2017-09-24T06:00:00-00:00,2017-09-24T07:00:00-00:00,2017-09-23,24,0,BAYSHOR2_1_N001,BAYSHOR2_1_N001,BAYSHOR2_1_N001,DAM,MCL,LMP_LOSS_PRC,BAYSHOR2_1_N001,ALL,1,1.10357,444
2017-09-23T18:00:00-00:00,2017-09-23T19:00:00-00:00,2017-09-23,12,0,BAYSHOR2_1_N001,BAYSHOR2_1_N001,BAYSHOR2_1_N001,DAM,MCL,LMP_LOSS_PRC,BAYSHOR2_1_N001,ALL,1,0.45106,444
2017-09-23T20:00:00-00:00,2017-09-23T21:00:00-00:00,2017-09-23,14,0,BAYSHOR2_1_N001,BAYSHOR2_1_N001,BAYSHOR2_1_N001,DAM,MCL,LMP_LOSS_PRC,BAYSHOR2_1_N001,ALL,1,0.76252,444
2017-09-23T08:00:00-00:00,2017-09-23T09:00:00-00:00,2017-09-23,2,0,BAYSHOR2_1_N001,BAYSHOR2_1_N001,BAYSHOR2_1_N001,DAM,MCL,LMP_LOSS_PRC,BAYSHOR2_1_N001,ALL,1,1.01117,444
2017-09-23T09:00:00-00:00,2017-09-23T10:00:00-00:00,2017-09-23,3,0,BAYSHOR2_1_N001,BAYSHOR2_1_N001,BAYSHOR2_1_N001,DAM,MCL,LMP_LOSS_PRC,BAYSHOR2_1_N001,ALL,1,0.92313,444
2017-09-23T23:00:00-00:00,2017-09-24T00:00:00-00:00,2017-09-23,17,0,BAYSHOR2_1_N001,BAYSHOR2_1_N001,BAYSHOR2_1_N001,DAM,MCL,LMP_LOSS_PRC,BAYSHOR2_1_N001,ALL,1,1.29863,444
2017-09-23T10:00:00-00:00,2017-09-23T11:00:00-00:00,2017-09-23,4,0,BAYSHOR2_1_N001,BAYSHOR2_1_N001,BAYSHOR2_1_N001,DAM,MCL,LMP_LOSS_PRC,BAYSHOR2_1_N001,ALL,1,0.85738,444
2017-09-23T11:00:00-00:00,2017-09-23T12:00:00-00:00,2017-09-23,5,0,BAYSHOR2_1_N001,BAYSHOR2_1_N001,BAYSHOR2_1_N001,DAM,MCL,LMP_LOSS_PRC,BAYSHOR2_1_N001,ALL,1,0.96467,444
2017-09-24T00:00:00-00:00,2017-09-24T01:00:00-00:00,2017-09-23,18,0,BAYSHOR2_1_N001,BAYSHOR2_1_N001,BAYSHOR2_1_N001,DAM,MCL,LMP_LOSS_PRC,BAYSHOR2_1_N001,ALL,1,1.31362,444
2017-09-23T21:00:00-00:00,2017-09-23T22:00:00-00:00,2017-09-23,15,0,BAYSHOR2_1_N001,BAYSHOR2_1_N001,BAYSHOR2_1_N001,DAM,MCL,LMP_LOSS_PRC,BAYSHOR2_1_N001,ALL,1,0.8993,444
2017-09-23T11:00:00-00:00,2017-09-23T12:00:00-00:00,2017-09-23,5,0,TH_NP15_GEN-APND,TH_NP15_GEN-APND,TH_NP15_GEN-APND,DAM,LMP,LMP_PRC,TH_NP15_GEN-APND,ALL_APNODES,0,29.31644,445
2017-09-24T00:00:00-00:00,2017-09-24T01:00:00-00:00,2017-09-23,18,0,TH_NP15_GEN-APND,TH_NP15_GEN-APND,TH_NP15_GEN-APND,DAM,LMP,LMP_PRC,TH_NP15_GEN-APND,ALL_APNODES,0,29.42396,445
2017-09-24T06:00:00-00:00,2017-09-24T07:00:00-00:00,2017-09-23,24,0,TH_NP15_GEN-APND,TH_NP15_GEN-APND,TH_NP15_GEN-APND,DAM,LMP,LMP_PRC,TH_NP15_GEN-APND,ALL_APNODES,0,31.65574,445
2017-09-23T16:00:00-00:00,2017-09-23T17:00:00-00:00,2017-09-23,10,0,TH_NP15_GEN-APND,TH_NP15_GEN-APND,TH_NP15_GEN-APND,DAM,LMP,LMP_PRC,TH_NP15_GEN-APND,ALL_APNODES,0,14.67703,445
2017-09-23T18:00:00-00:00,2017-09-23T19:00:00-00:00,2017-09-23,12,0,TH_NP15_GEN-APND,TH_NP15_GEN-APND,TH_NP15_GEN-APND,DAM,LMP,LMP_PRC,TH_NP15_GEN-APND,ALL_APNODES,0,8.23499,445
2017-09-23T14:00:00-00:00,2017-09-23T15:00:00-00:00,2017-09-23,8,0,TH_NP15_GEN-APND,TH_NP15_GEN-APND,TH_NP15_GEN-APND,DAM,LMP,LMP_PRC,TH_NP15_GEN-APND,ALL_APNODES,0,27.89667,445
2017-09-24T04:00:00-00:00,2017-09-24T05:00:00-00:00,2017-09-23,22,0,TH_NP15_GEN-APND,TH_NP15_GEN-APND,TH_NP15_GEN-APND,DAM,LMP,LMP_PRC,TH_NP15_GEN-APND,ALL_APNODES,0,37.55045,445
2017-09-23T21:00:00-00:00,2017-09-23T22:00:00-00:00,2017-09-23,15,0,TH_NP15_GEN-APND,TH_NP15_GEN-APND,TH_NP15_GEN-APND,DAM,LMP,LMP_PRC,TH_NP15_GEN-APND,ALL_APNODES,0,16.16646,445
2017-09-23T22:00:00-00:00,2017-09-23T23:00:00-00:00,2017-09-23,16,0,TH_NP15_GEN-APND,TH_NP15_GEN-APND,TH_NP15_GEN-APND,DAM,LMP,LMP_PRC,TH_NP15_GEN-APND,ALL_APNODES,0,19.86372,445
2017-09-23T08:00:00-00:00,2017-09-23T09:00:00-00:00,2017-09-23,2,0,TH_NP15_GEN-APND,TH_NP15_GEN-APND,TH_NP15_GEN-APND,DAM,LMP,LMP_PRC,TH_NP15_GEN-APND,ALL_APNODES,0,27.67002,445
2017-09-23T10:00:00-00:00,2017-09-23T11:00:00-00:00,2017-09-23,4,0,TH_NP15_GEN-APND,TH_NP15_GEN-APND,TH_NP15_GEN-APND,DAM,LMP,LMP_PRC,TH_NP15_GEN-APND,ALL_APNODES,0,28.89801,445
2017-09-24T05:00:00-00:00,2017-09-24T06:00:00-00:00,2017-09-23,23,0,TH_NP15_GEN-APND,TH_NP15_GEN-APND,TH_NP15_GEN-APND,DAM,LMP,LMP_PRC,TH_NP15_GEN-APND,ALL_APNODES,0,34.49719,445
2017-09-23T13:00:00-00:00,2017-09-23T14:00:00-00:00,2017-09-23,7,0,TH_NP15_GEN-APND,TH_NP15_GEN-APND,TH_NP15_GEN-APND,DAM,LMP,LMP_PRC,TH_NP15_GEN-APND,ALL_APNODES,0,29.70682,445
2017-09-23T19:00:00-00:00,2017-09-23T20:00:00-00:00,2017-09-23,13,0,TH_NP15_GEN-APND,TH_NP15_GEN-APND,TH_NP15_GEN-APND,DAM,LMP,LMP_PRC,TH_NP15_GEN-APND,ALL_APNODES,0,10.29607,445
2017-09-23T20:00:00-00:00,2017-09-23T21:00:00-00:00,2017-09-23,14,0,TH_NP15_GEN-APND,TH_NP15_GEN-APND,TH_NP15_GEN-APND,DAM,LMP,LMP_PRC,TH_NP15_GEN-APND,ALL_APNODES,0,13.95729,445
2017-09-23T12:00:00-00:00,2017-09-23T13:00:00-00:00,2017-09-23,6,0,TH_NP15_GEN-APND,TH_NP15_GEN-APND,TH_NP15_GEN-APND,DAM,LMP,LMP_PRC,TH_NP15_GEN-APND,ALL_APNODES,0,30.87493,445
2017-09-23T07:00:00-00:00,2017-09-23T08:00:00-00:00,2017-09-23,1,0,TH_NP15_GEN-APND,TH_NP15_GEN-APND,TH_NP15_GEN-APND,DAM,LMP,LMP_PRC,TH_NP15_GEN-APND,ALL_APNODES,0,28.93633,445
2017-09-23T17:00:00-00:00,2017-09-23T18:00:00-00:00,2017-09-23,11,0,TH_NP15_GEN-APND,TH_NP15_GEN-APND,TH_NP15_GEN-APND,DAM,LMP,LMP_PRC,TH_NP15_GEN-APND,ALL_APNODES,0,6.74033,445
2017-09-24T01:00:00-00:00,2017-09-24T02:00:00-00:00,2017-09-23,19,0,TH_NP15_GEN-APND,TH_NP15_GEN-APND,TH_NP15_GEN-APND,DAM,LMP,LMP_PRC,TH_NP15_GEN-APND,ALL_APNODES,0,41.43367,445
2017-09-23T15:00:00-00:00,2017-09-23T16:00:00-00:00,2017-09-23,9,0,TH_NP15_GEN-APND,TH_NP15_GEN-APND,TH_NP15_GEN-APND,DAM,LMP,LMP_PRC,TH_NP15_GEN-APND,ALL_APNODES,0,23.18855,445
2017-09-24T02:00:00-00:00,2017-09-24T03:00:00-00:00,2017-09-23,20,0,TH_NP15_GEN-APND,TH_NP15_GEN-APND,TH_NP15_GEN-APND,DAM,LMP,LMP_PRC,TH_NP15_GEN-APND,ALL_APNODES,0,52.70215,445
2017-09-24T03:00:00-00:00,2017-09-24T04:00:00-00:00,2017-09-23,21,0,TH_NP15_GEN-APND,TH_NP15_GEN-APND,TH_NP15_GEN-APND,DAM,LMP,LMP_PRC,TH_NP15_GEN-APND,ALL_APNODES,0,44.89988,445
2017-09-23T23:00:00-00:00,2017-09-24T00:00:00-00:00,2017-09-23,17,0,TH_NP15_GEN-APND,TH_NP15_GEN-APND,TH_NP15_GEN-APND,DAM,LMP,LMP_PRC,TH_NP15_GEN-APND,ALL_APNODES,0,24.65681,445
2017-09-23T09:00:00-00:00,2017-09-23T10:00:00-00:00,2017-09-23,3,0,TH_NP15_GEN-APND,TH_NP15_GEN-APND,TH_NP15_GEN-APND,DAM,LMP,LMP_PRC,TH_NP15_GEN-APND,ALL_APNODES,0,29.62659,445
2017-09-24T02:00:00-00:00,2017-09-24T03:00:00-00:00,2017-09-23,20,0,TH_NP15_GEN-APND,TH_NP15_GEN-APND,TH_NP15_GEN-APND,DAM,MCC,LMP_CONG_PRC,TH_NP15_GEN-APND,ALL_APNODES,0,-0.19428,446
2017-09-23T18:00:00-00:00,2017-09-23T19:00:00-00:00,2017-09-23,12,0,TH_NP15_GEN-APND,TH_NP15_GEN-APND,TH_NP15_GEN-APND,DAM,MCC,LMP_CONG_PRC,TH_NP15_GEN-APND,ALL_APNODES,0,-0.16309,446
2017-09-23T15:00:00-00:00,2017-09-23T16:00:00-00:00,2017-09-23,9,0,TH_NP15_GEN-APND,TH_NP15_GEN-APND,TH_NP15_GEN-APND,DAM,MCC,LMP_CONG_PRC,TH_NP15_GEN-APND,ALL_APNODES,0,0,446
2017-09-23T22:00:00-00:00,2017-09-23T23:00:00-00:00,2017-09-23,16,0,TH_NP15_GEN-APND,TH_NP15_GEN-APND,TH_NP15_GEN-APND,DAM,MCC,LMP_CONG_PRC,TH_NP15_GEN-APND,ALL_APNODES,0,-0.28401,446
2017-09-23T12:00:00-00:00,2017-09-23T13:00:00-00:00,2017-09-23,6,0,TH_NP15_GEN-APND,TH_NP15_GEN-APND,TH_NP15_GEN-APND,DAM,MCC,LMP_CONG_PRC,TH_NP15_GEN-APND,ALL_APNODES,0,0,446
2017-09-23T14:00:00-00:00,2017-09-23T15:00:00-00:00,2017-09-23,8,0,TH_NP15_GEN-APND,TH_NP15_GEN-APND,TH_NP15_GEN-APND,DAM,MCC,LMP_CONG_PRC,TH_NP15_GEN-APND,ALL_APNODES,0,0,446
2017-09-24T06:00:00-00:00,2017-09-24T07:00:00-00:00,2017-09-23,24,0,TH_NP15_GEN-APND,TH_NP15_GEN-APND,TH_NP15_GEN-APND,DAM,MCC,LMP_CONG_PRC,TH_NP15_GEN-APND,ALL_APNODES,0,0,446
2017-09-23T17:00:00-00:00,2017-09-23T18:00:00-00:00,2017-09-23,11,0,TH_NP15_GEN-APND,TH_NP15_GEN-APND,TH_NP15_GEN-APND,DAM,MCC,LMP_CONG_PRC,TH_NP15_GEN-APND,ALL_APNODES,0,-0.04327,446
2017-09-24T03:00:00-00:00,2017-09-24T04:00:00-00:00,2017-09-23,21,0,TH_NP15_GEN-APND,TH_NP15_GEN-APND,TH_NP15_GEN-APND,DAM,MCC,LMP_CONG_PRC,TH_NP15_GEN-APND,ALL_APNODES,0,-0.1228,446
2017-09-24T04:00:00-00:00,2017-09-24T05:00:00-00:00,2017-09-23,22,0,TH_NP15_GEN-APND,TH_NP15_GEN-APND,TH_NP15_GEN-APND,DAM,MCC,LMP_CONG_PRC,TH_NP15_GEN-APND,ALL_APNODES,0,-0.16287,446
2017-09-24T05:00:00-00:00,2017-09-24T06:00:00-00:00,2017-09-23,23,0,TH_NP15_GEN-APND,TH_NP15_GEN-APND,TH_NP15_GEN-APND,DAM,MCC,LMP_CONG_PRC,TH_NP15_GEN-APND,ALL_APNODES,0,0,446
2017-09-23T19:00:00-00:00,2017-09-23T20:00:00-00:00,2017-09-23,13,0,TH_NP15_GEN-APND,TH_NP15_GEN-APND,TH_NP15_GEN-APND,DAM,MCC,LMP_CONG_PRC,TH_NP15_GEN-APND,ALL_APNODES,0,-0.13344,446
2017-09-23T20:00:00-00:00,2017-09-23T21:00:00-00:00,2017-09-23,14,0,TH_NP15_GEN-APND,TH_NP15_GEN-APND,TH_NP15_GEN-APND,DAM,MCC,LMP_CONG_PRC,TH_NP15_GEN-APND,ALL_APNODES,0,-0.36581,446
2017-09-23T21:00:00-00:00,2017-09-23T22:00:00-00:00,2017-09-23,15,0,TH_NP15_GEN-APND,TH_NP15_GEN-APND,TH_NP15_GEN-APND,DAM,MCC,LMP_CONG_PRC,TH_NP15_GEN-APND,ALL_APNODES,0,-0.08509,446
2017-09-23T23:00:00-00:00,2017-09-24T00:00:00-00:00,2017-09-23,17,0,TH_NP15_GEN-APND,TH_NP15_GEN-APND,TH_NP15_GEN-APND,DAM,MCC,LMP_CONG_PRC,TH_NP15_GEN-APND,ALL_APNODES,0,0,446
2017-09-23T10:00:00-00:00,2017-09-23T11:00:00-00:00,2017-09-23,4,0,TH_NP15_GEN-APND,TH_NP15_GEN-APND,TH_NP15_GEN-APND,DAM,MCC,LMP_CONG_PRC,TH_NP15_GEN-APND,ALL_APNODES,0,0,446
2017-09-23T11:00:00-00:00,2017-09-23T12:00:00-00:00,2017-09-23,5,0,TH_NP15_GEN-APND,TH_NP15_GEN-APND,TH_NP15_GEN-APND,DAM,MCC,LMP_CONG_PRC,TH_NP15_GEN-APND,ALL_APNODES,0,0,446
2017-09-23T13:00:00-00:00,2017-09-23T14:00:00-00:00,2017-09-23,7,0,TH_NP15_GEN-APND,TH_NP15_GEN-APND,TH_NP15_GEN-APND,DAM,MCC,LMP_CONG_PRC,TH_NP15_GEN-APND,ALL_APNODES,0,0,446
2017-09-23T07:00:00-00:00,2017-09-23T08:00:00-00:00,2017-09-23,1,0,TH_NP15_GEN-APND,TH_NP15_GEN-APND,TH_NP15_GEN-APND,DAM,MCC,LMP_CONG_PRC,TH_NP15_GEN-APND,ALL_APNODES,0,0,446
2017-09-23T08:00:00-00:00,2017-09-23T09:00:00-00:00,2017-09-23,2,0,TH_NP15_GEN-APND,TH_NP15_GEN-APND,TH_NP15_GEN-APND,DAM,MCC,LMP_CONG_PRC,TH_NP15_GEN-APND,ALL_APNODES,0,0,446
2017-09-24T00:00:00-00:00,2017-09-24T01:00:00-00:00,2017-09-23,18,0,TH_NP15_GEN-APND,TH_NP15_GEN-APND,TH_NP15_GEN-APND,DAM,MCC,LMP_CONG_PRC,TH_NP15_GEN-APND,ALL_APNODES,0,0,446
2017-09-24T01:00:00-00:00,2017-09-24T02:00:00-00:00,2017-09-23,19,0,TH_NP15_GEN-APND,TH_NP15_GEN-APND,TH_NP15_GEN-APND,DAM,MCC,LMP_CONG_PRC,TH_NP15_GEN-APND,ALL_APNODES,0,-0.32133,446
2017-09-23T16:00:00-00:00,2017-09-23T17:00:00-00:00,2017-09-23,10,0,TH_NP15_GEN-APND,TH_NP15_GEN-APND,TH_NP15_GEN-APND,DAM,MCC,LMP_CONG_PRC,TH_NP15_GEN-APND,ALL_APNODES,0,-0.88452,446
2017-09-23T09:00:00-00:00,2017-09-23T10:00:00-00:00,2017-09-23,3,0,TH_NP15_GEN-APND,TH_NP15_GEN-APND,TH_NP15_GEN-APND,DAM,MCC,LMP_CONG_PRC,TH_NP15_GEN-APND,ALL_APNODES,0,0,446
2017-09-24T06:00:00-00:00,2017-09-24T07:00:00-00:00,2017-09-23,24,0,TH_NP15_GEN-APND,TH_NP15_GEN-APND,TH_NP15_GEN-APND,DAM,MCE,LMP_ENE_PRC,TH_NP15_GEN-APND,ALL_APNODES,0,31.89495,447
2017-09-23T15:00:00-00:00,2017-09-23T16:00:00-00:00,2017-09-23,9,0,TH_NP15_GEN-APND,TH_NP15_GEN-APND,TH_NP15_GEN-APND,DAM,MCE,LMP_ENE_PRC,TH_NP15_GEN-APND,ALL_APNODES,0,23.06171,447
2017-09-23T17:00:00-00:00,2017-09-23T18:00:00-00:00,2017-09-23,11,0,TH_NP15_GEN-APND,TH_NP15_GEN-APND,TH_NP15_GEN-APND,DAM,MCE,LMP_ENE_PRC,TH_NP15_GEN-APND,ALL_APNODES,0,6.73109,447
2017-09-23T20:00:00-00:00,2017-09-23T21:00:00-00:00,2017-09-23,14,0,TH_NP15_GEN-APND,TH_NP15_GEN-APND,TH_NP15_GEN-APND,DAM,MCE,LMP_ENE_PRC,TH_NP15_GEN-APND,ALL_APNODES,0,14.19957,447
2017-09-23T22:00:00-00:00,2017-09-23T23:00:00-00:00,2017-09-23,16,0,TH_NP15_GEN-APND,TH_NP15_GEN-APND,TH_NP15_GEN-APND,DAM,MCE,LMP_ENE_PRC,TH_NP15_GEN-APND,ALL_APNODES,0,19.95813,447
2017-09-23T19:00:00-00:00,2017-09-23T20:00:00-00:00,2017-09-23,13,0,TH_NP15_GEN-APND,TH_NP15_GEN-APND,TH_NP15_GEN-APND,DAM,MCE,LMP_ENE_PRC,TH_NP15_GEN-APND,ALL_APNODES,0,10.3529,447
2017-09-23T13:00:00-00:00,2017-09-23T14:00:00-00:00,2017-09-23,7,0,TH_NP15_GEN-APND,TH_NP15_GEN-APND,TH_NP15_GEN-APND,DAM,MCE,LMP_ENE_PRC,TH_NP15_GEN-APND,ALL_APNODES,0,30.00992,447
2017-09-23T14:00:00-00:00,2017-09-23T15:00:00-00:00,2017-09-23,8,0,TH_NP15_GEN-APND,TH_NP15_GEN-APND,TH_NP15_GEN-APND,DAM,MCE,LMP_ENE_PRC,TH_NP15_GEN-APND,ALL_APNODES,0,28.07919,447
2017-09-24T00:00:00-00:00,2017-09-24T01:00:00-00:00,2017-09-23,18,0,TH_NP15_GEN-APND,TH_NP15_GEN-APND,TH_NP15_GEN-APND,DAM,MCE,LMP_ENE_PRC,TH_NP15_GEN-APND,ALL_APNODES,0,29.45341,447
2017-09-24T03:00:00-00:00,2017-09-24T04:00:00-00:00,2017-09-23,21,0,TH_NP15_GEN-APND,TH_NP15_GEN-APND,TH_NP15_GEN-APND,DAM,MCE,LMP_ENE_PRC,TH_NP15_GEN-APND,ALL_APNODES,0,45.76406,447
2017-09-23T10:00:00-00:00,2017-09-23T11:00:00-00:00,2017-09-23,4,0,TH_NP15_GEN-APND,TH_NP15_GEN-APND,TH_NP15_GEN-APND,DAM,MCE,LMP_ENE_PRC,TH_NP15_GEN-APND,ALL_APNODES,0,29.06368,447
2017-09-23T11:00:00-00:00,2017-09-23T12:00:00-00:00,2017-09-23,5,0,TH_NP15_GEN-APND,TH_NP15_GEN-APND,TH_NP15_GEN-APND,DAM,MCE,LMP_ENE_PRC,TH_NP15_GEN-APND,ALL_APNODES,0,29.41055,447
2017-09-23T12:00:00-00:00,2017-09-23T13:00:00-00:00,2017-09-23,6,0,TH_NP15_GEN-APND,TH_NP15_GEN-APND,TH_NP15_GEN-APND,DAM,MCE,LMP_ENE_PRC,TH_NP15_GEN-APND,ALL_APNODES,0,31.12392,447
2017-09-24T02:00:00-00:00,2017-09-24T03:00:00-00:00,2017-09-23,20,0,TH_NP15_GEN-APND,TH_NP15_GEN-APND,TH_NP15_GEN-APND,DAM,MCE,LMP_ENE_PRC,TH_NP15_GEN-APND,ALL_APNODES,0,53.57143,447
2017-09-24T05:00:00-00:00,2017-09-24T06:00:00-00:00,2017-09-23,23,0,TH_NP15_GEN-APND,TH_NP15_GEN-APND,TH_NP15_GEN-APND,DAM,MCE,LMP_ENE_PRC,TH_NP15_GEN-APND,ALL_APNODES,0,34.87736,447
2017-09-23T16:00:00-00:00,2017-09-23T17:00:00-00:00,2017-09-23,10,0,TH_NP15_GEN-APND,TH_NP15_GEN-APND,TH_NP15_GEN-APND,DAM,MCE,LMP_ENE_PRC,TH_NP15_GEN-APND,ALL_APNODES,0,15.44417,447
2017-09-23T18:00:00-00:00,2017-09-23T19:00:00-00:00,2017-09-23,12,0,TH_NP15_GEN-APND,TH_NP15_GEN-APND,TH_NP15_GEN-APND,DAM,MCE,LMP_ENE_PRC,TH_NP15_GEN-APND,ALL_APNODES,0,8.35297,447
2017-09-23T07:00:00-00:00,2017-09-23T08:00:00-00:00,2017-09-23,1,0,TH_NP15_GEN-APND,TH_NP15_GEN-APND,TH_NP15_GEN-APND,DAM,MCE,LMP_ENE_PRC,TH_NP15_GEN-APND,ALL_APNODES,0,28.98851,447
2017-09-23T08:00:00-00:00,2017-09-23T09:00:00-00:00,2017-09-23,2,0,TH_NP15_GEN-APND,TH_NP15_GEN-APND,TH_NP15_GEN-APND,DAM,MCE,LMP_ENE_PRC,TH_NP15_GEN-APND,ALL_APNODES,0,27.70326,447
2017-09-23T09:00:00-00:00,2017-09-23T10:00:00-00:00,2017-09-23,3,0,TH_NP15_GEN-APND,TH_NP15_GEN-APND,TH_NP15_GEN-APND,DAM,MCE,LMP_ENE_PRC,TH_NP15_GEN-APND,ALL_APNODES,0,29.77846,447
2017-09-24T04:00:00-00:00,2017-09-24T05:00:00-00:00,2017-09-23,22,0,TH_NP15_GEN-APND,TH_NP15_GEN-APND,TH_NP15_GEN-APND,DAM,MCE,LMP_ENE_PRC,TH_NP15_GEN-APND,ALL_APNODES,0,38.37725,447
2017-09-23T21:00:00-00:00,2017-09-23T22:00:00-00:00,2017-09-23,15,0,TH_NP15_GEN-APND,TH_NP15_GEN-APND,TH_NP15_GEN-APND,DAM,MCE,LMP_ENE_PRC,TH_NP15_GEN-APND,ALL_APNODES,0,16.05884,447
2017-09-23T23:00:00-00:00,2017-09-24T00:00:00-00:00,2017-09-23,17,0,TH_NP15_GEN-APND,TH_NP15_GEN-APND,TH_NP15_GEN-APND,DAM,MCE,LMP_ENE_PRC,TH_NP15_GEN-APND,ALL_APNODES,0,24.41027,447
2017-09-24T01:00:00-00:00,2017-09-24T02:00:00-00:00,2017-09-23,19,0,TH_NP15_GEN-APND,TH_NP15_GEN-APND,TH_NP15_GEN-APND,DAM,MCE,LMP_ENE_PRC,TH_NP15_GEN-APND,ALL_APNODES,0,42.26214,447
2017-09-24T00:00:00-00:00,2017-09-24T01:00:00-00:00,2017-09-23,18,0,TH_NP15_GEN-APND,TH_NP15_GEN-APND,TH_NP15_GEN-APND,DAM,MCL,LMP_LOSS_PRC,TH_NP15_GEN-APND,ALL_APNODES,0,-0.02945,448
2017-09-24T06:00:00-00:00,2017-09-24T07:00:00-00:00,2017-09-23,24,0,TH_NP15_GEN-APND,TH_NP15_GEN-APND,TH_NP15_GEN-APND,DAM,MCL,LMP_LOSS_PRC,TH_NP15_GEN-APND,ALL_APNODES,0,-0.23921,448
2017-09-24T04:00:00-00:00,2017-09-24T05:00:00-00:00,2017-09-23,22,0,TH_NP15_GEN-APND,TH_NP15_GEN-APND,TH_NP15_GEN-APND,DAM,MCL,LMP_LOSS_PRC,TH_NP15_GEN-APND,ALL_APNODES,0,-0.66393,448
2017-09-23T22:00:00-00:00,2017-09-23T23:00:00-00:00,2017-09-23,16,0,TH_NP15_GEN-APND,TH_NP15_GEN-APND,TH_NP15_GEN-APND,DAM,MCL,LMP_LOSS_PRC,TH_NP15_GEN-APND,ALL_APNODES,0,0.1896,448
2017-09-23T10:00:00-00:00,2017-09-23T11:00:00-00:00,2017-09-23,4,0,TH_NP15_GEN-APND,TH_NP15_GEN-APND,TH_NP15_GEN-APND,DAM,MCL,LMP_LOSS_PRC,TH_NP15_GEN-APND,ALL_APNODES,0,-0.16566,448
2017-09-23T13:00:00-00:00,2017-09-23T14:00:00-00:00,2017-09-23,7,0,TH_NP15_GEN-APND,TH_NP15_GEN-APND,TH_NP15_GEN-APND,DAM,MCL,LMP_LOSS_PRC,TH_NP15_GEN-APND,ALL_APNODES,0,-0.3031,448
2017-09-23T21:00:00-00:00,2017-09-23T22:00:00-00:00,2017-09-23,15,0,TH_NP15_GEN-APND,TH_NP15_GEN-APND,TH_NP15_GEN-APND,DAM,MCL,LMP_LOSS_PRC,TH_NP15_GEN-APND,ALL_APNODES,0,0.19271,448
2017-09-24T03:00:00-00:00,2017-09-24T04:00:00-00:00,2017-09-23,21,0,TH_NP15_GEN-APND,TH_NP15_GEN-APND,TH_NP15_GEN-APND,DAM,MCL,LMP_LOSS_PRC,TH_NP15_GEN-APND,ALL_APNODES,0,-0.74138,448
2017-09-23T15:00:00-00:00,2017-09-23T16:00:00-00:00,2017-09-23,9,0,TH_NP15_GEN-APND,TH_NP15_GEN-APND,TH_NP15_GEN-APND,DAM,MCL,LMP_LOSS_PRC,TH_NP15_GEN-APND,ALL_APNODES,0,0.12684,448
2017-09-23T11:00:00-00:00,2017-09-23T12:00:00-00:00,2017-09-23,5,0,TH_NP15_GEN-APND,TH_NP15_GEN-APND,TH_NP15_GEN-APND,DAM,MCL,LMP_LOSS_PRC,TH_NP15_GEN-APND,ALL_APNODES,0,-0.09411,448
2017-09-24T01:00:00-00:00,2017-09-24T02:00:00-00:00,2017-09-23,19,0,TH_NP15_GEN-APND,TH_NP15_GEN-APND,TH_NP15_GEN-APND,DAM,MCL,LMP_LOSS_PRC,TH_NP15_GEN-APND,ALL_APNODES,0,-0.50715,448
2017-09-23T23:00:00-00:00,2017-09-24T00:00:00-00:00,2017-09-23,17,0,TH_NP15_GEN-APND,TH_NP15_GEN-APND,TH_NP15_GEN-APND,DAM,MCL,LMP_LOSS_PRC,TH_NP15_GEN-APND,ALL_APNODES,0,0.24654,448
2017-09-23T08:00:00-00:00,2017-09-23T09:00:00-00:00,2017-09-23,2,0,TH_NP15_GEN-APND,TH_NP15_GEN-APND,TH_NP15_GEN-APND,DAM,MCL,LMP_LOSS_PRC,TH_NP15_GEN-APND,ALL_APNODES,0,-0.03324,448
2017-09-23T09:00:00-00:00,2017-09-23T10:00:00-00:00,2017-09-23,3,0,TH_NP15_GEN-APND,TH_NP15_GEN-APND,TH_NP15_GEN-APND,DAM,MCL,LMP_LOSS_PRC,TH_NP15_GEN-APND,ALL_APNODES,0,-0.15187,448
2017-09-23T12:00:00-00:00,2017-09-23T13:00:00-00:00,2017-09-23,6,0,TH_NP15_GEN-APND,TH_NP15_GEN-APND,TH_NP15_GEN-APND,DAM,MCL,LMP_LOSS_PRC,TH_NP15_GEN-APND,ALL_APNODES,0,-0.24899,448
2017-09-23T18:00:00-00:00,2017-09-23T19:00:00-00:00,2017-09-23,12,0,TH_NP15_GEN-APND,TH_NP15_GEN-APND,TH_NP15_GEN-APND,DAM,MCL,LMP_LOSS_PRC,TH_NP15_GEN-APND,ALL_APNODES,0,0.04511,448
2017-09-23T19:00:00-00:00,2017-09-23T20:00:00-00:00,2017-09-23,13,0,TH_NP15_GEN-APND,TH_NP15_GEN-APND,TH_NP15_GEN-APND,DAM,MCL,LMP_LOSS_PRC,TH_NP15_GEN-APND,ALL_APNODES,0,0.07661,448
2017-09-23T07:00:00-00:00,2017-09-23T08:00:00-00:00,2017-09-23,1,0,TH_NP15_GEN-APND,TH_NP15_GEN-APND,TH_NP15_GEN-APND,DAM,MCL,LMP_LOSS_PRC,TH_NP15_GEN-APND,ALL_APNODES,0,-0.05218,448
2017-09-23T14:00:00-00:00,2017-09-23T15:00:00-00:00,2017-09-23,8,0,TH_NP15_GEN-APND,TH_NP15_GEN-APND,TH_NP15_GEN-APND,DAM,MCL,LMP_LOSS_PRC,TH_NP15_GEN-APND,ALL_APNODES,0,-0.18251,448
2017-09-23T20:00:00-00:00,2017-09-23T21:00:00-00:00,2017-09-23,14,0,TH_NP15_GEN-APND,TH_NP15_GEN-APND,TH_NP15_GEN-APND,DAM,MCL,LMP_LOSS_PRC,TH_NP15_GEN-APND,ALL_APNODES,0,0.12354,448
2017-09-23T17:00:00-00:00,2017-09-23T18:00:00-00:00,2017-09-23,11,0,TH_NP15_GEN-APND,TH_NP15_GEN-APND,TH_NP15_GEN-APND,DAM,MCL,LMP_LOSS_PRC,TH_NP15_GEN-APND,ALL_APNODES,0,0.0525,448
2017-09-24T02:00:00-00:00,2017-09-24T03:00:00-00:00,2017-09-23,20,0,TH_NP15_GEN-APND,TH_NP15_GEN-APND,TH_NP15_GEN-APND,DAM,MCL,LMP_LOSS_PRC,TH_NP15_GEN-APND,ALL_APNODES,0,-0.675,448
2017-09-24T05:00:00-00:00,2017-09-24T06:00:00-00:00,2017-09-23,23,0,TH_NP15_GEN-APND,TH_NP15_GEN-APND,TH_NP15_GEN-APND,DAM,MCL,LMP_LOSS_PRC,TH_NP15_GEN-APND,ALL_APNODES,0,-0.38016,448
2017-09-23T16:00:00-00:00,2017-09-23T17:00:00-00:00,2017-09-23,10,0,TH_NP15_GEN-APND,TH_NP15_GEN-APND,TH_NP15_GEN-APND,DAM,MCL,LMP_LOSS_PRC,TH_NP15_GEN-APND,ALL_APNODES,0,0.11738,448
2017-09-24T06:00:00-00:00,2017-09-24T07:00:00-00:00,2017-09-23,24,0,TH_SP15_GEN-APND,TH_SP15_GEN-APND,TH_SP15_GEN-APND,DAM,LMP,LMP_PRC,TH_SP15_GEN-APND,ALL_APNODES,0,30.92535,449
2017-09-23T16:00:00-00:00,2017-09-23T17:00:00-00:00,2017-09-23,10,0,TH_SP15_GEN-APND,TH_SP15_GEN-APND,TH_SP15_GEN-APND,DAM,LMP,LMP_PRC,TH_SP15_GEN-APND,ALL_APNODES,0,15.43255,449
2017-09-23T20:00:00-00:00,2017-09-23T21:00:00-00:00,2017-09-23,14,0,TH_SP15_GEN-APND,TH_SP15_GEN-APND,TH_SP15_GEN-APND,DAM,LMP,LMP_PRC,TH_SP15_GEN-APND,ALL_APNODES,0,13.91863,449
2017-09-23T21:00:00-00:00,2017-09-23T22:00:00-00:00,2017-09-23,15,0,TH_SP15_GEN-APND,TH_SP15_GEN-APND,TH_SP15_GEN-APND,DAM,LMP,LMP_PRC,TH_SP15_GEN-APND,ALL_APNODES,0,15.45681,449
2017-09-23T22:00:00-00:00,2017-09-23T23:00:00-00:00,2017-09-23,16,0,TH_SP15_GEN-APND,TH_SP15_GEN-APND,TH_SP15_GEN-APND,DAM,LMP,LMP_PRC,TH_SP15_GEN-APND,ALL_APNODES,0,19.35746,449
2017-09-23T11:00:00-00:00,2017-09-23T12:00:00-00:00,2017-09-23,5,0,TH_SP15_GEN-APND,TH_SP15_GEN-APND,TH_SP15_GEN-APND,DAM,LMP,LMP_PRC,TH_SP15_GEN-APND,ALL_APNODES,0,28.59294,449
2017-09-23T13:00:00-00:00,2017-09-23T14:00:00-00:00,2017-09-23,7,0,TH_SP15_GEN-APND,TH_SP15_GEN-APND,TH_SP15_GEN-APND,DAM,LMP,LMP_PRC,TH_SP15_GEN-APND,ALL_APNODES,0,29.26868,449
2017-09-23T17:00:00-00:00,2017-09-23T18:00:00-00:00,2017-09-23,11,0,TH_SP15_GEN-APND,TH_SP15_GEN-APND,TH_SP15_GEN-APND,DAM,LMP,LMP_PRC,TH_SP15_GEN-APND,ALL_APNODES,0,6.49271,449
2017-09-23T23:00:00-00:00,2017-09-24T00:00:00-00:00,2017-09-23,17,0,TH_SP15_GEN-APND,TH_SP15_GEN-APND,TH_SP15_GEN-APND,DAM,LMP,LMP_PRC,TH_SP15_GEN-APND,ALL_APNODES,0,23.36307,449
2017-09-24T03:00:00-00:00,2017-09-24T04:00:00-00:00,2017-09-23,21,0,TH_SP15_GEN-APND,TH_SP15_GEN-APND,TH_SP15_GEN-APND,DAM,LMP,LMP_PRC,TH_SP15_GEN-APND,ALL_APNODES,0,44.45979,449
2017-09-24T02:00:00-00:00,2017-09-24T03:00:00-00:00,2017-09-23,20,0,TH_SP15_GEN-APND,TH_SP15_GEN-APND,TH_SP15_GEN-APND,DAM,LMP,LMP_PRC,TH_SP15_GEN-APND,ALL_APNODES,0,51.91607,449
2017-09-23T18:00:00-00:00,2017-09-23T19:00:00-00:00,2017-09-23,12,0,TH_SP15_GEN-APND,TH_SP15_GEN-APND,TH_SP15_GEN-APND,DAM,LMP,LMP_PRC,TH_SP15_GEN-APND,ALL_APNODES,0,8.15268,449
2017-09-23T07:00:00-00:00,2017-09-23T08:00:00-00:00,2017-09-23,1,0,TH_SP15_GEN-APND,TH_SP15_GEN-APND,TH_SP15_GEN-APND,DAM,LMP,LMP_PRC,TH_SP15_GEN-APND,ALL_APNODES,0,28.04638,449
2017-09-23T08:00:00-00:00,2017-09-23T09:00:00-00:00,2017-09-23,2,0,TH_SP15_GEN-APND,TH_SP15_GEN-APND,TH_SP15_GEN-APND,DAM,LMP,LMP_PRC,TH_SP15_GEN-APND,ALL_APNODES,0,26.83892,449
2017-09-23T09:00:00-00:00,2017-09-23T10:00:00-00:00,2017-09-23,3,0,TH_SP15_GEN-APND,TH_SP15_GEN-APND,TH_SP15_GEN-APND,DAM,LMP,LMP_PRC,TH_SP15_GEN-APND,ALL_APNODES,0,28.96551,449
2017-09-24T05:00:00-00:00,2017-09-24T06:00:00-00:00,2017-09-23,23,0,TH_SP15_GEN-APND,TH_SP15_GEN-APND,TH_SP15_GEN-APND,DAM,LMP,LMP_PRC,TH_SP15_GEN-APND,ALL_APNODES,0,33.84499,449
2017-09-23T10:00:00-00:00,2017-09-23T11:00:00-00:00,2017-09-23,4,0,TH_SP15_GEN-APND,TH_SP15_GEN-APND,TH_SP15_GEN-APND,DAM,LMP,LMP_PRC,TH_SP15_GEN-APND,ALL_APNODES,0,28.29349,449
2017-09-23T12:00:00-00:00,2017-09-23T13:00:00-00:00,2017-09-23,6,0,TH_SP15_GEN-APND,TH_SP15_GEN-APND,TH_SP15_GEN-APND,DAM,LMP,LMP_PRC,TH_SP15_GEN-APND,ALL_APNODES,0,30.37695,449
2017-09-24T00:00:00-00:00,2017-09-24T01:00:00-00:00,2017-09-23,18,0,TH_SP15_GEN-APND,TH_SP15_GEN-APND,TH_SP15_GEN-APND,DAM,LMP,LMP_PRC,TH_SP15_GEN-APND,ALL_APNODES,0,28.39898,449
2017-09-24T04:00:00-00:00,2017-09-24T05:00:00-00:00,2017-09-23,22,0,TH_SP15_GEN-APND,TH_SP15_GEN-APND,TH_SP15_GEN-APND,DAM,LMP,LMP_PRC,TH_SP15_GEN-APND,ALL_APNODES,0,37.35641,449
2017-09-23T15:00:00-00:00,2017-09-23T16:00:00-00:00,2017-09-23,9,0,TH_SP15_GEN-APND,TH_SP15_GEN-APND,TH_SP15_GEN-APND,DAM,LMP,LMP_PRC,TH_SP15_GEN-APND,ALL_APNODES,0,22.16,449
2017-09-23T19:00:00-00:00,2017-09-23T20:00:00-00:00,2017-09-23,13,0,TH_SP15_GEN-APND,TH_SP15_GEN-APND,TH_SP15_GEN-APND,DAM,LMP,LMP_PRC,TH_SP15_GEN-APND,ALL_APNODES,0,10.05155,449
2017-09-24T01:00:00-00:00,2017-09-24T02:00:00-00:00,2017-09-23,19,0,TH_SP15_GEN-APND,TH_SP15_GEN-APND,TH_SP15_GEN-APND,DAM,LMP,LMP_PRC,TH_SP15_GEN-APND,ALL_APNODES,0,40.95202,449
2017-09-23T14:00:00-00:00,2017-09-23T15:00:00-00:00,2017-09-23,8,0,TH_SP15_GEN-APND,TH_SP15_GEN-APND,TH_SP15_GEN-APND,DAM,LMP,LMP_PRC,TH_SP15_GEN-APND,ALL_APNODES,0,27.27051,449
2017-09-24T04:00:00-00:00,2017-09-24T05:00:00-00:00,2017-09-23,22,0,TH_SP15_GEN-APND,TH_SP15_GEN-APND,TH_SP15_GEN-APND,DAM,MCC,LMP_CONG_PRC,TH_SP15_GEN-APND,ALL_APNODES,0,0,450
2017-09-23T19:00:00-00:00,2017-09-23T20:00:00-00:00,2017-09-23,13,0,TH_SP15_GEN-APND,TH_SP15_GEN-APND,TH_SP15_GEN-APND,DAM,MCC,LMP_CONG_PRC,TH_SP15_GEN-APND,ALL_APNODES,0,0.0931,450
2017-09-23T08:00:00-00:00,2017-09-23T09:00:00-00:00,2017-09-23,2,0,TH_SP15_GEN-APND,TH_SP15_GEN-APND,TH_SP15_GEN-APND,DAM,MCC,LMP_CONG_PRC,TH_SP15_GEN-APND,ALL_APNODES,0,0,450
2017-09-24T01:00:00-00:00,2017-09-24T02:00:00-00:00,2017-09-23,19,0,TH_SP15_GEN-APND,TH_SP15_GEN-APND,TH_SP15_GEN-APND,DAM,MCC,LMP_CONG_PRC,TH_SP15_GEN-APND,ALL_APNODES,0,0,450
2017-09-23T14:00:00-00:00,2017-09-23T15:00:00-00:00,2017-09-23,8,0,TH_SP15_GEN-APND,TH_SP15_GEN-APND,TH_SP15_GEN-APND,DAM,MCC,LMP_CONG_PRC,TH_SP15_GEN-APND,ALL_APNODES,0,0,450
2017-09-23T17:00:00-00:00,2017-09-23T18:00:00-00:00,2017-09-23,11,0,TH_SP15_GEN-APND,TH_SP15_GEN-APND,TH_SP15_GEN-APND,DAM,MCC,LMP_CONG_PRC,TH_SP15_GEN-APND,ALL_APNODES,0,0.03019,450
2017-09-23T22:00:00-00:00,2017-09-23T23:00:00-00:00,2017-09-23,16,0,TH_SP15_GEN-APND,TH_SP15_GEN-APND,TH_SP15_GEN-APND,DAM,MCC,LMP_CONG_PRC,TH_SP15_GEN-APND,ALL_APNODES,0,0.20963,450
2017-09-23T13:00:00-00:00,2017-09-23T14:00:00-00:00,2017-09-23,7,0,TH_SP15_GEN-APND,TH_SP15_GEN-APND,TH_SP15_GEN-APND,DAM,MCC,LMP_CONG_PRC,TH_SP15_GEN-APND,ALL_APNODES,0,0,450
2017-09-23T23:00:00-00:00,2017-09-24T00:00:00-00:00,2017-09-23,17,0,TH_SP15_GEN-APND,TH_SP15_GEN-APND,TH_SP15_GEN-APND,DAM,MCC,LMP_CONG_PRC,TH_SP15_GEN-APND,ALL_APNODES,0,0,450
2017-09-23T21:00:00-00:00,2017-09-23T22:00:00-00:00,2017-09-23,15,0,TH_SP15_GEN-APND,TH_SP15_GEN-APND,TH_SP15_GEN-APND,DAM,MCC,LMP_CONG_PRC,TH_SP15_GEN-APND,ALL_APNODES,0,0.0628,450
2017-09-24T03:00:00-00:00,2017-09-24T04:00:00-00:00,2017-09-23,21,0,TH_SP15_GEN-APND,TH_SP15_GEN-APND,TH_SP15_GEN-APND,DAM,MCC,LMP_CONG_PRC,TH_SP15_GEN-APND,ALL_APNODES,0,0,450
2017-09-24T05:00:00-00:00,2017-09-24T06:00:00-00:00,2017-09-23,23,0,TH_SP15_GEN-APND,TH_SP15_GEN-APND,TH_SP15_GEN-APND,DAM,MCC,LMP_CONG_PRC,TH_SP15_GEN-APND,ALL_APNODES,0,0,450
2017-09-23T07:00:00-00:00,2017-09-23T08:00:00-00:00,2017-09-23,1,0,TH_SP15_GEN-APND,TH_SP15_GEN-APND,TH_SP15_GEN-APND,DAM,MCC,LMP_CONG_PRC,TH_SP15_GEN-APND,ALL_APNODES,0,0,450
2017-09-24T00:00:00-00:00,2017-09-24T01:00:00-00:00,2017-09-23,18,0,TH_SP15_GEN-APND,TH_SP15_GEN-APND,TH_SP15_GEN-APND,DAM,MCC,LMP_CONG_PRC,TH_SP15_GEN-APND,ALL_APNODES,0,0,450
2017-09-23T11:00:00-00:00,2017-09-23T12:00:00-00:00,2017-09-23,5,0,TH_SP15_GEN-APND,TH_SP15_GEN-APND,TH_SP15_GEN-APND,DAM,MCC,LMP_CONG_PRC,TH_SP15_GEN-APND,ALL_APNODES,0,0,450
2017-09-23T10:00:00-00:00,2017-09-23T11:00:00-00:00,2017-09-23,4,0,TH_SP15_GEN-APND,TH_SP15_GEN-APND,TH_SP15_GEN-APND,DAM,MCC,LMP_CONG_PRC,TH_SP15_GEN-APND,ALL_APNODES,0,0,450
2017-09-23T12:00:00-00:00,2017-09-23T13:00:00-00:00,2017-09-23,6,0,TH_SP15_GEN-APND,TH_SP15_GEN-APND,TH_SP15_GEN-APND,DAM,MCC,LMP_CONG_PRC,TH_SP15_GEN-APND,ALL_APNODES,0,0,450
2017-09-23T18:00:00-00:00,2017-09-23T19:00:00-00:00,2017-09-23,12,0,TH_SP15_GEN-APND,TH_SP15_GEN-APND,TH_SP15_GEN-APND,DAM,MCC,LMP_CONG_PRC,TH_SP15_GEN-APND,ALL_APNODES,0,0.11378,450
2017-09-23T09:00:00-00:00,2017-09-23T10:00:00-00:00,2017-09-23,3,0,TH_SP15_GEN-APND,TH_SP15_GEN-APND,TH_SP15_GEN-APND,DAM,MCC,LMP_CONG_PRC,TH_SP15_GEN-APND,ALL_APNODES,0,0,450
2017-09-24T06:00:00-00:00,2017-09-24T07:00:00-00:00,2017-09-23,24,0,TH_SP15_GEN-APND,TH_SP15_GEN-APND,TH_SP15_GEN-APND,DAM,MCC,LMP_CONG_PRC,TH_SP15_GEN-APND,ALL_APNODES,0,0,450
2017-09-23T20:00:00-00:00,2017-09-23T21:00:00-00:00,2017-09-23,14,0,TH_SP15_GEN-APND,TH_SP15_GEN-APND,TH_SP15_GEN-APND,DAM,MCC,LMP_CONG_PRC,TH_SP15_GEN-APND,ALL_APNODES,0,0.27001,450
2017-09-23T16:00:00-00:00,2017-09-23T17:00:00-00:00,2017-09-23,10,0,TH_SP15_GEN-APND,TH_SP15_GEN-APND,TH_SP15_GEN-APND,DAM,MCC,LMP_CONG_PRC,TH_SP15_GEN-APND,ALL_APNODES,0,0.58298,450
2017-09-23T15:00:00-00:00,2017-09-23T16:00:00-00:00,2017-09-23,9,0,TH_SP15_GEN-APND,TH_SP15_GEN-APND,TH_SP15_GEN-APND,DAM,MCC,LMP_CONG_PRC,TH_SP15_GEN-APND,ALL_APNODES,0,0,450
2017-09-24T02:00:00-00:00,2017-09-24T03:00:00-00:00,2017-09-23,20,0,TH_SP15_GEN-APND,TH_SP15_GEN-APND,TH_SP15_GEN-APND,DAM,MCC,LMP_CONG_PRC,TH_SP15_GEN-APND,ALL_APNODES,0,0,450
2017-09-24T02:00:00-00:00,2017-09-24T03:00:00-00:00,2017-09-23,20,0,TH_SP15_GEN-APND,TH_SP15_GEN-APND,TH_SP15_GEN-APND,DAM,MCE,LMP_ENE_PRC,TH_SP15_GEN-APND,ALL_APNODES,0,53.57143,451
2017-09-23T13:00:00-00:00,2017-09-23T14:00:00-00:00,2017-09-23,7,0,TH_SP15_GEN-APND,TH_SP15_GEN-APND,TH_SP15_GEN-APND,DAM,MCE,LMP_ENE_PRC,TH_SP15_GEN-APND,ALL_APNODES,0,30.00992,451
2017-09-23T23:00:00-00:00,2017-09-24T00:00:00-00:00,2017-09-23,17,0,TH_SP15_GEN-APND,TH_SP15_GEN-APND,TH_SP15_GEN-APND,DAM,MCE,LMP_ENE_PRC,TH_SP15_GEN-APND,ALL_APNODES,0,24.41027,451
2017-09-23T21:00:00-00:00,2017-09-23T22:00:00-00:00,2017-09-23,15,0,TH_SP15_GEN-APND,TH_SP15_GEN-APND,TH_SP15_GEN-APND,DAM,MCE,LMP_ENE_PRC,TH_SP15_GEN-APND,ALL_APNODES,0,16.05884,451
2017-09-24T04:00:00-00:00,2017-09-24T05:00:00-00:00,2017-09-23,22,0,TH_SP15_GEN-APND,TH_SP15_GEN-APND,TH_SP15_GEN-APND,DAM,MCE,LMP_ENE_PRC,TH_SP15_GEN-APND,ALL_APNODES,0,38.37725,451
2017-09-23T16:00:00-00:00,2017-09-23T17:00:00-00:00,2017-09-23,10,0,TH_SP15_GEN-APND,TH_SP15_GEN-APND,TH_SP15_GEN-APND,DAM,MCE,LMP_ENE_PRC,TH_SP15_GEN-APND,ALL_APNODES,0,15.44417,451
2017-09-24T05:00:00-00:00,2017-09-24T06:00:00-00:00,2017-09-23,23,0,TH_SP15_GEN-APND,TH_SP15_GEN-APND,TH_SP15_GEN-APND,DAM,MCE,LMP_ENE_PRC,TH_SP15_GEN-APND,ALL_APNODES,0,34.87736,451
2017-09-24T01:00:00-00:00,2017-09-24T02:00:00-00:00,2017-09-23,19,0,TH_SP15_GEN-APND,TH_SP15_GEN-APND,TH_SP15_GEN-APND,DAM,MCE,LMP_ENE_PRC,TH_SP15_GEN-APND,ALL_APNODES,0,42.26214,451
2017-09-24T00:00:00-00:00,2017-09-24T01:00:00-00:00,2017-09-23,18,0,TH_SP15_GEN-APND,TH_SP15_GEN-APND,TH_SP15_GEN-APND,DAM,MCE,LMP_ENE_PRC,TH_SP15_GEN-APND,ALL_APNODES,0,29.45341,451
2017-09-23T18:00:00-00:00,2017-09-23T19:00:00-00:00,2017-09-23,12,0,TH_SP15_GEN-APND,TH_SP15_GEN-APND,TH_SP15_GEN-APND,DAM,MCE,LMP_ENE_PRC,TH_SP15_GEN-APND,ALL_APNODES,0,8.35297,451
2017-09-23T17:00:00-00:00,2017-09-23T18:00:00-00:00,2017-09-23,11,0,TH_SP15_GEN-APND,TH_SP15_GEN-APND,TH_SP15_GEN-APND,DAM,MCE,LMP_ENE_PRC,TH_SP15_GEN-APND,ALL_APNODES,0,6.73109,451
2017-09-23T11:00:00-00:00,2017-09-23T12:00:00-00:00,2017-09-23,5,0,TH_SP15_GEN-APND,TH_SP15_GEN-APND,TH_SP15_GEN-APND,DAM,MCE,LMP_ENE_PRC,TH_SP15_GEN-APND,ALL_APNODES,0,29.41055,451
2017-09-23T08:00:00-00:00,2017-09-23T09:00:00-00:00,2017-09-23,2,0,TH_SP15_GEN-APND,TH_SP15_GEN-APND,TH_SP15_GEN-APND,DAM,MCE,LMP_ENE_PRC,TH_SP15_GEN-APND,ALL_APNODES,0,27.70326,451
2017-09-23T07:00:00-00:00,2017-09-23T08:00:00-00:00,2017-09-23,1,0,TH_SP15_GEN-APND,TH_SP15_GEN-APND,TH_SP15_GEN-APND,DAM,MCE,LMP_ENE_PRC,TH_SP15_GEN-APND,ALL_APNODES,0,28.98851,451
2017-09-23T14:00:00-00:00,2017-09-23T15:00:00-00:00,2017-09-23,8,0,TH_SP15_GEN-APND,TH_SP15_GEN-APND,TH_SP15_GEN-APND,DAM,MCE,LMP_ENE_PRC,TH_SP15_GEN-APND,ALL_APNODES,0,28.07919,451
2017-09-23T15:00:00-00:00,2017-09-23T16:00:00-00:00,2017-09-23,9,0,TH_SP15_GEN-APND,TH_SP15_GEN-APND,TH_SP15_GEN-APND,DAM,MCE,LMP_ENE_PRC,TH_SP15_GEN-APND,ALL_APNODES,0,23.06171,451
2017-09-24T06:00:00-00:00,2017-09-24T07:00:00-00:00,2017-09-23,24,0,TH_SP15_GEN-APND,TH_SP15_GEN-APND,TH_SP15_GEN-APND,DAM,MCE,LMP_ENE_PRC,TH_SP15_GEN-APND,ALL_APNODES,0,31.89495,451
2017-09-24T03:00:00-00:00,2017-09-24T04:00:00-00:00,2017-09-23,21,0,TH_SP15_GEN-APND,TH_SP15_GEN-APND,TH_SP15_GEN-APND,DAM,MCE,LMP_ENE_PRC,TH_SP15_GEN-APND,ALL_APNODES,0,45.76406,451
2017-09-23T10:00:00-00:00,2017-09-23T11:00:00-00:00,2017-09-23,4,0,TH_SP15_GEN-APND,TH_SP15_GEN-APND,TH_SP15_GEN-APND,DAM,MCE,LMP_ENE_PRC,TH_SP15_GEN-APND,ALL_APNODES,0,29.06368,451
2017-09-23T19:00:00-00:00,2017-09-23T20:00:00-00:00,2017-09-23,13,0,TH_SP15_GEN-APND,TH_SP15_GEN-APND,TH_SP15_GEN-APND,DAM,MCE,LMP_ENE_PRC,TH_SP15_GEN-APND,ALL_APNODES,0,10.3529,451
2017-09-23T12:00:00-00:00,2017-09-23T13:00:00-00:00,2017-09-23,6,0,TH_SP15_GEN-APND,TH_SP15_GEN-APND,TH_SP15_GEN-APND,DAM,MCE,LMP_ENE_PRC,TH_SP15_GEN-APND,ALL_APNODES,0,31.12392,451
2017-09-23T09:00:00-00:00,2017-09-23T10:00:00-00:00,2017-09-23,3,0,TH_SP15_GEN-APND,TH_SP15_GEN-APND,TH_SP15_GEN-APND,DAM,MCE,LMP_ENE_PRC,TH_SP15_GEN-APND,ALL_APNODES,0,29.77846,451
2017-09-23T20:00:00-00:00,2017-09-23T21:00:00-00:00,2017-09-23,14,0,TH_SP15_GEN-APND,TH_SP15_GEN-APND,TH_SP15_GEN-APND,DAM,MCE,LMP_ENE_PRC,TH_SP15_GEN-APND,ALL_APNODES,0,14.19957,451
2017-09-23T22:00:00-00:00,2017-09-23T23:00:00-00:00,2017-09-23,16,0,TH_SP15_GEN-APND,TH_SP15_GEN-APND,TH_SP15_GEN-APND,DAM,MCE,LMP_ENE_PRC,TH_SP15_GEN-APND,ALL_APNODES,0,19.95813,451
2017-09-23T20:00:00-00:00,2017-09-23T21:00:00-00:00,2017-09-23,14,0,TH_SP15_GEN-APND,TH_SP15_GEN-APND,TH_SP15_GEN-APND,DAM,MCL,LMP_LOSS_PRC,TH_SP15_GEN-APND,ALL_APNODES,0,-0.55094,452
2017-09-23T23:00:00-00:00,2017-09-24T00:00:00-00:00,2017-09-23,17,0,TH_SP15_GEN-APND,TH_SP15_GEN-APND,TH_SP15_GEN-APND,DAM,MCL,LMP_LOSS_PRC,TH_SP15_GEN-APND,ALL_APNODES,0,-1.0472,452
2017-09-23T09:00:00-00:00,2017-09-23T10:00:00-00:00,2017-09-23,3,0,TH_SP15_GEN-APND,TH_SP15_GEN-APND,TH_SP15_GEN-APND,DAM,MCL,LMP_LOSS_PRC,TH_SP15_GEN-APND,ALL_APNODES,0,-0.81295,452
2017-09-23T12:00:00-00:00,2017-09-23T13:00:00-00:00,2017-09-23,6,0,TH_SP15_GEN-APND,TH_SP15_GEN-APND,TH_SP15_GEN-APND,DAM,MCL,LMP_LOSS_PRC,TH_SP15_GEN-APND,ALL_APNODES,0,-0.74697,452
2017-09-24T04:00:00-00:00,2017-09-24T05:00:00-00:00,2017-09-23,22,0,TH_SP15_GEN-APND,TH_SP15_GEN-APND,TH_SP15_GEN-APND,DAM,MCL,LMP_LOSS_PRC,TH_SP15_GEN-APND,ALL_APNODES,0,-1.02083,452
2017-09-23T16:00:00-00:00,2017-09-23T17:00:00-00:00,2017-09-23,10,0,TH_SP15_GEN-APND,TH_SP15_GEN-APND,TH_SP15_GEN-APND,DAM,MCL,LMP_LOSS_PRC,TH_SP15_GEN-APND,ALL_APNODES,0,-0.5946,452
2017-09-23T08:00:00-00:00,2017-09-23T09:00:00-00:00,2017-09-23,2,0,TH_SP15_GEN-APND,TH_SP15_GEN-APND,TH_SP15_GEN-APND,DAM,MCL,LMP_LOSS_PRC,TH_SP15_GEN-APND,ALL_APNODES,0,-0.86434,452
2017-09-24T06:00:00-00:00,2017-09-24T07:00:00-00:00,2017-09-23,24,0,TH_SP15_GEN-APND,TH_SP15_GEN-APND,TH_SP15_GEN-APND,DAM,MCL,LMP_LOSS_PRC,TH_SP15_GEN-APND,ALL_APNODES,0,-0.96961,452
2017-09-23T21:00:00-00:00,2017-09-23T22:00:00-00:00,2017-09-23,15,0,TH_SP15_GEN-APND,TH_SP15_GEN-APND,TH_SP15_GEN-APND,DAM,MCL,LMP_LOSS_PRC,TH_SP15_GEN-APND,ALL_APNODES,0,-0.66484,452
2017-09-23T07:00:00-00:00,2017-09-23T08:00:00-00:00,2017-09-23,1,0,TH_SP15_GEN-APND,TH_SP15_GEN-APND,TH_SP15_GEN-APND,DAM,MCL,LMP_LOSS_PRC,TH_SP15_GEN-APND,ALL_APNODES,0,-0.94213,452
2017-09-23T11:00:00-00:00,2017-09-23T12:00:00-00:00,2017-09-23,5,0,TH_SP15_GEN-APND,TH_SP15_GEN-APND,TH_SP15_GEN-APND,DAM,MCL,LMP_LOSS_PRC,TH_SP15_GEN-APND,ALL_APNODES,0,-0.81761,452
2017-09-24T01:00:00-00:00,2017-09-24T02:00:00-00:00,2017-09-23,19,0,TH_SP15_GEN-APND,TH_SP15_GEN-APND,TH_SP15_GEN-APND,DAM,MCL,LMP_LOSS_PRC,TH_SP15_GEN-APND,ALL_APNODES,0,-1.31013,452
2017-09-24T02:00:00-00:00,2017-09-24T03:00:00-00:00,2017-09-23,20,0,TH_SP15_GEN-APND,TH_SP15_GEN-APND,TH_SP15_GEN-APND,DAM,MCL,LMP_LOSS_PRC,TH_SP15_GEN-APND,ALL_APNODES,0,-1.65536,452
2017-09-24T05:00:00-00:00,2017-09-24T06:00:00-00:00,2017-09-23,23,0,TH_SP15_GEN-APND,TH_SP15_GEN-APND,TH_SP15_GEN-APND,DAM,MCL,LMP_LOSS_PRC,TH_SP15_GEN-APND,ALL_APNODES,0,-1.03237,452
2017-09-23T17:00:00-00:00,2017-09-23T18:00:00-00:00,2017-09-23,11,0,TH_SP15_GEN-APND,TH_SP15_GEN-APND,TH_SP15_GEN-APND,DAM,MCL,LMP_LOSS_PRC,TH_SP15_GEN-APND,ALL_APNODES,0,-0.26857,452
2017-09-23T19:00:00-00:00,2017-09-23T20:00:00-00:00,2017-09-23,13,0,TH_SP15_GEN-APND,TH_SP15_GEN-APND,TH_SP15_GEN-APND,DAM,MCL,LMP_LOSS_PRC,TH_SP15_GEN-APND,ALL_APNODES,0,-0.39445,452
2017-09-23T14:00:00-00:00,2017-09-23T15:00:00-00:00,2017-09-23,8,0,TH_SP15_GEN-APND,TH_SP15_GEN-APND,TH_SP15_GEN-APND,DAM,MCL,LMP_LOSS_PRC,TH_SP15_GEN-APND,ALL_APNODES,0,-0.80868,452
2017-09-24T00:00:00-00:00,2017-09-24T01:00:00-00:00,2017-09-23,18,0,TH_SP15_GEN-APND,TH_SP15_GEN-APND,TH_SP15_GEN-APND,DAM,MCL,LMP_LOSS_PRC,TH_SP15_GEN-APND,ALL_APNODES,0,-1.05443,452
2017-09-23T22:00:00-00:00,2017-09-23T23:00:00-00:00,2017-09-23,16,0,TH_SP15_GEN-APND,TH_SP15_GEN-APND,TH_SP15_GEN-APND,DAM,MCL,LMP_LOSS_PRC,TH_SP15_GEN-APND,ALL_APNODES,0,-0.8103,452
2017-09-23T10:00:00-00:00,2017-09-23T11:00:00-00:00,2017-09-23,4,0,TH_SP15_GEN-APND,TH_SP15_GEN-APND,TH_SP15_GEN-APND,DAM,MCL,LMP_LOSS_PRC,TH_SP15_GEN-APND,ALL_APNODES,0,-0.77019,452
2017-09-23T13:00:00-00:00,2017-09-23T14:00:00-00:00,2017-09-23,7,0,TH_SP15_GEN-APND,TH_SP15_GEN-APND,TH_SP15_GEN-APND,DAM,MCL,LMP_LOSS_PRC,TH_SP15_GEN-APND,ALL_APNODES,0,-0.74125,452
2017-09-24T03:00:00-00:00,2017-09-24T04:00:00-00:00,2017-09-23,21,0,TH_SP15_GEN-APND,TH_SP15_GEN-APND,TH_SP15_GEN-APND,DAM,MCL,LMP_LOSS_PRC,TH_SP15_GEN-APND,ALL_APNODES,0,-1.30428,452
2017-09-23T15:00:00-00:00,2017-09-23T16:00:00-00:00,2017-09-23,9,0,TH_SP15_GEN-APND,TH_SP15_GEN-APND,TH_SP15_GEN-APND,DAM,MCL,LMP_LOSS_PRC,TH_SP15_GEN-APND,ALL_APNODES,0,-0.90171,452
2017-09-23T18:00:00-00:00,2017-09-23T19:00:00-00:00,2017-09-23,12,0,TH_SP15_GEN-APND,TH_SP15_GEN-APND,TH_SP15_GEN-APND,DAM,MCL,LMP_LOSS_PRC,TH_SP15_GEN-APND,ALL_APNODES,0,-0.31407,452
2017-09-24T01:00:00-00:00,2017-09-24T02:00:00-00:00,2017-09-23,19,0,TH_ZP26_GEN-APND,TH_ZP26_GEN-APND,TH_ZP26_GEN-APND,DAM,LMP,LMP_PRC,TH_ZP26_GEN-APND,ALL_APNODES,0,40.91821,453
2017-09-24T02:00:00-00:00,2017-09-24T03:00:00-00:00,2017-09-23,20,0,TH_ZP26_GEN-APND,TH_ZP26_GEN-APND,TH_ZP26_GEN-APND,DAM,LMP,LMP_PRC,TH_ZP26_GEN-APND,ALL_APNODES,0,51.87857,453
2017-09-23T21:00:00-00:00,2017-09-23T22:00:00-00:00,2017-09-23,15,0,TH_ZP26_GEN-APND,TH_ZP26_GEN-APND,TH_ZP26_GEN-APND,DAM,LMP,LMP_PRC,TH_ZP26_GEN-APND,ALL_APNODES,0,15.23241,453
2017-09-23T22:00:00-00:00,2017-09-23T23:00:00-00:00,2017-09-23,16,0,TH_ZP26_GEN-APND,TH_ZP26_GEN-APND,TH_ZP26_GEN-APND,DAM,LMP,LMP_PRC,TH_ZP26_GEN-APND,ALL_APNODES,0,18.82289,453
2017-09-23T23:00:00-00:00,2017-09-24T00:00:00-00:00,2017-09-23,17,0,TH_ZP26_GEN-APND,TH_ZP26_GEN-APND,TH_ZP26_GEN-APND,DAM,LMP,LMP_PRC,TH_ZP26_GEN-APND,ALL_APNODES,0,23.31181,453
2017-09-23T09:00:00-00:00,2017-09-23T10:00:00-00:00,2017-09-23,3,0,TH_ZP26_GEN-APND,TH_ZP26_GEN-APND,TH_ZP26_GEN-APND,DAM,LMP,LMP_PRC,TH_ZP26_GEN-APND,ALL_APNODES,0,28.88213,453
2017-09-23T11:00:00-00:00,2017-09-23T12:00:00-00:00,2017-09-23,5,0,TH_ZP26_GEN-APND,TH_ZP26_GEN-APND,TH_ZP26_GEN-APND,DAM,LMP,LMP_PRC,TH_ZP26_GEN-APND,ALL_APNODES,0,28.51353,453
2017-09-23T20:00:00-00:00,2017-09-23T21:00:00-00:00,2017-09-23,14,0,TH_ZP26_GEN-APND,TH_ZP26_GEN-APND,TH_ZP26_GEN-APND,DAM,LMP,LMP_PRC,TH_ZP26_GEN-APND,ALL_APNODES,0,13.25328,453
2017-09-24T00:00:00-00:00,2017-09-24T01:00:00-00:00,2017-09-23,18,0,TH_ZP26_GEN-APND,TH_ZP26_GEN-APND,TH_ZP26_GEN-APND,DAM,LMP,LMP_PRC,TH_ZP26_GEN-APND,ALL_APNODES,0,28.29,453
2017-09-23T07:00:00-00:00,2017-09-23T08:00:00-00:00,2017-09-23,1,0,TH_ZP26_GEN-APND,TH_ZP26_GEN-APND,TH_ZP26_GEN-APND,DAM,LMP,LMP_PRC,TH_ZP26_GEN-APND,ALL_APNODES,0,28.11595,453
2017-09-24T04:00:00-00:00,2017-09-24T05:00:00-00:00,2017-09-23,22,0,TH_ZP26_GEN-APND,TH_ZP26_GEN-APND,TH_ZP26_GEN-APND,DAM,LMP,LMP_PRC,TH_ZP26_GEN-APND,ALL_APNODES,0,37.16453,453
2017-09-23T19:00:00-00:00,2017-09-23T20:00:00-00:00,2017-09-23,13,0,TH_ZP26_GEN-APND,TH_ZP26_GEN-APND,TH_ZP26_GEN-APND,DAM,LMP,LMP_PRC,TH_ZP26_GEN-APND,ALL_APNODES,0,9.7784,453
2017-09-24T05:00:00-00:00,2017-09-24T06:00:00-00:00,2017-09-23,23,0,TH_ZP26_GEN-APND,TH_ZP26_GEN-APND,TH_ZP26_GEN-APND,DAM,LMP,LMP_PRC,TH_ZP26_GEN-APND,ALL_APNODES,0,33.8136,453
2017-09-24T03:00:00-00:00,2017-09-24T04:00:00-00:00,2017-09-23,21,0,TH_ZP26_GEN-APND,TH_ZP26_GEN-APND,TH_ZP26_GEN-APND,DAM,LMP,LMP_PRC,TH_ZP26_GEN-APND,ALL_APNODES,0,44.34538,453
2017-09-23T15:00:00-00:00,2017-09-23T16:00:00-00:00,2017-09-23,9,0,TH_ZP26_GEN-APND,TH_ZP26_GEN-APND,TH_ZP26_GEN-APND,DAM,LMP,LMP_PRC,TH_ZP26_GEN-APND,ALL_APNODES,0,22.16,453
2017-09-23T17:00:00-00:00,2017-09-23T18:00:00-00:00,2017-09-23,11,0,TH_ZP26_GEN-APND,TH_ZP26_GEN-APND,TH_ZP26_GEN-APND,DAM,LMP,LMP_PRC,TH_ZP26_GEN-APND,ALL_APNODES,0,6.38961,453
2017-09-23T18:00:00-00:00,2017-09-23T19:00:00-00:00,2017-09-23,12,0,TH_ZP26_GEN-APND,TH_ZP26_GEN-APND,TH_ZP26_GEN-APND,DAM,LMP,LMP_PRC,TH_ZP26_GEN-APND,ALL_APNODES,0,7.8473,453
2017-09-23T08:00:00-00:00,2017-09-23T09:00:00-00:00,2017-09-23,2,0,TH_ZP26_GEN-APND,TH_ZP26_GEN-APND,TH_ZP26_GEN-APND,DAM,LMP,LMP_PRC,TH_ZP26_GEN-APND,ALL_APNODES,0,26.86939,453
2017-09-23T13:00:00-00:00,2017-09-23T14:00:00-00:00,2017-09-23,7,0,TH_ZP26_GEN-APND,TH_ZP26_GEN-APND,TH_ZP26_GEN-APND,DAM,LMP,LMP_PRC,TH_ZP26_GEN-APND,ALL_APNODES,0,29.12163,453
2017-09-23T14:00:00-00:00,2017-09-23T15:00:00-00:00,2017-09-23,8,0,TH_ZP26_GEN-APND,TH_ZP26_GEN-APND,TH_ZP26_GEN-APND,DAM,LMP,LMP_PRC,TH_ZP26_GEN-APND,ALL_APNODES,0,27.12169,453
2017-09-24T06:00:00-00:00,2017-09-24T07:00:00-00:00,2017-09-23,24,0,TH_ZP26_GEN-APND,TH_ZP26_GEN-APND,TH_ZP26_GEN-APND,DAM,LMP,LMP_PRC,TH_ZP26_GEN-APND,ALL_APNODES,0,31.08482,453
2017-09-23T16:00:00-00:00,2017-09-23T17:00:00-00:00,2017-09-23,10,0,TH_ZP26_GEN-APND,TH_ZP26_GEN-APND,TH_ZP26_GEN-APND,DAM,LMP,LMP_PRC,TH_ZP26_GEN-APND,ALL_APNODES,0,14.05023,453
2017-09-23T10:00:00-00:00,2017-09-23T11:00:00-00:00,2017-09-23,4,0,TH_ZP26_GEN-APND,TH_ZP26_GEN-APND,TH_ZP26_GEN-APND,DAM,LMP,LMP_PRC,TH_ZP26_GEN-APND,ALL_APNODES,0,28.17723,453
2017-09-23T12:00:00-00:00,2017-09-23T13:00:00-00:00,2017-09-23,6,0,TH_ZP26_GEN-APND,TH_ZP26_GEN-APND,TH_ZP26_GEN-APND,DAM,LMP,LMP_PRC,TH_ZP26_GEN-APND,ALL_APNODES,0,30.17464,453
2017-09-23T08:00:00-00:00,2017-09-23T09:00:00-00:00,2017-09-23,2,0,TH_ZP26_GEN-APND,TH_ZP26_GEN-APND,TH_ZP26_GEN-APND,DAM,MCC,LMP_CONG_PRC,TH_ZP26_GEN-APND,ALL_APNODES,0,0,454
2017-09-23T09:00:00-00:00,2017-09-23T10:00:00-00:00,2017-09-23,3,0,TH_ZP26_GEN-APND,TH_ZP26_GEN-APND,TH_ZP26_GEN-APND,DAM,MCC,LMP_CONG_PRC,TH_ZP26_GEN-APND,ALL_APNODES,0,0,454
2017-09-23T13:00:00-00:00,2017-09-23T14:00:00-00:00,2017-09-23,7,0,TH_ZP26_GEN-APND,TH_ZP26_GEN-APND,TH_ZP26_GEN-APND,DAM,MCC,LMP_CONG_PRC,TH_ZP26_GEN-APND,ALL_APNODES,0,0,454
2017-09-24T03:00:00-00:00,2017-09-24T04:00:00-00:00,2017-09-23,21,0,TH_ZP26_GEN-APND,TH_ZP26_GEN-APND,TH_ZP26_GEN-APND,DAM,MCC,LMP_CONG_PRC,TH_ZP26_GEN-APND,ALL_APNODES,0,0,454
2017-09-23T15:00:00-00:00,2017-09-23T16:00:00-00:00,2017-09-23,9,0,TH_ZP26_GEN-APND,TH_ZP26_GEN-APND,TH_ZP26_GEN-APND,DAM,MCC,LMP_CONG_PRC,TH_ZP26_GEN-APND,ALL_APNODES,0,0,454
2017-09-23T17:00:00-00:00,2017-09-23T18:00:00-00:00,2017-09-23,11,0,TH_ZP26_GEN-APND,TH_ZP26_GEN-APND,TH_ZP26_GEN-APND,DAM,MCC,LMP_CONG_PRC,TH_ZP26_GEN-APND,ALL_APNODES,0,-0.03522,454
2017-09-24T06:00:00-00:00,2017-09-24T07:00:00-00:00,2017-09-23,24,0,TH_ZP26_GEN-APND,TH_ZP26_GEN-APND,TH_ZP26_GEN-APND,DAM,MCC,LMP_CONG_PRC,TH_ZP26_GEN-APND,ALL_APNODES,0,0,454
2017-09-23T18:00:00-00:00,2017-09-23T19:00:00-00:00,2017-09-23,12,0,TH_ZP26_GEN-APND,TH_ZP26_GEN-APND,TH_ZP26_GEN-APND,DAM,MCC,LMP_CONG_PRC,TH_ZP26_GEN-APND,ALL_APNODES,0,-0.12895,454
2017-09-23T14:00:00-00:00,2017-09-23T15:00:00-00:00,2017-09-23,8,0,TH_ZP26_GEN-APND,TH_ZP26_GEN-APND,TH_ZP26_GEN-APND,DAM,MCC,LMP_CONG_PRC,TH_ZP26_GEN-APND,ALL_APNODES,0,0,454
2017-09-23T19:00:00-00:00,2017-09-23T20:00:00-00:00,2017-09-23,13,0,TH_ZP26_GEN-APND,TH_ZP26_GEN-APND,TH_ZP26_GEN-APND,DAM,MCC,LMP_CONG_PRC,TH_ZP26_GEN-APND,ALL_APNODES,0,-0.10551,454
2017-09-23T22:00:00-00:00,2017-09-23T23:00:00-00:00,2017-09-23,16,0,TH_ZP26_GEN-APND,TH_ZP26_GEN-APND,TH_ZP26_GEN-APND,DAM,MCC,LMP_CONG_PRC,TH_ZP26_GEN-APND,ALL_APNODES,0,-0.22315,454
2017-09-23T23:00:00-00:00,2017-09-24T00:00:00-00:00,2017-09-23,17,0,TH_ZP26_GEN-APND,TH_ZP26_GEN-APND,TH_ZP26_GEN-APND,DAM,MCC,LMP_CONG_PRC,TH_ZP26_GEN-APND,ALL_APNODES,0,0,454
2017-09-24T00:00:00-00:00,2017-09-24T01:00:00-00:00,2017-09-23,18,0,TH_ZP26_GEN-APND,TH_ZP26_GEN-APND,TH_ZP26_GEN-APND,DAM,MCC,LMP_CONG_PRC,TH_ZP26_GEN-APND,ALL_APNODES,0,0,454
2017-09-24T01:00:00-00:00,2017-09-24T02:00:00-00:00,2017-09-23,19,0,TH_ZP26_GEN-APND,TH_ZP26_GEN-APND,TH_ZP26_GEN-APND,DAM,MCC,LMP_CONG_PRC,TH_ZP26_GEN-APND,ALL_APNODES,0,0,454
2017-09-24T02:00:00-00:00,2017-09-24T03:00:00-00:00,2017-09-23,20,0,TH_ZP26_GEN-APND,TH_ZP26_GEN-APND,TH_ZP26_GEN-APND,DAM,MCC,LMP_CONG_PRC,TH_ZP26_GEN-APND,ALL_APNODES,0,0,454
2017-09-24T04:00:00-00:00,2017-09-24T05:00:00-00:00,2017-09-23,22,0,TH_ZP26_GEN-APND,TH_ZP26_GEN-APND,TH_ZP26_GEN-APND,DAM,MCC,LMP_CONG_PRC,TH_ZP26_GEN-APND,ALL_APNODES,0,0,454
2017-09-23T16:00:00-00:00,2017-09-23T17:00:00-00:00,2017-09-23,10,0,TH_ZP26_GEN-APND,TH_ZP26_GEN-APND,TH_ZP26_GEN-APND,DAM,MCC,LMP_CONG_PRC,TH_ZP26_GEN-APND,ALL_APNODES,0,-0.70359,454
2017-09-23T21:00:00-00:00,2017-09-23T22:00:00-00:00,2017-09-23,15,0,TH_ZP26_GEN-APND,TH_ZP26_GEN-APND,TH_ZP26_GEN-APND,DAM,MCC,LMP_CONG_PRC,TH_ZP26_GEN-APND,ALL_APNODES,0,-0.06685,454
2017-09-23T11:00:00-00:00,2017-09-23T12:00:00-00:00,2017-09-23,5,0,TH_ZP26_GEN-APND,TH_ZP26_GEN-APND,TH_ZP26_GEN-APND,DAM,MCC,LMP_CONG_PRC,TH_ZP26_GEN-APND,ALL_APNODES,0,0,454
2017-09-23T12:00:00-00:00,2017-09-23T13:00:00-00:00,2017-09-23,6,0,TH_ZP26_GEN-APND,TH_ZP26_GEN-APND,TH_ZP26_GEN-APND,DAM,MCC,LMP_CONG_PRC,TH_ZP26_GEN-APND,ALL_APNODES,0,0,454
2017-09-23T07:00:00-00:00,2017-09-23T08:00:00-00:00,2017-09-23,1,0,TH_ZP26_GEN-APND,TH_ZP26_GEN-APND,TH_ZP26_GEN-APND,DAM,MCC,LMP_CONG_PRC,TH_ZP26_GEN-APND,ALL_APNODES,0,0,454
2017-09-24T05:00:00-00:00,2017-09-24T06:00:00-00:00,2017-09-23,23,0,TH_ZP26_GEN-APND,TH_ZP26_GEN-APND,TH_ZP26_GEN-APND,DAM,MCC,LMP_CONG_PRC,TH_ZP26_GEN-APND,ALL_APNODES,0,0,454
2017-09-23T20:00:00-00:00,2017-09-23T21:00:00-00:00,2017-09-23,14,0,TH_ZP26_GEN-APND,TH_ZP26_GEN-APND,TH_ZP26_GEN-APND,DAM,MCC,LMP_CONG_PRC,TH_ZP26_GEN-APND,ALL_APNODES,0,-0.28743,454
2017-09-23T10:00:00-00:00,2017-09-23T11:00:00-00:00,2017-09-23,4,0,TH_ZP26_GEN-APND,TH_ZP26_GEN-APND,TH_ZP26_GEN-APND,DAM,MCC,LMP_CONG_PRC,TH_ZP26_GEN-APND,ALL_APNODES,0,0,454
2017-09-24T02:00:00-00:00,2017-09-24T03:00:00-00:00,2017-09-23,20,0,TH_ZP26_GEN-APND,TH_ZP26_GEN-APND,TH_ZP26_GEN-APND,DAM,MCE,LMP_ENE_PRC,TH_ZP26_GEN-APND,ALL_APNODES,0,53.57143,455
2017-09-23T16:00:00-00:00,2017-09-23T17:00:00-00:00,2017-09-23,10,0,TH_ZP26_GEN-APND,TH_ZP26_GEN-APND,TH_ZP26_GEN-APND,DAM,MCE,LMP_ENE_PRC,TH_ZP26_GEN-APND,ALL_APNODES,0,15.44417,455
2017-09-23T21:00:00-00:00,2017-09-23T22:00:00-00:00,2017-09-23,15,0,TH_ZP26_GEN-APND,TH_ZP26_GEN-APND,TH_ZP26_GEN-APND,DAM,MCE,LMP_ENE_PRC,TH_ZP26_GEN-APND,ALL_APNODES,0,16.05884,455
2017-09-24T06:00:00-00:00,2017-09-24T07:00:00-00:00,2017-09-23,24,0,TH_ZP26_GEN-APND,TH_ZP26_GEN-APND,TH_ZP26_GEN-APND,DAM,MCE,LMP_ENE_PRC,TH_ZP26_GEN-APND,ALL_APNODES,0,31.89495,455
2017-09-23T22:00:00-00:00,2017-09-23T23:00:00-00:00,2017-09-23,16,0,TH_ZP26_GEN-APND,TH_ZP26_GEN-APND,TH_ZP26_GEN-APND,DAM,MCE,LMP_ENE_PRC,TH_ZP26_GEN-APND,ALL_APNODES,0,19.95813,455
2017-09-23T08:00:00-00:00,2017-09-23T09:00:00-00:00,2017-09-23,2,0,TH_ZP26_GEN-APND,TH_ZP26_GEN-APND,TH_ZP26_GEN-APND,DAM,MCE,LMP_ENE_PRC,TH_ZP26_GEN-APND,ALL_APNODES,0,27.70326,455
2017-09-23T09:00:00-00:00,2017-09-23T10:00:00-00:00,2017-09-23,3,0,TH_ZP26_GEN-APND,TH_ZP26_GEN-APND,TH_ZP26_GEN-APND,DAM,MCE,LMP_ENE_PRC,TH_ZP26_GEN-APND,ALL_APNODES,0,29.77846,455
2017-09-23T10:00:00-00:00,2017-09-23T11:00:00-00:00,2017-09-23,4,0,TH_ZP26_GEN-APND,TH_ZP26_GEN-APND,TH_ZP26_GEN-APND,DAM,MCE,LMP_ENE_PRC,TH_ZP26_GEN-APND,ALL_APNODES,0,29.06368,455
2017-09-23T14:00:00-00:00,2017-09-23T15:00:00-00:00,2017-09-23,8,0,TH_ZP26_GEN-APND,TH_ZP26_GEN-APND,TH_ZP26_GEN-APND,DAM,MCE,LMP_ENE_PRC,TH_ZP26_GEN-APND,ALL_APNODES,0,28.07919,455
2017-09-23T07:00:00-00:00,2017-09-23T08:00:00-00:00,2017-09-23,1,0,TH_ZP26_GEN-APND,TH_ZP26_GEN-APND,TH_ZP26_GEN-APND,DAM,MCE,LMP_ENE_PRC,TH_ZP26_GEN-APND,ALL_APNODES,0,28.98851,455
2017-09-24T01:00:00-00:00,2017-09-24T02:00:00-00:00,2017-09-23,19,0,TH_ZP26_GEN-APND,TH_ZP26_GEN-APND,TH_ZP26_GEN-APND,DAM,MCE,LMP_ENE_PRC,TH_ZP26_GEN-APND,ALL_APNODES,0,42.26214,455
2017-09-24T03:00:00-00:00,2017-09-24T04:00:00-00:00,2017-09-23,21,0,TH_ZP26_GEN-APND,TH_ZP26_GEN-APND,TH_ZP26_GEN-APND,DAM,MCE,LMP_ENE_PRC,TH_ZP26_GEN-APND,ALL_APNODES,0,45.76406,455
2017-09-23T20:00:00-00:00,2017-09-23T21:00:00-00:00,2017-09-23,14,0,TH_ZP26_GEN-APND,TH_ZP26_GEN-APND,TH_ZP26_GEN-APND,DAM,MCE,LMP_ENE_PRC,TH_ZP26_GEN-APND,ALL_APNODES,0,14.19957,455
2017-09-23T12:00:00-00:00,2017-09-23T13:00:00-00:00,2017-09-23,6,0,TH_ZP26_GEN-APND,TH_ZP26_GEN-APND,TH_ZP26_GEN-APND,DAM,MCE,LMP_ENE_PRC,TH_ZP26_GEN-APND,ALL_APNODES,0,31.12392,455
2017-09-24T05:00:00-00:00,2017-09-24T06:00:00-00:00,2017-09-23,23,0,TH_ZP26_GEN-APND,TH_ZP26_GEN-APND,TH_ZP26_GEN-APND,DAM,MCE,LMP_ENE_PRC,TH_ZP26_GEN-APND,ALL_APNODES,0,34.87736,455
2017-09-23T17:00:00-00:00,2017-09-23T18:00:00-00:00,2017-09-23,11,0,TH_ZP26_GEN-APND,TH_ZP26_GEN-APND,TH_ZP26_GEN-APND,DAM,MCE,LMP_ENE_PRC,TH_ZP26_GEN-APND,ALL_APNODES,0,6.73109,455
2017-09-23T18:00:00-00:00,2017-09-23T19:00:00-00:00,2017-09-23,12,0,TH_ZP26_GEN-APND,TH_ZP26_GEN-APND,TH_ZP26_GEN-APND,DAM,MCE,LMP_ENE_PRC,TH_ZP26_GEN-APND,ALL_APNODES,0,8.35297,455
2017-09-23T19:00:00-00:00,2017-09-23T20:00:00-00:00,2017-09-23,13,0,TH_ZP26_GEN-APND,TH_ZP26_GEN-APND,TH_ZP26_GEN-APND,DAM,MCE,LMP_ENE_PRC,TH_ZP26_GEN-APND,ALL_APNODES,0,10.3529,455
2017-09-23T23:00:00-00:00,2017-09-24T00:00:00-00:00,2017-09-23,17,0,TH_ZP26_GEN-APND,TH_ZP26_GEN-APND,TH_ZP26_GEN-APND,DAM,MCE,LMP_ENE_PRC,TH_ZP26_GEN-APND,ALL_APNODES,0,24.41027,455
2017-09-24T00:00:00-00:00,2017-09-24T01:00:00-00:00,2017-09-23,18,0,TH_ZP26_GEN-APND,TH_ZP26_GEN-APND,TH_ZP26_GEN-APND,DAM,MCE,LMP_ENE_PRC,TH_ZP26_GEN-APND,ALL_APNODES,0,29.45341,455
2017-09-23T15:00:00-00:00,2017-09-23T16:00:00-00:00,2017-09-23,9,0,TH_ZP26_GEN-APND,TH_ZP26_GEN-APND,TH_ZP26_GEN-APND,DAM,MCE,LMP_ENE_PRC,TH_ZP26_GEN-APND,ALL_APNODES,0,23.06171,455
2017-09-23T11:00:00-00:00,2017-09-23T12:00:00-00:00,2017-09-23,5,0,TH_ZP26_GEN-APND,TH_ZP26_GEN-APND,TH_ZP26_GEN-APND,DAM,MCE,LMP_ENE_PRC,TH_ZP26_GEN-APND,ALL_APNODES,0,29.41055,455
2017-09-23T13:00:00-00:00,2017-09-23T14:00:00-00:00,2017-09-23,7,0,TH_ZP26_GEN-APND,TH_ZP26_GEN-APND,TH_ZP26_GEN-APND,DAM,MCE,LMP_ENE_PRC,TH_ZP26_GEN-APND,ALL_APNODES,0,30.00992,455
2017-09-24T04:00:00-00:00,2017-09-24T05:00:00-00:00,2017-09-23,22,0,TH_ZP26_GEN-APND,TH_ZP26_GEN-APND,TH_ZP26_GEN-APND,DAM,MCE,LMP_ENE_PRC,TH_ZP26_GEN-APND,ALL_APNODES,0,38.37725,455
2017-09-24T05:00:00-00:00,2017-09-24T06:00:00-00:00,2017-09-23,23,0,TH_ZP26_GEN-APND,TH_ZP26_GEN-APND,TH_ZP26_GEN-APND,DAM,MCL,LMP_LOSS_PRC,TH_ZP26_GEN-APND,ALL_APNODES,0,-1.06376,456
2017-09-23T10:00:00-00:00,2017-09-23T11:00:00-00:00,2017-09-23,4,0,TH_ZP26_GEN-APND,TH_ZP26_GEN-APND,TH_ZP26_GEN-APND,DAM,MCL,LMP_LOSS_PRC,TH_ZP26_GEN-APND,ALL_APNODES,0,-0.88644,456
2017-09-23T11:00:00-00:00,2017-09-23T12:00:00-00:00,2017-09-23,5,0,TH_ZP26_GEN-APND,TH_ZP26_GEN-APND,TH_ZP26_GEN-APND,DAM,MCL,LMP_LOSS_PRC,TH_ZP26_GEN-APND,ALL_APNODES,0,-0.89702,456
2017-09-24T02:00:00-00:00,2017-09-24T03:00:00-00:00,2017-09-23,20,0,TH_ZP26_GEN-APND,TH_ZP26_GEN-APND,TH_ZP26_GEN-APND,DAM,MCL,LMP_LOSS_PRC,TH_ZP26_GEN-APND,ALL_APNODES,0,-1.69286,456
2017-09-24T01:00:00-00:00,2017-09-24T02:00:00-00:00,2017-09-23,19,0,TH_ZP26_GEN-APND,TH_ZP26_GEN-APND,TH_ZP26_GEN-APND,DAM,MCL,LMP_LOSS_PRC,TH_ZP26_GEN-APND,ALL_APNODES,0,-1.34394,456
2017-09-24T04:00:00-00:00,2017-09-24T05:00:00-00:00,2017-09-23,22,0,TH_ZP26_GEN-APND,TH_ZP26_GEN-APND,TH_ZP26_GEN-APND,DAM,MCL,LMP_LOSS_PRC,TH_ZP26_GEN-APND,ALL_APNODES,0,-1.21272,456
2017-09-24T06:00:00-00:00,2017-09-24T07:00:00-00:00,2017-09-23,24,0,TH_ZP26_GEN-APND,TH_ZP26_GEN-APND,TH_ZP26_GEN-APND,DAM,MCL,LMP_LOSS_PRC,TH_ZP26_GEN-APND,ALL_APNODES,0,-0.81013,456
2017-09-23T19:00:00-00:00,2017-09-23T20:00:00-00:00,2017-09-23,13,0,TH_ZP26_GEN-APND,TH_ZP26_GEN-APND,TH_ZP26_GEN-APND,DAM,MCL,LMP_LOSS_PRC,TH_ZP26_GEN-APND,ALL_APNODES,0,-0.46899,456
2017-09-23T13:00:00-00:00,2017-09-23T14:00:00-00:00,2017-09-23,7,0,TH_ZP26_GEN-APND,TH_ZP26_GEN-APND,TH_ZP26_GEN-APND,DAM,MCL,LMP_LOSS_PRC,TH_ZP26_GEN-APND,ALL_APNODES,0,-0.88829,456
2017-09-23T14:00:00-00:00,2017-09-23T15:00:00-00:00,2017-09-23,8,0,TH_ZP26_GEN-APND,TH_ZP26_GEN-APND,TH_ZP26_GEN-APND,DAM,MCL,LMP_LOSS_PRC,TH_ZP26_GEN-APND,ALL_APNODES,0,-0.9575,456
2017-09-23T17:00:00-00:00,2017-09-23T18:00:00-00:00,2017-09-23,11,0,TH_ZP26_GEN-APND,TH_ZP26_GEN-APND,TH_ZP26_GEN-APND,DAM,MCL,LMP_LOSS_PRC,TH_ZP26_GEN-APND,ALL_APNODES,0,-0.30626,456
2017-09-23T21:00:00-00:00,2017-09-23T22:00:00-00:00,2017-09-23,15,0,TH_ZP26_GEN-APND,TH_ZP26_GEN-APND,TH_ZP26_GEN-APND,DAM,MCL,LMP_LOSS_PRC,TH_ZP26_GEN-APND,ALL_APNODES,0,-0.75958,456
2017-09-23T08:00:00-00:00,2017-09-23T09:00:00-00:00,2017-09-23,2,0,TH_ZP26_GEN-APND,TH_ZP26_GEN-APND,TH_ZP26_GEN-APND,DAM,MCL,LMP_LOSS_PRC,TH_ZP26_GEN-APND,ALL_APNODES,0,-0.83387,456
2017-09-23T16:00:00-00:00,2017-09-23T17:00:00-00:00,2017-09-23,10,0,TH_ZP26_GEN-APND,TH_ZP26_GEN-APND,TH_ZP26_GEN-APND,DAM,MCL,LMP_LOSS_PRC,TH_ZP26_GEN-APND,ALL_APNODES,0,-0.69035,456
2017-09-23T20:00:00-00:00,2017-09-23T21:00:00-00:00,2017-09-23,14,0,TH_ZP26_GEN-APND,TH_ZP26_GEN-APND,TH_ZP26_GEN-APND,DAM,MCL,LMP_LOSS_PRC,TH_ZP26_GEN-APND,ALL_APNODES,0,-0.65886,456
2017-09-23T22:00:00-00:00,2017-09-23T23:00:00-00:00,2017-09-23,16,0,TH_ZP26_GEN-APND,TH_ZP26_GEN-APND,TH_ZP26_GEN-APND,DAM,MCL,LMP_LOSS_PRC,TH_ZP26_GEN-APND,ALL_APNODES,0,-0.91209,456
2017-09-23T09:00:00-00:00,2017-09-23T10:00:00-00:00,2017-09-23,3,0,TH_ZP26_GEN-APND,TH_ZP26_GEN-APND,TH_ZP26_GEN-APND,DAM,MCL,LMP_LOSS_PRC,TH_ZP26_GEN-APND,ALL_APNODES,0,-0.89633,456
2017-09-24T03:00:00-00:00,2017-09-24T04:00:00-00:00,2017-09-23,21,0,TH_ZP26_GEN-APND,TH_ZP26_GEN-APND,TH_ZP26_GEN-APND,DAM,MCL,LMP_LOSS_PRC,TH_ZP26_GEN-APND,ALL_APNODES,0,-1.41869,456
2017-09-24T00:00:00-00:00,2017-09-24T01:00:00-00:00,2017-09-23,18,0,TH_ZP26_GEN-APND,TH_ZP26_GEN-APND,TH_ZP26_GEN-APND,DAM,MCL,LMP_LOSS_PRC,TH_ZP26_GEN-APND,ALL_APNODES,0,-1.16341,456
2017-09-23T15:00:00-00:00,2017-09-23T16:00:00-00:00,2017-09-23,9,0,TH_ZP26_GEN-APND,TH_ZP26_GEN-APND,TH_ZP26_GEN-APND,DAM,MCL,LMP_LOSS_PRC,TH_ZP26_GEN-APND,ALL_APNODES,0,-0.90171,456
2017-09-23T12:00:00-00:00,2017-09-23T13:00:00-00:00,2017-09-23,6,0,TH_ZP26_GEN-APND,TH_ZP26_GEN-APND,TH_ZP26_GEN-APND,DAM,MCL,LMP_LOSS_PRC,TH_ZP26_GEN-APND,ALL_APNODES,0,-0.94928,456
2017-09-23T18:00:00-00:00,2017-09-23T19:00:00-00:00,2017-09-23,12,0,TH_ZP26_GEN-APND,TH_ZP26_GEN-APND,TH_ZP26_GEN-APND,DAM,MCL,LMP_LOSS_PRC,TH_ZP26_GEN-APND,ALL_APNODES,0,-0.37672,456
2017-09-23T23:00:00-00:00,2017-09-24T00:00:00-00:00,2017-09-23,17,0,TH_ZP26_GEN-APND,TH_ZP26_GEN-APND,TH_ZP26_GEN-APND,DAM,MCL,LMP_LOSS_PRC,TH_ZP26_GEN-APND,ALL_APNODES,0,-1.09846,456
2017-09-23T07:00:00-00:00,2017-09-23T08:00:00-00:00,2017-09-23,1,0,TH_ZP26_GEN-APND,TH_ZP26_GEN-APND,TH_ZP26_GEN-APND,DAM,MCL,LMP_LOSS_PRC,TH_ZP26_GEN-APND,ALL_APNODES,0,-0.87255,456
2017-09-23T11:00:00-00:00,2017-09-23T12:00:00-00:00,2017-09-23,5,0,URBAN_6_N005,URBAN_6_N005,URBAN_6_N005,DAM,LMP,LMP_PRC,URBAN_6_N005,ALL,1,29.46643,457
2017-09-23T14:00:00-00:00,2017-09-23T15:00:00-00:00,2017-09-23,8,0,URBAN_6_N005,URBAN_6_N005,URBAN_6_N005,DAM,LMP,LMP_PRC,URBAN_6_N005,ALL,1,28.00057,457
2017-09-24T05:00:00-00:00,2017-09-24T06:00:00-00:00,2017-09-23,23,0,URBAN_6_N005,URBAN_6_N005,URBAN_6_N005,DAM,LMP,LMP_PRC,URBAN_6_N005,ALL,1,34.84597,457
2017-09-24T04:00:00-00:00,2017-09-24T05:00:00-00:00,2017-09-23,22,0,URBAN_6_N005,URBAN_6_N005,URBAN_6_N005,DAM,LMP,LMP_PRC,URBAN_6_N005,ALL,1,38.5346,457
2017-09-24T03:00:00-00:00,2017-09-24T04:00:00-00:00,2017-09-23,21,0,URBAN_6_N005,URBAN_6_N005,URBAN_6_N005,DAM,LMP,LMP_PRC,URBAN_6_N005,ALL,1,45.80525,457
2017-09-23T09:00:00-00:00,2017-09-23T10:00:00-00:00,2017-09-23,3,0,URBAN_6_N005,URBAN_6_N005,URBAN_6_N005,DAM,LMP,LMP_PRC,URBAN_6_N005,ALL,1,29.88269,457
2017-09-23T21:00:00-00:00,2017-09-23T22:00:00-00:00,2017-09-23,15,0,URBAN_6_N005,URBAN_6_N005,URBAN_6_N005,DAM,LMP,LMP_PRC,URBAN_6_N005,ALL,1,16.98074,457
2017-09-23T18:00:00-00:00,2017-09-23T19:00:00-00:00,2017-09-23,12,0,URBAN_6_N005,URBAN_6_N005,URBAN_6_N005,DAM,LMP,LMP_PRC,URBAN_6_N005,ALL,1,9.64468,457
2017-09-23T12:00:00-00:00,2017-09-23T13:00:00-00:00,2017-09-23,6,0,URBAN_6_N005,URBAN_6_N005,URBAN_6_N005,DAM,LMP,LMP_PRC,URBAN_6_N005,ALL,1,31.2204,457
2017-09-23T07:00:00-00:00,2017-09-23T08:00:00-00:00,2017-09-23,1,0,URBAN_6_N005,URBAN_6_N005,URBAN_6_N005,DAM,LMP,LMP_PRC,URBAN_6_N005,ALL,1,28.88125,457
2017-09-23T20:00:00-00:00,2017-09-23T21:00:00-00:00,2017-09-23,14,0,URBAN_6_N005,URBAN_6_N005,URBAN_6_N005,DAM,LMP,LMP_PRC,URBAN_6_N005,ALL,1,15.48302,457
2017-09-24T00:00:00-00:00,2017-09-24T01:00:00-00:00,2017-09-23,18,0,URBAN_6_N005,URBAN_6_N005,URBAN_6_N005,DAM,LMP,LMP_PRC,URBAN_6_N005,ALL,1,29.05873,457
2017-09-23T16:00:00-00:00,2017-09-23T17:00:00-00:00,2017-09-23,10,0,URBAN_6_N005,URBAN_6_N005,URBAN_6_N005,DAM,LMP,LMP_PRC,URBAN_6_N005,ALL,1,27.04827,457
2017-09-24T02:00:00-00:00,2017-09-24T03:00:00-00:00,2017-09-23,20,0,URBAN_6_N005,URBAN_6_N005,URBAN_6_N005,DAM,LMP,LMP_PRC,URBAN_6_N005,ALL,1,53.29286,457
2017-09-23T08:00:00-00:00,2017-09-23T09:00:00-00:00,2017-09-23,2,0,URBAN_6_N005,URBAN_6_N005,URBAN_6_N005,DAM,LMP,LMP_PRC,URBAN_6_N005,ALL,1,27.56197,457
2017-09-23T22:00:00-00:00,2017-09-23T23:00:00-00:00,2017-09-23,16,0,URBAN_6_N005,URBAN_6_N005,URBAN_6_N005,DAM,LMP,LMP_PRC,URBAN_6_N005,ALL,1,23.61288,457
2017-09-23T10:00:00-00:00,2017-09-23T11:00:00-00:00,2017-09-23,4,0,URBAN_6_N005,URBAN_6_N005,URBAN_6_N005,DAM,LMP,LMP_PRC,URBAN_6_N005,ALL,1,29.1654,457
2017-09-23T23:00:00-00:00,2017-09-24T00:00:00-00:00,2017-09-23,17,0,URBAN_6_N005,URBAN_6_N005,URBAN_6_N005,DAM,LMP,LMP_PRC,URBAN_6_N005,ALL,1,21.44882,457
2017-09-23T15:00:00-00:00,2017-09-23T16:00:00-00:00,2017-09-23,9,0,URBAN_6_N005,URBAN_6_N005,URBAN_6_N005,DAM,LMP,LMP_PRC,URBAN_6_N005,ALL,1,22.75499,457
2017-09-23T19:00:00-00:00,2017-09-23T20:00:00-00:00,2017-09-23,13,0,URBAN_6_N005,URBAN_6_N005,URBAN_6_N005,DAM,LMP,LMP_PRC,URBAN_6_N005,ALL,1,12.02332,457
2017-09-23T17:00:00-00:00,2017-09-23T18:00:00-00:00,2017-09-23,11,0,URBAN_6_N005,URBAN_6_N005,URBAN_6_N005,DAM,LMP,LMP_PRC,URBAN_6_N005,ALL,1,4.6227,457
2017-09-23T13:00:00-00:00,2017-09-23T14:00:00-00:00,2017-09-23,7,0,URBAN_6_N005,URBAN_6_N005,URBAN_6_N005,DAM,LMP,LMP_PRC,URBAN_6_N005,ALL,1,30.13596,457
2017-09-24T06:00:00-00:00,2017-09-24T07:00:00-00:00,2017-09-23,24,0,URBAN_6_N005,URBAN_6_N005,URBAN_6_N005,DAM,LMP,LMP_PRC,URBAN_6_N005,ALL,1,31.75781,457
2017-09-24T01:00:00-00:00,2017-09-24T02:00:00-00:00,2017-09-23,19,0,URBAN_6_N005,URBAN_6_N005,URBAN_6_N005,DAM,LMP,LMP_PRC,URBAN_6_N005,ALL,1,42.10155,457
2017-09-23T12:00:00-00:00,2017-09-23T13:00:00-00:00,2017-09-23,6,0,URBAN_6_N005,URBAN_6_N005,URBAN_6_N005,DAM,MCC,LMP_CONG_PRC,URBAN_6_N005,ALL,1,0,458
2017-09-23T18:00:00-00:00,2017-09-23T19:00:00-00:00,2017-09-23,12,0,URBAN_6_N005,URBAN_6_N005,URBAN_6_N005,DAM,MCC,LMP_CONG_PRC,URBAN_6_N005,ALL,1,1.39445,458
2017-09-23T23:00:00-00:00,2017-09-24T00:00:00-00:00,2017-09-23,17,0,URBAN_6_N005,URBAN_6_N005,URBAN_6_N005,DAM,MCC,LMP_CONG_PRC,URBAN_6_N005,ALL,1,-2.49521,458
2017-09-23T07:00:00-00:00,2017-09-23T08:00:00-00:00,2017-09-23,1,0,URBAN_6_N005,URBAN_6_N005,URBAN_6_N005,DAM,MCC,LMP_CONG_PRC,URBAN_6_N005,ALL,1,0,458
2017-09-23T22:00:00-00:00,2017-09-23T23:00:00-00:00,2017-09-23,16,0,URBAN_6_N005,URBAN_6_N005,URBAN_6_N005,DAM,MCC,LMP_CONG_PRC,URBAN_6_N005,ALL,1,4.01001,458
2017-09-23T13:00:00-00:00,2017-09-23T14:00:00-00:00,2017-09-23,7,0,URBAN_6_N005,URBAN_6_N005,URBAN_6_N005,DAM,MCC,LMP_CONG_PRC,URBAN_6_N005,ALL,1,0,458
2017-09-23T17:00:00-00:00,2017-09-23T18:00:00-00:00,2017-09-23,11,0,URBAN_6_N005,URBAN_6_N005,URBAN_6_N005,DAM,MCC,LMP_CONG_PRC,URBAN_6_N005,ALL,1,-2.01887,458
2017-09-24T05:00:00-00:00,2017-09-24T06:00:00-00:00,2017-09-23,23,0,URBAN_6_N005,URBAN_6_N005,URBAN_6_N005,DAM,MCC,LMP_CONG_PRC,URBAN_6_N005,ALL,1,0,458
2017-09-23T16:00:00-00:00,2017-09-23T17:00:00-00:00,2017-09-23,10,0,URBAN_6_N005,URBAN_6_N005,URBAN_6_N005,DAM,MCC,LMP_CONG_PRC,URBAN_6_N005,ALL,1,11.80024,458
2017-09-23T15:00:00-00:00,2017-09-23T16:00:00-00:00,2017-09-23,9,0,URBAN_6_N005,URBAN_6_N005,URBAN_6_N005,DAM,MCC,LMP_CONG_PRC,URBAN_6_N005,ALL,1,0,458
2017-09-23T21:00:00-00:00,2017-09-23T22:00:00-00:00,2017-09-23,15,0,URBAN_6_N005,URBAN_6_N005,URBAN_6_N005,DAM,MCC,LMP_CONG_PRC,URBAN_6_N005,ALL,1,1.20132,458
2017-09-24T06:00:00-00:00,2017-09-24T07:00:00-00:00,2017-09-23,24,0,URBAN_6_N005,URBAN_6_N005,URBAN_6_N005,DAM,MCC,LMP_CONG_PRC,URBAN_6_N005,ALL,1,0,458
2017-09-24T04:00:00-00:00,2017-09-24T05:00:00-00:00,2017-09-23,22,0,URBAN_6_N005,URBAN_6_N005,URBAN_6_N005,DAM,MCC,LMP_CONG_PRC,URBAN_6_N005,ALL,1,0,458
2017-09-24T02:00:00-00:00,2017-09-24T03:00:00-00:00,2017-09-23,20,0,URBAN_6_N005,URBAN_6_N005,URBAN_6_N005,DAM,MCC,LMP_CONG_PRC,URBAN_6_N005,ALL,1,0,458
2017-09-23T11:00:00-00:00,2017-09-23T12:00:00-00:00,2017-09-23,5,0,URBAN_6_N005,URBAN_6_N005,URBAN_6_N005,DAM,MCC,LMP_CONG_PRC,URBAN_6_N005,ALL,1,0,458
2017-09-23T08:00:00-00:00,2017-09-23T09:00:00-00:00,2017-09-23,2,0,URBAN_6_N005,URBAN_6_N005,URBAN_6_N005,DAM,MCC,LMP_CONG_PRC,URBAN_6_N005,ALL,1,0,458
2017-09-23T20:00:00-00:00,2017-09-23T21:00:00-00:00,2017-09-23,14,0,URBAN_6_N005,URBAN_6_N005,URBAN_6_N005,DAM,MCC,LMP_CONG_PRC,URBAN_6_N005,ALL,1,1.5078,458
2017-09-24T03:00:00-00:00,2017-09-24T04:00:00-00:00,2017-09-23,21,0,URBAN_6_N005,URBAN_6_N005,URBAN_6_N005,DAM,MCC,LMP_CONG_PRC,URBAN_6_N005,ALL,1,0,458
2017-09-23T10:00:00-00:00,2017-09-23T11:00:00-00:00,2017-09-23,4,0,URBAN_6_N005,URBAN_6_N005,URBAN_6_N005,DAM,MCC,LMP_CONG_PRC,URBAN_6_N005,ALL,1,0,458
2017-09-23T19:00:00-00:00,2017-09-23T20:00:00-00:00,2017-09-23,13,0,URBAN_6_N005,URBAN_6_N005,URBAN_6_N005,DAM,MCC,LMP_CONG_PRC,URBAN_6_N005,ALL,1,1.82468,458
2017-09-24T00:00:00-00:00,2017-09-24T01:00:00-00:00,2017-09-23,18,0,URBAN_6_N005,URBAN_6_N005,URBAN_6_N005,DAM,MCC,LMP_CONG_PRC,URBAN_6_N005,ALL,1,0,458
2017-09-24T01:00:00-00:00,2017-09-24T02:00:00-00:00,2017-09-23,19,0,URBAN_6_N005,URBAN_6_N005,URBAN_6_N005,DAM,MCC,LMP_CONG_PRC,URBAN_6_N005,ALL,1,0,458
2017-09-23T14:00:00-00:00,2017-09-23T15:00:00-00:00,2017-09-23,8,0,URBAN_6_N005,URBAN_6_N005,URBAN_6_N005,DAM,MCC,LMP_CONG_PRC,URBAN_6_N005,ALL,1,0,458
2017-09-23T09:00:00-00:00,2017-09-23T10:00:00-00:00,2017-09-23,3,0,URBAN_6_N005,URBAN_6_N005,URBAN_6_N005,DAM,MCC,LMP_CONG_PRC,URBAN_6_N005,ALL,1,0,458
2017-09-23T10:00:00-00:00,2017-09-23T11:00:00-00:00,2017-09-23,4,0,URBAN_6_N005,URBAN_6_N005,URBAN_6_N005,DAM,MCE,LMP_ENE_PRC,URBAN_6_N005,ALL,1,29.06368,459
2017-09-23T17:00:00-00:00,2017-09-23T18:00:00-00:00,2017-09-23,11,0,URBAN_6_N005,URBAN_6_N005,URBAN_6_N005,DAM,MCE,LMP_ENE_PRC,URBAN_6_N005,ALL,1,6.73109,459
2017-09-23T22:00:00-00:00,2017-09-23T23:00:00-00:00,2017-09-23,16,0,URBAN_6_N005,URBAN_6_N005,URBAN_6_N005,DAM,MCE,LMP_ENE_PRC,URBAN_6_N005,ALL,1,19.95813,459
2017-09-24T00:00:00-00:00,2017-09-24T01:00:00-00:00,2017-09-23,18,0,URBAN_6_N005,URBAN_6_N005,URBAN_6_N005,DAM,MCE,LMP_ENE_PRC,URBAN_6_N005,ALL,1,29.45341,459
2017-09-24T01:00:00-00:00,2017-09-24T02:00:00-00:00,2017-09-23,19,0,URBAN_6_N005,URBAN_6_N005,URBAN_6_N005,DAM,MCE,LMP_ENE_PRC,URBAN_6_N005,ALL,1,42.26214,459
2017-09-24T05:00:00-00:00,2017-09-24T06:00:00-00:00,2017-09-23,23,0,URBAN_6_N005,URBAN_6_N005,URBAN_6_N005,DAM,MCE,LMP_ENE_PRC,URBAN_6_N005,ALL,1,34.87736,459
2017-09-24T06:00:00-00:00,2017-09-24T07:00:00-00:00,2017-09-23,24,0,URBAN_6_N005,URBAN_6_N005,URBAN_6_N005,DAM,MCE,LMP_ENE_PRC,URBAN_6_N005,ALL,1,31.89495,459
2017-09-23T13:00:00-00:00,2017-09-23T14:00:00-00:00,2017-09-23,7,0,URBAN_6_N005,URBAN_6_N005,URBAN_6_N005,DAM,MCE,LMP_ENE_PRC,URBAN_6_N005,ALL,1,30.00992,459
2017-09-23T09:00:00-00:00,2017-09-23T10:00:00-00:00,2017-09-23,3,0,URBAN_6_N005,URBAN_6_N005,URBAN_6_N005,DAM,MCE,LMP_ENE_PRC,URBAN_6_N005,ALL,1,29.77846,459
2017-09-23T08:00:00-00:00,2017-09-23T09:00:00-00:00,2017-09-23,2,0,URBAN_6_N005,URBAN_6_N005,URBAN_6_N005,DAM,MCE,LMP_ENE_PRC,URBAN_6_N005,ALL,1,27.70326,459
2017-09-24T02:00:00-00:00,2017-09-24T03:00:00-00:00,2017-09-23,20,0,URBAN_6_N005,URBAN_6_N005,URBAN_6_N005,DAM,MCE,LMP_ENE_PRC,URBAN_6_N005,ALL,1,53.57143,459
2017-09-24T03:00:00-00:00,2017-09-24T04:00:00-00:00,2017-09-23,21,0,URBAN_6_N005,URBAN_6_N005,URBAN_6_N005,DAM,MCE,LMP_ENE_PRC,URBAN_6_N005,ALL,1,45.76406,459
2017-09-23T19:00:00-00:00,2017-09-23T20:00:00-00:00,2017-09-23,13,0,URBAN_6_N005,URBAN_6_N005,URBAN_6_N005,DAM,MCE,LMP_ENE_PRC,URBAN_6_N005,ALL,1,10.3529,459
2017-09-23T16:00:00-00:00,2017-09-23T17:00:00-00:00,2017-09-23,10,0,URBAN_6_N005,URBAN_6_N005,URBAN_6_N005,DAM,MCE,LMP_ENE_PRC,URBAN_6_N005,ALL,1,15.44417,459
2017-09-23T21:00:00-00:00,2017-09-23T22:00:00-00:00,2017-09-23,15,0,URBAN_6_N005,URBAN_6_N005,URBAN_6_N005,DAM,MCE,LMP_ENE_PRC,URBAN_6_N005,ALL,1,16.05884,459
2017-09-23T07:00:00-00:00,2017-09-23T08:00:00-00:00,2017-09-23,1,0,URBAN_6_N005,URBAN_6_N005,URBAN_6_N005,DAM,MCE,LMP_ENE_PRC,URBAN_6_N005,ALL,1,28.98851,459
2017-09-23T11:00:00-00:00,2017-09-23T12:00:00-00:00,2017-09-23,5,0,URBAN_6_N005,URBAN_6_N005,URBAN_6_N005,DAM,MCE,LMP_ENE_PRC,URBAN_6_N005,ALL,1,29.41055,459
2017-09-23T12:00:00-00:00,2017-09-23T13:00:00-00:00,2017-09-23,6,0,URBAN_6_N005,URBAN_6_N005,URBAN_6_N005,DAM,MCE,LMP_ENE_PRC,URBAN_6_N005,ALL,1,31.12392,459
2017-09-23T14:00:00-00:00,2017-09-23T15:00:00-00:00,2017-09-23,8,0,URBAN_6_N005,URBAN_6_N005,URBAN_6_N005,DAM,MCE,LMP_ENE_PRC,URBAN_6_N005,ALL,1,28.07919,459
2017-09-23T15:00:00-00:00,2017-09-23T16:00:00-00:00,2017-09-23,9,0,URBAN_6_N005,URBAN_6_N005,URBAN_6_N005,DAM,MCE,LMP_ENE_PRC,URBAN_6_N005,ALL,1,23.06171,459
2017-09-23T20:00:00-00:00,2017-09-23T21:00:00-00:00,2017-09-23,14,0,URBAN_6_N005,URBAN_6_N005,URBAN_6_N005,DAM,MCE,LMP_ENE_PRC,URBAN_6_N005,ALL,1,14.19957,459
2017-09-24T04:00:00-00:00,2017-09-24T05:00:00-00:00,2017-09-23,22,0,URBAN_6_N005,URBAN_6_N005,URBAN_6_N005,DAM,MCE,LMP_ENE_PRC,URBAN_6_N005,ALL,1,38.37725,459
2017-09-23T18:00:00-00:00,2017-09-23T19:00:00-00:00,2017-09-23,12,0,URBAN_6_N005,URBAN_6_N005,URBAN_6_N005,DAM,MCE,LMP_ENE_PRC,URBAN_6_N005,ALL,1,8.35297,459
2017-09-23T23:00:00-00:00,2017-09-24T00:00:00-00:00,2017-09-23,17,0,URBAN_6_N005,URBAN_6_N005,URBAN_6_N005,DAM,MCE,LMP_ENE_PRC,URBAN_6_N005,ALL,1,24.41027,459
2017-09-23T13:00:00-00:00,2017-09-23T14:00:00-00:00,2017-09-23,7,0,URBAN_6_N005,URBAN_6_N005,URBAN_6_N005,DAM,MCL,LMP_LOSS_PRC,URBAN_6_N005,ALL,1,0.12604,460
2017-09-24T06:00:00-00:00,2017-09-24T07:00:00-00:00,2017-09-23,24,0,URBAN_6_N005,URBAN_6_N005,URBAN_6_N005,DAM,MCL,LMP_LOSS_PRC,URBAN_6_N005,ALL,1,-0.13715,460
2017-09-24T03:00:00-00:00,2017-09-24T04:00:00-00:00,2017-09-23,21,0,URBAN_6_N005,URBAN_6_N005,URBAN_6_N005,DAM,MCL,LMP_LOSS_PRC,URBAN_6_N005,ALL,1,0.04119,460
2017-09-23T21:00:00-00:00,2017-09-23T22:00:00-00:00,2017-09-23,15,0,URBAN_6_N005,URBAN_6_N005,URBAN_6_N005,DAM,MCL,LMP_LOSS_PRC,URBAN_6_N005,ALL,1,-0.27942,460
2017-09-23T23:00:00-00:00,2017-09-24T00:00:00-00:00,2017-09-23,17,0,URBAN_6_N005,URBAN_6_N005,URBAN_6_N005,DAM,MCL,LMP_LOSS_PRC,URBAN_6_N005,ALL,1,-0.46624,460
2017-09-23T10:00:00-00:00,2017-09-23T11:00:00-00:00,2017-09-23,4,0,URBAN_6_N005,URBAN_6_N005,URBAN_6_N005,DAM,MCL,LMP_LOSS_PRC,URBAN_6_N005,ALL,1,0.10172,460
2017-09-24T02:00:00-00:00,2017-09-24T03:00:00-00:00,2017-09-23,20,0,URBAN_6_N005,URBAN_6_N005,URBAN_6_N005,DAM,MCL,LMP_LOSS_PRC,URBAN_6_N005,ALL,1,-0.27857,460
2017-09-23T09:00:00-00:00,2017-09-23T10:00:00-00:00,2017-09-23,3,0,URBAN_6_N005,URBAN_6_N005,URBAN_6_N005,DAM,MCL,LMP_LOSS_PRC,URBAN_6_N005,ALL,1,0.10422,460
2017-09-23T12:00:00-00:00,2017-09-23T13:00:00-00:00,2017-09-23,6,0,URBAN_6_N005,URBAN_6_N005,URBAN_6_N005,DAM,MCL,LMP_LOSS_PRC,URBAN_6_N005,ALL,1,0.09648,460
2017-09-24T04:00:00-00:00,2017-09-24T05:00:00-00:00,2017-09-23,22,0,URBAN_6_N005,URBAN_6_N005,URBAN_6_N005,DAM,MCL,LMP_LOSS_PRC,URBAN_6_N005,ALL,1,0.15735,460
2017-09-23T16:00:00-00:00,2017-09-23T17:00:00-00:00,2017-09-23,10,0,URBAN_6_N005,URBAN_6_N005,URBAN_6_N005,DAM,MCL,LMP_LOSS_PRC,URBAN_6_N005,ALL,1,-0.19614,460
2017-09-23T19:00:00-00:00,2017-09-23T20:00:00-00:00,2017-09-23,13,0,URBAN_6_N005,URBAN_6_N005,URBAN_6_N005,DAM,MCL,LMP_LOSS_PRC,URBAN_6_N005,ALL,1,-0.15426,460
2017-09-23T20:00:00-00:00,2017-09-23T21:00:00-00:00,2017-09-23,14,0,URBAN_6_N005,URBAN_6_N005,URBAN_6_N005,DAM,MCL,LMP_LOSS_PRC,URBAN_6_N005,ALL,1,-0.22435,460
2017-09-23T22:00:00-00:00,2017-09-23T23:00:00-00:00,2017-09-23,16,0,URBAN_6_N005,URBAN_6_N005,URBAN_6_N005,DAM,MCL,LMP_LOSS_PRC,URBAN_6_N005,ALL,1,-0.35525,460
2017-09-23T11:00:00-00:00,2017-09-23T12:00:00-00:00,2017-09-23,5,0,URBAN_6_N005,URBAN_6_N005,URBAN_6_N005,DAM,MCL,LMP_LOSS_PRC,URBAN_6_N005,ALL,1,0.05588,460
2017-09-23T17:00:00-00:00,2017-09-23T18:00:00-00:00,2017-09-23,11,0,URBAN_6_N005,URBAN_6_N005,URBAN_6_N005,DAM,MCL,LMP_LOSS_PRC,URBAN_6_N005,ALL,1,-0.08952,460
2017-09-24T01:00:00-00:00,2017-09-24T02:00:00-00:00,2017-09-23,19,0,URBAN_6_N005,URBAN_6_N005,URBAN_6_N005,DAM,MCL,LMP_LOSS_PRC,URBAN_6_N005,ALL,1,-0.1606,460
2017-09-24T05:00:00-00:00,2017-09-24T06:00:00-00:00,2017-09-23,23,0,URBAN_6_N005,URBAN_6_N005,URBAN_6_N005,DAM,MCL,LMP_LOSS_PRC,URBAN_6_N005,ALL,1,-0.03139,460
2017-09-23T07:00:00-00:00,2017-09-23T08:00:00-00:00,2017-09-23,1,0,URBAN_6_N005,URBAN_6_N005,URBAN_6_N005,DAM,MCL,LMP_LOSS_PRC,URBAN_6_N005,ALL,1,-0.10726,460
2017-09-23T14:00:00-00:00,2017-09-23T15:00:00-00:00,2017-09-23,8,0,URBAN_6_N005,URBAN_6_N005,URBAN_6_N005,DAM,MCL,LMP_LOSS_PRC,URBAN_6_N005,ALL,1,-0.07862,460
2017-09-24T00:00:00-00:00,2017-09-24T01:00:00-00:00,2017-09-23,18,0,URBAN_6_N005,URBAN_6_N005,URBAN_6_N005,DAM,MCL,LMP_LOSS_PRC,URBAN_6_N005,ALL,1,-0.39468,460
2017-09-23T15:00:00-00:00,2017-09-23T16:00:00-00:00,2017-09-23,9,0,URBAN_6_N005,URBAN_6_N005,URBAN_6_N005,DAM,MCL,LMP_LOSS_PRC,URBAN_6_N005,ALL,1,-0.30672,460
2017-09-23T08:00:00-00:00,2017-09-23T09:00:00-00:00,2017-09-23,2,0,URBAN_6_N005,URBAN_6_N005,URBAN_6_N005,DAM,MCL,LMP_LOSS_PRC,URBAN_6_N005,ALL,1,-0.14129,460
2017-09-23T18:00:00-00:00,2017-09-23T19:00:00-00:00,2017-09-23,12,0,URBAN_6_N005,URBAN_6_N005,URBAN_6_N005,DAM,MCL,LMP_LOSS_PRC,URBAN_6_N005,ALL,1,-0.10274,460
2017-09-24T15:00:00-00:00,2017-09-24T16:00:00-00:00,2017-09-24,9,0,BAYSHOR2_1_N001,BAYSHOR2_1_N001,BAYSHOR2_1_N001,DAM,LMP,LMP_PRC,BAYSHOR2_1_N001,ALL,1,16.88966,461
2017-09-24T19:00:00-00:00,2017-09-24T20:00:00-00:00,2017-09-24,13,0,BAYSHOR2_1_N001,BAYSHOR2_1_N001,BAYSHOR2_1_N001,DAM,LMP,LMP_PRC,BAYSHOR2_1_N001,ALL,1,10.49479,461
2017-09-25T00:00:00-00:00,2017-09-25T01:00:00-00:00,2017-09-24,18,0,BAYSHOR2_1_N001,BAYSHOR2_1_N001,BAYSHOR2_1_N001,DAM,LMP,LMP_PRC,BAYSHOR2_1_N001,ALL,1,36.39644,461
2017-09-25T02:00:00-00:00,2017-09-25T03:00:00-00:00,2017-09-24,20,0,BAYSHOR2_1_N001,BAYSHOR2_1_N001,BAYSHOR2_1_N001,DAM,LMP,LMP_PRC,BAYSHOR2_1_N001,ALL,1,60.60128,461
2017-09-25T03:00:00-00:00,2017-09-25T04:00:00-00:00,2017-09-24,21,0,BAYSHOR2_1_N001,BAYSHOR2_1_N001,BAYSHOR2_1_N001,DAM,LMP,LMP_PRC,BAYSHOR2_1_N001,ALL,1,47.76195,461
2017-09-25T06:00:00-00:00,2017-09-25T07:00:00-00:00,2017-09-24,24,0,BAYSHOR2_1_N001,BAYSHOR2_1_N001,BAYSHOR2_1_N001,DAM,LMP,LMP_PRC,BAYSHOR2_1_N001,ALL,1,30.09524,461
2017-09-24T21:00:00-00:00,2017-09-24T22:00:00-00:00,2017-09-24,15,0,BAYSHOR2_1_N001,BAYSHOR2_1_N001,BAYSHOR2_1_N001,DAM,LMP,LMP_PRC,BAYSHOR2_1_N001,ALL,1,23.24994,461
2017-09-24T08:00:00-00:00,2017-09-24T09:00:00-00:00,2017-09-24,2,0,BAYSHOR2_1_N001,BAYSHOR2_1_N001,BAYSHOR2_1_N001,DAM,LMP,LMP_PRC,BAYSHOR2_1_N001,ALL,1,28.62988,461
2017-09-24T09:00:00-00:00,2017-09-24T10:00:00-00:00,2017-09-24,3,0,BAYSHOR2_1_N001,BAYSHOR2_1_N001,BAYSHOR2_1_N001,DAM,LMP,LMP_PRC,BAYSHOR2_1_N001,ALL,1,29.67249,461
2017-09-24T13:00:00-00:00,2017-09-24T14:00:00-00:00,2017-09-24,7,0,BAYSHOR2_1_N001,BAYSHOR2_1_N001,BAYSHOR2_1_N001,DAM,LMP,LMP_PRC,BAYSHOR2_1_N001,ALL,1,31.89847,461
2017-09-25T04:00:00-00:00,2017-09-25T05:00:00-00:00,2017-09-24,22,0,BAYSHOR2_1_N001,BAYSHOR2_1_N001,BAYSHOR2_1_N001,DAM,LMP,LMP_PRC,BAYSHOR2_1_N001,ALL,1,39.89956,461
2017-09-25T05:00:00-00:00,2017-09-25T06:00:00-00:00,2017-09-24,23,0,BAYSHOR2_1_N001,BAYSHOR2_1_N001,BAYSHOR2_1_N001,DAM,LMP,LMP_PRC,BAYSHOR2_1_N001,ALL,1,35.81278,461
2017-09-24T22:00:00-00:00,2017-09-24T23:00:00-00:00,2017-09-24,16,0,BAYSHOR2_1_N001,BAYSHOR2_1_N001,BAYSHOR2_1_N001,DAM,LMP,LMP_PRC,BAYSHOR2_1_N001,ALL,1,21.81732,461
2017-09-24T12:00:00-00:00,2017-09-24T13:00:00-00:00,2017-09-24,6,0,BAYSHOR2_1_N001,BAYSHOR2_1_N001,BAYSHOR2_1_N001,DAM,LMP,LMP_PRC,BAYSHOR2_1_N001,ALL,1,32.49995,461
2017-09-24T18:00:00-00:00,2017-09-24T19:00:00-00:00,2017-09-24,12,0,BAYSHOR2_1_N001,BAYSHOR2_1_N001,BAYSHOR2_1_N001,DAM,LMP,LMP_PRC,BAYSHOR2_1_N001,ALL,1,6.44752,461
2017-09-24T07:00:00-00:00,2017-09-24T08:00:00-00:00,2017-09-24,1,0,BAYSHOR2_1_N001,BAYSHOR2_1_N001,BAYSHOR2_1_N001,DAM,LMP,LMP_PRC,BAYSHOR2_1_N001,ALL,1,29.54757,461
2017-09-24T10:00:00-00:00,2017-09-24T11:00:00-00:00,2017-09-24,4,0,BAYSHOR2_1_N001,BAYSHOR2_1_N001,BAYSHOR2_1_N001,DAM,LMP,LMP_PRC,BAYSHOR2_1_N001,ALL,1,29.82233,461
2017-09-24T14:00:00-00:00,2017-09-24T15:00:00-00:00,2017-09-24,8,0,BAYSHOR2_1_N001,BAYSHOR2_1_N001,BAYSHOR2_1_N001,DAM,LMP,LMP_PRC,BAYSHOR2_1_N001,ALL,1,28.93097,461
2017-09-24T17:00:00-00:00,2017-09-24T18:00:00-00:00,2017-09-24,11,0,BAYSHOR2_1_N001,BAYSHOR2_1_N001,BAYSHOR2_1_N001,DAM,LMP,LMP_PRC,BAYSHOR2_1_N001,ALL,1,7.17571,461
2017-09-24T20:00:00-00:00,2017-09-24T21:00:00-00:00,2017-09-24,14,0,BAYSHOR2_1_N001,BAYSHOR2_1_N001,BAYSHOR2_1_N001,DAM,LMP,LMP_PRC,BAYSHOR2_1_N001,ALL,1,19.54108,461
2017-09-24T11:00:00-00:00,2017-09-24T12:00:00-00:00,2017-09-24,5,0,BAYSHOR2_1_N001,BAYSHOR2_1_N001,BAYSHOR2_1_N001,DAM,LMP,LMP_PRC,BAYSHOR2_1_N001,ALL,1,29.66496,461
2017-09-24T23:00:00-00:00,2017-09-25T00:00:00-00:00,2017-09-24,17,0,BAYSHOR2_1_N001,BAYSHOR2_1_N001,BAYSHOR2_1_N001,DAM,LMP,LMP_PRC,BAYSHOR2_1_N001,ALL,1,27.19617,461
2017-09-25T01:00:00-00:00,2017-09-25T02:00:00-00:00,2017-09-24,19,0,BAYSHOR2_1_N001,BAYSHOR2_1_N001,BAYSHOR2_1_N001,DAM,LMP,LMP_PRC,BAYSHOR2_1_N001,ALL,1,48.54266,461
2017-09-24T16:00:00-00:00,2017-09-24T17:00:00-00:00,2017-09-24,10,0,BAYSHOR2_1_N001,BAYSHOR2_1_N001,BAYSHOR2_1_N001,DAM,LMP,LMP_PRC,BAYSHOR2_1_N001,ALL,1,9.18675,461
2017-09-25T01:00:00-00:00,2017-09-25T02:00:00-00:00,2017-09-24,19,0,BAYSHOR2_1_N001,BAYSHOR2_1_N001,BAYSHOR2_1_N001,DAM,MCC,LMP_CONG_PRC,BAYSHOR2_1_N001,ALL,1,0,462
2017-09-25T02:00:00-00:00,2017-09-25T03:00:00-00:00,2017-09-24,20,0,BAYSHOR2_1_N001,BAYSHOR2_1_N001,BAYSHOR2_1_N001,DAM,MCC,LMP_CONG_PRC,BAYSHOR2_1_N001,ALL,1,0,462
2017-09-24T21:00:00-00:00,2017-09-24T22:00:00-00:00,2017-09-24,15,0,BAYSHOR2_1_N001,BAYSHOR2_1_N001,BAYSHOR2_1_N001,DAM,MCC,LMP_CONG_PRC,BAYSHOR2_1_N001,ALL,1,6.20066,462
2017-09-24T09:00:00-00:00,2017-09-24T10:00:00-00:00,2017-09-24,3,0,BAYSHOR2_1_N001,BAYSHOR2_1_N001,BAYSHOR2_1_N001,DAM,MCC,LMP_CONG_PRC,BAYSHOR2_1_N001,ALL,1,0,462
2017-09-25T05:00:00-00:00,2017-09-25T06:00:00-00:00,2017-09-24,23,0,BAYSHOR2_1_N001,BAYSHOR2_1_N001,BAYSHOR2_1_N001,DAM,MCC,LMP_CONG_PRC,BAYSHOR2_1_N001,ALL,1,0,462
2017-09-24T17:00:00-00:00,2017-09-24T18:00:00-00:00,2017-09-24,11,0,BAYSHOR2_1_N001,BAYSHOR2_1_N001,BAYSHOR2_1_N001,DAM,MCC,LMP_CONG_PRC,BAYSHOR2_1_N001,ALL,1,4.58964,462
2017-09-24T19:00:00-00:00,2017-09-24T20:00:00-00:00,2017-09-24,13,0,BAYSHOR2_1_N001,BAYSHOR2_1_N001,BAYSHOR2_1_N001,DAM,MCC,LMP_CONG_PRC,BAYSHOR2_1_N001,ALL,1,6.12704,462
2017-09-24T23:00:00-00:00,2017-09-25T00:00:00-00:00,2017-09-24,17,0,BAYSHOR2_1_N001,BAYSHOR2_1_N001,BAYSHOR2_1_N001,DAM,MCC,LMP_CONG_PRC,BAYSHOR2_1_N001,ALL,1,-0.18131,462
2017-09-25T00:00:00-00:00,2017-09-25T01:00:00-00:00,2017-09-24,18,0,BAYSHOR2_1_N001,BAYSHOR2_1_N001,BAYSHOR2_1_N001,DAM,MCC,LMP_CONG_PRC,BAYSHOR2_1_N001,ALL,1,0,462
2017-09-24T22:00:00-00:00,2017-09-24T23:00:00-00:00,2017-09-24,16,0,BAYSHOR2_1_N001,BAYSHOR2_1_N001,BAYSHOR2_1_N001,DAM,MCC,LMP_CONG_PRC,BAYSHOR2_1_N001,ALL,1,0.49324,462
2017-09-25T06:00:00-00:00,2017-09-25T07:00:00-00:00,2017-09-24,24,0,BAYSHOR2_1_N001,BAYSHOR2_1_N001,BAYSHOR2_1_N001,DAM,MCC,LMP_CONG_PRC,BAYSHOR2_1_N001,ALL,1,0,462
2017-09-24T13:00:00-00:00,2017-09-24T14:00:00-00:00,2017-09-24,7,0,BAYSHOR2_1_N001,BAYSHOR2_1_N001,BAYSHOR2_1_N001,DAM,MCC,LMP_CONG_PRC,BAYSHOR2_1_N001,ALL,1,0,462
2017-09-24T14:00:00-00:00,2017-09-24T15:00:00-00:00,2017-09-24,8,0,BAYSHOR2_1_N001,BAYSHOR2_1_N001,BAYSHOR2_1_N001,DAM,MCC,LMP_CONG_PRC,BAYSHOR2_1_N001,ALL,1,0,462
2017-09-24T07:00:00-00:00,2017-09-24T08:00:00-00:00,2017-09-24,1,0,BAYSHOR2_1_N001,BAYSHOR2_1_N001,BAYSHOR2_1_N001,DAM,MCC,LMP_CONG_PRC,BAYSHOR2_1_N001,ALL,1,0,462
2017-09-24T12:00:00-00:00,2017-09-24T13:00:00-00:00,2017-09-24,6,0,BAYSHOR2_1_N001,BAYSHOR2_1_N001,BAYSHOR2_1_N001,DAM,MCC,LMP_CONG_PRC,BAYSHOR2_1_N001,ALL,1,0,462
2017-09-24T18:00:00-00:00,2017-09-24T19:00:00-00:00,2017-09-24,12,0,BAYSHOR2_1_N001,BAYSHOR2_1_N001,BAYSHOR2_1_N001,DAM,MCC,LMP_CONG_PRC,BAYSHOR2_1_N001,ALL,1,3.93213,462
2017-09-24T08:00:00-00:00,2017-09-24T09:00:00-00:00,2017-09-24,2,0,BAYSHOR2_1_N001,BAYSHOR2_1_N001,BAYSHOR2_1_N001,DAM,MCC,LMP_CONG_PRC,BAYSHOR2_1_N001,ALL,1,0,462
2017-09-25T04:00:00-00:00,2017-09-25T05:00:00-00:00,2017-09-24,22,0,BAYSHOR2_1_N001,BAYSHOR2_1_N001,BAYSHOR2_1_N001,DAM,MCC,LMP_CONG_PRC,BAYSHOR2_1_N001,ALL,1,0,462
2017-09-24T20:00:00-00:00,2017-09-24T21:00:00-00:00,2017-09-24,14,0,BAYSHOR2_1_N001,BAYSHOR2_1_N001,BAYSHOR2_1_N001,DAM,MCC,LMP_CONG_PRC,BAYSHOR2_1_N001,ALL,1,10.35683,462
2017-09-24T10:00:00-00:00,2017-09-24T11:00:00-00:00,2017-09-24,4,0,BAYSHOR2_1_N001,BAYSHOR2_1_N001,BAYSHOR2_1_N001,DAM,MCC,LMP_CONG_PRC,BAYSHOR2_1_N001,ALL,1,0,462
2017-09-24T15:00:00-00:00,2017-09-24T16:00:00-00:00,2017-09-24,9,0,BAYSHOR2_1_N001,BAYSHOR2_1_N001,BAYSHOR2_1_N001,DAM,MCC,LMP_CONG_PRC,BAYSHOR2_1_N001,ALL,1,-0.61571,462
2017-09-24T16:00:00-00:00,2017-09-24T17:00:00-00:00,2017-09-24,10,0,BAYSHOR2_1_N001,BAYSHOR2_1_N001,BAYSHOR2_1_N001,DAM,MCC,LMP_CONG_PRC,BAYSHOR2_1_N001,ALL,1,5.69235,462
2017-09-25T03:00:00-00:00,2017-09-25T04:00:00-00:00,2017-09-24,21,0,BAYSHOR2_1_N001,BAYSHOR2_1_N001,BAYSHOR2_1_N001,DAM,MCC,LMP_CONG_PRC,BAYSHOR2_1_N001,ALL,1,0,462
2017-09-24T11:00:00-00:00,2017-09-24T12:00:00-00:00,2017-09-24,5,0,BAYSHOR2_1_N001,BAYSHOR2_1_N001,BAYSHOR2_1_N001,DAM,MCC,LMP_CONG_PRC,BAYSHOR2_1_N001,ALL,1,0,462
2017-09-24T21:00:00-00:00,2017-09-24T22:00:00-00:00,2017-09-24,15,0,BAYSHOR2_1_N001,BAYSHOR2_1_N001,BAYSHOR2_1_N001,DAM,MCE,LMP_ENE_PRC,BAYSHOR2_1_N001,ALL,1,16.06302,463
2017-09-24T20:00:00-00:00,2017-09-24T21:00:00-00:00,2017-09-24,14,0,BAYSHOR2_1_N001,BAYSHOR2_1_N001,BAYSHOR2_1_N001,DAM,MCE,LMP_ENE_PRC,BAYSHOR2_1_N001,ALL,1,8.65622,463
2017-09-24T15:00:00-00:00,2017-09-24T16:00:00-00:00,2017-09-24,9,0,BAYSHOR2_1_N001,BAYSHOR2_1_N001,BAYSHOR2_1_N001,DAM,MCE,LMP_ENE_PRC,BAYSHOR2_1_N001,ALL,1,16.69723,463
2017-09-25T05:00:00-00:00,2017-09-25T06:00:00-00:00,2017-09-24,23,0,BAYSHOR2_1_N001,BAYSHOR2_1_N001,BAYSHOR2_1_N001,DAM,MCE,LMP_ENE_PRC,BAYSHOR2_1_N001,ALL,1,34.86107,463
2017-09-25T00:00:00-00:00,2017-09-25T01:00:00-00:00,2017-09-24,18,0,BAYSHOR2_1_N001,BAYSHOR2_1_N001,BAYSHOR2_1_N001,DAM,MCE,LMP_ENE_PRC,BAYSHOR2_1_N001,ALL,1,35.13849,463
2017-09-24T23:00:00-00:00,2017-09-25T00:00:00-00:00,2017-09-24,17,0,BAYSHOR2_1_N001,BAYSHOR2_1_N001,BAYSHOR2_1_N001,DAM,MCE,LMP_ENE_PRC,BAYSHOR2_1_N001,ALL,1,26.11608,463
2017-09-24T07:00:00-00:00,2017-09-24T08:00:00-00:00,2017-09-24,1,0,BAYSHOR2_1_N001,BAYSHOR2_1_N001,BAYSHOR2_1_N001,DAM,MCE,LMP_ENE_PRC,BAYSHOR2_1_N001,ALL,1,28.62027,463
2017-09-25T04:00:00-00:00,2017-09-25T05:00:00-00:00,2017-09-24,22,0,BAYSHOR2_1_N001,BAYSHOR2_1_N001,BAYSHOR2_1_N001,DAM,MCE,LMP_ENE_PRC,BAYSHOR2_1_N001,ALL,1,39.02539,463
2017-09-24T14:00:00-00:00,2017-09-24T15:00:00-00:00,2017-09-24,8,0,BAYSHOR2_1_N001,BAYSHOR2_1_N001,BAYSHOR2_1_N001,DAM,MCE,LMP_ENE_PRC,BAYSHOR2_1_N001,ALL,1,28.02574,463
2017-09-24T13:00:00-00:00,2017-09-24T14:00:00-00:00,2017-09-24,7,0,BAYSHOR2_1_N001,BAYSHOR2_1_N001,BAYSHOR2_1_N001,DAM,MCE,LMP_ENE_PRC,BAYSHOR2_1_N001,ALL,1,31.13564,463
2017-09-24T11:00:00-00:00,2017-09-24T12:00:00-00:00,2017-09-24,5,0,BAYSHOR2_1_N001,BAYSHOR2_1_N001,BAYSHOR2_1_N001,DAM,MCE,LMP_ENE_PRC,BAYSHOR2_1_N001,ALL,1,28.93578,463
2017-09-24T12:00:00-00:00,2017-09-24T13:00:00-00:00,2017-09-24,6,0,BAYSHOR2_1_N001,BAYSHOR2_1_N001,BAYSHOR2_1_N001,DAM,MCE,LMP_ENE_PRC,BAYSHOR2_1_N001,ALL,1,31.64244,463
2017-09-24T18:00:00-00:00,2017-09-24T19:00:00-00:00,2017-09-24,12,0,BAYSHOR2_1_N001,BAYSHOR2_1_N001,BAYSHOR2_1_N001,DAM,MCE,LMP_ENE_PRC,BAYSHOR2_1_N001,ALL,1,2.37458,463
2017-09-24T08:00:00-00:00,2017-09-24T09:00:00-00:00,2017-09-24,2,0,BAYSHOR2_1_N001,BAYSHOR2_1_N001,BAYSHOR2_1_N001,DAM,MCE,LMP_ENE_PRC,BAYSHOR2_1_N001,ALL,1,27.82842,463
2017-09-24T22:00:00-00:00,2017-09-24T23:00:00-00:00,2017-09-24,16,0,BAYSHOR2_1_N001,BAYSHOR2_1_N001,BAYSHOR2_1_N001,DAM,MCE,LMP_ENE_PRC,BAYSHOR2_1_N001,ALL,1,20.27003,463
2017-09-25T06:00:00-00:00,2017-09-25T07:00:00-00:00,2017-09-24,24,0,BAYSHOR2_1_N001,BAYSHOR2_1_N001,BAYSHOR2_1_N001,DAM,MCE,LMP_ENE_PRC,BAYSHOR2_1_N001,ALL,1,29.30403,463
2017-09-25T02:00:00-00:00,2017-09-25T03:00:00-00:00,2017-09-24,20,0,BAYSHOR2_1_N001,BAYSHOR2_1_N001,BAYSHOR2_1_N001,DAM,MCE,LMP_ENE_PRC,BAYSHOR2_1_N001,ALL,1,59.34321,463
2017-09-24T10:00:00-00:00,2017-09-24T11:00:00-00:00,2017-09-24,4,0,BAYSHOR2_1_N001,BAYSHOR2_1_N001,BAYSHOR2_1_N001,DAM,MCE,LMP_ENE_PRC,BAYSHOR2_1_N001,ALL,1,29.08644,463
2017-09-24T17:00:00-00:00,2017-09-24T18:00:00-00:00,2017-09-24,11,0,BAYSHOR2_1_N001,BAYSHOR2_1_N001,BAYSHOR2_1_N001,DAM,MCE,LMP_ENE_PRC,BAYSHOR2_1_N001,ALL,1,2.43946,463
2017-09-24T16:00:00-00:00,2017-09-24T17:00:00-00:00,2017-09-24,10,0,BAYSHOR2_1_N001,BAYSHOR2_1_N001,BAYSHOR2_1_N001,DAM,MCE,LMP_ENE_PRC,BAYSHOR2_1_N001,ALL,1,3.28824,463
2017-09-24T19:00:00-00:00,2017-09-24T20:00:00-00:00,2017-09-24,13,0,BAYSHOR2_1_N001,BAYSHOR2_1_N001,BAYSHOR2_1_N001,DAM,MCE,LMP_ENE_PRC,BAYSHOR2_1_N001,ALL,1,4.11624,463
2017-09-24T09:00:00-00:00,2017-09-24T10:00:00-00:00,2017-09-24,3,0,BAYSHOR2_1_N001,BAYSHOR2_1_N001,BAYSHOR2_1_N001,DAM,MCE,LMP_ENE_PRC,BAYSHOR2_1_N001,ALL,1,28.96572,463
2017-09-25T03:00:00-00:00,2017-09-25T04:00:00-00:00,2017-09-24,21,0,BAYSHOR2_1_N001,BAYSHOR2_1_N001,BAYSHOR2_1_N001,DAM,MCE,LMP_ENE_PRC,BAYSHOR2_1_N001,ALL,1,46.68356,463
2017-09-25T01:00:00-00:00,2017-09-25T02:00:00-00:00,2017-09-24,19,0,BAYSHOR2_1_N001,BAYSHOR2_1_N001,BAYSHOR2_1_N001,DAM,MCE,LMP_ENE_PRC,BAYSHOR2_1_N001,ALL,1,47.29409,463
2017-09-24T19:00:00-00:00,2017-09-24T20:00:00-00:00,2017-09-24,13,0,BAYSHOR2_1_N001,BAYSHOR2_1_N001,BAYSHOR2_1_N001,DAM,MCL,LMP_LOSS_PRC,BAYSHOR2_1_N001,ALL,1,0.2515,464
2017-09-24T13:00:00-00:00,2017-09-24T14:00:00-00:00,2017-09-24,7,0,BAYSHOR2_1_N001,BAYSHOR2_1_N001,BAYSHOR2_1_N001,DAM,MCL,LMP_LOSS_PRC,BAYSHOR2_1_N001,ALL,1,0.76282,464
2017-09-25T00:00:00-00:00,2017-09-25T01:00:00-00:00,2017-09-24,18,0,BAYSHOR2_1_N001,BAYSHOR2_1_N001,BAYSHOR2_1_N001,DAM,MCL,LMP_LOSS_PRC,BAYSHOR2_1_N001,ALL,1,1.25796,464
2017-09-24T16:00:00-00:00,2017-09-24T17:00:00-00:00,2017-09-24,10,0,BAYSHOR2_1_N001,BAYSHOR2_1_N001,BAYSHOR2_1_N001,DAM,MCL,LMP_LOSS_PRC,BAYSHOR2_1_N001,ALL,1,0.20617,464
2017-09-25T05:00:00-00:00,2017-09-25T06:00:00-00:00,2017-09-24,23,0,BAYSHOR2_1_N001,BAYSHOR2_1_N001,BAYSHOR2_1_N001,DAM,MCL,LMP_LOSS_PRC,BAYSHOR2_1_N001,ALL,1,0.95171,464
2017-09-24T11:00:00-00:00,2017-09-24T12:00:00-00:00,2017-09-24,5,0,BAYSHOR2_1_N001,BAYSHOR2_1_N001,BAYSHOR2_1_N001,DAM,MCL,LMP_LOSS_PRC,BAYSHOR2_1_N001,ALL,1,0.72918,464
2017-09-24T09:00:00-00:00,2017-09-24T10:00:00-00:00,2017-09-24,3,0,BAYSHOR2_1_N001,BAYSHOR2_1_N001,BAYSHOR2_1_N001,DAM,MCL,LMP_LOSS_PRC,BAYSHOR2_1_N001,ALL,1,0.70676,464
2017-09-25T03:00:00-00:00,2017-09-25T04:00:00-00:00,2017-09-24,21,0,BAYSHOR2_1_N001,BAYSHOR2_1_N001,BAYSHOR2_1_N001,DAM,MCL,LMP_LOSS_PRC,BAYSHOR2_1_N001,ALL,1,1.07839,464
2017-09-24T10:00:00-00:00,2017-09-24T11:00:00-00:00,2017-09-24,4,0,BAYSHOR2_1_N001,BAYSHOR2_1_N001,BAYSHOR2_1_N001,DAM,MCL,LMP_LOSS_PRC,BAYSHOR2_1_N001,ALL,1,0.73589,464
2017-09-24T21:00:00-00:00,2017-09-24T22:00:00-00:00,2017-09-24,15,0,BAYSHOR2_1_N001,BAYSHOR2_1_N001,BAYSHOR2_1_N001,DAM,MCL,LMP_LOSS_PRC,BAYSHOR2_1_N001,ALL,1,0.98627,464
2017-09-24T14:00:00-00:00,2017-09-24T15:00:00-00:00,2017-09-24,8,0,BAYSHOR2_1_N001,BAYSHOR2_1_N001,BAYSHOR2_1_N001,DAM,MCL,LMP_LOSS_PRC,BAYSHOR2_1_N001,ALL,1,0.90523,464
2017-09-25T02:00:00-00:00,2017-09-25T03:00:00-00:00,2017-09-24,20,0,BAYSHOR2_1_N001,BAYSHOR2_1_N001,BAYSHOR2_1_N001,DAM,MCL,LMP_LOSS_PRC,BAYSHOR2_1_N001,ALL,1,1.25808,464
2017-09-25T01:00:00-00:00,2017-09-25T02:00:00-00:00,2017-09-24,19,0,BAYSHOR2_1_N001,BAYSHOR2_1_N001,BAYSHOR2_1_N001,DAM,MCL,LMP_LOSS_PRC,BAYSHOR2_1_N001,ALL,1,1.24856,464
2017-09-24T23:00:00-00:00,2017-09-25T00:00:00-00:00,2017-09-24,17,0,BAYSHOR2_1_N001,BAYSHOR2_1_N001,BAYSHOR2_1_N001,DAM,MCL,LMP_LOSS_PRC,BAYSHOR2_1_N001,ALL,1,1.26141,464
2017-09-24T07:00:00-00:00,2017-09-24T08:00:00-00:00,2017-09-24,1,0,BAYSHOR2_1_N001,BAYSHOR2_1_N001,BAYSHOR2_1_N001,DAM,MCL,LMP_LOSS_PRC,BAYSHOR2_1_N001,ALL,1,0.9273,464
2017-09-24T22:00:00-00:00,2017-09-24T23:00:00-00:00,2017-09-24,16,0,BAYSHOR2_1_N001,BAYSHOR2_1_N001,BAYSHOR2_1_N001,DAM,MCL,LMP_LOSS_PRC,BAYSHOR2_1_N001,ALL,1,1.05404,464
2017-09-24T20:00:00-00:00,2017-09-24T21:00:00-00:00,2017-09-24,14,0,BAYSHOR2_1_N001,BAYSHOR2_1_N001,BAYSHOR2_1_N001,DAM,MCL,LMP_LOSS_PRC,BAYSHOR2_1_N001,ALL,1,0.52803,464
2017-09-24T17:00:00-00:00,2017-09-24T18:00:00-00:00,2017-09-24,11,0,BAYSHOR2_1_N001,BAYSHOR2_1_N001,BAYSHOR2_1_N001,DAM,MCL,LMP_LOSS_PRC,BAYSHOR2_1_N001,ALL,1,0.14661,464
2017-09-24T15:00:00-00:00,2017-09-24T16:00:00-00:00,2017-09-24,9,0,BAYSHOR2_1_N001,BAYSHOR2_1_N001,BAYSHOR2_1_N001,DAM,MCL,LMP_LOSS_PRC,BAYSHOR2_1_N001,ALL,1,0.80815,464
2017-09-24T12:00:00-00:00,2017-09-24T13:00:00-00:00,2017-09-24,6,0,BAYSHOR2_1_N001,BAYSHOR2_1_N001,BAYSHOR2_1_N001,DAM,MCL,LMP_LOSS_PRC,BAYSHOR2_1_N001,ALL,1,0.85751,464
2017-09-24T18:00:00-00:00,2017-09-24T19:00:00-00:00,2017-09-24,12,0,BAYSHOR2_1_N001,BAYSHOR2_1_N001,BAYSHOR2_1_N001,DAM,MCL,LMP_LOSS_PRC,BAYSHOR2_1_N001,ALL,1,0.14081,464
2017-09-24T08:00:00-00:00,2017-09-24T09:00:00-00:00,2017-09-24,2,0,BAYSHOR2_1_N001,BAYSHOR2_1_N001,BAYSHOR2_1_N001,DAM,MCL,LMP_LOSS_PRC,BAYSHOR2_1_N001,ALL,1,0.80146,464
2017-09-25T04:00:00-00:00,2017-09-25T05:00:00-00:00,2017-09-24,22,0,BAYSHOR2_1_N001,BAYSHOR2_1_N001,BAYSHOR2_1_N001,DAM,MCL,LMP_LOSS_PRC,BAYSHOR2_1_N001,ALL,1,0.87417,464
2017-09-25T06:00:00-00:00,2017-09-25T07:00:00-00:00,2017-09-24,24,0,BAYSHOR2_1_N001,BAYSHOR2_1_N001,BAYSHOR2_1_N001,DAM,MCL,LMP_LOSS_PRC,BAYSHOR2_1_N001,ALL,1,0.79121,464
2017-09-24T11:00:00-00:00,2017-09-24T12:00:00-00:00,2017-09-24,5,0,TH_NP15_GEN-APND,TH_NP15_GEN-APND,TH_NP15_GEN-APND,DAM,LMP,LMP_PRC,TH_NP15_GEN-APND,ALL_APNODES,0,28.57697,465
2017-09-24T22:00:00-00:00,2017-09-24T23:00:00-00:00,2017-09-24,16,0,TH_NP15_GEN-APND,TH_NP15_GEN-APND,TH_NP15_GEN-APND,DAM,LMP,LMP_PRC,TH_NP15_GEN-APND,ALL_APNODES,0,20.68447,465
2017-09-25T03:00:00-00:00,2017-09-25T04:00:00-00:00,2017-09-24,21,0,TH_NP15_GEN-APND,TH_NP15_GEN-APND,TH_NP15_GEN-APND,DAM,LMP,LMP_PRC,TH_NP15_GEN-APND,ALL_APNODES,0,45.46,465
2017-09-24T07:00:00-00:00,2017-09-24T08:00:00-00:00,2017-09-24,1,0,TH_NP15_GEN-APND,TH_NP15_GEN-APND,TH_NP15_GEN-APND,DAM,LMP,LMP_PRC,TH_NP15_GEN-APND,ALL_APNODES,0,28.3541,465
2017-09-25T02:00:00-00:00,2017-09-25T03:00:00-00:00,2017-09-24,20,0,TH_NP15_GEN-APND,TH_NP15_GEN-APND,TH_NP15_GEN-APND,DAM,LMP,LMP_PRC,TH_NP15_GEN-APND,ALL_APNODES,0,58.28885,465
2017-09-24T09:00:00-00:00,2017-09-24T10:00:00-00:00,2017-09-24,3,0,TH_NP15_GEN-APND,TH_NP15_GEN-APND,TH_NP15_GEN-APND,DAM,LMP,LMP_PRC,TH_NP15_GEN-APND,ALL_APNODES,0,28.55151,465
2017-09-24T10:00:00-00:00,2017-09-24T11:00:00-00:00,2017-09-24,4,0,TH_NP15_GEN-APND,TH_NP15_GEN-APND,TH_NP15_GEN-APND,DAM,LMP,LMP_PRC,TH_NP15_GEN-APND,ALL_APNODES,0,28.71704,465
2017-09-25T05:00:00-00:00,2017-09-25T06:00:00-00:00,2017-09-24,23,0,TH_NP15_GEN-APND,TH_NP15_GEN-APND,TH_NP15_GEN-APND,DAM,LMP,LMP_PRC,TH_NP15_GEN-APND,ALL_APNODES,0,34.27889,465
2017-09-25T06:00:00-00:00,2017-09-25T07:00:00-00:00,2017-09-24,24,0,TH_NP15_GEN-APND,TH_NP15_GEN-APND,TH_NP15_GEN-APND,DAM,LMP,LMP_PRC,TH_NP15_GEN-APND,ALL_APNODES,0,28.90256,465
2017-09-24T12:00:00-00:00,2017-09-24T13:00:00-00:00,2017-09-24,6,0,TH_NP15_GEN-APND,TH_NP15_GEN-APND,TH_NP15_GEN-APND,DAM,LMP,LMP_PRC,TH_NP15_GEN-APND,ALL_APNODES,0,31.29121,465
2017-09-25T00:00:00-00:00,2017-09-25T01:00:00-00:00,2017-09-24,18,0,TH_NP15_GEN-APND,TH_NP15_GEN-APND,TH_NP15_GEN-APND,DAM,LMP,LMP_PRC,TH_NP15_GEN-APND,ALL_APNODES,0,34.83341,465
2017-09-24T14:00:00-00:00,2017-09-24T15:00:00-00:00,2017-09-24,8,0,TH_NP15_GEN-APND,TH_NP15_GEN-APND,TH_NP15_GEN-APND,DAM,LMP,LMP_PRC,TH_NP15_GEN-APND,ALL_APNODES,0,27.80154,465
2017-09-24T18:00:00-00:00,2017-09-24T19:00:00-00:00,2017-09-24,12,0,TH_NP15_GEN-APND,TH_NP15_GEN-APND,TH_NP15_GEN-APND,DAM,LMP,LMP_PRC,TH_NP15_GEN-APND,ALL_APNODES,0,4.92037,465
2017-09-24T08:00:00-00:00,2017-09-24T09:00:00-00:00,2017-09-24,2,0,TH_NP15_GEN-APND,TH_NP15_GEN-APND,TH_NP15_GEN-APND,DAM,LMP,LMP_PRC,TH_NP15_GEN-APND,ALL_APNODES,0,27.51117,465
2017-09-24T13:00:00-00:00,2017-09-24T14:00:00-00:00,2017-09-24,7,0,TH_NP15_GEN-APND,TH_NP15_GEN-APND,TH_NP15_GEN-APND,DAM,LMP,LMP_PRC,TH_NP15_GEN-APND,ALL_APNODES,0,30.70909,465
2017-09-24T21:00:00-00:00,2017-09-24T22:00:00-00:00,2017-09-24,15,0,TH_NP15_GEN-APND,TH_NP15_GEN-APND,TH_NP15_GEN-APND,DAM,LMP,LMP_PRC,TH_NP15_GEN-APND,ALL_APNODES,0,20.21963,465
2017-09-24T20:00:00-00:00,2017-09-24T21:00:00-00:00,2017-09-24,14,0,TH_NP15_GEN-APND,TH_NP15_GEN-APND,TH_NP15_GEN-APND,DAM,LMP,LMP_PRC,TH_NP15_GEN-APND,ALL_APNODES,0,15.71156,465
2017-09-25T04:00:00-00:00,2017-09-25T05:00:00-00:00,2017-09-24,22,0,TH_NP15_GEN-APND,TH_NP15_GEN-APND,TH_NP15_GEN-APND,DAM,LMP,LMP_PRC,TH_NP15_GEN-APND,ALL_APNODES,0,37.96673,465
2017-09-25T01:00:00-00:00,2017-09-25T02:00:00-00:00,2017-09-24,19,0,TH_NP15_GEN-APND,TH_NP15_GEN-APND,TH_NP15_GEN-APND,DAM,LMP,LMP_PRC,TH_NP15_GEN-APND,ALL_APNODES,0,46.53239,465
2017-09-24T16:00:00-00:00,2017-09-24T17:00:00-00:00,2017-09-24,10,0,TH_NP15_GEN-APND,TH_NP15_GEN-APND,TH_NP15_GEN-APND,DAM,LMP,LMP_PRC,TH_NP15_GEN-APND,ALL_APNODES,0,7.04843,465
2017-09-24T17:00:00-00:00,2017-09-24T18:00:00-00:00,2017-09-24,11,0,TH_NP15_GEN-APND,TH_NP15_GEN-APND,TH_NP15_GEN-APND,DAM,LMP,LMP_PRC,TH_NP15_GEN-APND,ALL_APNODES,0,5.38025,465
2017-09-24T15:00:00-00:00,2017-09-24T16:00:00-00:00,2017-09-24,9,0,TH_NP15_GEN-APND,TH_NP15_GEN-APND,TH_NP15_GEN-APND,DAM,LMP,LMP_PRC,TH_NP15_GEN-APND,ALL_APNODES,0,16.18671,465
2017-09-24T19:00:00-00:00,2017-09-24T20:00:00-00:00,2017-09-24,13,0,TH_NP15_GEN-APND,TH_NP15_GEN-APND,TH_NP15_GEN-APND,DAM,LMP,LMP_PRC,TH_NP15_GEN-APND,ALL_APNODES,0,8.25557,465
2017-09-24T23:00:00-00:00,2017-09-25T00:00:00-00:00,2017-09-24,17,0,TH_NP15_GEN-APND,TH_NP15_GEN-APND,TH_NP15_GEN-APND,DAM,LMP,LMP_PRC,TH_NP15_GEN-APND,ALL_APNODES,0,26.13847,465
2017-09-25T00:00:00-00:00,2017-09-25T01:00:00-00:00,2017-09-24,18,0,TH_NP15_GEN-APND,TH_NP15_GEN-APND,TH_NP15_GEN-APND,DAM,MCC,LMP_CONG_PRC,TH_NP15_GEN-APND,ALL_APNODES,0,-0.06613,466
2017-09-25T02:00:00-00:00,2017-09-25T03:00:00-00:00,2017-09-24,20,0,TH_NP15_GEN-APND,TH_NP15_GEN-APND,TH_NP15_GEN-APND,DAM,MCC,LMP_CONG_PRC,TH_NP15_GEN-APND,ALL_APNODES,0,-0.17015,466
2017-09-24T17:00:00-00:00,2017-09-24T18:00:00-00:00,2017-09-24,11,0,TH_NP15_GEN-APND,TH_NP15_GEN-APND,TH_NP15_GEN-APND,DAM,MCC,LMP_CONG_PRC,TH_NP15_GEN-APND,ALL_APNODES,0,2.91225,466
2017-09-24T07:00:00-00:00,2017-09-24T08:00:00-00:00,2017-09-24,1,0,TH_NP15_GEN-APND,TH_NP15_GEN-APND,TH_NP15_GEN-APND,DAM,MCC,LMP_CONG_PRC,TH_NP15_GEN-APND,ALL_APNODES,0,0,466
2017-09-24T14:00:00-00:00,2017-09-24T15:00:00-00:00,2017-09-24,8,0,TH_NP15_GEN-APND,TH_NP15_GEN-APND,TH_NP15_GEN-APND,DAM,MCC,LMP_CONG_PRC,TH_NP15_GEN-APND,ALL_APNODES,0,0,466
2017-09-24T20:00:00-00:00,2017-09-24T21:00:00-00:00,2017-09-24,14,0,TH_NP15_GEN-APND,TH_NP15_GEN-APND,TH_NP15_GEN-APND,DAM,MCC,LMP_CONG_PRC,TH_NP15_GEN-APND,ALL_APNODES,0,6.93762,466
2017-09-24T19:00:00-00:00,2017-09-24T20:00:00-00:00,2017-09-24,13,0,TH_NP15_GEN-APND,TH_NP15_GEN-APND,TH_NP15_GEN-APND,DAM,MCC,LMP_CONG_PRC,TH_NP15_GEN-APND,ALL_APNODES,0,4.08334,466
2017-09-25T06:00:00-00:00,2017-09-25T07:00:00-00:00,2017-09-24,24,0,TH_NP15_GEN-APND,TH_NP15_GEN-APND,TH_NP15_GEN-APND,DAM,MCC,LMP_CONG_PRC,TH_NP15_GEN-APND,ALL_APNODES,0,0,466
2017-09-25T05:00:00-00:00,2017-09-25T06:00:00-00:00,2017-09-24,23,0,TH_NP15_GEN-APND,TH_NP15_GEN-APND,TH_NP15_GEN-APND,DAM,MCC,LMP_CONG_PRC,TH_NP15_GEN-APND,ALL_APNODES,0,0,466
2017-09-24T13:00:00-00:00,2017-09-24T14:00:00-00:00,2017-09-24,7,0,TH_NP15_GEN-APND,TH_NP15_GEN-APND,TH_NP15_GEN-APND,DAM,MCC,LMP_CONG_PRC,TH_NP15_GEN-APND,ALL_APNODES,0,0,466
2017-09-24T11:00:00-00:00,2017-09-24T12:00:00-00:00,2017-09-24,5,0,TH_NP15_GEN-APND,TH_NP15_GEN-APND,TH_NP15_GEN-APND,DAM,MCC,LMP_CONG_PRC,TH_NP15_GEN-APND,ALL_APNODES,0,0,466
2017-09-24T10:00:00-00:00,2017-09-24T11:00:00-00:00,2017-09-24,4,0,TH_NP15_GEN-APND,TH_NP15_GEN-APND,TH_NP15_GEN-APND,DAM,MCC,LMP_CONG_PRC,TH_NP15_GEN-APND,ALL_APNODES,0,0,466
2017-09-24T22:00:00-00:00,2017-09-24T23:00:00-00:00,2017-09-24,16,0,TH_NP15_GEN-APND,TH_NP15_GEN-APND,TH_NP15_GEN-APND,DAM,MCC,LMP_CONG_PRC,TH_NP15_GEN-APND,ALL_APNODES,0,0.17728,466
2017-09-24T21:00:00-00:00,2017-09-24T22:00:00-00:00,2017-09-24,15,0,TH_NP15_GEN-APND,TH_NP15_GEN-APND,TH_NP15_GEN-APND,DAM,MCC,LMP_CONG_PRC,TH_NP15_GEN-APND,ALL_APNODES,0,3.93494,466
2017-09-25T01:00:00-00:00,2017-09-25T02:00:00-00:00,2017-09-24,19,0,TH_NP15_GEN-APND,TH_NP15_GEN-APND,TH_NP15_GEN-APND,DAM,MCC,LMP_CONG_PRC,TH_NP15_GEN-APND,ALL_APNODES,0,-0.15161,466
2017-09-24T08:00:00-00:00,2017-09-24T09:00:00-00:00,2017-09-24,2,0,TH_NP15_GEN-APND,TH_NP15_GEN-APND,TH_NP15_GEN-APND,DAM,MCC,LMP_CONG_PRC,TH_NP15_GEN-APND,ALL_APNODES,0,0,466
2017-09-24T16:00:00-00:00,2017-09-24T17:00:00-00:00,2017-09-24,10,0,TH_NP15_GEN-APND,TH_NP15_GEN-APND,TH_NP15_GEN-APND,DAM,MCC,LMP_CONG_PRC,TH_NP15_GEN-APND,ALL_APNODES,0,3.71252,466
2017-09-24T18:00:00-00:00,2017-09-24T19:00:00-00:00,2017-09-24,12,0,TH_NP15_GEN-APND,TH_NP15_GEN-APND,TH_NP15_GEN-APND,DAM,MCC,LMP_CONG_PRC,TH_NP15_GEN-APND,ALL_APNODES,0,2.51682,466
2017-09-25T04:00:00-00:00,2017-09-25T05:00:00-00:00,2017-09-24,22,0,TH_NP15_GEN-APND,TH_NP15_GEN-APND,TH_NP15_GEN-APND,DAM,MCC,LMP_CONG_PRC,TH_NP15_GEN-APND,ALL_APNODES,0,-0.16107,466
2017-09-24T23:00:00-00:00,2017-09-25T00:00:00-00:00,2017-09-24,17,0,TH_NP15_GEN-APND,TH_NP15_GEN-APND,TH_NP15_GEN-APND,DAM,MCC,LMP_CONG_PRC,TH_NP15_GEN-APND,ALL_APNODES,0,-0.18131,466
2017-09-24T09:00:00-00:00,2017-09-24T10:00:00-00:00,2017-09-24,3,0,TH_NP15_GEN-APND,TH_NP15_GEN-APND,TH_NP15_GEN-APND,DAM,MCC,LMP_CONG_PRC,TH_NP15_GEN-APND,ALL_APNODES,0,0,466
2017-09-24T12:00:00-00:00,2017-09-24T13:00:00-00:00,2017-09-24,6,0,TH_NP15_GEN-APND,TH_NP15_GEN-APND,TH_NP15_GEN-APND,DAM,MCC,LMP_CONG_PRC,TH_NP15_GEN-APND,ALL_APNODES,0,0,466
2017-09-25T03:00:00-00:00,2017-09-25T04:00:00-00:00,2017-09-24,21,0,TH_NP15_GEN-APND,TH_NP15_GEN-APND,TH_NP15_GEN-APND,DAM,MCC,LMP_CONG_PRC,TH_NP15_GEN-APND,ALL_APNODES,0,-0.27121,466
2017-09-24T15:00:00-00:00,2017-09-24T16:00:00-00:00,2017-09-24,9,0,TH_NP15_GEN-APND,TH_NP15_GEN-APND,TH_NP15_GEN-APND,DAM,MCC,LMP_CONG_PRC,TH_NP15_GEN-APND,ALL_APNODES,0,-0.61571,466
2017-09-24T21:00:00-00:00,2017-09-24T22:00:00-00:00,2017-09-24,15,0,TH_NP15_GEN-APND,TH_NP15_GEN-APND,TH_NP15_GEN-APND,DAM,MCE,LMP_ENE_PRC,TH_NP15_GEN-APND,ALL_APNODES,0,16.06302,467
2017-09-24T17:00:00-00:00,2017-09-24T18:00:00-00:00,2017-09-24,11,0,TH_NP15_GEN-APND,TH_NP15_GEN-APND,TH_NP15_GEN-APND,DAM,MCE,LMP_ENE_PRC,TH_NP15_GEN-APND,ALL_APNODES,0,2.43946,467
2017-09-24T14:00:00-00:00,2017-09-24T15:00:00-00:00,2017-09-24,8,0,TH_NP15_GEN-APND,TH_NP15_GEN-APND,TH_NP15_GEN-APND,DAM,MCE,LMP_ENE_PRC,TH_NP15_GEN-APND,ALL_APNODES,0,28.02574,467
2017-09-25T00:00:00-00:00,2017-09-25T01:00:00-00:00,2017-09-24,18,0,TH_NP15_GEN-APND,TH_NP15_GEN-APND,TH_NP15_GEN-APND,DAM,MCE,LMP_ENE_PRC,TH_NP15_GEN-APND,ALL_APNODES,0,35.13849,467
2017-09-25T05:00:00-00:00,2017-09-25T06:00:00-00:00,2017-09-24,23,0,TH_NP15_GEN-APND,TH_NP15_GEN-APND,TH_NP15_GEN-APND,DAM,MCE,LMP_ENE_PRC,TH_NP15_GEN-APND,ALL_APNODES,0,34.86107,467
2017-09-25T04:00:00-00:00,2017-09-25T05:00:00-00:00,2017-09-24,22,0,TH_NP15_GEN-APND,TH_NP15_GEN-APND,TH_NP15_GEN-APND,DAM,MCE,LMP_ENE_PRC,TH_NP15_GEN-APND,ALL_APNODES,0,39.02539,467
2017-09-24T13:00:00-00:00,2017-09-24T14:00:00-00:00,2017-09-24,7,0,TH_NP15_GEN-APND,TH_NP15_GEN-APND,TH_NP15_GEN-APND,DAM,MCE,LMP_ENE_PRC,TH_NP15_GEN-APND,ALL_APNODES,0,31.13564,467
2017-09-24T18:00:00-00:00,2017-09-24T19:00:00-00:00,2017-09-24,12,0,TH_NP15_GEN-APND,TH_NP15_GEN-APND,TH_NP15_GEN-APND,DAM,MCE,LMP_ENE_PRC,TH_NP15_GEN-APND,ALL_APNODES,0,2.37458,467
2017-09-24T08:00:00-00:00,2017-09-24T09:00:00-00:00,2017-09-24,2,0,TH_NP15_GEN-APND,TH_NP15_GEN-APND,TH_NP15_GEN-APND,DAM,MCE,LMP_ENE_PRC,TH_NP15_GEN-APND,ALL_APNODES,0,27.82842,467
2017-09-25T06:00:00-00:00,2017-09-25T07:00:00-00:00,2017-09-24,24,0,TH_NP15_GEN-APND,TH_NP15_GEN-APND,TH_NP15_GEN-APND,DAM,MCE,LMP_ENE_PRC,TH_NP15_GEN-APND,ALL_APNODES,0,29.30403,467
2017-09-25T03:00:00-00:00,2017-09-25T04:00:00-00:00,2017-09-24,21,0,TH_NP15_GEN-APND,TH_NP15_GEN-APND,TH_NP15_GEN-APND,DAM,MCE,LMP_ENE_PRC,TH_NP15_GEN-APND,ALL_APNODES,0,46.68356,467
2017-09-25T02:00:00-00:00,2017-09-25T03:00:00-00:00,2017-09-24,20,0,TH_NP15_GEN-APND,TH_NP15_GEN-APND,TH_NP15_GEN-APND,DAM,MCE,LMP_ENE_PRC,TH_NP15_GEN-APND,ALL_APNODES,0,59.34321,467
2017-09-24T23:00:00-00:00,2017-09-25T00:00:00-00:00,2017-09-24,17,0,TH_NP15_GEN-APND,TH_NP15_GEN-APND,TH_NP15_GEN-APND,DAM,MCE,LMP_ENE_PRC,TH_NP15_GEN-APND,ALL_APNODES,0,26.11608,467
2017-09-24T12:00:00-00:00,2017-09-24T13:00:00-00:00,2017-09-24,6,0,TH_NP15_GEN-APND,TH_NP15_GEN-APND,TH_NP15_GEN-APND,DAM,MCE,LMP_ENE_PRC,TH_NP15_GEN-APND,ALL_APNODES,0,31.64244,467
2017-09-24T07:00:00-00:00,2017-09-24T08:00:00-00:00,2017-09-24,1,0,TH_NP15_GEN-APND,TH_NP15_GEN-APND,TH_NP15_GEN-APND,DAM,MCE,LMP_ENE_PRC,TH_NP15_GEN-APND,ALL_APNODES,0,28.62027,467
2017-09-24T19:00:00-00:00,2017-09-24T20:00:00-00:00,2017-09-24,13,0,TH_NP15_GEN-APND,TH_NP15_GEN-APND,TH_NP15_GEN-APND,DAM,MCE,LMP_ENE_PRC,TH_NP15_GEN-APND,ALL_APNODES,0,4.11624,467
2017-09-24T16:00:00-00:00,2017-09-24T17:00:00-00:00,2017-09-24,10,0,TH_NP15_GEN-APND,TH_NP15_GEN-APND,TH_NP15_GEN-APND,DAM,MCE,LMP_ENE_PRC,TH_NP15_GEN-APND,ALL_APNODES,0,3.28824,467
2017-09-24T11:00:00-00:00,2017-09-24T12:00:00-00:00,2017-09-24,5,0,TH_NP15_GEN-APND,TH_NP15_GEN-APND,TH_NP15_GEN-APND,DAM,MCE,LMP_ENE_PRC,TH_NP15_GEN-APND,ALL_APNODES,0,28.93578,467
2017-09-24T10:00:00-00:00,2017-09-24T11:00:00-00:00,2017-09-24,4,0,TH_NP15_GEN-APND,TH_NP15_GEN-APND,TH_NP15_GEN-APND,DAM,MCE,LMP_ENE_PRC,TH_NP15_GEN-APND,ALL_APNODES,0,29.08644,467
2017-09-24T09:00:00-00:00,2017-09-24T10:00:00-00:00,2017-09-24,3,0,TH_NP15_GEN-APND,TH_NP15_GEN-APND,TH_NP15_GEN-APND,DAM,MCE,LMP_ENE_PRC,TH_NP15_GEN-APND,ALL_APNODES,0,28.96572,467
2017-09-24T22:00:00-00:00,2017-09-24T23:00:00-00:00,2017-09-24,16,0,TH_NP15_GEN-APND,TH_NP15_GEN-APND,TH_NP15_GEN-APND,DAM,MCE,LMP_ENE_PRC,TH_NP15_GEN-APND,ALL_APNODES,0,20.27003,467
2017-09-24T20:00:00-00:00,2017-09-24T21:00:00-00:00,2017-09-24,14,0,TH_NP15_GEN-APND,TH_NP15_GEN-APND,TH_NP15_GEN-APND,DAM,MCE,LMP_ENE_PRC,TH_NP15_GEN-APND,ALL_APNODES,0,8.65622,467
2017-09-25T01:00:00-00:00,2017-09-25T02:00:00-00:00,2017-09-24,19,0,TH_NP15_GEN-APND,TH_NP15_GEN-APND,TH_NP15_GEN-APND,DAM,MCE,LMP_ENE_PRC,TH_NP15_GEN-APND,ALL_APNODES,0,47.29409,467
2017-09-24T15:00:00-00:00,2017-09-24T16:00:00-00:00,2017-09-24,9,0,TH_NP15_GEN-APND,TH_NP15_GEN-APND,TH_NP15_GEN-APND,DAM,MCE,LMP_ENE_PRC,TH_NP15_GEN-APND,ALL_APNODES,0,16.69723,467
2017-09-24T09:00:00-00:00,2017-09-24T10:00:00-00:00,2017-09-24,3,0,TH_NP15_GEN-APND,TH_NP15_GEN-APND,TH_NP15_GEN-APND,DAM,MCL,LMP_LOSS_PRC,TH_NP15_GEN-APND,ALL_APNODES,0,-0.41421,468
2017-09-24T17:00:00-00:00,2017-09-24T18:00:00-00:00,2017-09-24,11,0,TH_NP15_GEN-APND,TH_NP15_GEN-APND,TH_NP15_GEN-APND,DAM,MCL,LMP_LOSS_PRC,TH_NP15_GEN-APND,ALL_APNODES,0,0.02854,468
2017-09-24T20:00:00-00:00,2017-09-24T21:00:00-00:00,2017-09-24,14,0,TH_NP15_GEN-APND,TH_NP15_GEN-APND,TH_NP15_GEN-APND,DAM,MCL,LMP_LOSS_PRC,TH_NP15_GEN-APND,ALL_APNODES,0,0.11772,468
2017-09-25T02:00:00-00:00,2017-09-25T03:00:00-00:00,2017-09-24,20,0,TH_NP15_GEN-APND,TH_NP15_GEN-APND,TH_NP15_GEN-APND,DAM,MCL,LMP_LOSS_PRC,TH_NP15_GEN-APND,ALL_APNODES,0,-0.88421,468
2017-09-24T16:00:00-00:00,2017-09-24T17:00:00-00:00,2017-09-24,10,0,TH_NP15_GEN-APND,TH_NP15_GEN-APND,TH_NP15_GEN-APND,DAM,MCL,LMP_LOSS_PRC,TH_NP15_GEN-APND,ALL_APNODES,0,0.04768,468
2017-09-24T21:00:00-00:00,2017-09-24T22:00:00-00:00,2017-09-24,15,0,TH_NP15_GEN-APND,TH_NP15_GEN-APND,TH_NP15_GEN-APND,DAM,MCL,LMP_LOSS_PRC,TH_NP15_GEN-APND,ALL_APNODES,0,0.22167,468
2017-09-24T08:00:00-00:00,2017-09-24T09:00:00-00:00,2017-09-24,2,0,TH_NP15_GEN-APND,TH_NP15_GEN-APND,TH_NP15_GEN-APND,DAM,MCL,LMP_LOSS_PRC,TH_NP15_GEN-APND,ALL_APNODES,0,-0.31724,468
2017-09-24T11:00:00-00:00,2017-09-24T12:00:00-00:00,2017-09-24,5,0,TH_NP15_GEN-APND,TH_NP15_GEN-APND,TH_NP15_GEN-APND,DAM,MCL,LMP_LOSS_PRC,TH_NP15_GEN-APND,ALL_APNODES,0,-0.3588,468
2017-09-25T04:00:00-00:00,2017-09-25T05:00:00-00:00,2017-09-24,22,0,TH_NP15_GEN-APND,TH_NP15_GEN-APND,TH_NP15_GEN-APND,DAM,MCL,LMP_LOSS_PRC,TH_NP15_GEN-APND,ALL_APNODES,0,-0.89758,468
2017-09-24T14:00:00-00:00,2017-09-24T15:00:00-00:00,2017-09-24,8,0,TH_NP15_GEN-APND,TH_NP15_GEN-APND,TH_NP15_GEN-APND,DAM,MCL,LMP_LOSS_PRC,TH_NP15_GEN-APND,ALL_APNODES,0,-0.22421,468
2017-09-24T15:00:00-00:00,2017-09-24T16:00:00-00:00,2017-09-24,9,0,TH_NP15_GEN-APND,TH_NP15_GEN-APND,TH_NP15_GEN-APND,DAM,MCL,LMP_LOSS_PRC,TH_NP15_GEN-APND,ALL_APNODES,0,0.10519,468
2017-09-24T19:00:00-00:00,2017-09-24T20:00:00-00:00,2017-09-24,13,0,TH_NP15_GEN-APND,TH_NP15_GEN-APND,TH_NP15_GEN-APND,DAM,MCL,LMP_LOSS_PRC,TH_NP15_GEN-APND,ALL_APNODES,0,0.05598,468
2017-09-24T07:00:00-00:00,2017-09-24T08:00:00-00:00,2017-09-24,1,0,TH_NP15_GEN-APND,TH_NP15_GEN-APND,TH_NP15_GEN-APND,DAM,MCL,LMP_LOSS_PRC,TH_NP15_GEN-APND,ALL_APNODES,0,-0.26617,468
2017-09-24T10:00:00-00:00,2017-09-24T11:00:00-00:00,2017-09-24,4,0,TH_NP15_GEN-APND,TH_NP15_GEN-APND,TH_NP15_GEN-APND,DAM,MCL,LMP_LOSS_PRC,TH_NP15_GEN-APND,ALL_APNODES,0,-0.3694,468
2017-09-25T00:00:00-00:00,2017-09-25T01:00:00-00:00,2017-09-24,18,0,TH_NP15_GEN-APND,TH_NP15_GEN-APND,TH_NP15_GEN-APND,DAM,MCL,LMP_LOSS_PRC,TH_NP15_GEN-APND,ALL_APNODES,0,-0.23894,468
2017-09-25T01:00:00-00:00,2017-09-25T02:00:00-00:00,2017-09-24,19,0,TH_NP15_GEN-APND,TH_NP15_GEN-APND,TH_NP15_GEN-APND,DAM,MCL,LMP_LOSS_PRC,TH_NP15_GEN-APND,ALL_APNODES,0,-0.61009,468
2017-09-25T06:00:00-00:00,2017-09-25T07:00:00-00:00,2017-09-24,24,0,TH_NP15_GEN-APND,TH_NP15_GEN-APND,TH_NP15_GEN-APND,DAM,MCL,LMP_LOSS_PRC,TH_NP15_GEN-APND,ALL_APNODES,0,-0.40147,468
2017-09-24T12:00:00-00:00,2017-09-24T13:00:00-00:00,2017-09-24,6,0,TH_NP15_GEN-APND,TH_NP15_GEN-APND,TH_NP15_GEN-APND,DAM,MCL,LMP_LOSS_PRC,TH_NP15_GEN-APND,ALL_APNODES,0,-0.35123,468
2017-09-24T13:00:00-00:00,2017-09-24T14:00:00-00:00,2017-09-24,7,0,TH_NP15_GEN-APND,TH_NP15_GEN-APND,TH_NP15_GEN-APND,DAM,MCL,LMP_LOSS_PRC,TH_NP15_GEN-APND,ALL_APNODES,0,-0.42656,468
2017-09-25T03:00:00-00:00,2017-09-25T04:00:00-00:00,2017-09-24,21,0,TH_NP15_GEN-APND,TH_NP15_GEN-APND,TH_NP15_GEN-APND,DAM,MCL,LMP_LOSS_PRC,TH_NP15_GEN-APND,ALL_APNODES,0,-0.95234,468
2017-09-25T05:00:00-00:00,2017-09-25T06:00:00-00:00,2017-09-24,23,0,TH_NP15_GEN-APND,TH_NP15_GEN-APND,TH_NP15_GEN-APND,DAM,MCL,LMP_LOSS_PRC,TH_NP15_GEN-APND,ALL_APNODES,0,-0.58218,468
2017-09-24T23:00:00-00:00,2017-09-25T00:00:00-00:00,2017-09-24,17,0,TH_NP15_GEN-APND,TH_NP15_GEN-APND,TH_NP15_GEN-APND,DAM,MCL,LMP_LOSS_PRC,TH_NP15_GEN-APND,ALL_APNODES,0,0.20371,468
2017-09-24T18:00:00-00:00,2017-09-24T19:00:00-00:00,2017-09-24,12,0,TH_NP15_GEN-APND,TH_NP15_GEN-APND,TH_NP15_GEN-APND,DAM,MCL,LMP_LOSS_PRC,TH_NP15_GEN-APND,ALL_APNODES,0,0.02897,468
2017-09-24T22:00:00-00:00,2017-09-24T23:00:00-00:00,2017-09-24,16,0,TH_NP15_GEN-APND,TH_NP15_GEN-APND,TH_NP15_GEN-APND,DAM,MCL,LMP_LOSS_PRC,TH_NP15_GEN-APND,ALL_APNODES,0,0.23716,468
2017-09-24T07:00:00-00:00,2017-09-24T08:00:00-00:00,2017-09-24,1,0,TH_SP15_GEN-APND,TH_SP15_GEN-APND,TH_SP15_GEN-APND,DAM,LMP,LMP_PRC,TH_SP15_GEN-APND,ALL_APNODES,0,27.85897,469
2017-09-25T04:00:00-00:00,2017-09-25T05:00:00-00:00,2017-09-24,22,0,TH_SP15_GEN-APND,TH_SP15_GEN-APND,TH_SP15_GEN-APND,DAM,LMP,LMP_PRC,TH_SP15_GEN-APND,ALL_APNODES,0,38.09658,469
2017-09-24T14:00:00-00:00,2017-09-24T15:00:00-00:00,2017-09-24,8,0,TH_SP15_GEN-APND,TH_SP15_GEN-APND,TH_SP15_GEN-APND,DAM,LMP,LMP_PRC,TH_SP15_GEN-APND,ALL_APNODES,0,27.3223,469
2017-09-25T06:00:00-00:00,2017-09-25T07:00:00-00:00,2017-09-24,24,0,TH_SP15_GEN-APND,TH_SP15_GEN-APND,TH_SP15_GEN-APND,DAM,LMP,LMP_PRC,TH_SP15_GEN-APND,ALL_APNODES,0,28.56264,469
2017-09-24T13:00:00-00:00,2017-09-24T14:00:00-00:00,2017-09-24,7,0,TH_SP15_GEN-APND,TH_SP15_GEN-APND,TH_SP15_GEN-APND,DAM,LMP,LMP_PRC,TH_SP15_GEN-APND,ALL_APNODES,0,30.46,469
2017-09-24T20:00:00-00:00,2017-09-24T21:00:00-00:00,2017-09-24,14,0,TH_SP15_GEN-APND,TH_SP15_GEN-APND,TH_SP15_GEN-APND,DAM,LMP,LMP_PRC,TH_SP15_GEN-APND,ALL_APNODES,0,4.58045,469
2017-09-24T21:00:00-00:00,2017-09-24T22:00:00-00:00,2017-09-24,15,0,TH_SP15_GEN-APND,TH_SP15_GEN-APND,TH_SP15_GEN-APND,DAM,LMP,LMP_PRC,TH_SP15_GEN-APND,ALL_APNODES,0,13.43766,469
2017-09-24T22:00:00-00:00,2017-09-24T23:00:00-00:00,2017-09-24,16,0,TH_SP15_GEN-APND,TH_SP15_GEN-APND,TH_SP15_GEN-APND,DAM,LMP,LMP_PRC,TH_SP15_GEN-APND,ALL_APNODES,0,19.4575,469
2017-09-24T09:00:00-00:00,2017-09-24T10:00:00-00:00,2017-09-24,3,0,TH_SP15_GEN-APND,TH_SP15_GEN-APND,TH_SP15_GEN-APND,DAM,LMP,LMP_PRC,TH_SP15_GEN-APND,ALL_APNODES,0,28.35165,469
2017-09-24T23:00:00-00:00,2017-09-25T00:00:00-00:00,2017-09-24,17,0,TH_SP15_GEN-APND,TH_SP15_GEN-APND,TH_SP15_GEN-APND,DAM,LMP,LMP_PRC,TH_SP15_GEN-APND,ALL_APNODES,0,25.22048,469
2017-09-24T12:00:00-00:00,2017-09-24T13:00:00-00:00,2017-09-24,6,0,TH_SP15_GEN-APND,TH_SP15_GEN-APND,TH_SP15_GEN-APND,DAM,LMP,LMP_PRC,TH_SP15_GEN-APND,ALL_APNODES,0,30.87353,469
2017-09-24T19:00:00-00:00,2017-09-24T20:00:00-00:00,2017-09-24,13,0,TH_SP15_GEN-APND,TH_SP15_GEN-APND,TH_SP15_GEN-APND,DAM,LMP,LMP_PRC,TH_SP15_GEN-APND,ALL_APNODES,0,1.75948,469
2017-09-24T18:00:00-00:00,2017-09-24T19:00:00-00:00,2017-09-24,12,0,TH_SP15_GEN-APND,TH_SP15_GEN-APND,TH_SP15_GEN-APND,DAM,LMP,LMP_PRC,TH_SP15_GEN-APND,ALL_APNODES,0,1,469
2017-09-24T08:00:00-00:00,2017-09-24T09:00:00-00:00,2017-09-24,2,0,TH_SP15_GEN-APND,TH_SP15_GEN-APND,TH_SP15_GEN-APND,DAM,LMP,LMP_PRC,TH_SP15_GEN-APND,ALL_APNODES,0,27.15497,469
2017-09-25T02:00:00-00:00,2017-09-25T03:00:00-00:00,2017-09-24,20,0,TH_SP15_GEN-APND,TH_SP15_GEN-APND,TH_SP15_GEN-APND,DAM,LMP,LMP_PRC,TH_SP15_GEN-APND,ALL_APNODES,0,57.63412,469
2017-09-25T03:00:00-00:00,2017-09-25T04:00:00-00:00,2017-09-24,21,0,TH_SP15_GEN-APND,TH_SP15_GEN-APND,TH_SP15_GEN-APND,DAM,LMP,LMP_PRC,TH_SP15_GEN-APND,ALL_APNODES,0,45.44645,469
2017-09-25T05:00:00-00:00,2017-09-25T06:00:00-00:00,2017-09-24,23,0,TH_SP15_GEN-APND,TH_SP15_GEN-APND,TH_SP15_GEN-APND,DAM,LMP,LMP_PRC,TH_SP15_GEN-APND,ALL_APNODES,0,33.99651,469
2017-09-24T11:00:00-00:00,2017-09-24T12:00:00-00:00,2017-09-24,5,0,TH_SP15_GEN-APND,TH_SP15_GEN-APND,TH_SP15_GEN-APND,DAM,LMP,LMP_PRC,TH_SP15_GEN-APND,ALL_APNODES,0,28.28183,469
2017-09-25T00:00:00-00:00,2017-09-25T01:00:00-00:00,2017-09-24,18,0,TH_SP15_GEN-APND,TH_SP15_GEN-APND,TH_SP15_GEN-APND,DAM,LMP,LMP_PRC,TH_SP15_GEN-APND,ALL_APNODES,0,34.01054,469
2017-09-24T15:00:00-00:00,2017-09-24T16:00:00-00:00,2017-09-24,9,0,TH_SP15_GEN-APND,TH_SP15_GEN-APND,TH_SP15_GEN-APND,DAM,LMP,LMP_PRC,TH_SP15_GEN-APND,ALL_APNODES,0,16.57962,469
2017-09-24T16:00:00-00:00,2017-09-24T17:00:00-00:00,2017-09-24,10,0,TH_SP15_GEN-APND,TH_SP15_GEN-APND,TH_SP15_GEN-APND,DAM,LMP,LMP_PRC,TH_SP15_GEN-APND,ALL_APNODES,0,1.06533,469
2017-09-24T17:00:00-00:00,2017-09-24T18:00:00-00:00,2017-09-24,11,0,TH_SP15_GEN-APND,TH_SP15_GEN-APND,TH_SP15_GEN-APND,DAM,LMP,LMP_PRC,TH_SP15_GEN-APND,ALL_APNODES,0,0.75983,469
2017-09-25T01:00:00-00:00,2017-09-25T02:00:00-00:00,2017-09-24,19,0,TH_SP15_GEN-APND,TH_SP15_GEN-APND,TH_SP15_GEN-APND,DAM,LMP,LMP_PRC,TH_SP15_GEN-APND,ALL_APNODES,0,45.88,469
2017-09-24T10:00:00-00:00,2017-09-24T11:00:00-00:00,2017-09-24,4,0,TH_SP15_GEN-APND,TH_SP15_GEN-APND,TH_SP15_GEN-APND,DAM,LMP,LMP_PRC,TH_SP15_GEN-APND,ALL_APNODES,0,28.45236,469
2017-09-24T20:00:00-00:00,2017-09-24T21:00:00-00:00,2017-09-24,14,0,TH_SP15_GEN-APND,TH_SP15_GEN-APND,TH_SP15_GEN-APND,DAM,MCC,LMP_CONG_PRC,TH_SP15_GEN-APND,ALL_APNODES,0,-3.74337,470
2017-09-24T10:00:00-00:00,2017-09-24T11:00:00-00:00,2017-09-24,4,0,TH_SP15_GEN-APND,TH_SP15_GEN-APND,TH_SP15_GEN-APND,DAM,MCC,LMP_CONG_PRC,TH_SP15_GEN-APND,ALL_APNODES,0,0,470
2017-09-24T11:00:00-00:00,2017-09-24T12:00:00-00:00,2017-09-24,5,0,TH_SP15_GEN-APND,TH_SP15_GEN-APND,TH_SP15_GEN-APND,DAM,MCC,LMP_CONG_PRC,TH_SP15_GEN-APND,ALL_APNODES,0,0,470
2017-09-24T23:00:00-00:00,2017-09-25T00:00:00-00:00,2017-09-24,17,0,TH_SP15_GEN-APND,TH_SP15_GEN-APND,TH_SP15_GEN-APND,DAM,MCC,LMP_CONG_PRC,TH_SP15_GEN-APND,ALL_APNODES,0,0.13599,470
2017-09-25T00:00:00-00:00,2017-09-25T01:00:00-00:00,2017-09-24,18,0,TH_SP15_GEN-APND,TH_SP15_GEN-APND,TH_SP15_GEN-APND,DAM,MCC,LMP_CONG_PRC,TH_SP15_GEN-APND,ALL_APNODES,0,0,470
2017-09-25T03:00:00-00:00,2017-09-25T04:00:00-00:00,2017-09-24,21,0,TH_SP15_GEN-APND,TH_SP15_GEN-APND,TH_SP15_GEN-APND,DAM,MCC,LMP_CONG_PRC,TH_SP15_GEN-APND,ALL_APNODES,0,0,470
2017-09-24T14:00:00-00:00,2017-09-24T15:00:00-00:00,2017-09-24,8,0,TH_SP15_GEN-APND,TH_SP15_GEN-APND,TH_SP15_GEN-APND,DAM,MCC,LMP_CONG_PRC,TH_SP15_GEN-APND,ALL_APNODES,0,0,470
2017-09-24T17:00:00-00:00,2017-09-24T18:00:00-00:00,2017-09-24,11,0,TH_SP15_GEN-APND,TH_SP15_GEN-APND,TH_SP15_GEN-APND,DAM,MCC,LMP_CONG_PRC,TH_SP15_GEN-APND,ALL_APNODES,0,-1.59157,470
2017-09-24T21:00:00-00:00,2017-09-24T22:00:00-00:00,2017-09-24,15,0,TH_SP15_GEN-APND,TH_SP15_GEN-APND,TH_SP15_GEN-APND,DAM,MCC,LMP_CONG_PRC,TH_SP15_GEN-APND,ALL_APNODES,0,-1.97802,470
2017-09-24T18:00:00-00:00,2017-09-24T19:00:00-00:00,2017-09-24,12,0,TH_SP15_GEN-APND,TH_SP15_GEN-APND,TH_SP15_GEN-APND,DAM,MCC,LMP_CONG_PRC,TH_SP15_GEN-APND,ALL_APNODES,0,-1.28767,470
2017-09-24T07:00:00-00:00,2017-09-24T08:00:00-00:00,2017-09-24,1,0,TH_SP15_GEN-APND,TH_SP15_GEN-APND,TH_SP15_GEN-APND,DAM,MCC,LMP_CONG_PRC,TH_SP15_GEN-APND,ALL_APNODES,0,0,470
2017-09-24T22:00:00-00:00,2017-09-24T23:00:00-00:00,2017-09-24,16,0,TH_SP15_GEN-APND,TH_SP15_GEN-APND,TH_SP15_GEN-APND,DAM,MCC,LMP_CONG_PRC,TH_SP15_GEN-APND,ALL_APNODES,0,-0.00984,470
2017-09-24T09:00:00-00:00,2017-09-24T10:00:00-00:00,2017-09-24,3,0,TH_SP15_GEN-APND,TH_SP15_GEN-APND,TH_SP15_GEN-APND,DAM,MCC,LMP_CONG_PRC,TH_SP15_GEN-APND,ALL_APNODES,0,0,470
2017-09-25T01:00:00-00:00,2017-09-25T02:00:00-00:00,2017-09-24,19,0,TH_SP15_GEN-APND,TH_SP15_GEN-APND,TH_SP15_GEN-APND,DAM,MCC,LMP_CONG_PRC,TH_SP15_GEN-APND,ALL_APNODES,0,0,470
2017-09-25T06:00:00-00:00,2017-09-25T07:00:00-00:00,2017-09-24,24,0,TH_SP15_GEN-APND,TH_SP15_GEN-APND,TH_SP15_GEN-APND,DAM,MCC,LMP_CONG_PRC,TH_SP15_GEN-APND,ALL_APNODES,0,0,470
2017-09-24T16:00:00-00:00,2017-09-24T17:00:00-00:00,2017-09-24,10,0,TH_SP15_GEN-APND,TH_SP15_GEN-APND,TH_SP15_GEN-APND,DAM,MCC,LMP_CONG_PRC,TH_SP15_GEN-APND,ALL_APNODES,0,-2.09467,470
2017-09-24T15:00:00-00:00,2017-09-24T16:00:00-00:00,2017-09-24,9,0,TH_SP15_GEN-APND,TH_SP15_GEN-APND,TH_SP15_GEN-APND,DAM,MCC,LMP_CONG_PRC,TH_SP15_GEN-APND,ALL_APNODES,0,0.46179,470
2017-09-25T02:00:00-00:00,2017-09-25T03:00:00-00:00,2017-09-24,20,0,TH_SP15_GEN-APND,TH_SP15_GEN-APND,TH_SP15_GEN-APND,DAM,MCC,LMP_CONG_PRC,TH_SP15_GEN-APND,ALL_APNODES,0,0,470
2017-09-25T04:00:00-00:00,2017-09-25T05:00:00-00:00,2017-09-24,22,0,TH_SP15_GEN-APND,TH_SP15_GEN-APND,TH_SP15_GEN-APND,DAM,MCC,LMP_CONG_PRC,TH_SP15_GEN-APND,ALL_APNODES,0,0,470
2017-09-25T05:00:00-00:00,2017-09-25T06:00:00-00:00,2017-09-24,23,0,TH_SP15_GEN-APND,TH_SP15_GEN-APND,TH_SP15_GEN-APND,DAM,MCC,LMP_CONG_PRC,TH_SP15_GEN-APND,ALL_APNODES,0,0,470
2017-09-24T13:00:00-00:00,2017-09-24T14:00:00-00:00,2017-09-24,7,0,TH_SP15_GEN-APND,TH_SP15_GEN-APND,TH_SP15_GEN-APND,DAM,MCC,LMP_CONG_PRC,TH_SP15_GEN-APND,ALL_APNODES,0,0,470
2017-09-24T08:00:00-00:00,2017-09-24T09:00:00-00:00,2017-09-24,2,0,TH_SP15_GEN-APND,TH_SP15_GEN-APND,TH_SP15_GEN-APND,DAM,MCC,LMP_CONG_PRC,TH_SP15_GEN-APND,ALL_APNODES,0,0,470
2017-09-24T12:00:00-00:00,2017-09-24T13:00:00-00:00,2017-09-24,6,0,TH_SP15_GEN-APND,TH_SP15_GEN-APND,TH_SP15_GEN-APND,DAM,MCC,LMP_CONG_PRC,TH_SP15_GEN-APND,ALL_APNODES,0,0,470
2017-09-24T19:00:00-00:00,2017-09-24T20:00:00-00:00,2017-09-24,13,0,TH_SP15_GEN-APND,TH_SP15_GEN-APND,TH_SP15_GEN-APND,DAM,MCC,LMP_CONG_PRC,TH_SP15_GEN-APND,ALL_APNODES,0,-2.19952,470
2017-09-25T01:00:00-00:00,2017-09-25T02:00:00-00:00,2017-09-24,19,0,TH_SP15_GEN-APND,TH_SP15_GEN-APND,TH_SP15_GEN-APND,DAM,MCE,LMP_ENE_PRC,TH_SP15_GEN-APND,ALL_APNODES,0,47.29409,471
2017-09-25T00:00:00-00:00,2017-09-25T01:00:00-00:00,2017-09-24,18,0,TH_SP15_GEN-APND,TH_SP15_GEN-APND,TH_SP15_GEN-APND,DAM,MCE,LMP_ENE_PRC,TH_SP15_GEN-APND,ALL_APNODES,0,35.13849,471
2017-09-24T14:00:00-00:00,2017-09-24T15:00:00-00:00,2017-09-24,8,0,TH_SP15_GEN-APND,TH_SP15_GEN-APND,TH_SP15_GEN-APND,DAM,MCE,LMP_ENE_PRC,TH_SP15_GEN-APND,ALL_APNODES,0,28.02574,471
2017-09-24T20:00:00-00:00,2017-09-24T21:00:00-00:00,2017-09-24,14,0,TH_SP15_GEN-APND,TH_SP15_GEN-APND,TH_SP15_GEN-APND,DAM,MCE,LMP_ENE_PRC,TH_SP15_GEN-APND,ALL_APNODES,0,8.65622,471
2017-09-24T07:00:00-00:00,2017-09-24T08:00:00-00:00,2017-09-24,1,0,TH_SP15_GEN-APND,TH_SP15_GEN-APND,TH_SP15_GEN-APND,DAM,MCE,LMP_ENE_PRC,TH_SP15_GEN-APND,ALL_APNODES,0,28.62027,471
2017-09-24T09:00:00-00:00,2017-09-24T10:00:00-00:00,2017-09-24,3,0,TH_SP15_GEN-APND,TH_SP15_GEN-APND,TH_SP15_GEN-APND,DAM,MCE,LMP_ENE_PRC,TH_SP15_GEN-APND,ALL_APNODES,0,28.96572,471
2017-09-24T12:00:00-00:00,2017-09-24T13:00:00-00:00,2017-09-24,6,0,TH_SP15_GEN-APND,TH_SP15_GEN-APND,TH_SP15_GEN-APND,DAM,MCE,LMP_ENE_PRC,TH_SP15_GEN-APND,ALL_APNODES,0,31.64244,471
2017-09-24T10:00:00-00:00,2017-09-24T11:00:00-00:00,2017-09-24,4,0,TH_SP15_GEN-APND,TH_SP15_GEN-APND,TH_SP15_GEN-APND,DAM,MCE,LMP_ENE_PRC,TH_SP15_GEN-APND,ALL_APNODES,0,29.08644,471
2017-09-24T11:00:00-00:00,2017-09-24T12:00:00-00:00,2017-09-24,5,0,TH_SP15_GEN-APND,TH_SP15_GEN-APND,TH_SP15_GEN-APND,DAM,MCE,LMP_ENE_PRC,TH_SP15_GEN-APND,ALL_APNODES,0,28.93578,471
2017-09-24T15:00:00-00:00,2017-09-24T16:00:00-00:00,2017-09-24,9,0,TH_SP15_GEN-APND,TH_SP15_GEN-APND,TH_SP15_GEN-APND,DAM,MCE,LMP_ENE_PRC,TH_SP15_GEN-APND,ALL_APNODES,0,16.69723,471
2017-09-24T17:00:00-00:00,2017-09-24T18:00:00-00:00,2017-09-24,11,0,TH_SP15_GEN-APND,TH_SP15_GEN-APND,TH_SP15_GEN-APND,DAM,MCE,LMP_ENE_PRC,TH_SP15_GEN-APND,ALL_APNODES,0,2.43946,471
2017-09-24T18:00:00-00:00,2017-09-24T19:00:00-00:00,2017-09-24,12,0,TH_SP15_GEN-APND,TH_SP15_GEN-APND,TH_SP15_GEN-APND,DAM,MCE,LMP_ENE_PRC,TH_SP15_GEN-APND,ALL_APNODES,0,2.37458,471
2017-09-24T19:00:00-00:00,2017-09-24T20:00:00-00:00,2017-09-24,13,0,TH_SP15_GEN-APND,TH_SP15_GEN-APND,TH_SP15_GEN-APND,DAM,MCE,LMP_ENE_PRC,TH_SP15_GEN-APND,ALL_APNODES,0,4.11624,471
2017-09-25T05:00:00-00:00,2017-09-25T06:00:00-00:00,2017-09-24,23,0,TH_SP15_GEN-APND,TH_SP15_GEN-APND,TH_SP15_GEN-APND,DAM,MCE,LMP_ENE_PRC,TH_SP15_GEN-APND,ALL_APNODES,0,34.86107,471
2017-09-25T06:00:00-00:00,2017-09-25T07:00:00-00:00,2017-09-24,24,0,TH_SP15_GEN-APND,TH_SP15_GEN-APND,TH_SP15_GEN-APND,DAM,MCE,LMP_ENE_PRC,TH_SP15_GEN-APND,ALL_APNODES,0,29.30403,471
2017-09-24T16:00:00-00:00,2017-09-24T17:00:00-00:00,2017-09-24,10,0,TH_SP15_GEN-APND,TH_SP15_GEN-APND,TH_SP15_GEN-APND,DAM,MCE,LMP_ENE_PRC,TH_SP15_GEN-APND,ALL_APNODES,0,3.28824,471
2017-09-25T03:00:00-00:00,2017-09-25T04:00:00-00:00,2017-09-24,21,0,TH_SP15_GEN-APND,TH_SP15_GEN-APND,TH_SP15_GEN-APND,DAM,MCE,LMP_ENE_PRC,TH_SP15_GEN-APND,ALL_APNODES,0,46.68356,471
2017-09-24T08:00:00-00:00,2017-09-24T09:00:00-00:00,2017-09-24,2,0,TH_SP15_GEN-APND,TH_SP15_GEN-APND,TH_SP15_GEN-APND,DAM,MCE,LMP_ENE_PRC,TH_SP15_GEN-APND,ALL_APNODES,0,27.82842,471
2017-09-25T02:00:00-00:00,2017-09-25T03:00:00-00:00,2017-09-24,20,0,TH_SP15_GEN-APND,TH_SP15_GEN-APND,TH_SP15_GEN-APND,DAM,MCE,LMP_ENE_PRC,TH_SP15_GEN-APND,ALL_APNODES,0,59.34321,471
2017-09-25T04:00:00-00:00,2017-09-25T05:00:00-00:00,2017-09-24,22,0,TH_SP15_GEN-APND,TH_SP15_GEN-APND,TH_SP15_GEN-APND,DAM,MCE,LMP_ENE_PRC,TH_SP15_GEN-APND,ALL_APNODES,0,39.02539,471
2017-09-24T21:00:00-00:00,2017-09-24T22:00:00-00:00,2017-09-24,15,0,TH_SP15_GEN-APND,TH_SP15_GEN-APND,TH_SP15_GEN-APND,DAM,MCE,LMP_ENE_PRC,TH_SP15_GEN-APND,ALL_APNODES,0,16.06302,471
2017-09-24T22:00:00-00:00,2017-09-24T23:00:00-00:00,2017-09-24,16,0,TH_SP15_GEN-APND,TH_SP15_GEN-APND,TH_SP15_GEN-APND,DAM,MCE,LMP_ENE_PRC,TH_SP15_GEN-APND,ALL_APNODES,0,20.27003,471
2017-09-24T23:00:00-00:00,2017-09-25T00:00:00-00:00,2017-09-24,17,0,TH_SP15_GEN-APND,TH_SP15_GEN-APND,TH_SP15_GEN-APND,DAM,MCE,LMP_ENE_PRC,TH_SP15_GEN-APND,ALL_APNODES,0,26.11608,471
2017-09-24T13:00:00-00:00,2017-09-24T14:00:00-00:00,2017-09-24,7,0,TH_SP15_GEN-APND,TH_SP15_GEN-APND,TH_SP15_GEN-APND,DAM,MCE,LMP_ENE_PRC,TH_SP15_GEN-APND,ALL_APNODES,0,31.13564,471
2017-09-25T03:00:00-00:00,2017-09-25T04:00:00-00:00,2017-09-24,21,0,TH_SP15_GEN-APND,TH_SP15_GEN-APND,TH_SP15_GEN-APND,DAM,MCL,LMP_LOSS_PRC,TH_SP15_GEN-APND,ALL_APNODES,0,-1.23711,472
2017-09-25T05:00:00-00:00,2017-09-25T06:00:00-00:00,2017-09-24,23,0,TH_SP15_GEN-APND,TH_SP15_GEN-APND,TH_SP15_GEN-APND,DAM,MCL,LMP_LOSS_PRC,TH_SP15_GEN-APND,ALL_APNODES,0,-0.86455,472
2017-09-24T15:00:00-00:00,2017-09-24T16:00:00-00:00,2017-09-24,9,0,TH_SP15_GEN-APND,TH_SP15_GEN-APND,TH_SP15_GEN-APND,DAM,MCL,LMP_LOSS_PRC,TH_SP15_GEN-APND,ALL_APNODES,0,-0.57939,472
2017-09-24T21:00:00-00:00,2017-09-24T22:00:00-00:00,2017-09-24,15,0,TH_SP15_GEN-APND,TH_SP15_GEN-APND,TH_SP15_GEN-APND,DAM,MCL,LMP_LOSS_PRC,TH_SP15_GEN-APND,ALL_APNODES,0,-0.64734,472
2017-09-24T09:00:00-00:00,2017-09-24T10:00:00-00:00,2017-09-24,3,0,TH_SP15_GEN-APND,TH_SP15_GEN-APND,TH_SP15_GEN-APND,DAM,MCL,LMP_LOSS_PRC,TH_SP15_GEN-APND,ALL_APNODES,0,-0.61407,472
2017-09-24T11:00:00-00:00,2017-09-24T12:00:00-00:00,2017-09-24,5,0,TH_SP15_GEN-APND,TH_SP15_GEN-APND,TH_SP15_GEN-APND,DAM,MCL,LMP_LOSS_PRC,TH_SP15_GEN-APND,ALL_APNODES,0,-0.65395,472
2017-09-25T01:00:00-00:00,2017-09-25T02:00:00-00:00,2017-09-24,19,0,TH_SP15_GEN-APND,TH_SP15_GEN-APND,TH_SP15_GEN-APND,DAM,MCL,LMP_LOSS_PRC,TH_SP15_GEN-APND,ALL_APNODES,0,-1.41409,472
2017-09-25T04:00:00-00:00,2017-09-25T05:00:00-00:00,2017-09-24,22,0,TH_SP15_GEN-APND,TH_SP15_GEN-APND,TH_SP15_GEN-APND,DAM,MCL,LMP_LOSS_PRC,TH_SP15_GEN-APND,ALL_APNODES,0,-0.9288,472
2017-09-24T20:00:00-00:00,2017-09-24T21:00:00-00:00,2017-09-24,14,0,TH_SP15_GEN-APND,TH_SP15_GEN-APND,TH_SP15_GEN-APND,DAM,MCL,LMP_LOSS_PRC,TH_SP15_GEN-APND,ALL_APNODES,0,-0.3324,472
2017-09-24T07:00:00-00:00,2017-09-24T08:00:00-00:00,2017-09-24,1,0,TH_SP15_GEN-APND,TH_SP15_GEN-APND,TH_SP15_GEN-APND,DAM,MCL,LMP_LOSS_PRC,TH_SP15_GEN-APND,ALL_APNODES,0,-0.7613,472
2017-09-24T23:00:00-00:00,2017-09-25T00:00:00-00:00,2017-09-24,17,0,TH_SP15_GEN-APND,TH_SP15_GEN-APND,TH_SP15_GEN-APND,DAM,MCL,LMP_LOSS_PRC,TH_SP15_GEN-APND,ALL_APNODES,0,-1.03159,472
2017-09-24T10:00:00-00:00,2017-09-24T11:00:00-00:00,2017-09-24,4,0,TH_SP15_GEN-APND,TH_SP15_GEN-APND,TH_SP15_GEN-APND,DAM,MCL,LMP_LOSS_PRC,TH_SP15_GEN-APND,ALL_APNODES,0,-0.63408,472
2017-09-25T00:00:00-00:00,2017-09-25T01:00:00-00:00,2017-09-24,18,0,TH_SP15_GEN-APND,TH_SP15_GEN-APND,TH_SP15_GEN-APND,DAM,MCL,LMP_LOSS_PRC,TH_SP15_GEN-APND,ALL_APNODES,0,-1.12795,472
2017-09-25T02:00:00-00:00,2017-09-25T03:00:00-00:00,2017-09-24,20,0,TH_SP15_GEN-APND,TH_SP15_GEN-APND,TH_SP15_GEN-APND,DAM,MCL,LMP_LOSS_PRC,TH_SP15_GEN-APND,ALL_APNODES,0,-1.70908,472
2017-09-24T13:00:00-00:00,2017-09-24T14:00:00-00:00,2017-09-24,7,0,TH_SP15_GEN-APND,TH_SP15_GEN-APND,TH_SP15_GEN-APND,DAM,MCL,LMP_LOSS_PRC,TH_SP15_GEN-APND,ALL_APNODES,0,-0.67564,472
2017-09-24T19:00:00-00:00,2017-09-24T20:00:00-00:00,2017-09-24,13,0,TH_SP15_GEN-APND,TH_SP15_GEN-APND,TH_SP15_GEN-APND,DAM,MCL,LMP_LOSS_PRC,TH_SP15_GEN-APND,ALL_APNODES,0,-0.15724,472
2017-09-24T22:00:00-00:00,2017-09-24T23:00:00-00:00,2017-09-24,16,0,TH_SP15_GEN-APND,TH_SP15_GEN-APND,TH_SP15_GEN-APND,DAM,MCL,LMP_LOSS_PRC,TH_SP15_GEN-APND,ALL_APNODES,0,-0.80269,472
2017-09-24T08:00:00-00:00,2017-09-24T09:00:00-00:00,2017-09-24,2,0,TH_SP15_GEN-APND,TH_SP15_GEN-APND,TH_SP15_GEN-APND,DAM,MCL,LMP_LOSS_PRC,TH_SP15_GEN-APND,ALL_APNODES,0,-0.67345,472
2017-09-25T06:00:00-00:00,2017-09-25T07:00:00-00:00,2017-09-24,24,0,TH_SP15_GEN-APND,TH_SP15_GEN-APND,TH_SP15_GEN-APND,DAM,MCL,LMP_LOSS_PRC,TH_SP15_GEN-APND,ALL_APNODES,0,-0.74139,472
2017-09-24T14:00:00-00:00,2017-09-24T15:00:00-00:00,2017-09-24,8,0,TH_SP15_GEN-APND,TH_SP15_GEN-APND,TH_SP15_GEN-APND,DAM,MCL,LMP_LOSS_PRC,TH_SP15_GEN-APND,ALL_APNODES,0,-0.70345,472
2017-09-24T16:00:00-00:00,2017-09-24T17:00:00-00:00,2017-09-24,10,0,TH_SP15_GEN-APND,TH_SP15_GEN-APND,TH_SP15_GEN-APND,DAM,MCL,LMP_LOSS_PRC,TH_SP15_GEN-APND,ALL_APNODES,0,-0.12824,472
2017-09-24T17:00:00-00:00,2017-09-24T18:00:00-00:00,2017-09-24,11,0,TH_SP15_GEN-APND,TH_SP15_GEN-APND,TH_SP15_GEN-APND,DAM,MCL,LMP_LOSS_PRC,TH_SP15_GEN-APND,ALL_APNODES,0,-0.08806,472
2017-09-24T18:00:00-00:00,2017-09-24T19:00:00-00:00,2017-09-24,12,0,TH_SP15_GEN-APND,TH_SP15_GEN-APND,TH_SP15_GEN-APND,DAM,MCL,LMP_LOSS_PRC,TH_SP15_GEN-APND,ALL_APNODES,0,-0.08691,472
2017-09-24T12:00:00-00:00,2017-09-24T13:00:00-00:00,2017-09-24,6,0,TH_SP15_GEN-APND,TH_SP15_GEN-APND,TH_SP15_GEN-APND,DAM,MCL,LMP_LOSS_PRC,TH_SP15_GEN-APND,ALL_APNODES,0,-0.76891,472
2017-09-24T17:00:00-00:00,2017-09-24T18:00:00-00:00,2017-09-24,11,0,TH_ZP26_GEN-APND,TH_ZP26_GEN-APND,TH_ZP26_GEN-APND,DAM,LMP,LMP_PRC,TH_ZP26_GEN-APND,ALL_APNODES,0,0.76151,473
2017-09-25T03:00:00-00:00,2017-09-25T04:00:00-00:00,2017-09-24,21,0,TH_ZP26_GEN-APND,TH_ZP26_GEN-APND,TH_ZP26_GEN-APND,DAM,LMP,LMP_PRC,TH_ZP26_GEN-APND,ALL_APNODES,0,45.24571,473
2017-09-25T05:00:00-00:00,2017-09-25T06:00:00-00:00,2017-09-24,23,0,TH_ZP26_GEN-APND,TH_ZP26_GEN-APND,TH_ZP26_GEN-APND,DAM,LMP,LMP_PRC,TH_ZP26_GEN-APND,ALL_APNODES,0,33.90239,473
2017-09-24T21:00:00-00:00,2017-09-24T22:00:00-00:00,2017-09-24,15,0,TH_ZP26_GEN-APND,TH_ZP26_GEN-APND,TH_ZP26_GEN-APND,DAM,LMP,LMP_PRC,TH_ZP26_GEN-APND,ALL_APNODES,0,13.16,473
2017-09-24T07:00:00-00:00,2017-09-24T08:00:00-00:00,2017-09-24,1,0,TH_ZP26_GEN-APND,TH_ZP26_GEN-APND,TH_ZP26_GEN-APND,DAM,LMP,LMP_PRC,TH_ZP26_GEN-APND,ALL_APNODES,0,27.88759,473
2017-09-24T09:00:00-00:00,2017-09-24T10:00:00-00:00,2017-09-24,3,0,TH_ZP26_GEN-APND,TH_ZP26_GEN-APND,TH_ZP26_GEN-APND,DAM,LMP,LMP_PRC,TH_ZP26_GEN-APND,ALL_APNODES,0,28.21551,473
2017-09-24T10:00:00-00:00,2017-09-24T11:00:00-00:00,2017-09-24,4,0,TH_ZP26_GEN-APND,TH_ZP26_GEN-APND,TH_ZP26_GEN-APND,DAM,LMP,LMP_PRC,TH_ZP26_GEN-APND,ALL_APNODES,0,28.34183,473
2017-09-24T23:00:00-00:00,2017-09-25T00:00:00-00:00,2017-09-24,17,0,TH_ZP26_GEN-APND,TH_ZP26_GEN-APND,TH_ZP26_GEN-APND,DAM,LMP,LMP_PRC,TH_ZP26_GEN-APND,ALL_APNODES,0,24.88653,473
2017-09-25T06:00:00-00:00,2017-09-25T07:00:00-00:00,2017-09-24,24,0,TH_ZP26_GEN-APND,TH_ZP26_GEN-APND,TH_ZP26_GEN-APND,DAM,LMP,LMP_PRC,TH_ZP26_GEN-APND,ALL_APNODES,0,28.5304,473
2017-09-24T13:00:00-00:00,2017-09-24T14:00:00-00:00,2017-09-24,7,0,TH_ZP26_GEN-APND,TH_ZP26_GEN-APND,TH_ZP26_GEN-APND,DAM,LMP,LMP_PRC,TH_ZP26_GEN-APND,ALL_APNODES,0,30.3448,473
2017-09-24T20:00:00-00:00,2017-09-24T21:00:00-00:00,2017-09-24,14,0,TH_ZP26_GEN-APND,TH_ZP26_GEN-APND,TH_ZP26_GEN-APND,DAM,LMP,LMP_PRC,TH_ZP26_GEN-APND,ALL_APNODES,0,5.91974,473
2017-09-24T22:00:00-00:00,2017-09-24T23:00:00-00:00,2017-09-24,16,0,TH_ZP26_GEN-APND,TH_ZP26_GEN-APND,TH_ZP26_GEN-APND,DAM,LMP,LMP_PRC,TH_ZP26_GEN-APND,ALL_APNODES,0,18.82651,473
2017-09-25T00:00:00-00:00,2017-09-25T01:00:00-00:00,2017-09-24,18,0,TH_ZP26_GEN-APND,TH_ZP26_GEN-APND,TH_ZP26_GEN-APND,DAM,LMP,LMP_PRC,TH_ZP26_GEN-APND,ALL_APNODES,0,33.89458,473
2017-09-24T16:00:00-00:00,2017-09-24T17:00:00-00:00,2017-09-24,10,0,TH_ZP26_GEN-APND,TH_ZP26_GEN-APND,TH_ZP26_GEN-APND,DAM,LMP,LMP_PRC,TH_ZP26_GEN-APND,ALL_APNODES,0,1.51505,473
2017-09-24T12:00:00-00:00,2017-09-24T13:00:00-00:00,2017-09-24,6,0,TH_ZP26_GEN-APND,TH_ZP26_GEN-APND,TH_ZP26_GEN-APND,DAM,LMP,LMP_PRC,TH_ZP26_GEN-APND,ALL_APNODES,0,30.84505,473
2017-09-25T01:00:00-00:00,2017-09-25T02:00:00-00:00,2017-09-24,19,0,TH_ZP26_GEN-APND,TH_ZP26_GEN-APND,TH_ZP26_GEN-APND,DAM,LMP,LMP_PRC,TH_ZP26_GEN-APND,ALL_APNODES,0,45.81379,473
2017-09-25T04:00:00-00:00,2017-09-25T05:00:00-00:00,2017-09-24,22,0,TH_ZP26_GEN-APND,TH_ZP26_GEN-APND,TH_ZP26_GEN-APND,DAM,LMP,LMP_PRC,TH_ZP26_GEN-APND,ALL_APNODES,0,37.85463,473
2017-09-24T15:00:00-00:00,2017-09-24T16:00:00-00:00,2017-09-24,9,0,TH_ZP26_GEN-APND,TH_ZP26_GEN-APND,TH_ZP26_GEN-APND,DAM,LMP,LMP_PRC,TH_ZP26_GEN-APND,ALL_APNODES,0,15.60469,473
2017-09-24T18:00:00-00:00,2017-09-24T19:00:00-00:00,2017-09-24,12,0,TH_ZP26_GEN-APND,TH_ZP26_GEN-APND,TH_ZP26_GEN-APND,DAM,LMP,LMP_PRC,TH_ZP26_GEN-APND,ALL_APNODES,0,0.93826,473
2017-09-25T02:00:00-00:00,2017-09-25T03:00:00-00:00,2017-09-24,20,0,TH_ZP26_GEN-APND,TH_ZP26_GEN-APND,TH_ZP26_GEN-APND,DAM,LMP,LMP_PRC,TH_ZP26_GEN-APND,ALL_APNODES,0,57.54511,473
2017-09-24T14:00:00-00:00,2017-09-24T15:00:00-00:00,2017-09-24,8,0,TH_ZP26_GEN-APND,TH_ZP26_GEN-APND,TH_ZP26_GEN-APND,DAM,LMP,LMP_PRC,TH_ZP26_GEN-APND,ALL_APNODES,0,27.19618,473
2017-09-24T19:00:00-00:00,2017-09-24T20:00:00-00:00,2017-09-24,13,0,TH_ZP26_GEN-APND,TH_ZP26_GEN-APND,TH_ZP26_GEN-APND,DAM,LMP,LMP_PRC,TH_ZP26_GEN-APND,ALL_APNODES,0,2.47056,473
2017-09-24T11:00:00-00:00,2017-09-24T12:00:00-00:00,2017-09-24,5,0,TH_ZP26_GEN-APND,TH_ZP26_GEN-APND,TH_ZP26_GEN-APND,DAM,LMP,LMP_PRC,TH_ZP26_GEN-APND,ALL_APNODES,0,28.20081,473
2017-09-24T08:00:00-00:00,2017-09-24T09:00:00-00:00,2017-09-24,2,0,TH_ZP26_GEN-APND,TH_ZP26_GEN-APND,TH_ZP26_GEN-APND,DAM,LMP,LMP_PRC,TH_ZP26_GEN-APND,ALL_APNODES,0,27.13271,473
2017-09-24T12:00:00-00:00,2017-09-24T13:00:00-00:00,2017-09-24,6,0,TH_ZP26_GEN-APND,TH_ZP26_GEN-APND,TH_ZP26_GEN-APND,DAM,MCC,LMP_CONG_PRC,TH_ZP26_GEN-APND,ALL_APNODES,0,0,474
2017-09-25T06:00:00-00:00,2017-09-25T07:00:00-00:00,2017-09-24,24,0,TH_ZP26_GEN-APND,TH_ZP26_GEN-APND,TH_ZP26_GEN-APND,DAM,MCC,LMP_CONG_PRC,TH_ZP26_GEN-APND,ALL_APNODES,0,0,474
2017-09-24T13:00:00-00:00,2017-09-24T14:00:00-00:00,2017-09-24,7,0,TH_ZP26_GEN-APND,TH_ZP26_GEN-APND,TH_ZP26_GEN-APND,DAM,MCC,LMP_CONG_PRC,TH_ZP26_GEN-APND,ALL_APNODES,0,0,474
2017-09-24T14:00:00-00:00,2017-09-24T15:00:00-00:00,2017-09-24,8,0,TH_ZP26_GEN-APND,TH_ZP26_GEN-APND,TH_ZP26_GEN-APND,DAM,MCC,LMP_CONG_PRC,TH_ZP26_GEN-APND,ALL_APNODES,0,0,474
2017-09-24T15:00:00-00:00,2017-09-24T16:00:00-00:00,2017-09-24,9,0,TH_ZP26_GEN-APND,TH_ZP26_GEN-APND,TH_ZP26_GEN-APND,DAM,MCC,LMP_CONG_PRC,TH_ZP26_GEN-APND,ALL_APNODES,0,-0.48977,474
2017-09-24T21:00:00-00:00,2017-09-24T22:00:00-00:00,2017-09-24,15,0,TH_ZP26_GEN-APND,TH_ZP26_GEN-APND,TH_ZP26_GEN-APND,DAM,MCC,LMP_CONG_PRC,TH_ZP26_GEN-APND,ALL_APNODES,0,-2.22837,474
2017-09-24T22:00:00-00:00,2017-09-24T23:00:00-00:00,2017-09-24,16,0,TH_ZP26_GEN-APND,TH_ZP26_GEN-APND,TH_ZP26_GEN-APND,DAM,MCC,LMP_CONG_PRC,TH_ZP26_GEN-APND,ALL_APNODES,0,-0.59218,474
2017-09-24T08:00:00-00:00,2017-09-24T09:00:00-00:00,2017-09-24,2,0,TH_ZP26_GEN-APND,TH_ZP26_GEN-APND,TH_ZP26_GEN-APND,DAM,MCC,LMP_CONG_PRC,TH_ZP26_GEN-APND,ALL_APNODES,0,0,474
2017-09-24T09:00:00-00:00,2017-09-24T10:00:00-00:00,2017-09-24,3,0,TH_ZP26_GEN-APND,TH_ZP26_GEN-APND,TH_ZP26_GEN-APND,DAM,MCC,LMP_CONG_PRC,TH_ZP26_GEN-APND,ALL_APNODES,0,0,474
2017-09-24T17:00:00-00:00,2017-09-24T18:00:00-00:00,2017-09-24,11,0,TH_ZP26_GEN-APND,TH_ZP26_GEN-APND,TH_ZP26_GEN-APND,DAM,MCC,LMP_CONG_PRC,TH_ZP26_GEN-APND,ALL_APNODES,0,-1.57745,474
2017-09-24T20:00:00-00:00,2017-09-24T21:00:00-00:00,2017-09-24,14,0,TH_ZP26_GEN-APND,TH_ZP26_GEN-APND,TH_ZP26_GEN-APND,DAM,MCC,LMP_CONG_PRC,TH_ZP26_GEN-APND,ALL_APNODES,0,-2.38764,474
2017-09-24T18:00:00-00:00,2017-09-24T19:00:00-00:00,2017-09-24,12,0,TH_ZP26_GEN-APND,TH_ZP26_GEN-APND,TH_ZP26_GEN-APND,DAM,MCC,LMP_CONG_PRC,TH_ZP26_GEN-APND,ALL_APNODES,0,-1.33944,474
2017-09-24T10:00:00-00:00,2017-09-24T11:00:00-00:00,2017-09-24,4,0,TH_ZP26_GEN-APND,TH_ZP26_GEN-APND,TH_ZP26_GEN-APND,DAM,MCC,LMP_CONG_PRC,TH_ZP26_GEN-APND,ALL_APNODES,0,0,474
2017-09-25T00:00:00-00:00,2017-09-25T01:00:00-00:00,2017-09-24,18,0,TH_ZP26_GEN-APND,TH_ZP26_GEN-APND,TH_ZP26_GEN-APND,DAM,MCC,LMP_CONG_PRC,TH_ZP26_GEN-APND,ALL_APNODES,0,0,474
2017-09-24T07:00:00-00:00,2017-09-24T08:00:00-00:00,2017-09-24,1,0,TH_ZP26_GEN-APND,TH_ZP26_GEN-APND,TH_ZP26_GEN-APND,DAM,MCC,LMP_CONG_PRC,TH_ZP26_GEN-APND,ALL_APNODES,0,0,474
2017-09-24T11:00:00-00:00,2017-09-24T12:00:00-00:00,2017-09-24,5,0,TH_ZP26_GEN-APND,TH_ZP26_GEN-APND,TH_ZP26_GEN-APND,DAM,MCC,LMP_CONG_PRC,TH_ZP26_GEN-APND,ALL_APNODES,0,0,474
2017-09-24T23:00:00-00:00,2017-09-25T00:00:00-00:00,2017-09-24,17,0,TH_ZP26_GEN-APND,TH_ZP26_GEN-APND,TH_ZP26_GEN-APND,DAM,MCC,LMP_CONG_PRC,TH_ZP26_GEN-APND,ALL_APNODES,0,-0.14835,474
2017-09-25T02:00:00-00:00,2017-09-25T03:00:00-00:00,2017-09-24,20,0,TH_ZP26_GEN-APND,TH_ZP26_GEN-APND,TH_ZP26_GEN-APND,DAM,MCC,LMP_CONG_PRC,TH_ZP26_GEN-APND,ALL_APNODES,0,0,474
2017-09-25T04:00:00-00:00,2017-09-25T05:00:00-00:00,2017-09-24,22,0,TH_ZP26_GEN-APND,TH_ZP26_GEN-APND,TH_ZP26_GEN-APND,DAM,MCC,LMP_CONG_PRC,TH_ZP26_GEN-APND,ALL_APNODES,0,0,474
2017-09-24T19:00:00-00:00,2017-09-24T20:00:00-00:00,2017-09-24,13,0,TH_ZP26_GEN-APND,TH_ZP26_GEN-APND,TH_ZP26_GEN-APND,DAM,MCC,LMP_CONG_PRC,TH_ZP26_GEN-APND,ALL_APNODES,0,-1.4798,474
2017-09-25T01:00:00-00:00,2017-09-25T02:00:00-00:00,2017-09-24,19,0,TH_ZP26_GEN-APND,TH_ZP26_GEN-APND,TH_ZP26_GEN-APND,DAM,MCC,LMP_CONG_PRC,TH_ZP26_GEN-APND,ALL_APNODES,0,0,474
2017-09-25T05:00:00-00:00,2017-09-25T06:00:00-00:00,2017-09-24,23,0,TH_ZP26_GEN-APND,TH_ZP26_GEN-APND,TH_ZP26_GEN-APND,DAM,MCC,LMP_CONG_PRC,TH_ZP26_GEN-APND,ALL_APNODES,0,0,474
2017-09-24T16:00:00-00:00,2017-09-24T17:00:00-00:00,2017-09-24,10,0,TH_ZP26_GEN-APND,TH_ZP26_GEN-APND,TH_ZP26_GEN-APND,DAM,MCC,LMP_CONG_PRC,TH_ZP26_GEN-APND,ALL_APNODES,0,-1.64297,474
2017-09-25T03:00:00-00:00,2017-09-25T04:00:00-00:00,2017-09-24,21,0,TH_ZP26_GEN-APND,TH_ZP26_GEN-APND,TH_ZP26_GEN-APND,DAM,MCC,LMP_CONG_PRC,TH_ZP26_GEN-APND,ALL_APNODES,0,0,474
2017-09-24T20:00:00-00:00,2017-09-24T21:00:00-00:00,2017-09-24,14,0,TH_ZP26_GEN-APND,TH_ZP26_GEN-APND,TH_ZP26_GEN-APND,DAM,MCE,LMP_ENE_PRC,TH_ZP26_GEN-APND,ALL_APNODES,0,8.65622,475
2017-09-24T09:00:00-00:00,2017-09-24T10:00:00-00:00,2017-09-24,3,0,TH_ZP26_GEN-APND,TH_ZP26_GEN-APND,TH_ZP26_GEN-APND,DAM,MCE,LMP_ENE_PRC,TH_ZP26_GEN-APND,ALL_APNODES,0,28.96572,475
2017-09-24T19:00:00-00:00,2017-09-24T20:00:00-00:00,2017-09-24,13,0,TH_ZP26_GEN-APND,TH_ZP26_GEN-APND,TH_ZP26_GEN-APND,DAM,MCE,LMP_ENE_PRC,TH_ZP26_GEN-APND,ALL_APNODES,0,4.11624,475
2017-09-24T17:00:00-00:00,2017-09-24T18:00:00-00:00,2017-09-24,11,0,TH_ZP26_GEN-APND,TH_ZP26_GEN-APND,TH_ZP26_GEN-APND,DAM,MCE,LMP_ENE_PRC,TH_ZP26_GEN-APND,ALL_APNODES,0,2.43946,475
2017-09-25T04:00:00-00:00,2017-09-25T05:00:00-00:00,2017-09-24,22,0,TH_ZP26_GEN-APND,TH_ZP26_GEN-APND,TH_ZP26_GEN-APND,DAM,MCE,LMP_ENE_PRC,TH_ZP26_GEN-APND,ALL_APNODES,0,39.02539,475
2017-09-24T22:00:00-00:00,2017-09-24T23:00:00-00:00,2017-09-24,16,0,TH_ZP26_GEN-APND,TH_ZP26_GEN-APND,TH_ZP26_GEN-APND,DAM,MCE,LMP_ENE_PRC,TH_ZP26_GEN-APND,ALL_APNODES,0,20.27003,475
2017-09-25T00:00:00-00:00,2017-09-25T01:00:00-00:00,2017-09-24,18,0,TH_ZP26_GEN-APND,TH_ZP26_GEN-APND,TH_ZP26_GEN-APND,DAM,MCE,LMP_ENE_PRC,TH_ZP26_GEN-APND,ALL_APNODES,0,35.13849,475
2017-09-24T18:00:00-00:00,2017-09-24T19:00:00-00:00,2017-09-24,12,0,TH_ZP26_GEN-APND,TH_ZP26_GEN-APND,TH_ZP26_GEN-APND,DAM,MCE,LMP_ENE_PRC,TH_ZP26_GEN-APND,ALL_APNODES,0,2.37458,475
2017-09-24T13:00:00-00:00,2017-09-24T14:00:00-00:00,2017-09-24,7,0,TH_ZP26_GEN-APND,TH_ZP26_GEN-APND,TH_ZP26_GEN-APND,DAM,MCE,LMP_ENE_PRC,TH_ZP26_GEN-APND,ALL_APNODES,0,31.13564,475
2017-09-24T14:00:00-00:00,2017-09-24T15:00:00-00:00,2017-09-24,8,0,TH_ZP26_GEN-APND,TH_ZP26_GEN-APND,TH_ZP26_GEN-APND,DAM,MCE,LMP_ENE_PRC,TH_ZP26_GEN-APND,ALL_APNODES,0,28.02574,475
2017-09-25T06:00:00-00:00,2017-09-25T07:00:00-00:00,2017-09-24,24,0,TH_ZP26_GEN-APND,TH_ZP26_GEN-APND,TH_ZP26_GEN-APND,DAM,MCE,LMP_ENE_PRC,TH_ZP26_GEN-APND,ALL_APNODES,0,29.30403,475
2017-09-24T10:00:00-00:00,2017-09-24T11:00:00-00:00,2017-09-24,4,0,TH_ZP26_GEN-APND,TH_ZP26_GEN-APND,TH_ZP26_GEN-APND,DAM,MCE,LMP_ENE_PRC,TH_ZP26_GEN-APND,ALL_APNODES,0,29.08644,475
2017-09-24T15:00:00-00:00,2017-09-24T16:00:00-00:00,2017-09-24,9,0,TH_ZP26_GEN-APND,TH_ZP26_GEN-APND,TH_ZP26_GEN-APND,DAM,MCE,LMP_ENE_PRC,TH_ZP26_GEN-APND,ALL_APNODES,0,16.69723,475
2017-09-24T12:00:00-00:00,2017-09-24T13:00:00-00:00,2017-09-24,6,0,TH_ZP26_GEN-APND,TH_ZP26_GEN-APND,TH_ZP26_GEN-APND,DAM,MCE,LMP_ENE_PRC,TH_ZP26_GEN-APND,ALL_APNODES,0,31.64244,475
2017-09-24T11:00:00-00:00,2017-09-24T12:00:00-00:00,2017-09-24,5,0,TH_ZP26_GEN-APND,TH_ZP26_GEN-APND,TH_ZP26_GEN-APND,DAM,MCE,LMP_ENE_PRC,TH_ZP26_GEN-APND,ALL_APNODES,0,28.93578,475
2017-09-24T08:00:00-00:00,2017-09-24T09:00:00-00:00,2017-09-24,2,0,TH_ZP26_GEN-APND,TH_ZP26_GEN-APND,TH_ZP26_GEN-APND,DAM,MCE,LMP_ENE_PRC,TH_ZP26_GEN-APND,ALL_APNODES,0,27.82842,475
2017-09-24T07:00:00-00:00,2017-09-24T08:00:00-00:00,2017-09-24,1,0,TH_ZP26_GEN-APND,TH_ZP26_GEN-APND,TH_ZP26_GEN-APND,DAM,MCE,LMP_ENE_PRC,TH_ZP26_GEN-APND,ALL_APNODES,0,28.62027,475
2017-09-24T21:00:00-00:00,2017-09-24T22:00:00-00:00,2017-09-24,15,0,TH_ZP26_GEN-APND,TH_ZP26_GEN-APND,TH_ZP26_GEN-APND,DAM,MCE,LMP_ENE_PRC,TH_ZP26_GEN-APND,ALL_APNODES,0,16.06302,475
2017-09-24T16:00:00-00:00,2017-09-24T17:00:00-00:00,2017-09-24,10,0,TH_ZP26_GEN-APND,TH_ZP26_GEN-APND,TH_ZP26_GEN-APND,DAM,MCE,LMP_ENE_PRC,TH_ZP26_GEN-APND,ALL_APNODES,0,3.28824,475
2017-09-25T05:00:00-00:00,2017-09-25T06:00:00-00:00,2017-09-24,23,0,TH_ZP26_GEN-APND,TH_ZP26_GEN-APND,TH_ZP26_GEN-APND,DAM,MCE,LMP_ENE_PRC,TH_ZP26_GEN-APND,ALL_APNODES,0,34.86107,475
2017-09-25T01:00:00-00:00,2017-09-25T02:00:00-00:00,2017-09-24,19,0,TH_ZP26_GEN-APND,TH_ZP26_GEN-APND,TH_ZP26_GEN-APND,DAM,MCE,LMP_ENE_PRC,TH_ZP26_GEN-APND,ALL_APNODES,0,47.29409,475
2017-09-25T03:00:00-00:00,2017-09-25T04:00:00-00:00,2017-09-24,21,0,TH_ZP26_GEN-APND,TH_ZP26_GEN-APND,TH_ZP26_GEN-APND,DAM,MCE,LMP_ENE_PRC,TH_ZP26_GEN-APND,ALL_APNODES,0,46.68356,475
2017-09-24T23:00:00-00:00,2017-09-25T00:00:00-00:00,2017-09-24,17,0,TH_ZP26_GEN-APND,TH_ZP26_GEN-APND,TH_ZP26_GEN-APND,DAM,MCE,LMP_ENE_PRC,TH_ZP26_GEN-APND,ALL_APNODES,0,26.11608,475
2017-09-25T02:00:00-00:00,2017-09-25T03:00:00-00:00,2017-09-24,20,0,TH_ZP26_GEN-APND,TH_ZP26_GEN-APND,TH_ZP26_GEN-APND,DAM,MCE,LMP_ENE_PRC,TH_ZP26_GEN-APND,ALL_APNODES,0,59.34321,475
2017-09-24T15:00:00-00:00,2017-09-24T16:00:00-00:00,2017-09-24,9,0,TH_ZP26_GEN-APND,TH_ZP26_GEN-APND,TH_ZP26_GEN-APND,DAM,MCL,LMP_LOSS_PRC,TH_ZP26_GEN-APND,ALL_APNODES,0,-0.60277,476
2017-09-25T01:00:00-00:00,2017-09-25T02:00:00-00:00,2017-09-24,19,0,TH_ZP26_GEN-APND,TH_ZP26_GEN-APND,TH_ZP26_GEN-APND,DAM,MCL,LMP_LOSS_PRC,TH_ZP26_GEN-APND,ALL_APNODES,0,-1.48031,476
2017-09-24T21:00:00-00:00,2017-09-24T22:00:00-00:00,2017-09-24,15,0,TH_ZP26_GEN-APND,TH_ZP26_GEN-APND,TH_ZP26_GEN-APND,DAM,MCL,LMP_LOSS_PRC,TH_ZP26_GEN-APND,ALL_APNODES,0,-0.67465,476
2017-09-24T22:00:00-00:00,2017-09-24T23:00:00-00:00,2017-09-24,16,0,TH_ZP26_GEN-APND,TH_ZP26_GEN-APND,TH_ZP26_GEN-APND,DAM,MCL,LMP_LOSS_PRC,TH_ZP26_GEN-APND,ALL_APNODES,0,-0.85134,476
2017-09-24T20:00:00-00:00,2017-09-24T21:00:00-00:00,2017-09-24,14,0,TH_ZP26_GEN-APND,TH_ZP26_GEN-APND,TH_ZP26_GEN-APND,DAM,MCL,LMP_LOSS_PRC,TH_ZP26_GEN-APND,ALL_APNODES,0,-0.34885,476
2017-09-24T17:00:00-00:00,2017-09-24T18:00:00-00:00,2017-09-24,11,0,TH_ZP26_GEN-APND,TH_ZP26_GEN-APND,TH_ZP26_GEN-APND,DAM,MCL,LMP_LOSS_PRC,TH_ZP26_GEN-APND,ALL_APNODES,0,-0.10051,476
2017-09-25T05:00:00-00:00,2017-09-25T06:00:00-00:00,2017-09-24,23,0,TH_ZP26_GEN-APND,TH_ZP26_GEN-APND,TH_ZP26_GEN-APND,DAM,MCL,LMP_LOSS_PRC,TH_ZP26_GEN-APND,ALL_APNODES,0,-0.95868,476
2017-09-25T00:00:00-00:00,2017-09-25T01:00:00-00:00,2017-09-24,18,0,TH_ZP26_GEN-APND,TH_ZP26_GEN-APND,TH_ZP26_GEN-APND,DAM,MCL,LMP_LOSS_PRC,TH_ZP26_GEN-APND,ALL_APNODES,0,-1.2439,476
2017-09-25T04:00:00-00:00,2017-09-25T05:00:00-00:00,2017-09-24,22,0,TH_ZP26_GEN-APND,TH_ZP26_GEN-APND,TH_ZP26_GEN-APND,DAM,MCL,LMP_LOSS_PRC,TH_ZP26_GEN-APND,ALL_APNODES,0,-1.17076,476
2017-09-24T09:00:00-00:00,2017-09-24T10:00:00-00:00,2017-09-24,3,0,TH_ZP26_GEN-APND,TH_ZP26_GEN-APND,TH_ZP26_GEN-APND,DAM,MCL,LMP_LOSS_PRC,TH_ZP26_GEN-APND,ALL_APNODES,0,-0.75021,476
2017-09-24T14:00:00-00:00,2017-09-24T15:00:00-00:00,2017-09-24,8,0,TH_ZP26_GEN-APND,TH_ZP26_GEN-APND,TH_ZP26_GEN-APND,DAM,MCL,LMP_LOSS_PRC,TH_ZP26_GEN-APND,ALL_APNODES,0,-0.82956,476
2017-09-25T06:00:00-00:00,2017-09-25T07:00:00-00:00,2017-09-24,24,0,TH_ZP26_GEN-APND,TH_ZP26_GEN-APND,TH_ZP26_GEN-APND,DAM,MCL,LMP_LOSS_PRC,TH_ZP26_GEN-APND,ALL_APNODES,0,-0.77363,476
2017-09-25T03:00:00-00:00,2017-09-25T04:00:00-00:00,2017-09-24,21,0,TH_ZP26_GEN-APND,TH_ZP26_GEN-APND,TH_ZP26_GEN-APND,DAM,MCL,LMP_LOSS_PRC,TH_ZP26_GEN-APND,ALL_APNODES,0,-1.43785,476
2017-09-25T02:00:00-00:00,2017-09-25T03:00:00-00:00,2017-09-24,20,0,TH_ZP26_GEN-APND,TH_ZP26_GEN-APND,TH_ZP26_GEN-APND,DAM,MCL,LMP_LOSS_PRC,TH_ZP26_GEN-APND,ALL_APNODES,0,-1.7981,476
2017-09-24T08:00:00-00:00,2017-09-24T09:00:00-00:00,2017-09-24,2,0,TH_ZP26_GEN-APND,TH_ZP26_GEN-APND,TH_ZP26_GEN-APND,DAM,MCL,LMP_LOSS_PRC,TH_ZP26_GEN-APND,ALL_APNODES,0,-0.69571,476
2017-09-24T07:00:00-00:00,2017-09-24T08:00:00-00:00,2017-09-24,1,0,TH_ZP26_GEN-APND,TH_ZP26_GEN-APND,TH_ZP26_GEN-APND,DAM,MCL,LMP_LOSS_PRC,TH_ZP26_GEN-APND,ALL_APNODES,0,-0.73268,476
2017-09-24T18:00:00-00:00,2017-09-24T19:00:00-00:00,2017-09-24,12,0,TH_ZP26_GEN-APND,TH_ZP26_GEN-APND,TH_ZP26_GEN-APND,DAM,MCL,LMP_LOSS_PRC,TH_ZP26_GEN-APND,ALL_APNODES,0,-0.09688,476
2017-09-24T11:00:00-00:00,2017-09-24T12:00:00-00:00,2017-09-24,5,0,TH_ZP26_GEN-APND,TH_ZP26_GEN-APND,TH_ZP26_GEN-APND,DAM,MCL,LMP_LOSS_PRC,TH_ZP26_GEN-APND,ALL_APNODES,0,-0.73497,476
2017-09-24T13:00:00-00:00,2017-09-24T14:00:00-00:00,2017-09-24,7,0,TH_ZP26_GEN-APND,TH_ZP26_GEN-APND,TH_ZP26_GEN-APND,DAM,MCL,LMP_LOSS_PRC,TH_ZP26_GEN-APND,ALL_APNODES,0,-0.79085,476
2017-09-24T23:00:00-00:00,2017-09-25T00:00:00-00:00,2017-09-24,17,0,TH_ZP26_GEN-APND,TH_ZP26_GEN-APND,TH_ZP26_GEN-APND,DAM,MCL,LMP_LOSS_PRC,TH_ZP26_GEN-APND,ALL_APNODES,0,-1.08121,476
2017-09-24T12:00:00-00:00,2017-09-24T13:00:00-00:00,2017-09-24,6,0,TH_ZP26_GEN-APND,TH_ZP26_GEN-APND,TH_ZP26_GEN-APND,DAM,MCL,LMP_LOSS_PRC,TH_ZP26_GEN-APND,ALL_APNODES,0,-0.79739,476
2017-09-24T10:00:00-00:00,2017-09-24T11:00:00-00:00,2017-09-24,4,0,TH_ZP26_GEN-APND,TH_ZP26_GEN-APND,TH_ZP26_GEN-APND,DAM,MCL,LMP_LOSS_PRC,TH_ZP26_GEN-APND,ALL_APNODES,0,-0.74461,476
2017-09-24T19:00:00-00:00,2017-09-24T20:00:00-00:00,2017-09-24,13,0,TH_ZP26_GEN-APND,TH_ZP26_GEN-APND,TH_ZP26_GEN-APND,DAM,MCL,LMP_LOSS_PRC,TH_ZP26_GEN-APND,ALL_APNODES,0,-0.16588,476
2017-09-24T16:00:00-00:00,2017-09-24T17:00:00-00:00,2017-09-24,10,0,TH_ZP26_GEN-APND,TH_ZP26_GEN-APND,TH_ZP26_GEN-APND,DAM,MCL,LMP_LOSS_PRC,TH_ZP26_GEN-APND,ALL_APNODES,0,-0.13021,476
2017-09-24T19:00:00-00:00,2017-09-24T20:00:00-00:00,2017-09-24,13,0,URBAN_6_N005,URBAN_6_N005,URBAN_6_N005,DAM,LMP,LMP_PRC,URBAN_6_N005,ALL,1,3.33364,477
2017-09-24T20:00:00-00:00,2017-09-24T21:00:00-00:00,2017-09-24,14,0,URBAN_6_N005,URBAN_6_N005,URBAN_6_N005,DAM,LMP,LMP_PRC,URBAN_6_N005,ALL,1,6.15361,477
2017-09-24T22:00:00-00:00,2017-09-24T23:00:00-00:00,2017-09-24,16,0,URBAN_6_N005,URBAN_6_N005,URBAN_6_N005,DAM,LMP,LMP_PRC,URBAN_6_N005,ALL,1,25.72405,477
2017-09-24T15:00:00-00:00,2017-09-24T16:00:00-00:00,2017-09-24,9,0,URBAN_6_N005,URBAN_6_N005,URBAN_6_N005,DAM,LMP,LMP_PRC,URBAN_6_N005,ALL,1,24.67161,477
2017-09-25T02:00:00-00:00,2017-09-25T03:00:00-00:00,2017-09-24,20,0,URBAN_6_N005,URBAN_6_N005,URBAN_6_N005,DAM,LMP,LMP_PRC,URBAN_6_N005,ALL,1,58.99901,477
2017-09-25T01:00:00-00:00,2017-09-25T02:00:00-00:00,2017-09-24,19,0,URBAN_6_N005,URBAN_6_N005,URBAN_6_N005,DAM,LMP,LMP_PRC,URBAN_6_N005,ALL,1,47.38868,477
2017-09-24T09:00:00-00:00,2017-09-24T10:00:00-00:00,2017-09-24,3,0,URBAN_6_N005,URBAN_6_N005,URBAN_6_N005,DAM,LMP,LMP_PRC,URBAN_6_N005,ALL,1,29.12503,477
2017-09-24T16:00:00-00:00,2017-09-24T17:00:00-00:00,2017-09-24,10,0,URBAN_6_N005,URBAN_6_N005,URBAN_6_N005,DAM,LMP,LMP_PRC,URBAN_6_N005,ALL,1,4.66555,477
2017-09-25T03:00:00-00:00,2017-09-25T04:00:00-00:00,2017-09-24,21,0,URBAN_6_N005,URBAN_6_N005,URBAN_6_N005,DAM,LMP,LMP_PRC,URBAN_6_N005,ALL,1,47.0617,477
2017-09-25T00:00:00-00:00,2017-09-25T01:00:00-00:00,2017-09-24,18,0,URBAN_6_N005,URBAN_6_N005,URBAN_6_N005,DAM,LMP,LMP_PRC,URBAN_6_N005,ALL,1,35.06118,477
2017-09-24T07:00:00-00:00,2017-09-24T08:00:00-00:00,2017-09-24,1,0,URBAN_6_N005,URBAN_6_N005,URBAN_6_N005,DAM,LMP,LMP_PRC,URBAN_6_N005,ALL,1,28.51724,477
2017-09-24T18:00:00-00:00,2017-09-24T19:00:00-00:00,2017-09-24,12,0,URBAN_6_N005,URBAN_6_N005,URBAN_6_N005,DAM,LMP,LMP_PRC,URBAN_6_N005,ALL,1,6.64423,477
2017-09-25T05:00:00-00:00,2017-09-25T06:00:00-00:00,2017-09-24,23,0,URBAN_6_N005,URBAN_6_N005,URBAN_6_N005,DAM,LMP,LMP_PRC,URBAN_6_N005,ALL,1,35.01097,477
2017-09-25T04:00:00-00:00,2017-09-25T05:00:00-00:00,2017-09-24,22,0,URBAN_6_N005,URBAN_6_N005,URBAN_6_N005,DAM,LMP,LMP_PRC,URBAN_6_N005,ALL,1,39.45077,477
2017-09-24T21:00:00-00:00,2017-09-24T22:00:00-00:00,2017-09-24,15,0,URBAN_6_N005,URBAN_6_N005,URBAN_6_N005,DAM,LMP,LMP_PRC,URBAN_6_N005,ALL,1,24.34034,477
2017-09-24T14:00:00-00:00,2017-09-24T15:00:00-00:00,2017-09-24,8,0,URBAN_6_N005,URBAN_6_N005,URBAN_6_N005,DAM,LMP,LMP_PRC,URBAN_6_N005,ALL,1,27.78472,477
2017-09-25T06:00:00-00:00,2017-09-25T07:00:00-00:00,2017-09-24,24,0,URBAN_6_N005,URBAN_6_N005,URBAN_6_N005,DAM,LMP,LMP_PRC,URBAN_6_N005,ALL,1,29.33919,477
2017-09-24T11:00:00-00:00,2017-09-24T12:00:00-00:00,2017-09-24,5,0,URBAN_6_N005,URBAN_6_N005,URBAN_6_N005,DAM,LMP,LMP_PRC,URBAN_6_N005,ALL,1,28.99654,477
2017-09-24T08:00:00-00:00,2017-09-24T09:00:00-00:00,2017-09-24,2,0,URBAN_6_N005,URBAN_6_N005,URBAN_6_N005,DAM,LMP,LMP_PRC,URBAN_6_N005,ALL,1,27.70597,477
2017-09-24T17:00:00-00:00,2017-09-24T18:00:00-00:00,2017-09-24,11,0,URBAN_6_N005,URBAN_6_N005,URBAN_6_N005,DAM,LMP,LMP_PRC,URBAN_6_N005,ALL,1,6.73783,477
2017-09-24T13:00:00-00:00,2017-09-24T14:00:00-00:00,2017-09-24,7,0,URBAN_6_N005,URBAN_6_N005,URBAN_6_N005,DAM,LMP,LMP_PRC,URBAN_6_N005,ALL,1,31.20414,477
2017-09-24T23:00:00-00:00,2017-09-25T00:00:00-00:00,2017-09-24,17,0,URBAN_6_N005,URBAN_6_N005,URBAN_6_N005,DAM,LMP,LMP_PRC,URBAN_6_N005,ALL,1,28.21786,477
2017-09-24T12:00:00-00:00,2017-09-24T13:00:00-00:00,2017-09-24,6,0,URBAN_6_N005,URBAN_6_N005,URBAN_6_N005,DAM,LMP,LMP_PRC,URBAN_6_N005,ALL,1,31.66775,477
2017-09-24T10:00:00-00:00,2017-09-24T11:00:00-00:00,2017-09-24,4,0,URBAN_6_N005,URBAN_6_N005,URBAN_6_N005,DAM,LMP,LMP_PRC,URBAN_6_N005,ALL,1,29.19115,477
2017-09-25T06:00:00-00:00,2017-09-25T07:00:00-00:00,2017-09-24,24,0,URBAN_6_N005,URBAN_6_N005,URBAN_6_N005,DAM,MCC,LMP_CONG_PRC,URBAN_6_N005,ALL,1,0,478
2017-09-25T02:00:00-00:00,2017-09-25T03:00:00-00:00,2017-09-24,20,0,URBAN_6_N005,URBAN_6_N005,URBAN_6_N005,DAM,MCC,LMP_CONG_PRC,URBAN_6_N005,ALL,1,0,478
2017-09-24T07:00:00-00:00,2017-09-24T08:00:00-00:00,2017-09-24,1,0,URBAN_6_N005,URBAN_6_N005,URBAN_6_N005,DAM,MCC,LMP_CONG_PRC,URBAN_6_N005,ALL,1,0,478
2017-09-24T14:00:00-00:00,2017-09-24T15:00:00-00:00,2017-09-24,8,0,URBAN_6_N005,URBAN_6_N005,URBAN_6_N005,DAM,MCC,LMP_CONG_PRC,URBAN_6_N005,ALL,1,0,478
2017-09-24T20:00:00-00:00,2017-09-24T21:00:00-00:00,2017-09-24,14,0,URBAN_6_N005,URBAN_6_N005,URBAN_6_N005,DAM,MCC,LMP_CONG_PRC,URBAN_6_N005,ALL,1,-2.32429,478
2017-09-24T16:00:00-00:00,2017-09-24T17:00:00-00:00,2017-09-24,10,0,URBAN_6_N005,URBAN_6_N005,URBAN_6_N005,DAM,MCC,LMP_CONG_PRC,URBAN_6_N005,ALL,1,1.44407,478
2017-09-24T13:00:00-00:00,2017-09-24T14:00:00-00:00,2017-09-24,7,0,URBAN_6_N005,URBAN_6_N005,URBAN_6_N005,DAM,MCC,LMP_CONG_PRC,URBAN_6_N005,ALL,1,0,478
2017-09-25T04:00:00-00:00,2017-09-25T05:00:00-00:00,2017-09-24,22,0,URBAN_6_N005,URBAN_6_N005,URBAN_6_N005,DAM,MCC,LMP_CONG_PRC,URBAN_6_N005,ALL,1,0,478
2017-09-25T03:00:00-00:00,2017-09-25T04:00:00-00:00,2017-09-24,21,0,URBAN_6_N005,URBAN_6_N005,URBAN_6_N005,DAM,MCC,LMP_CONG_PRC,URBAN_6_N005,ALL,1,0,478
2017-09-24T23:00:00-00:00,2017-09-25T00:00:00-00:00,2017-09-24,17,0,URBAN_6_N005,URBAN_6_N005,URBAN_6_N005,DAM,MCC,LMP_CONG_PRC,URBAN_6_N005,ALL,1,2.42301,478
2017-09-24T10:00:00-00:00,2017-09-24T11:00:00-00:00,2017-09-24,4,0,URBAN_6_N005,URBAN_6_N005,URBAN_6_N005,DAM,MCC,LMP_CONG_PRC,URBAN_6_N005,ALL,1,0,478
2017-09-24T11:00:00-00:00,2017-09-24T12:00:00-00:00,2017-09-24,5,0,URBAN_6_N005,URBAN_6_N005,URBAN_6_N005,DAM,MCC,LMP_CONG_PRC,URBAN_6_N005,ALL,1,0,478
2017-09-24T09:00:00-00:00,2017-09-24T10:00:00-00:00,2017-09-24,3,0,URBAN_6_N005,URBAN_6_N005,URBAN_6_N005,DAM,MCC,LMP_CONG_PRC,URBAN_6_N005,ALL,1,0,478
2017-09-25T05:00:00-00:00,2017-09-25T06:00:00-00:00,2017-09-24,23,0,URBAN_6_N005,URBAN_6_N005,URBAN_6_N005,DAM,MCC,LMP_CONG_PRC,URBAN_6_N005,ALL,1,0,478
2017-09-24T15:00:00-00:00,2017-09-24T16:00:00-00:00,2017-09-24,9,0,URBAN_6_N005,URBAN_6_N005,URBAN_6_N005,DAM,MCC,LMP_CONG_PRC,URBAN_6_N005,ALL,1,8.22817,478
2017-09-24T18:00:00-00:00,2017-09-24T19:00:00-00:00,2017-09-24,12,0,URBAN_6_N005,URBAN_6_N005,URBAN_6_N005,DAM,MCC,LMP_CONG_PRC,URBAN_6_N005,ALL,1,4.31358,478
2017-09-25T01:00:00-00:00,2017-09-25T02:00:00-00:00,2017-09-24,19,0,URBAN_6_N005,URBAN_6_N005,URBAN_6_N005,DAM,MCC,LMP_CONG_PRC,URBAN_6_N005,ALL,1,0,478
2017-09-25T00:00:00-00:00,2017-09-25T01:00:00-00:00,2017-09-24,18,0,URBAN_6_N005,URBAN_6_N005,URBAN_6_N005,DAM,MCC,LMP_CONG_PRC,URBAN_6_N005,ALL,1,0,478
2017-09-24T12:00:00-00:00,2017-09-24T13:00:00-00:00,2017-09-24,6,0,URBAN_6_N005,URBAN_6_N005,URBAN_6_N005,DAM,MCC,LMP_CONG_PRC,URBAN_6_N005,ALL,1,0,478
2017-09-24T08:00:00-00:00,2017-09-24T09:00:00-00:00,2017-09-24,2,0,URBAN_6_N005,URBAN_6_N005,URBAN_6_N005,DAM,MCC,LMP_CONG_PRC,URBAN_6_N005,ALL,1,0,478
2017-09-24T19:00:00-00:00,2017-09-24T20:00:00-00:00,2017-09-24,13,0,URBAN_6_N005,URBAN_6_N005,URBAN_6_N005,DAM,MCC,LMP_CONG_PRC,URBAN_6_N005,ALL,1,-0.6974,478
2017-09-24T22:00:00-00:00,2017-09-24T23:00:00-00:00,2017-09-24,16,0,URBAN_6_N005,URBAN_6_N005,URBAN_6_N005,DAM,MCC,LMP_CONG_PRC,URBAN_6_N005,ALL,1,5.80063,478
2017-09-24T21:00:00-00:00,2017-09-24T22:00:00-00:00,2017-09-24,15,0,URBAN_6_N005,URBAN_6_N005,URBAN_6_N005,DAM,MCC,LMP_CONG_PRC,URBAN_6_N005,ALL,1,8.62107,478
2017-09-24T17:00:00-00:00,2017-09-24T18:00:00-00:00,2017-09-24,11,0,URBAN_6_N005,URBAN_6_N005,URBAN_6_N005,DAM,MCC,LMP_CONG_PRC,URBAN_6_N005,ALL,1,4.3474,478
2017-09-24T19:00:00-00:00,2017-09-24T20:00:00-00:00,2017-09-24,13,0,URBAN_6_N005,URBAN_6_N005,URBAN_6_N005,DAM,MCE,LMP_ENE_PRC,URBAN_6_N005,ALL,1,4.11624,479
2017-09-24T15:00:00-00:00,2017-09-24T16:00:00-00:00,2017-09-24,9,0,URBAN_6_N005,URBAN_6_N005,URBAN_6_N005,DAM,MCE,LMP_ENE_PRC,URBAN_6_N005,ALL,1,16.69723,479
2017-09-24T18:00:00-00:00,2017-09-24T19:00:00-00:00,2017-09-24,12,0,URBAN_6_N005,URBAN_6_N005,URBAN_6_N005,DAM,MCE,LMP_ENE_PRC,URBAN_6_N005,ALL,1,2.37458,479
2017-09-24T09:00:00-00:00,2017-09-24T10:00:00-00:00,2017-09-24,3,0,URBAN_6_N005,URBAN_6_N005,URBAN_6_N005,DAM,MCE,LMP_ENE_PRC,URBAN_6_N005,ALL,1,28.96572,479
2017-09-25T03:00:00-00:00,2017-09-25T04:00:00-00:00,2017-09-24,21,0,URBAN_6_N005,URBAN_6_N005,URBAN_6_N005,DAM,MCE,LMP_ENE_PRC,URBAN_6_N005,ALL,1,46.68356,479
2017-09-25T04:00:00-00:00,2017-09-25T05:00:00-00:00,2017-09-24,22,0,URBAN_6_N005,URBAN_6_N005,URBAN_6_N005,DAM,MCE,LMP_ENE_PRC,URBAN_6_N005,ALL,1,39.02539,479
2017-09-24T16:00:00-00:00,2017-09-24T17:00:00-00:00,2017-09-24,10,0,URBAN_6_N005,URBAN_6_N005,URBAN_6_N005,DAM,MCE,LMP_ENE_PRC,URBAN_6_N005,ALL,1,3.28824,479
2017-09-24T07:00:00-00:00,2017-09-24T08:00:00-00:00,2017-09-24,1,0,URBAN_6_N005,URBAN_6_N005,URBAN_6_N005,DAM,MCE,LMP_ENE_PRC,URBAN_6_N005,ALL,1,28.62027,479
2017-09-24T12:00:00-00:00,2017-09-24T13:00:00-00:00,2017-09-24,6,0,URBAN_6_N005,URBAN_6_N005,URBAN_6_N005,DAM,MCE,LMP_ENE_PRC,URBAN_6_N005,ALL,1,31.64244,479
2017-09-25T01:00:00-00:00,2017-09-25T02:00:00-00:00,2017-09-24,19,0,URBAN_6_N005,URBAN_6_N005,URBAN_6_N005,DAM,MCE,LMP_ENE_PRC,URBAN_6_N005,ALL,1,47.29409,479
2017-09-24T14:00:00-00:00,2017-09-24T15:00:00-00:00,2017-09-24,8,0,URBAN_6_N005,URBAN_6_N005,URBAN_6_N005,DAM,MCE,LMP_ENE_PRC,URBAN_6_N005,ALL,1,28.02574,479
2017-09-24T13:00:00-00:00,2017-09-24T14:00:00-00:00,2017-09-24,7,0,URBAN_6_N005,URBAN_6_N005,URBAN_6_N005,DAM,MCE,LMP_ENE_PRC,URBAN_6_N005,ALL,1,31.13564,479
2017-09-24T21:00:00-00:00,2017-09-24T22:00:00-00:00,2017-09-24,15,0,URBAN_6_N005,URBAN_6_N005,URBAN_6_N005,DAM,MCE,LMP_ENE_PRC,URBAN_6_N005,ALL,1,16.06302,479
2017-09-24T22:00:00-00:00,2017-09-24T23:00:00-00:00,2017-09-24,16,0,URBAN_6_N005,URBAN_6_N005,URBAN_6_N005,DAM,MCE,LMP_ENE_PRC,URBAN_6_N005,ALL,1,20.27003,479
2017-09-24T10:00:00-00:00,2017-09-24T11:00:00-00:00,2017-09-24,4,0,URBAN_6_N005,URBAN_6_N005,URBAN_6_N005,DAM,MCE,LMP_ENE_PRC,URBAN_6_N005,ALL,1,29.08644,479
2017-09-24T08:00:00-00:00,2017-09-24T09:00:00-00:00,2017-09-24,2,0,URBAN_6_N005,URBAN_6_N005,URBAN_6_N005,DAM,MCE,LMP_ENE_PRC,URBAN_6_N005,ALL,1,27.82842,479
2017-09-24T11:00:00-00:00,2017-09-24T12:00:00-00:00,2017-09-24,5,0,URBAN_6_N005,URBAN_6_N005,URBAN_6_N005,DAM,MCE,LMP_ENE_PRC,URBAN_6_N005,ALL,1,28.93578,479
2017-09-24T23:00:00-00:00,2017-09-25T00:00:00-00:00,2017-09-24,17,0,URBAN_6_N005,URBAN_6_N005,URBAN_6_N005,DAM,MCE,LMP_ENE_PRC,URBAN_6_N005,ALL,1,26.11608,479
2017-09-25T00:00:00-00:00,2017-09-25T01:00:00-00:00,2017-09-24,18,0,URBAN_6_N005,URBAN_6_N005,URBAN_6_N005,DAM,MCE,LMP_ENE_PRC,URBAN_6_N005,ALL,1,35.13849,479
2017-09-25T05:00:00-00:00,2017-09-25T06:00:00-00:00,2017-09-24,23,0,URBAN_6_N005,URBAN_6_N005,URBAN_6_N005,DAM,MCE,LMP_ENE_PRC,URBAN_6_N005,ALL,1,34.86107,479
2017-09-24T17:00:00-00:00,2017-09-24T18:00:00-00:00,2017-09-24,11,0,URBAN_6_N005,URBAN_6_N005,URBAN_6_N005,DAM,MCE,LMP_ENE_PRC,URBAN_6_N005,ALL,1,2.43946,479
2017-09-24T20:00:00-00:00,2017-09-24T21:00:00-00:00,2017-09-24,14,0,URBAN_6_N005,URBAN_6_N005,URBAN_6_N005,DAM,MCE,LMP_ENE_PRC,URBAN_6_N005,ALL,1,8.65622,479
2017-09-25T02:00:00-00:00,2017-09-25T03:00:00-00:00,2017-09-24,20,0,URBAN_6_N005,URBAN_6_N005,URBAN_6_N005,DAM,MCE,LMP_ENE_PRC,URBAN_6_N005,ALL,1,59.34321,479
2017-09-25T06:00:00-00:00,2017-09-25T07:00:00-00:00,2017-09-24,24,0,URBAN_6_N005,URBAN_6_N005,URBAN_6_N005,DAM,MCE,LMP_ENE_PRC,URBAN_6_N005,ALL,1,29.30403,479
2017-09-25T01:00:00-00:00,2017-09-25T02:00:00-00:00,2017-09-24,19,0,URBAN_6_N005,URBAN_6_N005,URBAN_6_N005,DAM,MCL,LMP_LOSS_PRC,URBAN_6_N005,ALL,1,0.09459,480
2017-09-24T16:00:00-00:00,2017-09-24T17:00:00-00:00,2017-09-24,10,0,URBAN_6_N005,URBAN_6_N005,URBAN_6_N005,DAM,MCL,LMP_LOSS_PRC,URBAN_6_N005,ALL,1,-0.06675,480
2017-09-24T18:00:00-00:00,2017-09-24T19:00:00-00:00,2017-09-24,12,0,URBAN_6_N005,URBAN_6_N005,URBAN_6_N005,DAM,MCL,LMP_LOSS_PRC,URBAN_6_N005,ALL,1,-0.04393,480
2017-09-24T09:00:00-00:00,2017-09-24T10:00:00-00:00,2017-09-24,3,0,URBAN_6_N005,URBAN_6_N005,URBAN_6_N005,DAM,MCL,LMP_LOSS_PRC,URBAN_6_N005,ALL,1,0.15931,480
2017-09-24T13:00:00-00:00,2017-09-24T14:00:00-00:00,2017-09-24,7,0,URBAN_6_N005,URBAN_6_N005,URBAN_6_N005,DAM,MCL,LMP_LOSS_PRC,URBAN_6_N005,ALL,1,0.0685,480
2017-09-24T17:00:00-00:00,2017-09-24T18:00:00-00:00,2017-09-24,11,0,URBAN_6_N005,URBAN_6_N005,URBAN_6_N005,DAM,MCL,LMP_LOSS_PRC,URBAN_6_N005,ALL,1,-0.04903,480
2017-09-24T19:00:00-00:00,2017-09-24T20:00:00-00:00,2017-09-24,13,0,URBAN_6_N005,URBAN_6_N005,URBAN_6_N005,DAM,MCL,LMP_LOSS_PRC,URBAN_6_N005,ALL,1,-0.08521,480
2017-09-24T21:00:00-00:00,2017-09-24T22:00:00-00:00,2017-09-24,15,0,URBAN_6_N005,URBAN_6_N005,URBAN_6_N005,DAM,MCL,LMP_LOSS_PRC,URBAN_6_N005,ALL,1,-0.34375,480
2017-09-24T10:00:00-00:00,2017-09-24T11:00:00-00:00,2017-09-24,4,0,URBAN_6_N005,URBAN_6_N005,URBAN_6_N005,DAM,MCL,LMP_LOSS_PRC,URBAN_6_N005,ALL,1,0.10471,480
2017-09-25T00:00:00-00:00,2017-09-25T01:00:00-00:00,2017-09-24,18,0,URBAN_6_N005,URBAN_6_N005,URBAN_6_N005,DAM,MCL,LMP_LOSS_PRC,URBAN_6_N005,ALL,1,-0.0773,480
2017-09-24T07:00:00-00:00,2017-09-24T08:00:00-00:00,2017-09-24,1,0,URBAN_6_N005,URBAN_6_N005,URBAN_6_N005,DAM,MCL,LMP_LOSS_PRC,URBAN_6_N005,ALL,1,-0.10303,480
2017-09-24T12:00:00-00:00,2017-09-24T13:00:00-00:00,2017-09-24,6,0,URBAN_6_N005,URBAN_6_N005,URBAN_6_N005,DAM,MCL,LMP_LOSS_PRC,URBAN_6_N005,ALL,1,0.02531,480
2017-09-24T22:00:00-00:00,2017-09-24T23:00:00-00:00,2017-09-24,16,0,URBAN_6_N005,URBAN_6_N005,URBAN_6_N005,DAM,MCL,LMP_LOSS_PRC,URBAN_6_N005,ALL,1,-0.34662,480
2017-09-24T08:00:00-00:00,2017-09-24T09:00:00-00:00,2017-09-24,2,0,URBAN_6_N005,URBAN_6_N005,URBAN_6_N005,DAM,MCL,LMP_LOSS_PRC,URBAN_6_N005,ALL,1,-0.12245,480
2017-09-24T23:00:00-00:00,2017-09-25T00:00:00-00:00,2017-09-24,17,0,URBAN_6_N005,URBAN_6_N005,URBAN_6_N005,DAM,MCL,LMP_LOSS_PRC,URBAN_6_N005,ALL,1,-0.32123,480
2017-09-25T02:00:00-00:00,2017-09-25T03:00:00-00:00,2017-09-24,20,0,URBAN_6_N005,URBAN_6_N005,URBAN_6_N005,DAM,MCL,LMP_LOSS_PRC,URBAN_6_N005,ALL,1,-0.34419,480
2017-09-25T04:00:00-00:00,2017-09-25T05:00:00-00:00,2017-09-24,22,0,URBAN_6_N005,URBAN_6_N005,URBAN_6_N005,DAM,MCL,LMP_LOSS_PRC,URBAN_6_N005,ALL,1,0.42538,480
2017-09-24T15:00:00-00:00,2017-09-24T16:00:00-00:00,2017-09-24,9,0,URBAN_6_N005,URBAN_6_N005,URBAN_6_N005,DAM,MCL,LMP_LOSS_PRC,URBAN_6_N005,ALL,1,-0.2538,480
2017-09-24T20:00:00-00:00,2017-09-24T21:00:00-00:00,2017-09-24,14,0,URBAN_6_N005,URBAN_6_N005,URBAN_6_N005,DAM,MCL,LMP_LOSS_PRC,URBAN_6_N005,ALL,1,-0.17832,480
2017-09-24T11:00:00-00:00,2017-09-24T12:00:00-00:00,2017-09-24,5,0,URBAN_6_N005,URBAN_6_N005,URBAN_6_N005,DAM,MCL,LMP_LOSS_PRC,URBAN_6_N005,ALL,1,0.06077,480
2017-09-25T03:00:00-00:00,2017-09-25T04:00:00-00:00,2017-09-24,21,0,URBAN_6_N005,URBAN_6_N005,URBAN_6_N005,DAM,MCL,LMP_LOSS_PRC,URBAN_6_N005,ALL,1,0.37814,480
2017-09-25T06:00:00-00:00,2017-09-25T07:00:00-00:00,2017-09-24,24,0,URBAN_6_N005,URBAN_6_N005,URBAN_6_N005,DAM,MCL,LMP_LOSS_PRC,URBAN_6_N005,ALL,1,0.03516,480
2017-09-25T05:00:00-00:00,2017-09-25T06:00:00-00:00,2017-09-24,23,0,URBAN_6_N005,URBAN_6_N005,URBAN_6_N005,DAM,MCL,LMP_LOSS_PRC,URBAN_6_N005,ALL,1,0.1499,480
2017-09-24T14:00:00-00:00,2017-09-24T15:00:00-00:00,2017-09-24,8,0,URBAN_6_N005,URBAN_6_N005,URBAN_6_N005,DAM,MCL,LMP_LOSS_PRC,URBAN_6_N005,ALL,1,-0.24102,480
2017-09-26T04:00:00-00:00,2017-09-26T05:00:00-00:00,2017-09-25,22,0,BAYSHOR2_1_N001,BAYSHOR2_1_N001,BAYSHOR2_1_N001,DAM,LMP,LMP_PRC,BAYSHOR2_1_N001,ALL,1,40.97818,481
2017-09-25T09:00:00-00:00,2017-09-25T10:00:00-00:00,2017-09-25,3,0,BAYSHOR2_1_N001,BAYSHOR2_1_N001,BAYSHOR2_1_N001,DAM,LMP,LMP_PRC,BAYSHOR2_1_N001,ALL,1,28.66531,481
2017-09-25T15:00:00-00:00,2017-09-25T16:00:00-00:00,2017-09-25,9,0,BAYSHOR2_1_N001,BAYSHOR2_1_N001,BAYSHOR2_1_N001,DAM,LMP,LMP_PRC,BAYSHOR2_1_N001,ALL,1,29.54549,481
2017-09-25T07:00:00-00:00,2017-09-25T08:00:00-00:00,2017-09-25,1,0,BAYSHOR2_1_N001,BAYSHOR2_1_N001,BAYSHOR2_1_N001,DAM,LMP,LMP_PRC,BAYSHOR2_1_N001,ALL,1,29.29677,481
2017-09-25T12:00:00-00:00,2017-09-25T13:00:00-00:00,2017-09-25,6,0,BAYSHOR2_1_N001,BAYSHOR2_1_N001,BAYSHOR2_1_N001,DAM,LMP,LMP_PRC,BAYSHOR2_1_N001,ALL,1,32.80815,481
2017-09-25T10:00:00-00:00,2017-09-25T11:00:00-00:00,2017-09-25,4,0,BAYSHOR2_1_N001,BAYSHOR2_1_N001,BAYSHOR2_1_N001,DAM,LMP,LMP_PRC,BAYSHOR2_1_N001,ALL,1,28.32303,481
2017-09-26T05:00:00-00:00,2017-09-26T06:00:00-00:00,2017-09-25,23,0,BAYSHOR2_1_N001,BAYSHOR2_1_N001,BAYSHOR2_1_N001,DAM,LMP,LMP_PRC,BAYSHOR2_1_N001,ALL,1,36.47228,481
2017-09-26T00:00:00-00:00,2017-09-26T01:00:00-00:00,2017-09-25,18,0,BAYSHOR2_1_N001,BAYSHOR2_1_N001,BAYSHOR2_1_N001,DAM,LMP,LMP_PRC,BAYSHOR2_1_N001,ALL,1,44.92536,481
2017-09-26T02:00:00-00:00,2017-09-26T03:00:00-00:00,2017-09-25,20,0,BAYSHOR2_1_N001,BAYSHOR2_1_N001,BAYSHOR2_1_N001,DAM,LMP,LMP_PRC,BAYSHOR2_1_N001,ALL,1,70.76301,481
2017-09-26T01:00:00-00:00,2017-09-26T02:00:00-00:00,2017-09-25,19,0,BAYSHOR2_1_N001,BAYSHOR2_1_N001,BAYSHOR2_1_N001,DAM,LMP,LMP_PRC,BAYSHOR2_1_N001,ALL,1,63.33018,481
2017-09-25T23:00:00-00:00,2017-09-26T00:00:00-00:00,2017-09-25,17,0,BAYSHOR2_1_N001,BAYSHOR2_1_N001,BAYSHOR2_1_N001,DAM,LMP,LMP_PRC,BAYSHOR2_1_N001,ALL,1,38.08315,481
2017-09-25T22:00:00-00:00,2017-09-25T23:00:00-00:00,2017-09-25,16,0,BAYSHOR2_1_N001,BAYSHOR2_1_N001,BAYSHOR2_1_N001,DAM,LMP,LMP_PRC,BAYSHOR2_1_N001,ALL,1,33.4912,481
2017-09-25T17:00:00-00:00,2017-09-25T18:00:00-00:00,2017-09-25,11,0,BAYSHOR2_1_N001,BAYSHOR2_1_N001,BAYSHOR2_1_N001,DAM,LMP,LMP_PRC,BAYSHOR2_1_N001,ALL,1,22.11767,481
2017-09-25T20:00:00-00:00,2017-09-25T21:00:00-00:00,2017-09-25,14,0,BAYSHOR2_1_N001,BAYSHOR2_1_N001,BAYSHOR2_1_N001,DAM,LMP,LMP_PRC,BAYSHOR2_1_N001,ALL,1,28.94485,481
2017-09-25T14:00:00-00:00,2017-09-25T15:00:00-00:00,2017-09-25,8,0,BAYSHOR2_1_N001,BAYSHOR2_1_N001,BAYSHOR2_1_N001,DAM,LMP,LMP_PRC,BAYSHOR2_1_N001,ALL,1,36.62522,481
2017-09-26T03:00:00-00:00,2017-09-26T04:00:00-00:00,2017-09-25,21,0,BAYSHOR2_1_N001,BAYSHOR2_1_N001,BAYSHOR2_1_N001,DAM,LMP,LMP_PRC,BAYSHOR2_1_N001,ALL,1,52.71401,481
2017-09-25T11:00:00-00:00,2017-09-25T12:00:00-00:00,2017-09-25,5,0,BAYSHOR2_1_N001,BAYSHOR2_1_N001,BAYSHOR2_1_N001,DAM,LMP,LMP_PRC,BAYSHOR2_1_N001,ALL,1,28.80932,481
2017-09-26T06:00:00-00:00,2017-09-26T07:00:00-00:00,2017-09-25,24,0,BAYSHOR2_1_N001,BAYSHOR2_1_N001,BAYSHOR2_1_N001,DAM,LMP,LMP_PRC,BAYSHOR2_1_N001,ALL,1,32.08538,481
2017-09-25T18:00:00-00:00,2017-09-25T19:00:00-00:00,2017-09-25,12,0,BAYSHOR2_1_N001,BAYSHOR2_1_N001,BAYSHOR2_1_N001,DAM,LMP,LMP_PRC,BAYSHOR2_1_N001,ALL,1,23.55093,481
2017-09-25T08:00:00-00:00,2017-09-25T09:00:00-00:00,2017-09-25,2,0,BAYSHOR2_1_N001,BAYSHOR2_1_N001,BAYSHOR2_1_N001,DAM,LMP,LMP_PRC,BAYSHOR2_1_N001,ALL,1,29.50846,481
2017-09-25T21:00:00-00:00,2017-09-25T22:00:00-00:00,2017-09-25,15,0,BAYSHOR2_1_N001,BAYSHOR2_1_N001,BAYSHOR2_1_N001,DAM,LMP,LMP_PRC,BAYSHOR2_1_N001,ALL,1,31.17792,481
2017-09-25T16:00:00-00:00,2017-09-25T17:00:00-00:00,2017-09-25,10,0,BAYSHOR2_1_N001,BAYSHOR2_1_N001,BAYSHOR2_1_N001,DAM,LMP,LMP_PRC,BAYSHOR2_1_N001,ALL,1,22.21978,481
2017-09-25T13:00:00-00:00,2017-09-25T14:00:00-00:00,2017-09-25,7,0,BAYSHOR2_1_N001,BAYSHOR2_1_N001,BAYSHOR2_1_N001,DAM,LMP,LMP_PRC,BAYSHOR2_1_N001,ALL,1,37.64582,481
2017-09-25T19:00:00-00:00,2017-09-25T20:00:00-00:00,2017-09-25,13,0,BAYSHOR2_1_N001,BAYSHOR2_1_N001,BAYSHOR2_1_N001,DAM,LMP,LMP_PRC,BAYSHOR2_1_N001,ALL,1,26.83128,481
2017-09-25T21:00:00-00:00,2017-09-25T22:00:00-00:00,2017-09-25,15,0,BAYSHOR2_1_N001,BAYSHOR2_1_N001,BAYSHOR2_1_N001,DAM,MCC,LMP_CONG_PRC,BAYSHOR2_1_N001,ALL,1,-0.72382,482
2017-09-25T16:00:00-00:00,2017-09-25T17:00:00-00:00,2017-09-25,10,0,BAYSHOR2_1_N001,BAYSHOR2_1_N001,BAYSHOR2_1_N001,DAM,MCC,LMP_CONG_PRC,BAYSHOR2_1_N001,ALL,1,-0.64635,482
2017-09-25T15:00:00-00:00,2017-09-25T16:00:00-00:00,2017-09-25,9,0,BAYSHOR2_1_N001,BAYSHOR2_1_N001,BAYSHOR2_1_N001,DAM,MCC,LMP_CONG_PRC,BAYSHOR2_1_N001,ALL,1,-0.59146,482
2017-09-25T11:00:00-00:00,2017-09-25T12:00:00-00:00,2017-09-25,5,0,BAYSHOR2_1_N001,BAYSHOR2_1_N001,BAYSHOR2_1_N001,DAM,MCC,LMP_CONG_PRC,BAYSHOR2_1_N001,ALL,1,0,482
2017-09-25T23:00:00-00:00,2017-09-26T00:00:00-00:00,2017-09-25,17,0,BAYSHOR2_1_N001,BAYSHOR2_1_N001,BAYSHOR2_1_N001,DAM,MCC,LMP_CONG_PRC,BAYSHOR2_1_N001,ALL,1,0,482
2017-09-25T19:00:00-00:00,2017-09-25T20:00:00-00:00,2017-09-25,13,0,BAYSHOR2_1_N001,BAYSHOR2_1_N001,BAYSHOR2_1_N001,DAM,MCC,LMP_CONG_PRC,BAYSHOR2_1_N001,ALL,1,-1.53397,482
2017-09-25T14:00:00-00:00,2017-09-25T15:00:00-00:00,2017-09-25,8,0,BAYSHOR2_1_N001,BAYSHOR2_1_N001,BAYSHOR2_1_N001,DAM,MCC,LMP_CONG_PRC,BAYSHOR2_1_N001,ALL,1,-0.46664,482
2017-09-25T13:00:00-00:00,2017-09-25T14:00:00-00:00,2017-09-25,7,0,BAYSHOR2_1_N001,BAYSHOR2_1_N001,BAYSHOR2_1_N001,DAM,MCC,LMP_CONG_PRC,BAYSHOR2_1_N001,ALL,1,0,482
2017-09-26T05:00:00-00:00,2017-09-26T06:00:00-00:00,2017-09-25,23,0,BAYSHOR2_1_N001,BAYSHOR2_1_N001,BAYSHOR2_1_N001,DAM,MCC,LMP_CONG_PRC,BAYSHOR2_1_N001,ALL,1,0,482
2017-09-25T20:00:00-00:00,2017-09-25T21:00:00-00:00,2017-09-25,14,0,BAYSHOR2_1_N001,BAYSHOR2_1_N001,BAYSHOR2_1_N001,DAM,MCC,LMP_CONG_PRC,BAYSHOR2_1_N001,ALL,1,-1.24979,482
2017-09-25T17:00:00-00:00,2017-09-25T18:00:00-00:00,2017-09-25,11,0,BAYSHOR2_1_N001,BAYSHOR2_1_N001,BAYSHOR2_1_N001,DAM,MCC,LMP_CONG_PRC,BAYSHOR2_1_N001,ALL,1,-0.93586,482
2017-09-25T12:00:00-00:00,2017-09-25T13:00:00-00:00,2017-09-25,6,0,BAYSHOR2_1_N001,BAYSHOR2_1_N001,BAYSHOR2_1_N001,DAM,MCC,LMP_CONG_PRC,BAYSHOR2_1_N001,ALL,1,0,482
2017-09-26T02:00:00-00:00,2017-09-26T03:00:00-00:00,2017-09-25,20,0,BAYSHOR2_1_N001,BAYSHOR2_1_N001,BAYSHOR2_1_N001,DAM,MCC,LMP_CONG_PRC,BAYSHOR2_1_N001,ALL,1,0,482
2017-09-25T18:00:00-00:00,2017-09-25T19:00:00-00:00,2017-09-25,12,0,BAYSHOR2_1_N001,BAYSHOR2_1_N001,BAYSHOR2_1_N001,DAM,MCC,LMP_CONG_PRC,BAYSHOR2_1_N001,ALL,1,-0.98501,482
2017-09-26T03:00:00-00:00,2017-09-26T04:00:00-00:00,2017-09-25,21,0,BAYSHOR2_1_N001,BAYSHOR2_1_N001,BAYSHOR2_1_N001,DAM,MCC,LMP_CONG_PRC,BAYSHOR2_1_N001,ALL,1,0,482
2017-09-25T10:00:00-00:00,2017-09-25T11:00:00-00:00,2017-09-25,4,0,BAYSHOR2_1_N001,BAYSHOR2_1_N001,BAYSHOR2_1_N001,DAM,MCC,LMP_CONG_PRC,BAYSHOR2_1_N001,ALL,1,0,482
2017-09-25T07:00:00-00:00,2017-09-25T08:00:00-00:00,2017-09-25,1,0,BAYSHOR2_1_N001,BAYSHOR2_1_N001,BAYSHOR2_1_N001,DAM,MCC,LMP_CONG_PRC,BAYSHOR2_1_N001,ALL,1,0,482
2017-09-26T06:00:00-00:00,2017-09-26T07:00:00-00:00,2017-09-25,24,0,BAYSHOR2_1_N001,BAYSHOR2_1_N001,BAYSHOR2_1_N001,DAM,MCC,LMP_CONG_PRC,BAYSHOR2_1_N001,ALL,1,0,482
2017-09-26T04:00:00-00:00,2017-09-26T05:00:00-00:00,2017-09-25,22,0,BAYSHOR2_1_N001,BAYSHOR2_1_N001,BAYSHOR2_1_N001,DAM,MCC,LMP_CONG_PRC,BAYSHOR2_1_N001,ALL,1,0,482
2017-09-26T01:00:00-00:00,2017-09-26T02:00:00-00:00,2017-09-25,19,0,BAYSHOR2_1_N001,BAYSHOR2_1_N001,BAYSHOR2_1_N001,DAM,MCC,LMP_CONG_PRC,BAYSHOR2_1_N001,ALL,1,0,482
2017-09-26T00:00:00-00:00,2017-09-26T01:00:00-00:00,2017-09-25,18,0,BAYSHOR2_1_N001,BAYSHOR2_1_N001,BAYSHOR2_1_N001,DAM,MCC,LMP_CONG_PRC,BAYSHOR2_1_N001,ALL,1,0,482
2017-09-25T22:00:00-00:00,2017-09-25T23:00:00-00:00,2017-09-25,16,0,BAYSHOR2_1_N001,BAYSHOR2_1_N001,BAYSHOR2_1_N001,DAM,MCC,LMP_CONG_PRC,BAYSHOR2_1_N001,ALL,1,-0.12015,482
2017-09-25T08:00:00-00:00,2017-09-25T09:00:00-00:00,2017-09-25,2,0,BAYSHOR2_1_N001,BAYSHOR2_1_N001,BAYSHOR2_1_N001,DAM,MCC,LMP_CONG_PRC,BAYSHOR2_1_N001,ALL,1,0,482
2017-09-25T09:00:00-00:00,2017-09-25T10:00:00-00:00,2017-09-25,3,0,BAYSHOR2_1_N001,BAYSHOR2_1_N001,BAYSHOR2_1_N001,DAM,MCC,LMP_CONG_PRC,BAYSHOR2_1_N001,ALL,1,0,482
2017-09-26T06:00:00-00:00,2017-09-26T07:00:00-00:00,2017-09-25,24,0,BAYSHOR2_1_N001,BAYSHOR2_1_N001,BAYSHOR2_1_N001,DAM,MCE,LMP_ENE_PRC,BAYSHOR2_1_N001,ALL,1,30.96447,483
2017-09-25T11:00:00-00:00,2017-09-25T12:00:00-00:00,2017-09-25,5,0,BAYSHOR2_1_N001,BAYSHOR2_1_N001,BAYSHOR2_1_N001,DAM,MCE,LMP_ENE_PRC,BAYSHOR2_1_N001,ALL,1,27.96479,483
2017-09-26T03:00:00-00:00,2017-09-26T04:00:00-00:00,2017-09-25,21,0,BAYSHOR2_1_N001,BAYSHOR2_1_N001,BAYSHOR2_1_N001,DAM,MCE,LMP_ENE_PRC,BAYSHOR2_1_N001,ALL,1,50.6768,483
2017-09-25T07:00:00-00:00,2017-09-25T08:00:00-00:00,2017-09-25,1,0,BAYSHOR2_1_N001,BAYSHOR2_1_N001,BAYSHOR2_1_N001,DAM,MCE,LMP_ENE_PRC,BAYSHOR2_1_N001,ALL,1,28.56271,483
2017-09-25T08:00:00-00:00,2017-09-25T09:00:00-00:00,2017-09-25,2,0,BAYSHOR2_1_N001,BAYSHOR2_1_N001,BAYSHOR2_1_N001,DAM,MCE,LMP_ENE_PRC,BAYSHOR2_1_N001,ALL,1,28.67405,483
2017-09-25T19:00:00-00:00,2017-09-25T20:00:00-00:00,2017-09-25,13,0,BAYSHOR2_1_N001,BAYSHOR2_1_N001,BAYSHOR2_1_N001,DAM,MCE,LMP_ENE_PRC,BAYSHOR2_1_N001,ALL,1,26.69921,483
2017-09-26T04:00:00-00:00,2017-09-26T05:00:00-00:00,2017-09-25,22,0,BAYSHOR2_1_N001,BAYSHOR2_1_N001,BAYSHOR2_1_N001,DAM,MCE,LMP_ENE_PRC,BAYSHOR2_1_N001,ALL,1,39.56951,483
2017-09-26T05:00:00-00:00,2017-09-26T06:00:00-00:00,2017-09-25,23,0,BAYSHOR2_1_N001,BAYSHOR2_1_N001,BAYSHOR2_1_N001,DAM,MCE,LMP_ENE_PRC,BAYSHOR2_1_N001,ALL,1,35.16756,483
2017-09-25T10:00:00-00:00,2017-09-25T11:00:00-00:00,2017-09-25,4,0,BAYSHOR2_1_N001,BAYSHOR2_1_N001,BAYSHOR2_1_N001,DAM,MCE,LMP_ENE_PRC,BAYSHOR2_1_N001,ALL,1,27.52481,483
2017-09-25T12:00:00-00:00,2017-09-25T13:00:00-00:00,2017-09-25,6,0,BAYSHOR2_1_N001,BAYSHOR2_1_N001,BAYSHOR2_1_N001,DAM,MCE,LMP_ENE_PRC,BAYSHOR2_1_N001,ALL,1,31.90833,483
2017-09-25T13:00:00-00:00,2017-09-25T14:00:00-00:00,2017-09-25,7,0,BAYSHOR2_1_N001,BAYSHOR2_1_N001,BAYSHOR2_1_N001,DAM,MCE,LMP_ENE_PRC,BAYSHOR2_1_N001,ALL,1,36.46084,483
2017-09-25T14:00:00-00:00,2017-09-25T15:00:00-00:00,2017-09-25,8,0,BAYSHOR2_1_N001,BAYSHOR2_1_N001,BAYSHOR2_1_N001,DAM,MCE,LMP_ENE_PRC,BAYSHOR2_1_N001,ALL,1,35.62756,483
2017-09-25T18:00:00-00:00,2017-09-25T19:00:00-00:00,2017-09-25,12,0,BAYSHOR2_1_N001,BAYSHOR2_1_N001,BAYSHOR2_1_N001,DAM,MCE,LMP_ENE_PRC,BAYSHOR2_1_N001,ALL,1,22.97588,483
2017-09-25T21:00:00-00:00,2017-09-25T22:00:00-00:00,2017-09-25,15,0,BAYSHOR2_1_N001,BAYSHOR2_1_N001,BAYSHOR2_1_N001,DAM,MCE,LMP_ENE_PRC,BAYSHOR2_1_N001,ALL,1,30.06762,483
2017-09-25T09:00:00-00:00,2017-09-25T10:00:00-00:00,2017-09-25,3,0,BAYSHOR2_1_N001,BAYSHOR2_1_N001,BAYSHOR2_1_N001,DAM,MCE,LMP_ENE_PRC,BAYSHOR2_1_N001,ALL,1,27.84932,483
2017-09-25T20:00:00-00:00,2017-09-25T21:00:00-00:00,2017-09-25,14,0,BAYSHOR2_1_N001,BAYSHOR2_1_N001,BAYSHOR2_1_N001,DAM,MCE,LMP_ENE_PRC,BAYSHOR2_1_N001,ALL,1,28.39443,483
2017-09-25T22:00:00-00:00,2017-09-25T23:00:00-00:00,2017-09-25,16,0,BAYSHOR2_1_N001,BAYSHOR2_1_N001,BAYSHOR2_1_N001,DAM,MCE,LMP_ENE_PRC,BAYSHOR2_1_N001,ALL,1,31.52148,483
2017-09-26T00:00:00-00:00,2017-09-26T01:00:00-00:00,2017-09-25,18,0,BAYSHOR2_1_N001,BAYSHOR2_1_N001,BAYSHOR2_1_N001,DAM,MCE,LMP_ENE_PRC,BAYSHOR2_1_N001,ALL,1,42.35844,483
2017-09-26T01:00:00-00:00,2017-09-26T02:00:00-00:00,2017-09-25,19,0,BAYSHOR2_1_N001,BAYSHOR2_1_N001,BAYSHOR2_1_N001,DAM,MCE,LMP_ENE_PRC,BAYSHOR2_1_N001,ALL,1,60.49305,483
2017-09-25T16:00:00-00:00,2017-09-25T17:00:00-00:00,2017-09-25,10,0,BAYSHOR2_1_N001,BAYSHOR2_1_N001,BAYSHOR2_1_N001,DAM,MCE,LMP_ENE_PRC,BAYSHOR2_1_N001,ALL,1,21.39621,483
2017-09-25T15:00:00-00:00,2017-09-25T16:00:00-00:00,2017-09-25,9,0,BAYSHOR2_1_N001,BAYSHOR2_1_N001,BAYSHOR2_1_N001,DAM,MCE,LMP_ENE_PRC,BAYSHOR2_1_N001,ALL,1,28.30558,483
2017-09-25T23:00:00-00:00,2017-09-26T00:00:00-00:00,2017-09-25,17,0,BAYSHOR2_1_N001,BAYSHOR2_1_N001,BAYSHOR2_1_N001,DAM,MCE,LMP_ENE_PRC,BAYSHOR2_1_N001,ALL,1,35.78571,483
2017-09-25T17:00:00-00:00,2017-09-25T18:00:00-00:00,2017-09-25,11,0,BAYSHOR2_1_N001,BAYSHOR2_1_N001,BAYSHOR2_1_N001,DAM,MCE,LMP_ENE_PRC,BAYSHOR2_1_N001,ALL,1,21.54535,483
2017-09-26T02:00:00-00:00,2017-09-26T03:00:00-00:00,2017-09-25,20,0,BAYSHOR2_1_N001,BAYSHOR2_1_N001,BAYSHOR2_1_N001,DAM,MCE,LMP_ENE_PRC,BAYSHOR2_1_N001,ALL,1,67.80015,483
2017-09-25T14:00:00-00:00,2017-09-25T15:00:00-00:00,2017-09-25,8,0,BAYSHOR2_1_N001,BAYSHOR2_1_N001,BAYSHOR2_1_N001,DAM,MCL,LMP_LOSS_PRC,BAYSHOR2_1_N001,ALL,1,1.46429,484
2017-09-26T03:00:00-00:00,2017-09-26T04:00:00-00:00,2017-09-25,21,0,BAYSHOR2_1_N001,BAYSHOR2_1_N001,BAYSHOR2_1_N001,DAM,MCL,LMP_LOSS_PRC,BAYSHOR2_1_N001,ALL,1,2.03721,484
2017-09-26T01:00:00-00:00,2017-09-26T02:00:00-00:00,2017-09-25,19,0,BAYSHOR2_1_N001,BAYSHOR2_1_N001,BAYSHOR2_1_N001,DAM,MCL,LMP_LOSS_PRC,BAYSHOR2_1_N001,ALL,1,2.83712,484
2017-09-25T09:00:00-00:00,2017-09-25T10:00:00-00:00,2017-09-25,3,0,BAYSHOR2_1_N001,BAYSHOR2_1_N001,BAYSHOR2_1_N001,DAM,MCL,LMP_LOSS_PRC,BAYSHOR2_1_N001,ALL,1,0.81599,484
2017-09-26T02:00:00-00:00,2017-09-26T03:00:00-00:00,2017-09-25,20,0,BAYSHOR2_1_N001,BAYSHOR2_1_N001,BAYSHOR2_1_N001,DAM,MCL,LMP_LOSS_PRC,BAYSHOR2_1_N001,ALL,1,2.96287,484
2017-09-26T06:00:00-00:00,2017-09-26T07:00:00-00:00,2017-09-25,24,0,BAYSHOR2_1_N001,BAYSHOR2_1_N001,BAYSHOR2_1_N001,DAM,MCL,LMP_LOSS_PRC,BAYSHOR2_1_N001,ALL,1,1.12091,484
2017-09-25T08:00:00-00:00,2017-09-25T09:00:00-00:00,2017-09-25,2,0,BAYSHOR2_1_N001,BAYSHOR2_1_N001,BAYSHOR2_1_N001,DAM,MCL,LMP_LOSS_PRC,BAYSHOR2_1_N001,ALL,1,0.83441,484
2017-09-25T19:00:00-00:00,2017-09-25T20:00:00-00:00,2017-09-25,13,0,BAYSHOR2_1_N001,BAYSHOR2_1_N001,BAYSHOR2_1_N001,DAM,MCL,LMP_LOSS_PRC,BAYSHOR2_1_N001,ALL,1,1.66603,484
2017-09-25T21:00:00-00:00,2017-09-25T22:00:00-00:00,2017-09-25,15,0,BAYSHOR2_1_N001,BAYSHOR2_1_N001,BAYSHOR2_1_N001,DAM,MCL,LMP_LOSS_PRC,BAYSHOR2_1_N001,ALL,1,1.83412,484
2017-09-25T22:00:00-00:00,2017-09-25T23:00:00-00:00,2017-09-25,16,0,BAYSHOR2_1_N001,BAYSHOR2_1_N001,BAYSHOR2_1_N001,DAM,MCL,LMP_LOSS_PRC,BAYSHOR2_1_N001,ALL,1,2.08987,484
2017-09-25T23:00:00-00:00,2017-09-26T00:00:00-00:00,2017-09-25,17,0,BAYSHOR2_1_N001,BAYSHOR2_1_N001,BAYSHOR2_1_N001,DAM,MCL,LMP_LOSS_PRC,BAYSHOR2_1_N001,ALL,1,2.29744,484
2017-09-25T07:00:00-00:00,2017-09-25T08:00:00-00:00,2017-09-25,1,0,BAYSHOR2_1_N001,BAYSHOR2_1_N001,BAYSHOR2_1_N001,DAM,MCL,LMP_LOSS_PRC,BAYSHOR2_1_N001,ALL,1,0.73406,484
2017-09-25T13:00:00-00:00,2017-09-25T14:00:00-00:00,2017-09-25,7,0,BAYSHOR2_1_N001,BAYSHOR2_1_N001,BAYSHOR2_1_N001,DAM,MCL,LMP_LOSS_PRC,BAYSHOR2_1_N001,ALL,1,1.18498,484
2017-09-25T18:00:00-00:00,2017-09-25T19:00:00-00:00,2017-09-25,12,0,BAYSHOR2_1_N001,BAYSHOR2_1_N001,BAYSHOR2_1_N001,DAM,MCL,LMP_LOSS_PRC,BAYSHOR2_1_N001,ALL,1,1.56006,484
2017-09-26T04:00:00-00:00,2017-09-26T05:00:00-00:00,2017-09-25,22,0,BAYSHOR2_1_N001,BAYSHOR2_1_N001,BAYSHOR2_1_N001,DAM,MCL,LMP_LOSS_PRC,BAYSHOR2_1_N001,ALL,1,1.40867,484
2017-09-26T05:00:00-00:00,2017-09-26T06:00:00-00:00,2017-09-25,23,0,BAYSHOR2_1_N001,BAYSHOR2_1_N001,BAYSHOR2_1_N001,DAM,MCL,LMP_LOSS_PRC,BAYSHOR2_1_N001,ALL,1,1.30472,484
2017-09-25T11:00:00-00:00,2017-09-25T12:00:00-00:00,2017-09-25,5,0,BAYSHOR2_1_N001,BAYSHOR2_1_N001,BAYSHOR2_1_N001,DAM,MCL,LMP_LOSS_PRC,BAYSHOR2_1_N001,ALL,1,0.84454,484
2017-09-25T17:00:00-00:00,2017-09-25T18:00:00-00:00,2017-09-25,11,0,BAYSHOR2_1_N001,BAYSHOR2_1_N001,BAYSHOR2_1_N001,DAM,MCL,LMP_LOSS_PRC,BAYSHOR2_1_N001,ALL,1,1.50817,484
2017-09-25T20:00:00-00:00,2017-09-25T21:00:00-00:00,2017-09-25,14,0,BAYSHOR2_1_N001,BAYSHOR2_1_N001,BAYSHOR2_1_N001,DAM,MCL,LMP_LOSS_PRC,BAYSHOR2_1_N001,ALL,1,1.80021,484
2017-09-26T00:00:00-00:00,2017-09-26T01:00:00-00:00,2017-09-25,18,0,BAYSHOR2_1_N001,BAYSHOR2_1_N001,BAYSHOR2_1_N001,DAM,MCL,LMP_LOSS_PRC,BAYSHOR2_1_N001,ALL,1,2.56692,484
2017-09-25T10:00:00-00:00,2017-09-25T11:00:00-00:00,2017-09-25,4,0,BAYSHOR2_1_N001,BAYSHOR2_1_N001,BAYSHOR2_1_N001,DAM,MCL,LMP_LOSS_PRC,BAYSHOR2_1_N001,ALL,1,0.79822,484
2017-09-25T16:00:00-00:00,2017-09-25T17:00:00-00:00,2017-09-25,10,0,BAYSHOR2_1_N001,BAYSHOR2_1_N001,BAYSHOR2_1_N001,DAM,MCL,LMP_LOSS_PRC,BAYSHOR2_1_N001,ALL,1,1.46992,484
2017-09-25T15:00:00-00:00,2017-09-25T16:00:00-00:00,2017-09-25,9,0,BAYSHOR2_1_N001,BAYSHOR2_1_N001,BAYSHOR2_1_N001,DAM,MCL,LMP_LOSS_PRC,BAYSHOR2_1_N001,ALL,1,1.83137,484
2017-09-25T12:00:00-00:00,2017-09-25T13:00:00-00:00,2017-09-25,6,0,BAYSHOR2_1_N001,BAYSHOR2_1_N001,BAYSHOR2_1_N001,DAM,MCL,LMP_LOSS_PRC,BAYSHOR2_1_N001,ALL,1,0.89982,484
2017-09-25T17:00:00-00:00,2017-09-25T18:00:00-00:00,2017-09-25,11,0,TH_NP15_GEN-APND,TH_NP15_GEN-APND,TH_NP15_GEN-APND,DAM,LMP,LMP_PRC,TH_NP15_GEN-APND,ALL_APNODES,0,20.92837,485
2017-09-25T15:00:00-00:00,2017-09-25T16:00:00-00:00,2017-09-25,9,0,TH_NP15_GEN-APND,TH_NP15_GEN-APND,TH_NP15_GEN-APND,DAM,LMP,LMP_PRC,TH_NP15_GEN-APND,ALL_APNODES,0,27.97453,485
2017-09-26T00:00:00-00:00,2017-09-26T01:00:00-00:00,2017-09-25,18,0,TH_NP15_GEN-APND,TH_NP15_GEN-APND,TH_NP15_GEN-APND,DAM,LMP,LMP_PRC,TH_NP15_GEN-APND,ALL_APNODES,0,42.10004,485
2017-09-25T22:00:00-00:00,2017-09-25T23:00:00-00:00,2017-09-25,16,0,TH_NP15_GEN-APND,TH_NP15_GEN-APND,TH_NP15_GEN-APND,DAM,LMP,LMP_PRC,TH_NP15_GEN-APND,ALL_APNODES,0,31.70078,485
2017-09-25T19:00:00-00:00,2017-09-25T20:00:00-00:00,2017-09-25,13,0,TH_NP15_GEN-APND,TH_NP15_GEN-APND,TH_NP15_GEN-APND,DAM,LMP,LMP_PRC,TH_NP15_GEN-APND,ALL_APNODES,0,25.42423,485
2017-09-26T05:00:00-00:00,2017-09-26T06:00:00-00:00,2017-09-25,23,0,TH_NP15_GEN-APND,TH_NP15_GEN-APND,TH_NP15_GEN-APND,DAM,LMP,LMP_PRC,TH_NP15_GEN-APND,ALL_APNODES,0,35.09723,485
2017-09-25T23:00:00-00:00,2017-09-26T00:00:00-00:00,2017-09-25,17,0,TH_NP15_GEN-APND,TH_NP15_GEN-APND,TH_NP15_GEN-APND,DAM,LMP,LMP_PRC,TH_NP15_GEN-APND,ALL_APNODES,0,36.01116,485
2017-09-25T21:00:00-00:00,2017-09-25T22:00:00-00:00,2017-09-25,15,0,TH_NP15_GEN-APND,TH_NP15_GEN-APND,TH_NP15_GEN-APND,DAM,LMP,LMP_PRC,TH_NP15_GEN-APND,ALL_APNODES,0,29.48511,485
2017-09-25T08:00:00-00:00,2017-09-25T09:00:00-00:00,2017-09-25,2,0,TH_NP15_GEN-APND,TH_NP15_GEN-APND,TH_NP15_GEN-APND,DAM,LMP,LMP_PRC,TH_NP15_GEN-APND,ALL_APNODES,0,28.37871,485
2017-09-26T02:00:00-00:00,2017-09-26T03:00:00-00:00,2017-09-25,20,0,TH_NP15_GEN-APND,TH_NP15_GEN-APND,TH_NP15_GEN-APND,DAM,LMP,LMP_PRC,TH_NP15_GEN-APND,ALL_APNODES,0,66.20349,485
2017-09-26T01:00:00-00:00,2017-09-26T02:00:00-00:00,2017-09-25,19,0,TH_NP15_GEN-APND,TH_NP15_GEN-APND,TH_NP15_GEN-APND,DAM,LMP,LMP_PRC,TH_NP15_GEN-APND,ALL_APNODES,0,59.53179,485
2017-09-25T12:00:00-00:00,2017-09-25T13:00:00-00:00,2017-09-25,6,0,TH_NP15_GEN-APND,TH_NP15_GEN-APND,TH_NP15_GEN-APND,DAM,LMP,LMP_PRC,TH_NP15_GEN-APND,ALL_APNODES,0,31.51556,485
2017-09-26T04:00:00-00:00,2017-09-26T05:00:00-00:00,2017-09-25,22,0,TH_NP15_GEN-APND,TH_NP15_GEN-APND,TH_NP15_GEN-APND,DAM,LMP,LMP_PRC,TH_NP15_GEN-APND,ALL_APNODES,0,38.94922,485
2017-09-25T20:00:00-00:00,2017-09-25T21:00:00-00:00,2017-09-25,14,0,TH_NP15_GEN-APND,TH_NP15_GEN-APND,TH_NP15_GEN-APND,DAM,LMP,LMP_PRC,TH_NP15_GEN-APND,ALL_APNODES,0,27.44562,485
2017-09-25T18:00:00-00:00,2017-09-25T19:00:00-00:00,2017-09-25,12,0,TH_NP15_GEN-APND,TH_NP15_GEN-APND,TH_NP15_GEN-APND,DAM,LMP,LMP_PRC,TH_NP15_GEN-APND,ALL_APNODES,0,22.26428,485
2017-09-25T13:00:00-00:00,2017-09-25T14:00:00-00:00,2017-09-25,7,0,TH_NP15_GEN-APND,TH_NP15_GEN-APND,TH_NP15_GEN-APND,DAM,LMP,LMP_PRC,TH_NP15_GEN-APND,ALL_APNODES,0,35.92706,485
2017-09-25T11:00:00-00:00,2017-09-25T12:00:00-00:00,2017-09-25,5,0,TH_NP15_GEN-APND,TH_NP15_GEN-APND,TH_NP15_GEN-APND,DAM,LMP,LMP_PRC,TH_NP15_GEN-APND,ALL_APNODES,0,27.67115,485
2017-09-25T07:00:00-00:00,2017-09-25T08:00:00-00:00,2017-09-25,1,0,TH_NP15_GEN-APND,TH_NP15_GEN-APND,TH_NP15_GEN-APND,DAM,LMP,LMP_PRC,TH_NP15_GEN-APND,ALL_APNODES,0,28.09714,485
2017-09-26T06:00:00-00:00,2017-09-26T07:00:00-00:00,2017-09-25,24,0,TH_NP15_GEN-APND,TH_NP15_GEN-APND,TH_NP15_GEN-APND,DAM,LMP,LMP_PRC,TH_NP15_GEN-APND,ALL_APNODES,0,30.91183,485
2017-09-26T03:00:00-00:00,2017-09-26T04:00:00-00:00,2017-09-25,21,0,TH_NP15_GEN-APND,TH_NP15_GEN-APND,TH_NP15_GEN-APND,DAM,LMP,LMP_PRC,TH_NP15_GEN-APND,ALL_APNODES,0,49.53875,485
2017-09-25T14:00:00-00:00,2017-09-25T15:00:00-00:00,2017-09-25,8,0,TH_NP15_GEN-APND,TH_NP15_GEN-APND,TH_NP15_GEN-APND,DAM,LMP,LMP_PRC,TH_NP15_GEN-APND,ALL_APNODES,0,34.61687,485
2017-09-25T10:00:00-00:00,2017-09-25T11:00:00-00:00,2017-09-25,4,0,TH_NP15_GEN-APND,TH_NP15_GEN-APND,TH_NP15_GEN-APND,DAM,LMP,LMP_PRC,TH_NP15_GEN-APND,ALL_APNODES,0,27.26608,485
2017-09-25T16:00:00-00:00,2017-09-25T17:00:00-00:00,2017-09-25,10,0,TH_NP15_GEN-APND,TH_NP15_GEN-APND,TH_NP15_GEN-APND,DAM,LMP,LMP_PRC,TH_NP15_GEN-APND,ALL_APNODES,0,21.04941,485
2017-09-25T09:00:00-00:00,2017-09-25T10:00:00-00:00,2017-09-25,3,0,TH_NP15_GEN-APND,TH_NP15_GEN-APND,TH_NP15_GEN-APND,DAM,LMP,LMP_PRC,TH_NP15_GEN-APND,ALL_APNODES,0,27.59868,485
2017-09-26T04:00:00-00:00,2017-09-26T05:00:00-00:00,2017-09-25,22,0,TH_NP15_GEN-APND,TH_NP15_GEN-APND,TH_NP15_GEN-APND,DAM,MCC,LMP_CONG_PRC,TH_NP15_GEN-APND,ALL_APNODES,0,-0.20876,486
2017-09-25T21:00:00-00:00,2017-09-25T22:00:00-00:00,2017-09-25,15,0,TH_NP15_GEN-APND,TH_NP15_GEN-APND,TH_NP15_GEN-APND,DAM,MCC,LMP_CONG_PRC,TH_NP15_GEN-APND,ALL_APNODES,0,-0.72382,486
2017-09-25T13:00:00-00:00,2017-09-25T14:00:00-00:00,2017-09-25,7,0,TH_NP15_GEN-APND,TH_NP15_GEN-APND,TH_NP15_GEN-APND,DAM,MCC,LMP_CONG_PRC,TH_NP15_GEN-APND,ALL_APNODES,0,-0.13271,486
2017-09-25T17:00:00-00:00,2017-09-25T18:00:00-00:00,2017-09-25,11,0,TH_NP15_GEN-APND,TH_NP15_GEN-APND,TH_NP15_GEN-APND,DAM,MCC,LMP_CONG_PRC,TH_NP15_GEN-APND,ALL_APNODES,0,-0.93586,486
2017-09-25T12:00:00-00:00,2017-09-25T13:00:00-00:00,2017-09-25,6,0,TH_NP15_GEN-APND,TH_NP15_GEN-APND,TH_NP15_GEN-APND,DAM,MCC,LMP_CONG_PRC,TH_NP15_GEN-APND,ALL_APNODES,0,-0.06412,486
2017-09-25T08:00:00-00:00,2017-09-25T09:00:00-00:00,2017-09-25,2,0,TH_NP15_GEN-APND,TH_NP15_GEN-APND,TH_NP15_GEN-APND,DAM,MCC,LMP_CONG_PRC,TH_NP15_GEN-APND,ALL_APNODES,0,0,486
2017-09-25T16:00:00-00:00,2017-09-25T17:00:00-00:00,2017-09-25,10,0,TH_NP15_GEN-APND,TH_NP15_GEN-APND,TH_NP15_GEN-APND,DAM,MCC,LMP_CONG_PRC,TH_NP15_GEN-APND,ALL_APNODES,0,-0.64635,486
2017-09-25T15:00:00-00:00,2017-09-25T16:00:00-00:00,2017-09-25,9,0,TH_NP15_GEN-APND,TH_NP15_GEN-APND,TH_NP15_GEN-APND,DAM,MCC,LMP_CONG_PRC,TH_NP15_GEN-APND,ALL_APNODES,0,-0.59146,486
2017-09-26T03:00:00-00:00,2017-09-26T04:00:00-00:00,2017-09-25,21,0,TH_NP15_GEN-APND,TH_NP15_GEN-APND,TH_NP15_GEN-APND,DAM,MCC,LMP_CONG_PRC,TH_NP15_GEN-APND,ALL_APNODES,0,-0.68196,486
2017-09-25T20:00:00-00:00,2017-09-25T21:00:00-00:00,2017-09-25,14,0,TH_NP15_GEN-APND,TH_NP15_GEN-APND,TH_NP15_GEN-APND,DAM,MCC,LMP_CONG_PRC,TH_NP15_GEN-APND,ALL_APNODES,0,-1.24979,486
2017-09-26T01:00:00-00:00,2017-09-26T02:00:00-00:00,2017-09-25,19,0,TH_NP15_GEN-APND,TH_NP15_GEN-APND,TH_NP15_GEN-APND,DAM,MCC,LMP_CONG_PRC,TH_NP15_GEN-APND,ALL_APNODES,0,-0.76164,486
2017-09-25T19:00:00-00:00,2017-09-25T20:00:00-00:00,2017-09-25,13,0,TH_NP15_GEN-APND,TH_NP15_GEN-APND,TH_NP15_GEN-APND,DAM,MCC,LMP_CONG_PRC,TH_NP15_GEN-APND,ALL_APNODES,0,-1.53397,486
2017-09-25T11:00:00-00:00,2017-09-25T12:00:00-00:00,2017-09-25,5,0,TH_NP15_GEN-APND,TH_NP15_GEN-APND,TH_NP15_GEN-APND,DAM,MCC,LMP_CONG_PRC,TH_NP15_GEN-APND,ALL_APNODES,0,0,486
2017-09-25T09:00:00-00:00,2017-09-25T10:00:00-00:00,2017-09-25,3,0,TH_NP15_GEN-APND,TH_NP15_GEN-APND,TH_NP15_GEN-APND,DAM,MCC,LMP_CONG_PRC,TH_NP15_GEN-APND,ALL_APNODES,0,0,486
2017-09-26T00:00:00-00:00,2017-09-26T01:00:00-00:00,2017-09-25,18,0,TH_NP15_GEN-APND,TH_NP15_GEN-APND,TH_NP15_GEN-APND,DAM,MCC,LMP_CONG_PRC,TH_NP15_GEN-APND,ALL_APNODES,0,-0.33465,486
2017-09-25T22:00:00-00:00,2017-09-25T23:00:00-00:00,2017-09-25,16,0,TH_NP15_GEN-APND,TH_NP15_GEN-APND,TH_NP15_GEN-APND,DAM,MCC,LMP_CONG_PRC,TH_NP15_GEN-APND,ALL_APNODES,0,-0.12015,486
2017-09-25T14:00:00-00:00,2017-09-25T15:00:00-00:00,2017-09-25,8,0,TH_NP15_GEN-APND,TH_NP15_GEN-APND,TH_NP15_GEN-APND,DAM,MCC,LMP_CONG_PRC,TH_NP15_GEN-APND,ALL_APNODES,0,-0.64373,486
2017-09-26T05:00:00-00:00,2017-09-26T06:00:00-00:00,2017-09-25,23,0,TH_NP15_GEN-APND,TH_NP15_GEN-APND,TH_NP15_GEN-APND,DAM,MCC,LMP_CONG_PRC,TH_NP15_GEN-APND,ALL_APNODES,0,0,486
2017-09-25T18:00:00-00:00,2017-09-25T19:00:00-00:00,2017-09-25,12,0,TH_NP15_GEN-APND,TH_NP15_GEN-APND,TH_NP15_GEN-APND,DAM,MCC,LMP_CONG_PRC,TH_NP15_GEN-APND,ALL_APNODES,0,-0.98501,486
2017-09-25T07:00:00-00:00,2017-09-25T08:00:00-00:00,2017-09-25,1,0,TH_NP15_GEN-APND,TH_NP15_GEN-APND,TH_NP15_GEN-APND,DAM,MCC,LMP_CONG_PRC,TH_NP15_GEN-APND,ALL_APNODES,0,0,486
2017-09-25T23:00:00-00:00,2017-09-26T00:00:00-00:00,2017-09-25,17,0,TH_NP15_GEN-APND,TH_NP15_GEN-APND,TH_NP15_GEN-APND,DAM,MCC,LMP_CONG_PRC,TH_NP15_GEN-APND,ALL_APNODES,0,0,486
2017-09-25T10:00:00-00:00,2017-09-25T11:00:00-00:00,2017-09-25,4,0,TH_NP15_GEN-APND,TH_NP15_GEN-APND,TH_NP15_GEN-APND,DAM,MCC,LMP_CONG_PRC,TH_NP15_GEN-APND,ALL_APNODES,0,0,486
2017-09-26T06:00:00-00:00,2017-09-26T07:00:00-00:00,2017-09-25,24,0,TH_NP15_GEN-APND,TH_NP15_GEN-APND,TH_NP15_GEN-APND,DAM,MCC,LMP_CONG_PRC,TH_NP15_GEN-APND,ALL_APNODES,0,0,486
2017-09-26T02:00:00-00:00,2017-09-26T03:00:00-00:00,2017-09-25,20,0,TH_NP15_GEN-APND,TH_NP15_GEN-APND,TH_NP15_GEN-APND,DAM,MCC,LMP_CONG_PRC,TH_NP15_GEN-APND,ALL_APNODES,0,-1.16951,486
2017-09-25T08:00:00-00:00,2017-09-25T09:00:00-00:00,2017-09-25,2,0,TH_NP15_GEN-APND,TH_NP15_GEN-APND,TH_NP15_GEN-APND,DAM,MCE,LMP_ENE_PRC,TH_NP15_GEN-APND,ALL_APNODES,0,28.67405,487
2017-09-25T15:00:00-00:00,2017-09-25T16:00:00-00:00,2017-09-25,9,0,TH_NP15_GEN-APND,TH_NP15_GEN-APND,TH_NP15_GEN-APND,DAM,MCE,LMP_ENE_PRC,TH_NP15_GEN-APND,ALL_APNODES,0,28.30558,487
2017-09-26T01:00:00-00:00,2017-09-26T02:00:00-00:00,2017-09-25,19,0,TH_NP15_GEN-APND,TH_NP15_GEN-APND,TH_NP15_GEN-APND,DAM,MCE,LMP_ENE_PRC,TH_NP15_GEN-APND,ALL_APNODES,0,60.49305,487
2017-09-26T04:00:00-00:00,2017-09-26T05:00:00-00:00,2017-09-25,22,0,TH_NP15_GEN-APND,TH_NP15_GEN-APND,TH_NP15_GEN-APND,DAM,MCE,LMP_ENE_PRC,TH_NP15_GEN-APND,ALL_APNODES,0,39.56951,487
2017-09-25T18:00:00-00:00,2017-09-25T19:00:00-00:00,2017-09-25,12,0,TH_NP15_GEN-APND,TH_NP15_GEN-APND,TH_NP15_GEN-APND,DAM,MCE,LMP_ENE_PRC,TH_NP15_GEN-APND,ALL_APNODES,0,22.97588,487
2017-09-25T22:00:00-00:00,2017-09-25T23:00:00-00:00,2017-09-25,16,0,TH_NP15_GEN-APND,TH_NP15_GEN-APND,TH_NP15_GEN-APND,DAM,MCE,LMP_ENE_PRC,TH_NP15_GEN-APND,ALL_APNODES,0,31.52148,487
2017-09-26T00:00:00-00:00,2017-09-26T01:00:00-00:00,2017-09-25,18,0,TH_NP15_GEN-APND,TH_NP15_GEN-APND,TH_NP15_GEN-APND,DAM,MCE,LMP_ENE_PRC,TH_NP15_GEN-APND,ALL_APNODES,0,42.35844,487
2017-09-26T02:00:00-00:00,2017-09-26T03:00:00-00:00,2017-09-25,20,0,TH_NP15_GEN-APND,TH_NP15_GEN-APND,TH_NP15_GEN-APND,DAM,MCE,LMP_ENE_PRC,TH_NP15_GEN-APND,ALL_APNODES,0,67.80015,487
2017-09-25T21:00:00-00:00,2017-09-25T22:00:00-00:00,2017-09-25,15,0,TH_NP15_GEN-APND,TH_NP15_GEN-APND,TH_NP15_GEN-APND,DAM,MCE,LMP_ENE_PRC,TH_NP15_GEN-APND,ALL_APNODES,0,30.06762,487
2017-09-25T07:00:00-00:00,2017-09-25T08:00:00-00:00,2017-09-25,1,0,TH_NP15_GEN-APND,TH_NP15_GEN-APND,TH_NP15_GEN-APND,DAM,MCE,LMP_ENE_PRC,TH_NP15_GEN-APND,ALL_APNODES,0,28.56271,487
2017-09-25T09:00:00-00:00,2017-09-25T10:00:00-00:00,2017-09-25,3,0,TH_NP15_GEN-APND,TH_NP15_GEN-APND,TH_NP15_GEN-APND,DAM,MCE,LMP_ENE_PRC,TH_NP15_GEN-APND,ALL_APNODES,0,27.84932,487
2017-09-25T16:00:00-00:00,2017-09-25T17:00:00-00:00,2017-09-25,10,0,TH_NP15_GEN-APND,TH_NP15_GEN-APND,TH_NP15_GEN-APND,DAM,MCE,LMP_ENE_PRC,TH_NP15_GEN-APND,ALL_APNODES,0,21.39621,487
2017-09-25T17:00:00-00:00,2017-09-25T18:00:00-00:00,2017-09-25,11,0,TH_NP15_GEN-APND,TH_NP15_GEN-APND,TH_NP15_GEN-APND,DAM,MCE,LMP_ENE_PRC,TH_NP15_GEN-APND,ALL_APNODES,0,21.54535,487
2017-09-25T14:00:00-00:00,2017-09-25T15:00:00-00:00,2017-09-25,8,0,TH_NP15_GEN-APND,TH_NP15_GEN-APND,TH_NP15_GEN-APND,DAM,MCE,LMP_ENE_PRC,TH_NP15_GEN-APND,ALL_APNODES,0,35.62756,487
2017-09-25T20:00:00-00:00,2017-09-25T21:00:00-00:00,2017-09-25,14,0,TH_NP15_GEN-APND,TH_NP15_GEN-APND,TH_NP15_GEN-APND,DAM,MCE,LMP_ENE_PRC,TH_NP15_GEN-APND,ALL_APNODES,0,28.39443,487
2017-09-26T05:00:00-00:00,2017-09-26T06:00:00-00:00,2017-09-25,23,0,TH_NP15_GEN-APND,TH_NP15_GEN-APND,TH_NP15_GEN-APND,DAM,MCE,LMP_ENE_PRC,TH_NP15_GEN-APND,ALL_APNODES,0,35.16756,487
2017-09-25T10:00:00-00:00,2017-09-25T11:00:00-00:00,2017-09-25,4,0,TH_NP15_GEN-APND,TH_NP15_GEN-APND,TH_NP15_GEN-APND,DAM,MCE,LMP_ENE_PRC,TH_NP15_GEN-APND,ALL_APNODES,0,27.52481,487
2017-09-25T23:00:00-00:00,2017-09-26T00:00:00-00:00,2017-09-25,17,0,TH_NP15_GEN-APND,TH_NP15_GEN-APND,TH_NP15_GEN-APND,DAM,MCE,LMP_ENE_PRC,TH_NP15_GEN-APND,ALL_APNODES,0,35.78571,487
2017-09-26T06:00:00-00:00,2017-09-26T07:00:00-00:00,2017-09-25,24,0,TH_NP15_GEN-APND,TH_NP15_GEN-APND,TH_NP15_GEN-APND,DAM,MCE,LMP_ENE_PRC,TH_NP15_GEN-APND,ALL_APNODES,0,30.96447,487
2017-09-25T11:00:00-00:00,2017-09-25T12:00:00-00:00,2017-09-25,5,0,TH_NP15_GEN-APND,TH_NP15_GEN-APND,TH_NP15_GEN-APND,DAM,MCE,LMP_ENE_PRC,TH_NP15_GEN-APND,ALL_APNODES,0,27.96479,487
2017-09-25T12:00:00-00:00,2017-09-25T13:00:00-00:00,2017-09-25,6,0,TH_NP15_GEN-APND,TH_NP15_GEN-APND,TH_NP15_GEN-APND,DAM,MCE,LMP_ENE_PRC,TH_NP15_GEN-APND,ALL_APNODES,0,31.90833,487
2017-09-25T19:00:00-00:00,2017-09-25T20:00:00-00:00,2017-09-25,13,0,TH_NP15_GEN-APND,TH_NP15_GEN-APND,TH_NP15_GEN-APND,DAM,MCE,LMP_ENE_PRC,TH_NP15_GEN-APND,ALL_APNODES,0,26.69921,487
2017-09-26T03:00:00-00:00,2017-09-26T04:00:00-00:00,2017-09-25,21,0,TH_NP15_GEN-APND,TH_NP15_GEN-APND,TH_NP15_GEN-APND,DAM,MCE,LMP_ENE_PRC,TH_NP15_GEN-APND,ALL_APNODES,0,50.6768,487
2017-09-25T13:00:00-00:00,2017-09-25T14:00:00-00:00,2017-09-25,7,0,TH_NP15_GEN-APND,TH_NP15_GEN-APND,TH_NP15_GEN-APND,DAM,MCE,LMP_ENE_PRC,TH_NP15_GEN-APND,ALL_APNODES,0,36.46084,487
2017-09-26T01:00:00-00:00,2017-09-26T02:00:00-00:00,2017-09-25,19,0,TH_NP15_GEN-APND,TH_NP15_GEN-APND,TH_NP15_GEN-APND,DAM,MCL,LMP_LOSS_PRC,TH_NP15_GEN-APND,ALL_APNODES,0,-0.19963,488
2017-09-25T16:00:00-00:00,2017-09-25T17:00:00-00:00,2017-09-25,10,0,TH_NP15_GEN-APND,TH_NP15_GEN-APND,TH_NP15_GEN-APND,DAM,MCL,LMP_LOSS_PRC,TH_NP15_GEN-APND,ALL_APNODES,0,0.29955,488
2017-09-25T15:00:00-00:00,2017-09-25T16:00:00-00:00,2017-09-25,9,0,TH_NP15_GEN-APND,TH_NP15_GEN-APND,TH_NP15_GEN-APND,DAM,MCL,LMP_LOSS_PRC,TH_NP15_GEN-APND,ALL_APNODES,0,0.26041,488
2017-09-25T18:00:00-00:00,2017-09-25T19:00:00-00:00,2017-09-25,12,0,TH_NP15_GEN-APND,TH_NP15_GEN-APND,TH_NP15_GEN-APND,DAM,MCL,LMP_LOSS_PRC,TH_NP15_GEN-APND,ALL_APNODES,0,0.27341,488
2017-09-25T09:00:00-00:00,2017-09-25T10:00:00-00:00,2017-09-25,3,0,TH_NP15_GEN-APND,TH_NP15_GEN-APND,TH_NP15_GEN-APND,DAM,MCL,LMP_LOSS_PRC,TH_NP15_GEN-APND,ALL_APNODES,0,-0.25064,488
2017-09-25T13:00:00-00:00,2017-09-25T14:00:00-00:00,2017-09-25,7,0,TH_NP15_GEN-APND,TH_NP15_GEN-APND,TH_NP15_GEN-APND,DAM,MCL,LMP_LOSS_PRC,TH_NP15_GEN-APND,ALL_APNODES,0,-0.40107,488
2017-09-25T20:00:00-00:00,2017-09-25T21:00:00-00:00,2017-09-25,14,0,TH_NP15_GEN-APND,TH_NP15_GEN-APND,TH_NP15_GEN-APND,DAM,MCL,LMP_LOSS_PRC,TH_NP15_GEN-APND,ALL_APNODES,0,0.30098,488
2017-09-26T03:00:00-00:00,2017-09-26T04:00:00-00:00,2017-09-25,21,0,TH_NP15_GEN-APND,TH_NP15_GEN-APND,TH_NP15_GEN-APND,DAM,MCL,LMP_LOSS_PRC,TH_NP15_GEN-APND,ALL_APNODES,0,-0.45609,488
2017-09-25T07:00:00-00:00,2017-09-25T08:00:00-00:00,2017-09-25,1,0,TH_NP15_GEN-APND,TH_NP15_GEN-APND,TH_NP15_GEN-APND,DAM,MCL,LMP_LOSS_PRC,TH_NP15_GEN-APND,ALL_APNODES,0,-0.46557,488
2017-09-25T23:00:00-00:00,2017-09-26T00:00:00-00:00,2017-09-25,17,0,TH_NP15_GEN-APND,TH_NP15_GEN-APND,TH_NP15_GEN-APND,DAM,MCL,LMP_LOSS_PRC,TH_NP15_GEN-APND,ALL_APNODES,0,0.22545,488
2017-09-26T06:00:00-00:00,2017-09-26T07:00:00-00:00,2017-09-25,24,0,TH_NP15_GEN-APND,TH_NP15_GEN-APND,TH_NP15_GEN-APND,DAM,MCL,LMP_LOSS_PRC,TH_NP15_GEN-APND,ALL_APNODES,0,-0.05264,488
2017-09-25T14:00:00-00:00,2017-09-25T15:00:00-00:00,2017-09-25,8,0,TH_NP15_GEN-APND,TH_NP15_GEN-APND,TH_NP15_GEN-APND,DAM,MCL,LMP_LOSS_PRC,TH_NP15_GEN-APND,ALL_APNODES,0,-0.36696,488
2017-09-25T10:00:00-00:00,2017-09-25T11:00:00-00:00,2017-09-25,4,0,TH_NP15_GEN-APND,TH_NP15_GEN-APND,TH_NP15_GEN-APND,DAM,MCL,LMP_LOSS_PRC,TH_NP15_GEN-APND,ALL_APNODES,0,-0.25873,488
2017-09-25T11:00:00-00:00,2017-09-25T12:00:00-00:00,2017-09-25,5,0,TH_NP15_GEN-APND,TH_NP15_GEN-APND,TH_NP15_GEN-APND,DAM,MCL,LMP_LOSS_PRC,TH_NP15_GEN-APND,ALL_APNODES,0,-0.29363,488
2017-09-25T12:00:00-00:00,2017-09-25T13:00:00-00:00,2017-09-25,6,0,TH_NP15_GEN-APND,TH_NP15_GEN-APND,TH_NP15_GEN-APND,DAM,MCL,LMP_LOSS_PRC,TH_NP15_GEN-APND,ALL_APNODES,0,-0.32866,488
2017-09-25T19:00:00-00:00,2017-09-25T20:00:00-00:00,2017-09-25,13,0,TH_NP15_GEN-APND,TH_NP15_GEN-APND,TH_NP15_GEN-APND,DAM,MCL,LMP_LOSS_PRC,TH_NP15_GEN-APND,ALL_APNODES,0,0.25898,488
2017-09-25T22:00:00-00:00,2017-09-25T23:00:00-00:00,2017-09-25,16,0,TH_NP15_GEN-APND,TH_NP15_GEN-APND,TH_NP15_GEN-APND,DAM,MCL,LMP_LOSS_PRC,TH_NP15_GEN-APND,ALL_APNODES,0,0.29945,488
2017-09-26T00:00:00-00:00,2017-09-26T01:00:00-00:00,2017-09-25,18,0,TH_NP15_GEN-APND,TH_NP15_GEN-APND,TH_NP15_GEN-APND,DAM,MCL,LMP_LOSS_PRC,TH_NP15_GEN-APND,ALL_APNODES,0,0.07625,488
2017-09-26T02:00:00-00:00,2017-09-26T03:00:00-00:00,2017-09-25,20,0,TH_NP15_GEN-APND,TH_NP15_GEN-APND,TH_NP15_GEN-APND,DAM,MCL,LMP_LOSS_PRC,TH_NP15_GEN-APND,ALL_APNODES,0,-0.42714,488
2017-09-26T04:00:00-00:00,2017-09-26T05:00:00-00:00,2017-09-25,22,0,TH_NP15_GEN-APND,TH_NP15_GEN-APND,TH_NP15_GEN-APND,DAM,MCL,LMP_LOSS_PRC,TH_NP15_GEN-APND,ALL_APNODES,0,-0.41152,488
2017-09-25T17:00:00-00:00,2017-09-25T18:00:00-00:00,2017-09-25,11,0,TH_NP15_GEN-APND,TH_NP15_GEN-APND,TH_NP15_GEN-APND,DAM,MCL,LMP_LOSS_PRC,TH_NP15_GEN-APND,ALL_APNODES,0,0.31887,488
2017-09-25T21:00:00-00:00,2017-09-25T22:00:00-00:00,2017-09-25,15,0,TH_NP15_GEN-APND,TH_NP15_GEN-APND,TH_NP15_GEN-APND,DAM,MCL,LMP_LOSS_PRC,TH_NP15_GEN-APND,ALL_APNODES,0,0.14132,488
2017-09-25T08:00:00-00:00,2017-09-25T09:00:00-00:00,2017-09-25,2,0,TH_NP15_GEN-APND,TH_NP15_GEN-APND,TH_NP15_GEN-APND,DAM,MCL,LMP_LOSS_PRC,TH_NP15_GEN-APND,ALL_APNODES,0,-0.29534,488
2017-09-26T05:00:00-00:00,2017-09-26T06:00:00-00:00,2017-09-25,23,0,TH_NP15_GEN-APND,TH_NP15_GEN-APND,TH_NP15_GEN-APND,DAM,MCL,LMP_LOSS_PRC,TH_NP15_GEN-APND,ALL_APNODES,0,-0.07034,488
2017-09-26T04:00:00-00:00,2017-09-26T05:00:00-00:00,2017-09-25,22,0,TH_SP15_GEN-APND,TH_SP15_GEN-APND,TH_SP15_GEN-APND,DAM,LMP,LMP_PRC,TH_SP15_GEN-APND,ALL_APNODES,0,38.10939,489
2017-09-26T05:00:00-00:00,2017-09-26T06:00:00-00:00,2017-09-25,23,0,TH_SP15_GEN-APND,TH_SP15_GEN-APND,TH_SP15_GEN-APND,DAM,LMP,LMP_PRC,TH_SP15_GEN-APND,ALL_APNODES,0,33.79251,489
2017-09-25T13:00:00-00:00,2017-09-25T14:00:00-00:00,2017-09-25,7,0,TH_SP15_GEN-APND,TH_SP15_GEN-APND,TH_SP15_GEN-APND,DAM,LMP,LMP_PRC,TH_SP15_GEN-APND,ALL_APNODES,0,35.2941,489
2017-09-25T16:00:00-00:00,2017-09-25T17:00:00-00:00,2017-09-25,10,0,TH_SP15_GEN-APND,TH_SP15_GEN-APND,TH_SP15_GEN-APND,DAM,LMP,LMP_PRC,TH_SP15_GEN-APND,ALL_APNODES,0,20.71069,489
2017-09-26T00:00:00-00:00,2017-09-26T01:00:00-00:00,2017-09-25,18,0,TH_SP15_GEN-APND,TH_SP15_GEN-APND,TH_SP15_GEN-APND,DAM,LMP,LMP_PRC,TH_SP15_GEN-APND,ALL_APNODES,0,40.10497,489
2017-09-26T06:00:00-00:00,2017-09-26T07:00:00-00:00,2017-09-25,24,0,TH_SP15_GEN-APND,TH_SP15_GEN-APND,TH_SP15_GEN-APND,DAM,LMP,LMP_PRC,TH_SP15_GEN-APND,ALL_APNODES,0,29.84665,489
2017-09-25T17:00:00-00:00,2017-09-25T18:00:00-00:00,2017-09-25,11,0,TH_SP15_GEN-APND,TH_SP15_GEN-APND,TH_SP15_GEN-APND,DAM,LMP,LMP_PRC,TH_SP15_GEN-APND,ALL_APNODES,0,21.01414,489
2017-09-25T18:00:00-00:00,2017-09-25T19:00:00-00:00,2017-09-25,12,0,TH_SP15_GEN-APND,TH_SP15_GEN-APND,TH_SP15_GEN-APND,DAM,LMP,LMP_PRC,TH_SP15_GEN-APND,ALL_APNODES,0,22.4153,489
2017-09-25T22:00:00-00:00,2017-09-25T23:00:00-00:00,2017-09-25,16,0,TH_SP15_GEN-APND,TH_SP15_GEN-APND,TH_SP15_GEN-APND,DAM,LMP,LMP_PRC,TH_SP15_GEN-APND,ALL_APNODES,0,29.88064,489
2017-09-25T12:00:00-00:00,2017-09-25T13:00:00-00:00,2017-09-25,6,0,TH_SP15_GEN-APND,TH_SP15_GEN-APND,TH_SP15_GEN-APND,DAM,LMP,LMP_PRC,TH_SP15_GEN-APND,ALL_APNODES,0,31.00852,489
2017-09-25T21:00:00-00:00,2017-09-25T22:00:00-00:00,2017-09-25,15,0,TH_SP15_GEN-APND,TH_SP15_GEN-APND,TH_SP15_GEN-APND,DAM,LMP,LMP_PRC,TH_SP15_GEN-APND,ALL_APNODES,0,29.07969,489
2017-09-26T01:00:00-00:00,2017-09-26T02:00:00-00:00,2017-09-25,19,0,TH_SP15_GEN-APND,TH_SP15_GEN-APND,TH_SP15_GEN-APND,DAM,LMP,LMP_PRC,TH_SP15_GEN-APND,ALL_APNODES,0,57.91,489
2017-09-26T02:00:00-00:00,2017-09-26T03:00:00-00:00,2017-09-25,20,0,TH_SP15_GEN-APND,TH_SP15_GEN-APND,TH_SP15_GEN-APND,DAM,LMP,LMP_PRC,TH_SP15_GEN-APND,ALL_APNODES,0,65,489
2017-09-25T10:00:00-00:00,2017-09-25T11:00:00-00:00,2017-09-25,4,0,TH_SP15_GEN-APND,TH_SP15_GEN-APND,TH_SP15_GEN-APND,DAM,LMP,LMP_PRC,TH_SP15_GEN-APND,ALL_APNODES,0,26.79816,489
2017-09-26T03:00:00-00:00,2017-09-26T04:00:00-00:00,2017-09-25,21,0,TH_SP15_GEN-APND,TH_SP15_GEN-APND,TH_SP15_GEN-APND,DAM,LMP,LMP_PRC,TH_SP15_GEN-APND,ALL_APNODES,0,48.67,489
2017-09-25T11:00:00-00:00,2017-09-25T12:00:00-00:00,2017-09-25,5,0,TH_SP15_GEN-APND,TH_SP15_GEN-APND,TH_SP15_GEN-APND,DAM,LMP,LMP_PRC,TH_SP15_GEN-APND,ALL_APNODES,0,27.2405,489
2017-09-25T14:00:00-00:00,2017-09-25T15:00:00-00:00,2017-09-25,8,0,TH_SP15_GEN-APND,TH_SP15_GEN-APND,TH_SP15_GEN-APND,DAM,LMP,LMP_PRC,TH_SP15_GEN-APND,ALL_APNODES,0,34.64439,489
2017-09-25T20:00:00-00:00,2017-09-25T21:00:00-00:00,2017-09-25,14,0,TH_SP15_GEN-APND,TH_SP15_GEN-APND,TH_SP15_GEN-APND,DAM,LMP,LMP_PRC,TH_SP15_GEN-APND,ALL_APNODES,0,27.73563,489
2017-09-25T07:00:00-00:00,2017-09-25T08:00:00-00:00,2017-09-25,1,0,TH_SP15_GEN-APND,TH_SP15_GEN-APND,TH_SP15_GEN-APND,DAM,LMP,LMP_PRC,TH_SP15_GEN-APND,ALL_APNODES,0,27.89434,489
2017-09-25T08:00:00-00:00,2017-09-25T09:00:00-00:00,2017-09-25,2,0,TH_SP15_GEN-APND,TH_SP15_GEN-APND,TH_SP15_GEN-APND,DAM,LMP,LMP_PRC,TH_SP15_GEN-APND,ALL_APNODES,0,27.91705,489
2017-09-25T09:00:00-00:00,2017-09-25T10:00:00-00:00,2017-09-25,3,0,TH_SP15_GEN-APND,TH_SP15_GEN-APND,TH_SP15_GEN-APND,DAM,LMP,LMP_PRC,TH_SP15_GEN-APND,ALL_APNODES,0,27.10853,489
2017-09-25T15:00:00-00:00,2017-09-25T16:00:00-00:00,2017-09-25,9,0,TH_SP15_GEN-APND,TH_SP15_GEN-APND,TH_SP15_GEN-APND,DAM,LMP,LMP_PRC,TH_SP15_GEN-APND,ALL_APNODES,0,27.26024,489
2017-09-25T19:00:00-00:00,2017-09-25T20:00:00-00:00,2017-09-25,13,0,TH_SP15_GEN-APND,TH_SP15_GEN-APND,TH_SP15_GEN-APND,DAM,LMP,LMP_PRC,TH_SP15_GEN-APND,ALL_APNODES,0,26.05271,489
2017-09-25T23:00:00-00:00,2017-09-26T00:00:00-00:00,2017-09-25,17,0,TH_SP15_GEN-APND,TH_SP15_GEN-APND,TH_SP15_GEN-APND,DAM,LMP,LMP_PRC,TH_SP15_GEN-APND,ALL_APNODES,0,33.75308,489
2017-09-25T12:00:00-00:00,2017-09-25T13:00:00-00:00,2017-09-25,6,0,TH_SP15_GEN-APND,TH_SP15_GEN-APND,TH_SP15_GEN-APND,DAM,MCC,LMP_CONG_PRC,TH_SP15_GEN-APND,ALL_APNODES,0,0,490
2017-09-25T15:00:00-00:00,2017-09-25T16:00:00-00:00,2017-09-25,9,0,TH_SP15_GEN-APND,TH_SP15_GEN-APND,TH_SP15_GEN-APND,DAM,MCC,LMP_CONG_PRC,TH_SP15_GEN-APND,ALL_APNODES,0,0.36145,490
2017-09-25T21:00:00-00:00,2017-09-25T22:00:00-00:00,2017-09-25,15,0,TH_SP15_GEN-APND,TH_SP15_GEN-APND,TH_SP15_GEN-APND,DAM,MCC,LMP_CONG_PRC,TH_SP15_GEN-APND,ALL_APNODES,0,0.46434,490
2017-09-26T00:00:00-00:00,2017-09-26T01:00:00-00:00,2017-09-25,18,0,TH_SP15_GEN-APND,TH_SP15_GEN-APND,TH_SP15_GEN-APND,DAM,MCC,LMP_CONG_PRC,TH_SP15_GEN-APND,ALL_APNODES,0,0,490
2017-09-26T05:00:00-00:00,2017-09-26T06:00:00-00:00,2017-09-25,23,0,TH_SP15_GEN-APND,TH_SP15_GEN-APND,TH_SP15_GEN-APND,DAM,MCC,LMP_CONG_PRC,TH_SP15_GEN-APND,ALL_APNODES,0,0,490
2017-09-25T09:00:00-00:00,2017-09-25T10:00:00-00:00,2017-09-25,3,0,TH_SP15_GEN-APND,TH_SP15_GEN-APND,TH_SP15_GEN-APND,DAM,MCC,LMP_CONG_PRC,TH_SP15_GEN-APND,ALL_APNODES,0,0,490
2017-09-25T16:00:00-00:00,2017-09-25T17:00:00-00:00,2017-09-25,10,0,TH_SP15_GEN-APND,TH_SP15_GEN-APND,TH_SP15_GEN-APND,DAM,MCC,LMP_CONG_PRC,TH_SP15_GEN-APND,ALL_APNODES,0,0.39499,490
2017-09-25T23:00:00-00:00,2017-09-26T00:00:00-00:00,2017-09-25,17,0,TH_SP15_GEN-APND,TH_SP15_GEN-APND,TH_SP15_GEN-APND,DAM,MCC,LMP_CONG_PRC,TH_SP15_GEN-APND,ALL_APNODES,0,0,490
2017-09-26T04:00:00-00:00,2017-09-26T05:00:00-00:00,2017-09-25,22,0,TH_SP15_GEN-APND,TH_SP15_GEN-APND,TH_SP15_GEN-APND,DAM,MCC,LMP_CONG_PRC,TH_SP15_GEN-APND,ALL_APNODES,0,0,490
2017-09-25T17:00:00-00:00,2017-09-25T18:00:00-00:00,2017-09-25,11,0,TH_SP15_GEN-APND,TH_SP15_GEN-APND,TH_SP15_GEN-APND,DAM,MCC,LMP_CONG_PRC,TH_SP15_GEN-APND,ALL_APNODES,0,0.57191,490
2017-09-26T02:00:00-00:00,2017-09-26T03:00:00-00:00,2017-09-25,20,0,TH_SP15_GEN-APND,TH_SP15_GEN-APND,TH_SP15_GEN-APND,DAM,MCC,LMP_CONG_PRC,TH_SP15_GEN-APND,ALL_APNODES,0,0,490
2017-09-26T06:00:00-00:00,2017-09-26T07:00:00-00:00,2017-09-25,24,0,TH_SP15_GEN-APND,TH_SP15_GEN-APND,TH_SP15_GEN-APND,DAM,MCC,LMP_CONG_PRC,TH_SP15_GEN-APND,ALL_APNODES,0,0,490
2017-09-25T13:00:00-00:00,2017-09-25T14:00:00-00:00,2017-09-25,7,0,TH_SP15_GEN-APND,TH_SP15_GEN-APND,TH_SP15_GEN-APND,DAM,MCC,LMP_CONG_PRC,TH_SP15_GEN-APND,ALL_APNODES,0,0,490
2017-09-25T08:00:00-00:00,2017-09-25T09:00:00-00:00,2017-09-25,2,0,TH_SP15_GEN-APND,TH_SP15_GEN-APND,TH_SP15_GEN-APND,DAM,MCC,LMP_CONG_PRC,TH_SP15_GEN-APND,ALL_APNODES,0,0,490
2017-09-26T01:00:00-00:00,2017-09-26T02:00:00-00:00,2017-09-25,19,0,TH_SP15_GEN-APND,TH_SP15_GEN-APND,TH_SP15_GEN-APND,DAM,MCC,LMP_CONG_PRC,TH_SP15_GEN-APND,ALL_APNODES,0,0,490
2017-09-25T19:00:00-00:00,2017-09-25T20:00:00-00:00,2017-09-25,13,0,TH_SP15_GEN-APND,TH_SP15_GEN-APND,TH_SP15_GEN-APND,DAM,MCC,LMP_CONG_PRC,TH_SP15_GEN-APND,ALL_APNODES,0,0.65642,490
2017-09-25T20:00:00-00:00,2017-09-25T21:00:00-00:00,2017-09-25,14,0,TH_SP15_GEN-APND,TH_SP15_GEN-APND,TH_SP15_GEN-APND,DAM,MCC,LMP_CONG_PRC,TH_SP15_GEN-APND,ALL_APNODES,0,0.76376,490
2017-09-25T22:00:00-00:00,2017-09-25T23:00:00-00:00,2017-09-25,16,0,TH_SP15_GEN-APND,TH_SP15_GEN-APND,TH_SP15_GEN-APND,DAM,MCC,LMP_CONG_PRC,TH_SP15_GEN-APND,ALL_APNODES,0,0.07708,490
2017-09-26T03:00:00-00:00,2017-09-26T04:00:00-00:00,2017-09-25,21,0,TH_SP15_GEN-APND,TH_SP15_GEN-APND,TH_SP15_GEN-APND,DAM,MCC,LMP_CONG_PRC,TH_SP15_GEN-APND,ALL_APNODES,0,0,490
2017-09-25T07:00:00-00:00,2017-09-25T08:00:00-00:00,2017-09-25,1,0,TH_SP15_GEN-APND,TH_SP15_GEN-APND,TH_SP15_GEN-APND,DAM,MCC,LMP_CONG_PRC,TH_SP15_GEN-APND,ALL_APNODES,0,0,490
2017-09-25T10:00:00-00:00,2017-09-25T11:00:00-00:00,2017-09-25,4,0,TH_SP15_GEN-APND,TH_SP15_GEN-APND,TH_SP15_GEN-APND,DAM,MCC,LMP_CONG_PRC,TH_SP15_GEN-APND,ALL_APNODES,0,0,490
2017-09-25T11:00:00-00:00,2017-09-25T12:00:00-00:00,2017-09-25,5,0,TH_SP15_GEN-APND,TH_SP15_GEN-APND,TH_SP15_GEN-APND,DAM,MCC,LMP_CONG_PRC,TH_SP15_GEN-APND,ALL_APNODES,0,0,490
2017-09-25T14:00:00-00:00,2017-09-25T15:00:00-00:00,2017-09-25,8,0,TH_SP15_GEN-APND,TH_SP15_GEN-APND,TH_SP15_GEN-APND,DAM,MCC,LMP_CONG_PRC,TH_SP15_GEN-APND,ALL_APNODES,0,0.28517,490
2017-09-25T18:00:00-00:00,2017-09-25T19:00:00-00:00,2017-09-25,12,0,TH_SP15_GEN-APND,TH_SP15_GEN-APND,TH_SP15_GEN-APND,DAM,MCC,LMP_CONG_PRC,TH_SP15_GEN-APND,ALL_APNODES,0,0.57672,490
2017-09-25T17:00:00-00:00,2017-09-25T18:00:00-00:00,2017-09-25,11,0,TH_SP15_GEN-APND,TH_SP15_GEN-APND,TH_SP15_GEN-APND,DAM,MCE,LMP_ENE_PRC,TH_SP15_GEN-APND,ALL_APNODES,0,21.54535,491
2017-09-25T11:00:00-00:00,2017-09-25T12:00:00-00:00,2017-09-25,5,0,TH_SP15_GEN-APND,TH_SP15_GEN-APND,TH_SP15_GEN-APND,DAM,MCE,LMP_ENE_PRC,TH_SP15_GEN-APND,ALL_APNODES,0,27.96479,491
2017-09-25T18:00:00-00:00,2017-09-25T19:00:00-00:00,2017-09-25,12,0,TH_SP15_GEN-APND,TH_SP15_GEN-APND,TH_SP15_GEN-APND,DAM,MCE,LMP_ENE_PRC,TH_SP15_GEN-APND,ALL_APNODES,0,22.97588,491
2017-09-25T12:00:00-00:00,2017-09-25T13:00:00-00:00,2017-09-25,6,0,TH_SP15_GEN-APND,TH_SP15_GEN-APND,TH_SP15_GEN-APND,DAM,MCE,LMP_ENE_PRC,TH_SP15_GEN-APND,ALL_APNODES,0,31.90833,491
2017-09-26T02:00:00-00:00,2017-09-26T03:00:00-00:00,2017-09-25,20,0,TH_SP15_GEN-APND,TH_SP15_GEN-APND,TH_SP15_GEN-APND,DAM,MCE,LMP_ENE_PRC,TH_SP15_GEN-APND,ALL_APNODES,0,67.80015,491
2017-09-26T00:00:00-00:00,2017-09-26T01:00:00-00:00,2017-09-25,18,0,TH_SP15_GEN-APND,TH_SP15_GEN-APND,TH_SP15_GEN-APND,DAM,MCE,LMP_ENE_PRC,TH_SP15_GEN-APND,ALL_APNODES,0,42.35844,491
2017-09-25T22:00:00-00:00,2017-09-25T23:00:00-00:00,2017-09-25,16,0,TH_SP15_GEN-APND,TH_SP15_GEN-APND,TH_SP15_GEN-APND,DAM,MCE,LMP_ENE_PRC,TH_SP15_GEN-APND,ALL_APNODES,0,31.52148,491
2017-09-25T21:00:00-00:00,2017-09-25T22:00:00-00:00,2017-09-25,15,0,TH_SP15_GEN-APND,TH_SP15_GEN-APND,TH_SP15_GEN-APND,DAM,MCE,LMP_ENE_PRC,TH_SP15_GEN-APND,ALL_APNODES,0,30.06762,491
2017-09-25T19:00:00-00:00,2017-09-25T20:00:00-00:00,2017-09-25,13,0,TH_SP15_GEN-APND,TH_SP15_GEN-APND,TH_SP15_GEN-APND,DAM,MCE,LMP_ENE_PRC,TH_SP15_GEN-APND,ALL_APNODES,0,26.69921,491
2017-09-26T05:00:00-00:00,2017-09-26T06:00:00-00:00,2017-09-25,23,0,TH_SP15_GEN-APND,TH_SP15_GEN-APND,TH_SP15_GEN-APND,DAM,MCE,LMP_ENE_PRC,TH_SP15_GEN-APND,ALL_APNODES,0,35.16756,491
2017-09-25T10:00:00-00:00,2017-09-25T11:00:00-00:00,2017-09-25,4,0,TH_SP15_GEN-APND,TH_SP15_GEN-APND,TH_SP15_GEN-APND,DAM,MCE,LMP_ENE_PRC,TH_SP15_GEN-APND,ALL_APNODES,0,27.52481,491
2017-09-25T08:00:00-00:00,2017-09-25T09:00:00-00:00,2017-09-25,2,0,TH_SP15_GEN-APND,TH_SP15_GEN-APND,TH_SP15_GEN-APND,DAM,MCE,LMP_ENE_PRC,TH_SP15_GEN-APND,ALL_APNODES,0,28.67405,491
2017-09-25T16:00:00-00:00,2017-09-25T17:00:00-00:00,2017-09-25,10,0,TH_SP15_GEN-APND,TH_SP15_GEN-APND,TH_SP15_GEN-APND,DAM,MCE,LMP_ENE_PRC,TH_SP15_GEN-APND,ALL_APNODES,0,21.39621,491
2017-09-25T15:00:00-00:00,2017-09-25T16:00:00-00:00,2017-09-25,9,0,TH_SP15_GEN-APND,TH_SP15_GEN-APND,TH_SP15_GEN-APND,DAM,MCE,LMP_ENE_PRC,TH_SP15_GEN-APND,ALL_APNODES,0,28.30558,491
2017-09-26T06:00:00-00:00,2017-09-26T07:00:00-00:00,2017-09-25,24,0,TH_SP15_GEN-APND,TH_SP15_GEN-APND,TH_SP15_GEN-APND,DAM,MCE,LMP_ENE_PRC,TH_SP15_GEN-APND,ALL_APNODES,0,30.96447,491
2017-09-26T03:00:00-00:00,2017-09-26T04:00:00-00:00,2017-09-25,21,0,TH_SP15_GEN-APND,TH_SP15_GEN-APND,TH_SP15_GEN-APND,DAM,MCE,LMP_ENE_PRC,TH_SP15_GEN-APND,ALL_APNODES,0,50.6768,491
2017-09-25T14:00:00-00:00,2017-09-25T15:00:00-00:00,2017-09-25,8,0,TH_SP15_GEN-APND,TH_SP15_GEN-APND,TH_SP15_GEN-APND,DAM,MCE,LMP_ENE_PRC,TH_SP15_GEN-APND,ALL_APNODES,0,35.62756,491
2017-09-25T09:00:00-00:00,2017-09-25T10:00:00-00:00,2017-09-25,3,0,TH_SP15_GEN-APND,TH_SP15_GEN-APND,TH_SP15_GEN-APND,DAM,MCE,LMP_ENE_PRC,TH_SP15_GEN-APND,ALL_APNODES,0,27.84932,491
2017-09-26T04:00:00-00:00,2017-09-26T05:00:00-00:00,2017-09-25,22,0,TH_SP15_GEN-APND,TH_SP15_GEN-APND,TH_SP15_GEN-APND,DAM,MCE,LMP_ENE_PRC,TH_SP15_GEN-APND,ALL_APNODES,0,39.56951,491
2017-09-25T20:00:00-00:00,2017-09-25T21:00:00-00:00,2017-09-25,14,0,TH_SP15_GEN-APND,TH_SP15_GEN-APND,TH_SP15_GEN-APND,DAM,MCE,LMP_ENE_PRC,TH_SP15_GEN-APND,ALL_APNODES,0,28.39443,491
2017-09-25T13:00:00-00:00,2017-09-25T14:00:00-00:00,2017-09-25,7,0,TH_SP15_GEN-APND,TH_SP15_GEN-APND,TH_SP15_GEN-APND,DAM,MCE,LMP_ENE_PRC,TH_SP15_GEN-APND,ALL_APNODES,0,36.46084,491
2017-09-25T07:00:00-00:00,2017-09-25T08:00:00-00:00,2017-09-25,1,0,TH_SP15_GEN-APND,TH_SP15_GEN-APND,TH_SP15_GEN-APND,DAM,MCE,LMP_ENE_PRC,TH_SP15_GEN-APND,ALL_APNODES,0,28.56271,491
2017-09-26T01:00:00-00:00,2017-09-26T02:00:00-00:00,2017-09-25,19,0,TH_SP15_GEN-APND,TH_SP15_GEN-APND,TH_SP15_GEN-APND,DAM,MCE,LMP_ENE_PRC,TH_SP15_GEN-APND,ALL_APNODES,0,60.49305,491
2017-09-25T23:00:00-00:00,2017-09-26T00:00:00-00:00,2017-09-25,17,0,TH_SP15_GEN-APND,TH_SP15_GEN-APND,TH_SP15_GEN-APND,DAM,MCE,LMP_ENE_PRC,TH_SP15_GEN-APND,ALL_APNODES,0,35.78571,491
2017-09-25T09:00:00-00:00,2017-09-25T10:00:00-00:00,2017-09-25,3,0,TH_SP15_GEN-APND,TH_SP15_GEN-APND,TH_SP15_GEN-APND,DAM,MCL,LMP_LOSS_PRC,TH_SP15_GEN-APND,ALL_APNODES,0,-0.74079,492
2017-09-25T21:00:00-00:00,2017-09-25T22:00:00-00:00,2017-09-25,15,0,TH_SP15_GEN-APND,TH_SP15_GEN-APND,TH_SP15_GEN-APND,DAM,MCL,LMP_LOSS_PRC,TH_SP15_GEN-APND,ALL_APNODES,0,-1.45227,492
2017-09-25T08:00:00-00:00,2017-09-25T09:00:00-00:00,2017-09-25,2,0,TH_SP15_GEN-APND,TH_SP15_GEN-APND,TH_SP15_GEN-APND,DAM,MCL,LMP_LOSS_PRC,TH_SP15_GEN-APND,ALL_APNODES,0,-0.75699,492
2017-09-25T15:00:00-00:00,2017-09-25T16:00:00-00:00,2017-09-25,9,0,TH_SP15_GEN-APND,TH_SP15_GEN-APND,TH_SP15_GEN-APND,DAM,MCL,LMP_LOSS_PRC,TH_SP15_GEN-APND,ALL_APNODES,0,-1.40679,492
2017-09-25T18:00:00-00:00,2017-09-25T19:00:00-00:00,2017-09-25,12,0,TH_SP15_GEN-APND,TH_SP15_GEN-APND,TH_SP15_GEN-APND,DAM,MCL,LMP_LOSS_PRC,TH_SP15_GEN-APND,ALL_APNODES,0,-1.13731,492
2017-09-25T19:00:00-00:00,2017-09-25T20:00:00-00:00,2017-09-25,13,0,TH_SP15_GEN-APND,TH_SP15_GEN-APND,TH_SP15_GEN-APND,DAM,MCL,LMP_LOSS_PRC,TH_SP15_GEN-APND,ALL_APNODES,0,-1.30292,492
2017-09-25T13:00:00-00:00,2017-09-25T14:00:00-00:00,2017-09-25,7,0,TH_SP15_GEN-APND,TH_SP15_GEN-APND,TH_SP15_GEN-APND,DAM,MCL,LMP_LOSS_PRC,TH_SP15_GEN-APND,ALL_APNODES,0,-1.16675,492
2017-09-26T01:00:00-00:00,2017-09-26T02:00:00-00:00,2017-09-25,19,0,TH_SP15_GEN-APND,TH_SP15_GEN-APND,TH_SP15_GEN-APND,DAM,MCL,LMP_LOSS_PRC,TH_SP15_GEN-APND,ALL_APNODES,0,-2.58305,492
2017-09-26T05:00:00-00:00,2017-09-26T06:00:00-00:00,2017-09-25,23,0,TH_SP15_GEN-APND,TH_SP15_GEN-APND,TH_SP15_GEN-APND,DAM,MCL,LMP_LOSS_PRC,TH_SP15_GEN-APND,ALL_APNODES,0,-1.37505,492
2017-09-25T14:00:00-00:00,2017-09-25T15:00:00-00:00,2017-09-25,8,0,TH_SP15_GEN-APND,TH_SP15_GEN-APND,TH_SP15_GEN-APND,DAM,MCL,LMP_LOSS_PRC,TH_SP15_GEN-APND,ALL_APNODES,0,-1.26834,492
2017-09-26T02:00:00-00:00,2017-09-26T03:00:00-00:00,2017-09-25,20,0,TH_SP15_GEN-APND,TH_SP15_GEN-APND,TH_SP15_GEN-APND,DAM,MCL,LMP_LOSS_PRC,TH_SP15_GEN-APND,ALL_APNODES,0,-2.80015,492
2017-09-26T06:00:00-00:00,2017-09-26T07:00:00-00:00,2017-09-25,24,0,TH_SP15_GEN-APND,TH_SP15_GEN-APND,TH_SP15_GEN-APND,DAM,MCL,LMP_LOSS_PRC,TH_SP15_GEN-APND,ALL_APNODES,0,-1.11782,492
2017-09-25T20:00:00-00:00,2017-09-25T21:00:00-00:00,2017-09-25,14,0,TH_SP15_GEN-APND,TH_SP15_GEN-APND,TH_SP15_GEN-APND,DAM,MCL,LMP_LOSS_PRC,TH_SP15_GEN-APND,ALL_APNODES,0,-1.42256,492
2017-09-25T16:00:00-00:00,2017-09-25T17:00:00-00:00,2017-09-25,10,0,TH_SP15_GEN-APND,TH_SP15_GEN-APND,TH_SP15_GEN-APND,DAM,MCL,LMP_LOSS_PRC,TH_SP15_GEN-APND,ALL_APNODES,0,-1.08051,492
2017-09-25T07:00:00-00:00,2017-09-25T08:00:00-00:00,2017-09-25,1,0,TH_SP15_GEN-APND,TH_SP15_GEN-APND,TH_SP15_GEN-APND,DAM,MCL,LMP_LOSS_PRC,TH_SP15_GEN-APND,ALL_APNODES,0,-0.66837,492
2017-09-25T12:00:00-00:00,2017-09-25T13:00:00-00:00,2017-09-25,6,0,TH_SP15_GEN-APND,TH_SP15_GEN-APND,TH_SP15_GEN-APND,DAM,MCL,LMP_LOSS_PRC,TH_SP15_GEN-APND,ALL_APNODES,0,-0.89982,492
2017-09-25T10:00:00-00:00,2017-09-25T11:00:00-00:00,2017-09-25,4,0,TH_SP15_GEN-APND,TH_SP15_GEN-APND,TH_SP15_GEN-APND,DAM,MCL,LMP_LOSS_PRC,TH_SP15_GEN-APND,ALL_APNODES,0,-0.72666,492
2017-09-25T23:00:00-00:00,2017-09-26T00:00:00-00:00,2017-09-25,17,0,TH_SP15_GEN-APND,TH_SP15_GEN-APND,TH_SP15_GEN-APND,DAM,MCL,LMP_LOSS_PRC,TH_SP15_GEN-APND,ALL_APNODES,0,-2.03263,492
2017-09-26T04:00:00-00:00,2017-09-26T05:00:00-00:00,2017-09-25,22,0,TH_SP15_GEN-APND,TH_SP15_GEN-APND,TH_SP15_GEN-APND,DAM,MCL,LMP_LOSS_PRC,TH_SP15_GEN-APND,ALL_APNODES,0,-1.46011,492
2017-09-25T17:00:00-00:00,2017-09-25T18:00:00-00:00,2017-09-25,11,0,TH_SP15_GEN-APND,TH_SP15_GEN-APND,TH_SP15_GEN-APND,DAM,MCL,LMP_LOSS_PRC,TH_SP15_GEN-APND,ALL_APNODES,0,-1.10312,492
2017-09-26T00:00:00-00:00,2017-09-26T01:00:00-00:00,2017-09-25,18,0,TH_SP15_GEN-APND,TH_SP15_GEN-APND,TH_SP15_GEN-APND,DAM,MCL,LMP_LOSS_PRC,TH_SP15_GEN-APND,ALL_APNODES,0,-2.25347,492
2017-09-25T22:00:00-00:00,2017-09-25T23:00:00-00:00,2017-09-25,16,0,TH_SP15_GEN-APND,TH_SP15_GEN-APND,TH_SP15_GEN-APND,DAM,MCL,LMP_LOSS_PRC,TH_SP15_GEN-APND,ALL_APNODES,0,-1.71792,492
2017-09-26T03:00:00-00:00,2017-09-26T04:00:00-00:00,2017-09-25,21,0,TH_SP15_GEN-APND,TH_SP15_GEN-APND,TH_SP15_GEN-APND,DAM,MCL,LMP_LOSS_PRC,TH_SP15_GEN-APND,ALL_APNODES,0,-2.0068,492
2017-09-25T11:00:00-00:00,2017-09-25T12:00:00-00:00,2017-09-25,5,0,TH_SP15_GEN-APND,TH_SP15_GEN-APND,TH_SP15_GEN-APND,DAM,MCL,LMP_LOSS_PRC,TH_SP15_GEN-APND,ALL_APNODES,0,-0.72429,492
2017-09-26T05:00:00-00:00,2017-09-26T06:00:00-00:00,2017-09-25,23,0,TH_ZP26_GEN-APND,TH_ZP26_GEN-APND,TH_ZP26_GEN-APND,DAM,LMP,LMP_PRC,TH_ZP26_GEN-APND,ALL_APNODES,0,33.98242,493
2017-09-26T06:00:00-00:00,2017-09-26T07:00:00-00:00,2017-09-25,24,0,TH_ZP26_GEN-APND,TH_ZP26_GEN-APND,TH_ZP26_GEN-APND,DAM,LMP,LMP_PRC,TH_ZP26_GEN-APND,ALL_APNODES,0,29.92096,493
2017-09-26T04:00:00-00:00,2017-09-26T05:00:00-00:00,2017-09-25,22,0,TH_ZP26_GEN-APND,TH_ZP26_GEN-APND,TH_ZP26_GEN-APND,DAM,LMP,LMP_PRC,TH_ZP26_GEN-APND,ALL_APNODES,0,38.12522,493
2017-09-25T09:00:00-00:00,2017-09-25T10:00:00-00:00,2017-09-25,3,0,TH_ZP26_GEN-APND,TH_ZP26_GEN-APND,TH_ZP26_GEN-APND,DAM,LMP,LMP_PRC,TH_ZP26_GEN-APND,ALL_APNODES,0,27.07233,493
2017-09-25T10:00:00-00:00,2017-09-25T11:00:00-00:00,2017-09-25,4,0,TH_ZP26_GEN-APND,TH_ZP26_GEN-APND,TH_ZP26_GEN-APND,DAM,LMP,LMP_PRC,TH_ZP26_GEN-APND,ALL_APNODES,0,26.76238,493
2017-09-25T19:00:00-00:00,2017-09-25T20:00:00-00:00,2017-09-25,13,0,TH_ZP26_GEN-APND,TH_ZP26_GEN-APND,TH_ZP26_GEN-APND,DAM,LMP,LMP_PRC,TH_ZP26_GEN-APND,ALL_APNODES,0,23.9392,493
2017-09-25T22:00:00-00:00,2017-09-25T23:00:00-00:00,2017-09-25,16,0,TH_ZP26_GEN-APND,TH_ZP26_GEN-APND,TH_ZP26_GEN-APND,DAM,LMP,LMP_PRC,TH_ZP26_GEN-APND,ALL_APNODES,0,29.76774,493
2017-09-25T13:00:00-00:00,2017-09-25T14:00:00-00:00,2017-09-25,7,0,TH_ZP26_GEN-APND,TH_ZP26_GEN-APND,TH_ZP26_GEN-APND,DAM,LMP,LMP_PRC,TH_ZP26_GEN-APND,ALL_APNODES,0,35.40713,493
2017-09-25T17:00:00-00:00,2017-09-25T18:00:00-00:00,2017-09-25,11,0,TH_ZP26_GEN-APND,TH_ZP26_GEN-APND,TH_ZP26_GEN-APND,DAM,LMP,LMP_PRC,TH_ZP26_GEN-APND,ALL_APNODES,0,19.67303,493
2017-09-26T01:00:00-00:00,2017-09-26T02:00:00-00:00,2017-09-25,19,0,TH_ZP26_GEN-APND,TH_ZP26_GEN-APND,TH_ZP26_GEN-APND,DAM,LMP,LMP_PRC,TH_ZP26_GEN-APND,ALL_APNODES,0,58.17012,493
2017-09-25T07:00:00-00:00,2017-09-25T08:00:00-00:00,2017-09-25,1,0,TH_ZP26_GEN-APND,TH_ZP26_GEN-APND,TH_ZP26_GEN-APND,DAM,LMP,LMP_PRC,TH_ZP26_GEN-APND,ALL_APNODES,0,27.76295,493
2017-09-25T11:00:00-00:00,2017-09-25T12:00:00-00:00,2017-09-25,5,0,TH_ZP26_GEN-APND,TH_ZP26_GEN-APND,TH_ZP26_GEN-APND,DAM,LMP,LMP_PRC,TH_ZP26_GEN-APND,ALL_APNODES,0,27.1566,493
2017-09-25T14:00:00-00:00,2017-09-25T15:00:00-00:00,2017-09-25,8,0,TH_ZP26_GEN-APND,TH_ZP26_GEN-APND,TH_ZP26_GEN-APND,DAM,LMP,LMP_PRC,TH_ZP26_GEN-APND,ALL_APNODES,0,34.05791,493
2017-09-25T16:00:00-00:00,2017-09-25T17:00:00-00:00,2017-09-25,10,0,TH_ZP26_GEN-APND,TH_ZP26_GEN-APND,TH_ZP26_GEN-APND,DAM,LMP,LMP_PRC,TH_ZP26_GEN-APND,ALL_APNODES,0,19.8186,493
2017-09-25T23:00:00-00:00,2017-09-26T00:00:00-00:00,2017-09-25,17,0,TH_ZP26_GEN-APND,TH_ZP26_GEN-APND,TH_ZP26_GEN-APND,DAM,LMP,LMP_PRC,TH_ZP26_GEN-APND,ALL_APNODES,0,33.96779,493
2017-09-26T02:00:00-00:00,2017-09-26T03:00:00-00:00,2017-09-25,20,0,TH_ZP26_GEN-APND,TH_ZP26_GEN-APND,TH_ZP26_GEN-APND,DAM,LMP,LMP_PRC,TH_ZP26_GEN-APND,ALL_APNODES,0,65.2034,493
2017-09-25T20:00:00-00:00,2017-09-25T21:00:00-00:00,2017-09-25,14,0,TH_ZP26_GEN-APND,TH_ZP26_GEN-APND,TH_ZP26_GEN-APND,DAM,LMP,LMP_PRC,TH_ZP26_GEN-APND,ALL_APNODES,0,25.876,493
2017-09-25T08:00:00-00:00,2017-09-25T09:00:00-00:00,2017-09-25,2,0,TH_ZP26_GEN-APND,TH_ZP26_GEN-APND,TH_ZP26_GEN-APND,DAM,LMP,LMP_PRC,TH_ZP26_GEN-APND,ALL_APNODES,0,27.87118,493
2017-09-25T21:00:00-00:00,2017-09-25T22:00:00-00:00,2017-09-25,15,0,TH_ZP26_GEN-APND,TH_ZP26_GEN-APND,TH_ZP26_GEN-APND,DAM,LMP,LMP_PRC,TH_ZP26_GEN-APND,ALL_APNODES,0,27.87149,493
2017-09-26T00:00:00-00:00,2017-09-26T01:00:00-00:00,2017-09-25,18,0,TH_ZP26_GEN-APND,TH_ZP26_GEN-APND,TH_ZP26_GEN-APND,DAM,LMP,LMP_PRC,TH_ZP26_GEN-APND,ALL_APNODES,0,40.37183,493
2017-09-26T03:00:00-00:00,2017-09-26T04:00:00-00:00,2017-09-25,21,0,TH_ZP26_GEN-APND,TH_ZP26_GEN-APND,TH_ZP26_GEN-APND,DAM,LMP,LMP_PRC,TH_ZP26_GEN-APND,ALL_APNODES,0,48.80176,493
2017-09-25T12:00:00-00:00,2017-09-25T13:00:00-00:00,2017-09-25,6,0,TH_ZP26_GEN-APND,TH_ZP26_GEN-APND,TH_ZP26_GEN-APND,DAM,LMP,LMP_PRC,TH_ZP26_GEN-APND,ALL_APNODES,0,30.99576,493
2017-09-25T18:00:00-00:00,2017-09-25T19:00:00-00:00,2017-09-25,12,0,TH_ZP26_GEN-APND,TH_ZP26_GEN-APND,TH_ZP26_GEN-APND,DAM,LMP,LMP_PRC,TH_ZP26_GEN-APND,ALL_APNODES,0,20.93454,493
2017-09-25T15:00:00-00:00,2017-09-25T16:00:00-00:00,2017-09-25,9,0,TH_ZP26_GEN-APND,TH_ZP26_GEN-APND,TH_ZP26_GEN-APND,DAM,LMP,LMP_PRC,TH_ZP26_GEN-APND,ALL_APNODES,0,26.53931,493
2017-09-26T01:00:00-00:00,2017-09-26T02:00:00-00:00,2017-09-25,19,0,TH_ZP26_GEN-APND,TH_ZP26_GEN-APND,TH_ZP26_GEN-APND,DAM,MCC,LMP_CONG_PRC,TH_ZP26_GEN-APND,ALL_APNODES,0,0,494
2017-09-26T05:00:00-00:00,2017-09-26T06:00:00-00:00,2017-09-25,23,0,TH_ZP26_GEN-APND,TH_ZP26_GEN-APND,TH_ZP26_GEN-APND,DAM,MCC,LMP_CONG_PRC,TH_ZP26_GEN-APND,ALL_APNODES,0,0,494
2017-09-26T06:00:00-00:00,2017-09-26T07:00:00-00:00,2017-09-25,24,0,TH_ZP26_GEN-APND,TH_ZP26_GEN-APND,TH_ZP26_GEN-APND,DAM,MCC,LMP_CONG_PRC,TH_ZP26_GEN-APND,ALL_APNODES,0,0,494
2017-09-25T22:00:00-00:00,2017-09-25T23:00:00-00:00,2017-09-25,16,0,TH_ZP26_GEN-APND,TH_ZP26_GEN-APND,TH_ZP26_GEN-APND,DAM,MCC,LMP_CONG_PRC,TH_ZP26_GEN-APND,ALL_APNODES,0,-0.10201,494
2017-09-25T23:00:00-00:00,2017-09-26T00:00:00-00:00,2017-09-25,17,0,TH_ZP26_GEN-APND,TH_ZP26_GEN-APND,TH_ZP26_GEN-APND,DAM,MCC,LMP_CONG_PRC,TH_ZP26_GEN-APND,ALL_APNODES,0,0,494
2017-09-25T09:00:00-00:00,2017-09-25T10:00:00-00:00,2017-09-25,3,0,TH_ZP26_GEN-APND,TH_ZP26_GEN-APND,TH_ZP26_GEN-APND,DAM,MCC,LMP_CONG_PRC,TH_ZP26_GEN-APND,ALL_APNODES,0,0,494
2017-09-25T15:00:00-00:00,2017-09-25T16:00:00-00:00,2017-09-25,9,0,TH_ZP26_GEN-APND,TH_ZP26_GEN-APND,TH_ZP26_GEN-APND,DAM,MCC,LMP_CONG_PRC,TH_ZP26_GEN-APND,ALL_APNODES,0,-0.50384,494
2017-09-26T02:00:00-00:00,2017-09-26T03:00:00-00:00,2017-09-25,20,0,TH_ZP26_GEN-APND,TH_ZP26_GEN-APND,TH_ZP26_GEN-APND,DAM,MCC,LMP_CONG_PRC,TH_ZP26_GEN-APND,ALL_APNODES,0,0,494
2017-09-25T18:00:00-00:00,2017-09-25T19:00:00-00:00,2017-09-25,12,0,TH_ZP26_GEN-APND,TH_ZP26_GEN-APND,TH_ZP26_GEN-APND,DAM,MCC,LMP_CONG_PRC,TH_ZP26_GEN-APND,ALL_APNODES,0,-0.86268,494
2017-09-25T21:00:00-00:00,2017-09-25T22:00:00-00:00,2017-09-25,15,0,TH_ZP26_GEN-APND,TH_ZP26_GEN-APND,TH_ZP26_GEN-APND,DAM,MCC,LMP_CONG_PRC,TH_ZP26_GEN-APND,ALL_APNODES,0,-0.61456,494
2017-09-26T00:00:00-00:00,2017-09-26T01:00:00-00:00,2017-09-25,18,0,TH_ZP26_GEN-APND,TH_ZP26_GEN-APND,TH_ZP26_GEN-APND,DAM,MCC,LMP_CONG_PRC,TH_ZP26_GEN-APND,ALL_APNODES,0,0,494
2017-09-25T07:00:00-00:00,2017-09-25T08:00:00-00:00,2017-09-25,1,0,TH_ZP26_GEN-APND,TH_ZP26_GEN-APND,TH_ZP26_GEN-APND,DAM,MCC,LMP_CONG_PRC,TH_ZP26_GEN-APND,ALL_APNODES,0,0,494
2017-09-25T10:00:00-00:00,2017-09-25T11:00:00-00:00,2017-09-25,4,0,TH_ZP26_GEN-APND,TH_ZP26_GEN-APND,TH_ZP26_GEN-APND,DAM,MCC,LMP_CONG_PRC,TH_ZP26_GEN-APND,ALL_APNODES,0,0,494
2017-09-25T12:00:00-00:00,2017-09-25T13:00:00-00:00,2017-09-25,6,0,TH_ZP26_GEN-APND,TH_ZP26_GEN-APND,TH_ZP26_GEN-APND,DAM,MCC,LMP_CONG_PRC,TH_ZP26_GEN-APND,ALL_APNODES,0,0,494
2017-09-25T14:00:00-00:00,2017-09-25T15:00:00-00:00,2017-09-25,8,0,TH_ZP26_GEN-APND,TH_ZP26_GEN-APND,TH_ZP26_GEN-APND,DAM,MCC,LMP_CONG_PRC,TH_ZP26_GEN-APND,ALL_APNODES,0,-0.3975,494
2017-09-25T19:00:00-00:00,2017-09-25T20:00:00-00:00,2017-09-25,13,0,TH_ZP26_GEN-APND,TH_ZP26_GEN-APND,TH_ZP26_GEN-APND,DAM,MCC,LMP_CONG_PRC,TH_ZP26_GEN-APND,ALL_APNODES,0,-1.38233,494
2017-09-25T20:00:00-00:00,2017-09-25T21:00:00-00:00,2017-09-25,14,0,TH_ZP26_GEN-APND,TH_ZP26_GEN-APND,TH_ZP26_GEN-APND,DAM,MCC,LMP_CONG_PRC,TH_ZP26_GEN-APND,ALL_APNODES,0,-1.06464,494
2017-09-26T03:00:00-00:00,2017-09-26T04:00:00-00:00,2017-09-25,21,0,TH_ZP26_GEN-APND,TH_ZP26_GEN-APND,TH_ZP26_GEN-APND,DAM,MCC,LMP_CONG_PRC,TH_ZP26_GEN-APND,ALL_APNODES,0,0,494
2017-09-25T08:00:00-00:00,2017-09-25T09:00:00-00:00,2017-09-25,2,0,TH_ZP26_GEN-APND,TH_ZP26_GEN-APND,TH_ZP26_GEN-APND,DAM,MCC,LMP_CONG_PRC,TH_ZP26_GEN-APND,ALL_APNODES,0,0,494
2017-09-25T16:00:00-00:00,2017-09-25T17:00:00-00:00,2017-09-25,10,0,TH_ZP26_GEN-APND,TH_ZP26_GEN-APND,TH_ZP26_GEN-APND,DAM,MCC,LMP_CONG_PRC,TH_ZP26_GEN-APND,ALL_APNODES,0,-0.55059,494
2017-09-25T17:00:00-00:00,2017-09-25T18:00:00-00:00,2017-09-25,11,0,TH_ZP26_GEN-APND,TH_ZP26_GEN-APND,TH_ZP26_GEN-APND,DAM,MCC,LMP_CONG_PRC,TH_ZP26_GEN-APND,ALL_APNODES,0,-0.79721,494
2017-09-25T11:00:00-00:00,2017-09-25T12:00:00-00:00,2017-09-25,5,0,TH_ZP26_GEN-APND,TH_ZP26_GEN-APND,TH_ZP26_GEN-APND,DAM,MCC,LMP_CONG_PRC,TH_ZP26_GEN-APND,ALL_APNODES,0,0,494
2017-09-25T13:00:00-00:00,2017-09-25T14:00:00-00:00,2017-09-25,7,0,TH_ZP26_GEN-APND,TH_ZP26_GEN-APND,TH_ZP26_GEN-APND,DAM,MCC,LMP_CONG_PRC,TH_ZP26_GEN-APND,ALL_APNODES,0,0,494
2017-09-26T04:00:00-00:00,2017-09-26T05:00:00-00:00,2017-09-25,22,0,TH_ZP26_GEN-APND,TH_ZP26_GEN-APND,TH_ZP26_GEN-APND,DAM,MCC,LMP_CONG_PRC,TH_ZP26_GEN-APND,ALL_APNODES,0,0,494
2017-09-25T20:00:00-00:00,2017-09-25T21:00:00-00:00,2017-09-25,14,0,TH_ZP26_GEN-APND,TH_ZP26_GEN-APND,TH_ZP26_GEN-APND,DAM,MCE,LMP_ENE_PRC,TH_ZP26_GEN-APND,ALL_APNODES,0,28.39443,495
2017-09-25T22:00:00-00:00,2017-09-25T23:00:00-00:00,2017-09-25,16,0,TH_ZP26_GEN-APND,TH_ZP26_GEN-APND,TH_ZP26_GEN-APND,DAM,MCE,LMP_ENE_PRC,TH_ZP26_GEN-APND,ALL_APNODES,0,31.52148,495
2017-09-25T23:00:00-00:00,2017-09-26T00:00:00-00:00,2017-09-25,17,0,TH_ZP26_GEN-APND,TH_ZP26_GEN-APND,TH_ZP26_GEN-APND,DAM,MCE,LMP_ENE_PRC,TH_ZP26_GEN-APND,ALL_APNODES,0,35.78571,495
2017-09-25T17:00:00-00:00,2017-09-25T18:00:00-00:00,2017-09-25,11,0,TH_ZP26_GEN-APND,TH_ZP26_GEN-APND,TH_ZP26_GEN-APND,DAM,MCE,LMP_ENE_PRC,TH_ZP26_GEN-APND,ALL_APNODES,0,21.54535,495
2017-09-25T19:00:00-00:00,2017-09-25T20:00:00-00:00,2017-09-25,13,0,TH_ZP26_GEN-APND,TH_ZP26_GEN-APND,TH_ZP26_GEN-APND,DAM,MCE,LMP_ENE_PRC,TH_ZP26_GEN-APND,ALL_APNODES,0,26.69921,495
2017-09-25T15:00:00-00:00,2017-09-25T16:00:00-00:00,2017-09-25,9,0,TH_ZP26_GEN-APND,TH_ZP26_GEN-APND,TH_ZP26_GEN-APND,DAM,MCE,LMP_ENE_PRC,TH_ZP26_GEN-APND,ALL_APNODES,0,28.30558,495
2017-09-25T11:00:00-00:00,2017-09-25T12:00:00-00:00,2017-09-25,5,0,TH_ZP26_GEN-APND,TH_ZP26_GEN-APND,TH_ZP26_GEN-APND,DAM,MCE,LMP_ENE_PRC,TH_ZP26_GEN-APND,ALL_APNODES,0,27.96479,495
2017-09-25T09:00:00-00:00,2017-09-25T10:00:00-00:00,2017-09-25,3,0,TH_ZP26_GEN-APND,TH_ZP26_GEN-APND,TH_ZP26_GEN-APND,DAM,MCE,LMP_ENE_PRC,TH_ZP26_GEN-APND,ALL_APNODES,0,27.84932,495
2017-09-26T05:00:00-00:00,2017-09-26T06:00:00-00:00,2017-09-25,23,0,TH_ZP26_GEN-APND,TH_ZP26_GEN-APND,TH_ZP26_GEN-APND,DAM,MCE,LMP_ENE_PRC,TH_ZP26_GEN-APND,ALL_APNODES,0,35.16756,495
2017-09-26T04:00:00-00:00,2017-09-26T05:00:00-00:00,2017-09-25,22,0,TH_ZP26_GEN-APND,TH_ZP26_GEN-APND,TH_ZP26_GEN-APND,DAM,MCE,LMP_ENE_PRC,TH_ZP26_GEN-APND,ALL_APNODES,0,39.56951,495
2017-09-25T12:00:00-00:00,2017-09-25T13:00:00-00:00,2017-09-25,6,0,TH_ZP26_GEN-APND,TH_ZP26_GEN-APND,TH_ZP26_GEN-APND,DAM,MCE,LMP_ENE_PRC,TH_ZP26_GEN-APND,ALL_APNODES,0,31.90833,495
2017-09-25T18:00:00-00:00,2017-09-25T19:00:00-00:00,2017-09-25,12,0,TH_ZP26_GEN-APND,TH_ZP26_GEN-APND,TH_ZP26_GEN-APND,DAM,MCE,LMP_ENE_PRC,TH_ZP26_GEN-APND,ALL_APNODES,0,22.97588,495
2017-09-25T10:00:00-00:00,2017-09-25T11:00:00-00:00,2017-09-25,4,0,TH_ZP26_GEN-APND,TH_ZP26_GEN-APND,TH_ZP26_GEN-APND,DAM,MCE,LMP_ENE_PRC,TH_ZP26_GEN-APND,ALL_APNODES,0,27.52481,495
2017-09-26T02:00:00-00:00,2017-09-26T03:00:00-00:00,2017-09-25,20,0,TH_ZP26_GEN-APND,TH_ZP26_GEN-APND,TH_ZP26_GEN-APND,DAM,MCE,LMP_ENE_PRC,TH_ZP26_GEN-APND,ALL_APNODES,0,67.80015,495
2017-09-26T01:00:00-00:00,2017-09-26T02:00:00-00:00,2017-09-25,19,0,TH_ZP26_GEN-APND,TH_ZP26_GEN-APND,TH_ZP26_GEN-APND,DAM,MCE,LMP_ENE_PRC,TH_ZP26_GEN-APND,ALL_APNODES,0,60.49305,495
2017-09-25T08:00:00-00:00,2017-09-25T09:00:00-00:00,2017-09-25,2,0,TH_ZP26_GEN-APND,TH_ZP26_GEN-APND,TH_ZP26_GEN-APND,DAM,MCE,LMP_ENE_PRC,TH_ZP26_GEN-APND,ALL_APNODES,0,28.67405,495
2017-09-25T14:00:00-00:00,2017-09-25T15:00:00-00:00,2017-09-25,8,0,TH_ZP26_GEN-APND,TH_ZP26_GEN-APND,TH_ZP26_GEN-APND,DAM,MCE,LMP_ENE_PRC,TH_ZP26_GEN-APND,ALL_APNODES,0,35.62756,495
2017-09-25T07:00:00-00:00,2017-09-25T08:00:00-00:00,2017-09-25,1,0,TH_ZP26_GEN-APND,TH_ZP26_GEN-APND,TH_ZP26_GEN-APND,DAM,MCE,LMP_ENE_PRC,TH_ZP26_GEN-APND,ALL_APNODES,0,28.56271,495
2017-09-26T06:00:00-00:00,2017-09-26T07:00:00-00:00,2017-09-25,24,0,TH_ZP26_GEN-APND,TH_ZP26_GEN-APND,TH_ZP26_GEN-APND,DAM,MCE,LMP_ENE_PRC,TH_ZP26_GEN-APND,ALL_APNODES,0,30.96447,495
2017-09-26T03:00:00-00:00,2017-09-26T04:00:00-00:00,2017-09-25,21,0,TH_ZP26_GEN-APND,TH_ZP26_GEN-APND,TH_ZP26_GEN-APND,DAM,MCE,LMP_ENE_PRC,TH_ZP26_GEN-APND,ALL_APNODES,0,50.6768,495
2017-09-25T13:00:00-00:00,2017-09-25T14:00:00-00:00,2017-09-25,7,0,TH_ZP26_GEN-APND,TH_ZP26_GEN-APND,TH_ZP26_GEN-APND,DAM,MCE,LMP_ENE_PRC,TH_ZP26_GEN-APND,ALL_APNODES,0,36.46084,495
2017-09-25T21:00:00-00:00,2017-09-25T22:00:00-00:00,2017-09-25,15,0,TH_ZP26_GEN-APND,TH_ZP26_GEN-APND,TH_ZP26_GEN-APND,DAM,MCE,LMP_ENE_PRC,TH_ZP26_GEN-APND,ALL_APNODES,0,30.06762,495
2017-09-25T16:00:00-00:00,2017-09-25T17:00:00-00:00,2017-09-25,10,0,TH_ZP26_GEN-APND,TH_ZP26_GEN-APND,TH_ZP26_GEN-APND,DAM,MCE,LMP_ENE_PRC,TH_ZP26_GEN-APND,ALL_APNODES,0,21.39621,495
2017-09-26T00:00:00-00:00,2017-09-26T01:00:00-00:00,2017-09-25,18,0,TH_ZP26_GEN-APND,TH_ZP26_GEN-APND,TH_ZP26_GEN-APND,DAM,MCE,LMP_ENE_PRC,TH_ZP26_GEN-APND,ALL_APNODES,0,42.35844,495
2017-09-26T01:00:00-00:00,2017-09-26T02:00:00-00:00,2017-09-25,19,0,TH_ZP26_GEN-APND,TH_ZP26_GEN-APND,TH_ZP26_GEN-APND,DAM,MCL,LMP_LOSS_PRC,TH_ZP26_GEN-APND,ALL_APNODES,0,-2.32293,496
2017-09-25T16:00:00-00:00,2017-09-25T17:00:00-00:00,2017-09-25,10,0,TH_ZP26_GEN-APND,TH_ZP26_GEN-APND,TH_ZP26_GEN-APND,DAM,MCL,LMP_LOSS_PRC,TH_ZP26_GEN-APND,ALL_APNODES,0,-1.02702,496
2017-09-25T12:00:00-00:00,2017-09-25T13:00:00-00:00,2017-09-25,6,0,TH_ZP26_GEN-APND,TH_ZP26_GEN-APND,TH_ZP26_GEN-APND,DAM,MCL,LMP_LOSS_PRC,TH_ZP26_GEN-APND,ALL_APNODES,0,-0.91258,496
2017-09-26T05:00:00-00:00,2017-09-26T06:00:00-00:00,2017-09-25,23,0,TH_ZP26_GEN-APND,TH_ZP26_GEN-APND,TH_ZP26_GEN-APND,DAM,MCL,LMP_LOSS_PRC,TH_ZP26_GEN-APND,ALL_APNODES,0,-1.18515,496
2017-09-26T03:00:00-00:00,2017-09-26T04:00:00-00:00,2017-09-25,21,0,TH_ZP26_GEN-APND,TH_ZP26_GEN-APND,TH_ZP26_GEN-APND,DAM,MCL,LMP_LOSS_PRC,TH_ZP26_GEN-APND,ALL_APNODES,0,-1.87504,496
2017-09-25T19:00:00-00:00,2017-09-25T20:00:00-00:00,2017-09-25,13,0,TH_ZP26_GEN-APND,TH_ZP26_GEN-APND,TH_ZP26_GEN-APND,DAM,MCL,LMP_LOSS_PRC,TH_ZP26_GEN-APND,ALL_APNODES,0,-1.37768,496
2017-09-25T11:00:00-00:00,2017-09-25T12:00:00-00:00,2017-09-25,5,0,TH_ZP26_GEN-APND,TH_ZP26_GEN-APND,TH_ZP26_GEN-APND,DAM,MCL,LMP_LOSS_PRC,TH_ZP26_GEN-APND,ALL_APNODES,0,-0.80818,496
2017-09-26T00:00:00-00:00,2017-09-26T01:00:00-00:00,2017-09-25,18,0,TH_ZP26_GEN-APND,TH_ZP26_GEN-APND,TH_ZP26_GEN-APND,DAM,MCL,LMP_LOSS_PRC,TH_ZP26_GEN-APND,ALL_APNODES,0,-1.98661,496
2017-09-25T23:00:00-00:00,2017-09-26T00:00:00-00:00,2017-09-25,17,0,TH_ZP26_GEN-APND,TH_ZP26_GEN-APND,TH_ZP26_GEN-APND,DAM,MCL,LMP_LOSS_PRC,TH_ZP26_GEN-APND,ALL_APNODES,0,-1.81791,496
2017-09-25T22:00:00-00:00,2017-09-25T23:00:00-00:00,2017-09-25,16,0,TH_ZP26_GEN-APND,TH_ZP26_GEN-APND,TH_ZP26_GEN-APND,DAM,MCL,LMP_LOSS_PRC,TH_ZP26_GEN-APND,ALL_APNODES,0,-1.65173,496
2017-09-25T20:00:00-00:00,2017-09-25T21:00:00-00:00,2017-09-25,14,0,TH_ZP26_GEN-APND,TH_ZP26_GEN-APND,TH_ZP26_GEN-APND,DAM,MCL,LMP_LOSS_PRC,TH_ZP26_GEN-APND,ALL_APNODES,0,-1.45379,496
2017-09-25T09:00:00-00:00,2017-09-25T10:00:00-00:00,2017-09-25,3,0,TH_ZP26_GEN-APND,TH_ZP26_GEN-APND,TH_ZP26_GEN-APND,DAM,MCL,LMP_LOSS_PRC,TH_ZP26_GEN-APND,ALL_APNODES,0,-0.777,496
2017-09-25T07:00:00-00:00,2017-09-25T08:00:00-00:00,2017-09-25,1,0,TH_ZP26_GEN-APND,TH_ZP26_GEN-APND,TH_ZP26_GEN-APND,DAM,MCL,LMP_LOSS_PRC,TH_ZP26_GEN-APND,ALL_APNODES,0,-0.79976,496
2017-09-26T06:00:00-00:00,2017-09-26T07:00:00-00:00,2017-09-25,24,0,TH_ZP26_GEN-APND,TH_ZP26_GEN-APND,TH_ZP26_GEN-APND,DAM,MCL,LMP_LOSS_PRC,TH_ZP26_GEN-APND,ALL_APNODES,0,-1.0435,496
2017-09-25T21:00:00-00:00,2017-09-25T22:00:00-00:00,2017-09-25,15,0,TH_ZP26_GEN-APND,TH_ZP26_GEN-APND,TH_ZP26_GEN-APND,DAM,MCL,LMP_LOSS_PRC,TH_ZP26_GEN-APND,ALL_APNODES,0,-1.58156,496
2017-09-25T13:00:00-00:00,2017-09-25T14:00:00-00:00,2017-09-25,7,0,TH_ZP26_GEN-APND,TH_ZP26_GEN-APND,TH_ZP26_GEN-APND,DAM,MCL,LMP_LOSS_PRC,TH_ZP26_GEN-APND,ALL_APNODES,0,-1.05372,496
2017-09-26T02:00:00-00:00,2017-09-26T03:00:00-00:00,2017-09-25,20,0,TH_ZP26_GEN-APND,TH_ZP26_GEN-APND,TH_ZP26_GEN-APND,DAM,MCL,LMP_LOSS_PRC,TH_ZP26_GEN-APND,ALL_APNODES,0,-2.59675,496
2017-09-25T18:00:00-00:00,2017-09-25T19:00:00-00:00,2017-09-25,12,0,TH_ZP26_GEN-APND,TH_ZP26_GEN-APND,TH_ZP26_GEN-APND,DAM,MCL,LMP_LOSS_PRC,TH_ZP26_GEN-APND,ALL_APNODES,0,-1.17866,496
2017-09-25T17:00:00-00:00,2017-09-25T18:00:00-00:00,2017-09-25,11,0,TH_ZP26_GEN-APND,TH_ZP26_GEN-APND,TH_ZP26_GEN-APND,DAM,MCL,LMP_LOSS_PRC,TH_ZP26_GEN-APND,ALL_APNODES,0,-1.07511,496
2017-09-25T10:00:00-00:00,2017-09-25T11:00:00-00:00,2017-09-25,4,0,TH_ZP26_GEN-APND,TH_ZP26_GEN-APND,TH_ZP26_GEN-APND,DAM,MCL,LMP_LOSS_PRC,TH_ZP26_GEN-APND,ALL_APNODES,0,-0.76244,496
2017-09-25T08:00:00-00:00,2017-09-25T09:00:00-00:00,2017-09-25,2,0,TH_ZP26_GEN-APND,TH_ZP26_GEN-APND,TH_ZP26_GEN-APND,DAM,MCL,LMP_LOSS_PRC,TH_ZP26_GEN-APND,ALL_APNODES,0,-0.80287,496
2017-09-25T15:00:00-00:00,2017-09-25T16:00:00-00:00,2017-09-25,9,0,TH_ZP26_GEN-APND,TH_ZP26_GEN-APND,TH_ZP26_GEN-APND,DAM,MCL,LMP_LOSS_PRC,TH_ZP26_GEN-APND,ALL_APNODES,0,-1.26243,496
2017-09-26T04:00:00-00:00,2017-09-26T05:00:00-00:00,2017-09-25,22,0,TH_ZP26_GEN-APND,TH_ZP26_GEN-APND,TH_ZP26_GEN-APND,DAM,MCL,LMP_LOSS_PRC,TH_ZP26_GEN-APND,ALL_APNODES,0,-1.44429,496
2017-09-25T14:00:00-00:00,2017-09-25T15:00:00-00:00,2017-09-25,8,0,TH_ZP26_GEN-APND,TH_ZP26_GEN-APND,TH_ZP26_GEN-APND,DAM,MCL,LMP_LOSS_PRC,TH_ZP26_GEN-APND,ALL_APNODES,0,-1.17215,496
2017-09-26T06:00:00-00:00,2017-09-26T07:00:00-00:00,2017-09-25,24,0,URBAN_6_N005,URBAN_6_N005,URBAN_6_N005,DAM,LMP,LMP_PRC,URBAN_6_N005,ALL,1,30.82513,497
2017-09-25T11:00:00-00:00,2017-09-25T12:00:00-00:00,2017-09-25,5,0,URBAN_6_N005,URBAN_6_N005,URBAN_6_N005,DAM,LMP,LMP_PRC,URBAN_6_N005,ALL,1,28.04868,497
2017-09-25T19:00:00-00:00,2017-09-25T20:00:00-00:00,2017-09-25,13,0,URBAN_6_N005,URBAN_6_N005,URBAN_6_N005,DAM,LMP,LMP_PRC,URBAN_6_N005,ALL,1,-7.12774,497
2017-09-25T09:00:00-00:00,2017-09-25T10:00:00-00:00,2017-09-25,3,0,URBAN_6_N005,URBAN_6_N005,URBAN_6_N005,DAM,LMP,LMP_PRC,URBAN_6_N005,ALL,1,27.7992,497
2017-09-25T15:00:00-00:00,2017-09-25T16:00:00-00:00,2017-09-25,9,0,URBAN_6_N005,URBAN_6_N005,URBAN_6_N005,DAM,LMP,LMP_PRC,URBAN_6_N005,ALL,1,26.54082,497
2017-09-25T14:00:00-00:00,2017-09-25T15:00:00-00:00,2017-09-25,8,0,URBAN_6_N005,URBAN_6_N005,URBAN_6_N005,DAM,LMP,LMP_PRC,URBAN_6_N005,ALL,1,41.99166,497
2017-09-25T10:00:00-00:00,2017-09-25T11:00:00-00:00,2017-09-25,4,0,URBAN_6_N005,URBAN_6_N005,URBAN_6_N005,DAM,LMP,LMP_PRC,URBAN_6_N005,ALL,1,27.47252,497
2017-09-25T08:00:00-00:00,2017-09-25T09:00:00-00:00,2017-09-25,2,0,URBAN_6_N005,URBAN_6_N005,URBAN_6_N005,DAM,LMP,LMP_PRC,URBAN_6_N005,ALL,1,28.65111,497
2017-09-26T05:00:00-00:00,2017-09-26T06:00:00-00:00,2017-09-25,23,0,URBAN_6_N005,URBAN_6_N005,URBAN_6_N005,DAM,LMP,LMP_PRC,URBAN_6_N005,ALL,1,35.09371,497
2017-09-25T21:00:00-00:00,2017-09-25T22:00:00-00:00,2017-09-25,15,0,URBAN_6_N005,URBAN_6_N005,URBAN_6_N005,DAM,LMP,LMP_PRC,URBAN_6_N005,ALL,1,3.88992,497
2017-09-25T18:00:00-00:00,2017-09-25T19:00:00-00:00,2017-09-25,12,0,URBAN_6_N005,URBAN_6_N005,URBAN_6_N005,DAM,LMP,LMP_PRC,URBAN_6_N005,ALL,1,-19.48537,497
2017-09-25T23:00:00-00:00,2017-09-26T00:00:00-00:00,2017-09-25,17,0,URBAN_6_N005,URBAN_6_N005,URBAN_6_N005,DAM,LMP,LMP_PRC,URBAN_6_N005,ALL,1,26.49845,497
2017-09-26T01:00:00-00:00,2017-09-26T02:00:00-00:00,2017-09-25,19,0,URBAN_6_N005,URBAN_6_N005,URBAN_6_N005,DAM,LMP,LMP_PRC,URBAN_6_N005,ALL,1,60.19664,497
2017-09-25T07:00:00-00:00,2017-09-25T08:00:00-00:00,2017-09-25,1,0,URBAN_6_N005,URBAN_6_N005,URBAN_6_N005,DAM,LMP,LMP_PRC,URBAN_6_N005,ALL,1,28.65982,497
2017-09-25T22:00:00-00:00,2017-09-25T23:00:00-00:00,2017-09-25,16,0,URBAN_6_N005,URBAN_6_N005,URBAN_6_N005,DAM,LMP,LMP_PRC,URBAN_6_N005,ALL,1,15.96446,497
2017-09-26T00:00:00-00:00,2017-09-26T01:00:00-00:00,2017-09-25,18,0,URBAN_6_N005,URBAN_6_N005,URBAN_6_N005,DAM,LMP,LMP_PRC,URBAN_6_N005,ALL,1,42.34573,497
2017-09-25T17:00:00-00:00,2017-09-25T18:00:00-00:00,2017-09-25,11,0,URBAN_6_N005,URBAN_6_N005,URBAN_6_N005,DAM,LMP,LMP_PRC,URBAN_6_N005,ALL,1,-3.08304,497
2017-09-25T20:00:00-00:00,2017-09-25T21:00:00-00:00,2017-09-25,14,0,URBAN_6_N005,URBAN_6_N005,URBAN_6_N005,DAM,LMP,LMP_PRC,URBAN_6_N005,ALL,1,14.43008,497
2017-09-26T04:00:00-00:00,2017-09-26T05:00:00-00:00,2017-09-25,22,0,URBAN_6_N005,URBAN_6_N005,URBAN_6_N005,DAM,LMP,LMP_PRC,URBAN_6_N005,ALL,1,39.70008,497
2017-09-26T03:00:00-00:00,2017-09-26T04:00:00-00:00,2017-09-25,21,0,URBAN_6_N005,URBAN_6_N005,URBAN_6_N005,DAM,LMP,LMP_PRC,URBAN_6_N005,ALL,1,50.68187,497
2017-09-25T16:00:00-00:00,2017-09-25T17:00:00-00:00,2017-09-25,10,0,URBAN_6_N005,URBAN_6_N005,URBAN_6_N005,DAM,LMP,LMP_PRC,URBAN_6_N005,ALL,1,-14.75685,497
2017-09-25T13:00:00-00:00,2017-09-25T14:00:00-00:00,2017-09-25,7,0,URBAN_6_N005,URBAN_6_N005,URBAN_6_N005,DAM,LMP,LMP_PRC,URBAN_6_N005,ALL,1,36.62127,497
2017-09-25T12:00:00-00:00,2017-09-25T13:00:00-00:00,2017-09-25,6,0,URBAN_6_N005,URBAN_6_N005,URBAN_6_N005,DAM,LMP,LMP_PRC,URBAN_6_N005,ALL,1,32.08702,497
2017-09-26T02:00:00-00:00,2017-09-26T03:00:00-00:00,2017-09-25,20,0,URBAN_6_N005,URBAN_6_N005,URBAN_6_N005,DAM,LMP,LMP_PRC,URBAN_6_N005,ALL,1,67.61031,497
2017-09-26T03:00:00-00:00,2017-09-26T04:00:00-00:00,2017-09-25,21,0,URBAN_6_N005,URBAN_6_N005,URBAN_6_N005,DAM,MCC,LMP_CONG_PRC,URBAN_6_N005,ALL,1,0,498
2017-09-25T23:00:00-00:00,2017-09-26T00:00:00-00:00,2017-09-25,17,0,URBAN_6_N005,URBAN_6_N005,URBAN_6_N005,DAM,MCC,LMP_CONG_PRC,URBAN_6_N005,ALL,1,-9.05107,498
2017-09-25T13:00:00-00:00,2017-09-25T14:00:00-00:00,2017-09-25,7,0,URBAN_6_N005,URBAN_6_N005,URBAN_6_N005,DAM,MCC,LMP_CONG_PRC,URBAN_6_N005,ALL,1,0,498
2017-09-25T08:00:00-00:00,2017-09-25T09:00:00-00:00,2017-09-25,2,0,URBAN_6_N005,URBAN_6_N005,URBAN_6_N005,DAM,MCC,LMP_CONG_PRC,URBAN_6_N005,ALL,1,0,498
2017-09-26T04:00:00-00:00,2017-09-26T05:00:00-00:00,2017-09-25,22,0,URBAN_6_N005,URBAN_6_N005,URBAN_6_N005,DAM,MCC,LMP_CONG_PRC,URBAN_6_N005,ALL,1,0,498
2017-09-26T02:00:00-00:00,2017-09-26T03:00:00-00:00,2017-09-25,20,0,URBAN_6_N005,URBAN_6_N005,URBAN_6_N005,DAM,MCC,LMP_CONG_PRC,URBAN_6_N005,ALL,1,0,498
2017-09-26T00:00:00-00:00,2017-09-26T01:00:00-00:00,2017-09-25,18,0,URBAN_6_N005,URBAN_6_N005,URBAN_6_N005,DAM,MCC,LMP_CONG_PRC,URBAN_6_N005,ALL,1,0,498
2017-09-25T21:00:00-00:00,2017-09-25T22:00:00-00:00,2017-09-25,15,0,URBAN_6_N005,URBAN_6_N005,URBAN_6_N005,DAM,MCC,LMP_CONG_PRC,URBAN_6_N005,ALL,1,-26.12057,498
2017-09-25T09:00:00-00:00,2017-09-25T10:00:00-00:00,2017-09-25,3,0,URBAN_6_N005,URBAN_6_N005,URBAN_6_N005,DAM,MCC,LMP_CONG_PRC,URBAN_6_N005,ALL,1,0,498
2017-09-25T07:00:00-00:00,2017-09-25T08:00:00-00:00,2017-09-25,1,0,URBAN_6_N005,URBAN_6_N005,URBAN_6_N005,DAM,MCC,LMP_CONG_PRC,URBAN_6_N005,ALL,1,0,498
2017-09-25T20:00:00-00:00,2017-09-25T21:00:00-00:00,2017-09-25,14,0,URBAN_6_N005,URBAN_6_N005,URBAN_6_N005,DAM,MCC,LMP_CONG_PRC,URBAN_6_N005,ALL,1,-13.6946,498
2017-09-25T11:00:00-00:00,2017-09-25T12:00:00-00:00,2017-09-25,5,0,URBAN_6_N005,URBAN_6_N005,URBAN_6_N005,DAM,MCC,LMP_CONG_PRC,URBAN_6_N005,ALL,1,0,498
2017-09-25T15:00:00-00:00,2017-09-25T16:00:00-00:00,2017-09-25,9,0,URBAN_6_N005,URBAN_6_N005,URBAN_6_N005,DAM,MCC,LMP_CONG_PRC,URBAN_6_N005,ALL,1,-1.29488,498
2017-09-25T22:00:00-00:00,2017-09-25T23:00:00-00:00,2017-09-25,16,0,URBAN_6_N005,URBAN_6_N005,URBAN_6_N005,DAM,MCC,LMP_CONG_PRC,URBAN_6_N005,ALL,1,-15.36474,498
2017-09-25T18:00:00-00:00,2017-09-25T19:00:00-00:00,2017-09-25,12,0,URBAN_6_N005,URBAN_6_N005,URBAN_6_N005,DAM,MCC,LMP_CONG_PRC,URBAN_6_N005,ALL,1,-42.06147,498
2017-09-26T01:00:00-00:00,2017-09-26T02:00:00-00:00,2017-09-25,19,0,URBAN_6_N005,URBAN_6_N005,URBAN_6_N005,DAM,MCC,LMP_CONG_PRC,URBAN_6_N005,ALL,1,0,498
2017-09-25T19:00:00-00:00,2017-09-25T20:00:00-00:00,2017-09-25,13,0,URBAN_6_N005,URBAN_6_N005,URBAN_6_N005,DAM,MCC,LMP_CONG_PRC,URBAN_6_N005,ALL,1,-33.52792,498
2017-09-25T17:00:00-00:00,2017-09-25T18:00:00-00:00,2017-09-25,11,0,URBAN_6_N005,URBAN_6_N005,URBAN_6_N005,DAM,MCC,LMP_CONG_PRC,URBAN_6_N005,ALL,1,-24.2018,498
2017-09-25T14:00:00-00:00,2017-09-25T15:00:00-00:00,2017-09-25,8,0,URBAN_6_N005,URBAN_6_N005,URBAN_6_N005,DAM,MCC,LMP_CONG_PRC,URBAN_6_N005,ALL,1,6.40329,498
2017-09-25T12:00:00-00:00,2017-09-25T13:00:00-00:00,2017-09-25,6,0,URBAN_6_N005,URBAN_6_N005,URBAN_6_N005,DAM,MCC,LMP_CONG_PRC,URBAN_6_N005,ALL,1,0,498
2017-09-26T06:00:00-00:00,2017-09-26T07:00:00-00:00,2017-09-25,24,0,URBAN_6_N005,URBAN_6_N005,URBAN_6_N005,DAM,MCC,LMP_CONG_PRC,URBAN_6_N005,ALL,1,0,498
2017-09-26T05:00:00-00:00,2017-09-26T06:00:00-00:00,2017-09-25,23,0,URBAN_6_N005,URBAN_6_N005,URBAN_6_N005,DAM,MCC,LMP_CONG_PRC,URBAN_6_N005,ALL,1,0,498
2017-09-25T10:00:00-00:00,2017-09-25T11:00:00-00:00,2017-09-25,4,0,URBAN_6_N005,URBAN_6_N005,URBAN_6_N005,DAM,MCC,LMP_CONG_PRC,URBAN_6_N005,ALL,1,0,498
2017-09-25T16:00:00-00:00,2017-09-25T17:00:00-00:00,2017-09-25,10,0,URBAN_6_N005,URBAN_6_N005,URBAN_6_N005,DAM,MCC,LMP_CONG_PRC,URBAN_6_N005,ALL,1,-35.74439,498
2017-09-26T05:00:00-00:00,2017-09-26T06:00:00-00:00,2017-09-25,23,0,URBAN_6_N005,URBAN_6_N005,URBAN_6_N005,DAM,MCE,LMP_ENE_PRC,URBAN_6_N005,ALL,1,35.16756,499
2017-09-25T17:00:00-00:00,2017-09-25T18:00:00-00:00,2017-09-25,11,0,URBAN_6_N005,URBAN_6_N005,URBAN_6_N005,DAM,MCE,LMP_ENE_PRC,URBAN_6_N005,ALL,1,21.54535,499
2017-09-26T06:00:00-00:00,2017-09-26T07:00:00-00:00,2017-09-25,24,0,URBAN_6_N005,URBAN_6_N005,URBAN_6_N005,DAM,MCE,LMP_ENE_PRC,URBAN_6_N005,ALL,1,30.96447,499
2017-09-25T07:00:00-00:00,2017-09-25T08:00:00-00:00,2017-09-25,1,0,URBAN_6_N005,URBAN_6_N005,URBAN_6_N005,DAM,MCE,LMP_ENE_PRC,URBAN_6_N005,ALL,1,28.56271,499
2017-09-25T13:00:00-00:00,2017-09-25T14:00:00-00:00,2017-09-25,7,0,URBAN_6_N005,URBAN_6_N005,URBAN_6_N005,DAM,MCE,LMP_ENE_PRC,URBAN_6_N005,ALL,1,36.46084,499
2017-09-26T03:00:00-00:00,2017-09-26T04:00:00-00:00,2017-09-25,21,0,URBAN_6_N005,URBAN_6_N005,URBAN_6_N005,DAM,MCE,LMP_ENE_PRC,URBAN_6_N005,ALL,1,50.6768,499
2017-09-25T08:00:00-00:00,2017-09-25T09:00:00-00:00,2017-09-25,2,0,URBAN_6_N005,URBAN_6_N005,URBAN_6_N005,DAM,MCE,LMP_ENE_PRC,URBAN_6_N005,ALL,1,28.67405,499
2017-09-26T00:00:00-00:00,2017-09-26T01:00:00-00:00,2017-09-25,18,0,URBAN_6_N005,URBAN_6_N005,URBAN_6_N005,DAM,MCE,LMP_ENE_PRC,URBAN_6_N005,ALL,1,42.35844,499
2017-09-25T09:00:00-00:00,2017-09-25T10:00:00-00:00,2017-09-25,3,0,URBAN_6_N005,URBAN_6_N005,URBAN_6_N005,DAM,MCE,LMP_ENE_PRC,URBAN_6_N005,ALL,1,27.84932,499
2017-09-25T12:00:00-00:00,2017-09-25T13:00:00-00:00,2017-09-25,6,0,URBAN_6_N005,URBAN_6_N005,URBAN_6_N005,DAM,MCE,LMP_ENE_PRC,URBAN_6_N005,ALL,1,31.90833,499
2017-09-25T14:00:00-00:00,2017-09-25T15:00:00-00:00,2017-09-25,8,0,URBAN_6_N005,URBAN_6_N005,URBAN_6_N005,DAM,MCE,LMP_ENE_PRC,URBAN_6_N005,ALL,1,35.62756,499
2017-09-25T20:00:00-00:00,2017-09-25T21:00:00-00:00,2017-09-25,14,0,URBAN_6_N005,URBAN_6_N005,URBAN_6_N005,DAM,MCE,LMP_ENE_PRC,URBAN_6_N005,ALL,1,28.39443,499
2017-09-25T22:00:00-00:00,2017-09-25T23:00:00-00:00,2017-09-25,16,0,URBAN_6_N005,URBAN_6_N005,URBAN_6_N005,DAM,MCE,LMP_ENE_PRC,URBAN_6_N005,ALL,1,31.52148,499
2017-09-26T02:00:00-00:00,2017-09-26T03:00:00-00:00,2017-09-25,20,0,URBAN_6_N005,URBAN_6_N005,URBAN_6_N005,DAM,MCE,LMP_ENE_PRC,URBAN_6_N005,ALL,1,67.80015,499
2017-09-26T04:00:00-00:00,2017-09-26T05:00:00-00:00,2017-09-25,22,0,URBAN_6_N005,URBAN_6_N005,URBAN_6_N005,DAM,MCE,LMP_ENE_PRC,URBAN_6_N005,ALL,1,39.56951,499
2017-09-25T11:00:00-00:00,2017-09-25T12:00:00-00:00,2017-09-25,5,0,URBAN_6_N005,URBAN_6_N005,URBAN_6_N005,DAM,MCE,LMP_ENE_PRC,URBAN_6_N005,ALL,1,27.96479,499
2017-09-25T16:00:00-00:00,2017-09-25T17:00:00-00:00,2017-09-25,10,0,URBAN_6_N005,URBAN_6_N005,URBAN_6_N005,DAM,MCE,LMP_ENE_PRC,URBAN_6_N005,ALL,1,21.39621,499
2017-09-25T18:00:00-00:00,2017-09-25T19:00:00-00:00,2017-09-25,12,0,URBAN_6_N005,URBAN_6_N005,URBAN_6_N005,DAM,MCE,LMP_ENE_PRC,URBAN_6_N005,ALL,1,22.97588,499
2017-09-25T21:00:00-00:00,2017-09-25T22:00:00-00:00,2017-09-25,15,0,URBAN_6_N005,URBAN_6_N005,URBAN_6_N005,DAM,MCE,LMP_ENE_PRC,URBAN_6_N005,ALL,1,30.06762,499
2017-09-25T23:00:00-00:00,2017-09-26T00:00:00-00:00,2017-09-25,17,0,URBAN_6_N005,URBAN_6_N005,URBAN_6_N005,DAM,MCE,LMP_ENE_PRC,URBAN_6_N005,ALL,1,35.78571,499
2017-09-25T10:00:00-00:00,2017-09-25T11:00:00-00:00,2017-09-25,4,0,URBAN_6_N005,URBAN_6_N005,URBAN_6_N005,DAM,MCE,LMP_ENE_PRC,URBAN_6_N005,ALL,1,27.52481,499
2017-09-25T19:00:00-00:00,2017-09-25T20:00:00-00:00,2017-09-25,13,0,URBAN_6_N005,URBAN_6_N005,URBAN_6_N005,DAM,MCE,LMP_ENE_PRC,URBAN_6_N005,ALL,1,26.69921,499
2017-09-26T01:00:00-00:00,2017-09-26T02:00:00-00:00,2017-09-25,19,0,URBAN_6_N005,URBAN_6_N005,URBAN_6_N005,DAM,MCE,LMP_ENE_PRC,URBAN_6_N005,ALL,1,60.49305,499
2017-09-25T15:00:00-00:00,2017-09-25T16:00:00-00:00,2017-09-25,9,0,URBAN_6_N005,URBAN_6_N005,URBAN_6_N005,DAM,MCE,LMP_ENE_PRC,URBAN_6_N005,ALL,1,28.30558,499
2017-09-25T20:00:00-00:00,2017-09-25T21:00:00-00:00,2017-09-25,14,0,URBAN_6_N005,URBAN_6_N005,URBAN_6_N005,DAM,MCL,LMP_LOSS_PRC,URBAN_6_N005,ALL,1,-0.26975,500
2017-09-26T01:00:00-00:00,2017-09-26T02:00:00-00:00,2017-09-25,19,0,URBAN_6_N005,URBAN_6_N005,URBAN_6_N005,DAM,MCL,LMP_LOSS_PRC,URBAN_6_N005,ALL,1,-0.29642,500
2017-09-26T00:00:00-00:00,2017-09-26T01:00:00-00:00,2017-09-25,18,0,URBAN_6_N005,URBAN_6_N005,URBAN_6_N005,DAM,MCL,LMP_LOSS_PRC,URBAN_6_N005,ALL,1,-0.01271,500
2017-09-25T07:00:00-00:00,2017-09-25T08:00:00-00:00,2017-09-25,1,0,URBAN_6_N005,URBAN_6_N005,URBAN_6_N005,DAM,MCL,LMP_LOSS_PRC,URBAN_6_N005,ALL,1,0.09711,500
2017-09-25T19:00:00-00:00,2017-09-25T20:00:00-00:00,2017-09-25,13,0,URBAN_6_N005,URBAN_6_N005,URBAN_6_N005,DAM,MCL,LMP_LOSS_PRC,URBAN_6_N005,ALL,1,-0.29903,500
2017-09-26T06:00:00-00:00,2017-09-26T07:00:00-00:00,2017-09-25,24,0,URBAN_6_N005,URBAN_6_N005,URBAN_6_N005,DAM,MCL,LMP_LOSS_PRC,URBAN_6_N005,ALL,1,-0.13934,500
2017-09-25T08:00:00-00:00,2017-09-25T09:00:00-00:00,2017-09-25,2,0,URBAN_6_N005,URBAN_6_N005,URBAN_6_N005,DAM,MCL,LMP_LOSS_PRC,URBAN_6_N005,ALL,1,-0.02294,500
2017-09-25T16:00:00-00:00,2017-09-25T17:00:00-00:00,2017-09-25,10,0,URBAN_6_N005,URBAN_6_N005,URBAN_6_N005,DAM,MCL,LMP_LOSS_PRC,URBAN_6_N005,ALL,1,-0.40867,500
2017-09-25T17:00:00-00:00,2017-09-25T18:00:00-00:00,2017-09-25,11,0,URBAN_6_N005,URBAN_6_N005,URBAN_6_N005,DAM,MCL,LMP_LOSS_PRC,URBAN_6_N005,ALL,1,-0.4266,500
2017-09-26T02:00:00-00:00,2017-09-26T03:00:00-00:00,2017-09-25,20,0,URBAN_6_N005,URBAN_6_N005,URBAN_6_N005,DAM,MCL,LMP_LOSS_PRC,URBAN_6_N005,ALL,1,-0.18984,500
2017-09-26T03:00:00-00:00,2017-09-26T04:00:00-00:00,2017-09-25,21,0,URBAN_6_N005,URBAN_6_N005,URBAN_6_N005,DAM,MCL,LMP_LOSS_PRC,URBAN_6_N005,ALL,1,0.00507,500
2017-09-26T04:00:00-00:00,2017-09-26T05:00:00-00:00,2017-09-25,22,0,URBAN_6_N005,URBAN_6_N005,URBAN_6_N005,DAM,MCL,LMP_LOSS_PRC,URBAN_6_N005,ALL,1,0.13058,500
2017-09-25T11:00:00-00:00,2017-09-25T12:00:00-00:00,2017-09-25,5,0,URBAN_6_N005,URBAN_6_N005,URBAN_6_N005,DAM,MCL,LMP_LOSS_PRC,URBAN_6_N005,ALL,1,0.08389,500
2017-09-25T14:00:00-00:00,2017-09-25T15:00:00-00:00,2017-09-25,8,0,URBAN_6_N005,URBAN_6_N005,URBAN_6_N005,DAM,MCL,LMP_LOSS_PRC,URBAN_6_N005,ALL,1,-0.03919,500
2017-09-25T18:00:00-00:00,2017-09-25T19:00:00-00:00,2017-09-25,12,0,URBAN_6_N005,URBAN_6_N005,URBAN_6_N005,DAM,MCL,LMP_LOSS_PRC,URBAN_6_N005,ALL,1,-0.39978,500
2017-09-25T23:00:00-00:00,2017-09-26T00:00:00-00:00,2017-09-25,17,0,URBAN_6_N005,URBAN_6_N005,URBAN_6_N005,DAM,MCL,LMP_LOSS_PRC,URBAN_6_N005,ALL,1,-0.23619,500
2017-09-25T15:00:00-00:00,2017-09-25T16:00:00-00:00,2017-09-25,9,0,URBAN_6_N005,URBAN_6_N005,URBAN_6_N005,DAM,MCL,LMP_LOSS_PRC,URBAN_6_N005,ALL,1,-0.46987,500
2017-09-25T21:00:00-00:00,2017-09-25T22:00:00-00:00,2017-09-25,15,0,URBAN_6_N005,URBAN_6_N005,URBAN_6_N005,DAM,MCL,LMP_LOSS_PRC,URBAN_6_N005,ALL,1,-0.05713,500
2017-09-25T09:00:00-00:00,2017-09-25T10:00:00-00:00,2017-09-25,3,0,URBAN_6_N005,URBAN_6_N005,URBAN_6_N005,DAM,MCL,LMP_LOSS_PRC,URBAN_6_N005,ALL,1,-0.05013,500
2017-09-25T10:00:00-00:00,2017-09-25T11:00:00-00:00,2017-09-25,4,0,URBAN_6_N005,URBAN_6_N005,URBAN_6_N005,DAM,MCL,LMP_LOSS_PRC,URBAN_6_N005,ALL,1,-0.0523,500
2017-09-26T05:00:00-00:00,2017-09-26T06:00:00-00:00,2017-09-25,23,0,URBAN_6_N005,URBAN_6_N005,URBAN_6_N005,DAM,MCL,LMP_LOSS_PRC,URBAN_6_N005,ALL,1,-0.07385,500
2017-09-25T13:00:00-00:00,2017-09-25T14:00:00-00:00,2017-09-25,7,0,URBAN_6_N005,URBAN_6_N005,URBAN_6_N005,DAM,MCL,LMP_LOSS_PRC,URBAN_6_N005,ALL,1,0.16043,500
2017-09-25T22:00:00-00:00,2017-09-25T23:00:00-00:00,2017-09-25,16,0,URBAN_6_N005,URBAN_6_N005,URBAN_6_N005,DAM,MCL,LMP_LOSS_PRC,URBAN_6_N005,ALL,1,-0.19228,500
2017-09-25T12:00:00-00:00,2017-09-25T13:00:00-00:00,2017-09-25,6,0,URBAN_6_N005,URBAN_6_N005,URBAN_6_N005,DAM,MCL,LMP_LOSS_PRC,URBAN_6_N005,ALL,1,0.17869,500
2017-09-26T18:00:00-00:00,2017-09-26T19:00:00-00:00,2017-09-26,12,0,BAYSHOR2_1_N001,BAYSHOR2_1_N001,BAYSHOR2_1_N001,DAM,LMP,LMP_PRC,BAYSHOR2_1_N001,ALL,1,32.44614,501
2017-09-26T15:00:00-00:00,2017-09-26T16:00:00-00:00,2017-09-26,9,0,BAYSHOR2_1_N001,BAYSHOR2_1_N001,BAYSHOR2_1_N001,DAM,LMP,LMP_PRC,BAYSHOR2_1_N001,ALL,1,29.65679,501
2017-09-27T02:00:00-00:00,2017-09-27T03:00:00-00:00,2017-09-26,20,0,BAYSHOR2_1_N001,BAYSHOR2_1_N001,BAYSHOR2_1_N001,DAM,LMP,LMP_PRC,BAYSHOR2_1_N001,ALL,1,76.59532,501
2017-09-26T23:00:00-00:00,2017-09-27T00:00:00-00:00,2017-09-26,17,0,BAYSHOR2_1_N001,BAYSHOR2_1_N001,BAYSHOR2_1_N001,DAM,LMP,LMP_PRC,BAYSHOR2_1_N001,ALL,1,39.21216,501
2017-09-26T21:00:00-00:00,2017-09-26T22:00:00-00:00,2017-09-26,15,0,BAYSHOR2_1_N001,BAYSHOR2_1_N001,BAYSHOR2_1_N001,DAM,LMP,LMP_PRC,BAYSHOR2_1_N001,ALL,1,37.13186,501
2017-09-26T09:00:00-00:00,2017-09-26T10:00:00-00:00,2017-09-26,3,0,BAYSHOR2_1_N001,BAYSHOR2_1_N001,BAYSHOR2_1_N001,DAM,LMP,LMP_PRC,BAYSHOR2_1_N001,ALL,1,29.53381,501
2017-09-26T19:00:00-00:00,2017-09-26T20:00:00-00:00,2017-09-26,13,0,BAYSHOR2_1_N001,BAYSHOR2_1_N001,BAYSHOR2_1_N001,DAM,LMP,LMP_PRC,BAYSHOR2_1_N001,ALL,1,32.40172,501
2017-09-27T04:00:00-00:00,2017-09-27T05:00:00-00:00,2017-09-26,22,0,BAYSHOR2_1_N001,BAYSHOR2_1_N001,BAYSHOR2_1_N001,DAM,LMP,LMP_PRC,BAYSHOR2_1_N001,ALL,1,42.83046,501
2017-09-26T11:00:00-00:00,2017-09-26T12:00:00-00:00,2017-09-26,5,0,BAYSHOR2_1_N001,BAYSHOR2_1_N001,BAYSHOR2_1_N001,DAM,LMP,LMP_PRC,BAYSHOR2_1_N001,ALL,1,28.95565,501
2017-09-27T05:00:00-00:00,2017-09-27T06:00:00-00:00,2017-09-26,23,0,BAYSHOR2_1_N001,BAYSHOR2_1_N001,BAYSHOR2_1_N001,DAM,LMP,LMP_PRC,BAYSHOR2_1_N001,ALL,1,37.3132,501
2017-09-26T12:00:00-00:00,2017-09-26T13:00:00-00:00,2017-09-26,6,0,BAYSHOR2_1_N001,BAYSHOR2_1_N001,BAYSHOR2_1_N001,DAM,LMP,LMP_PRC,BAYSHOR2_1_N001,ALL,1,33.41169,501
2017-09-26T17:00:00-00:00,2017-09-26T18:00:00-00:00,2017-09-26,11,0,BAYSHOR2_1_N001,BAYSHOR2_1_N001,BAYSHOR2_1_N001,DAM,LMP,LMP_PRC,BAYSHOR2_1_N001,ALL,1,29.47878,501
2017-09-27T03:00:00-00:00,2017-09-27T04:00:00-00:00,2017-09-26,21,0,BAYSHOR2_1_N001,BAYSHOR2_1_N001,BAYSHOR2_1_N001,DAM,LMP,LMP_PRC,BAYSHOR2_1_N001,ALL,1,53.81771,501
2017-09-27T00:00:00-00:00,2017-09-27T01:00:00-00:00,2017-09-26,18,0,BAYSHOR2_1_N001,BAYSHOR2_1_N001,BAYSHOR2_1_N001,DAM,LMP,LMP_PRC,BAYSHOR2_1_N001,ALL,1,54.08957,501
2017-09-27T01:00:00-00:00,2017-09-27T02:00:00-00:00,2017-09-26,19,0,BAYSHOR2_1_N001,BAYSHOR2_1_N001,BAYSHOR2_1_N001,DAM,LMP,LMP_PRC,BAYSHOR2_1_N001,ALL,1,76.033,501
2017-09-26T08:00:00-00:00,2017-09-26T09:00:00-00:00,2017-09-26,2,0,BAYSHOR2_1_N001,BAYSHOR2_1_N001,BAYSHOR2_1_N001,DAM,LMP,LMP_PRC,BAYSHOR2_1_N001,ALL,1,31.05809,501
2017-09-26T07:00:00-00:00,2017-09-26T08:00:00-00:00,2017-09-26,1,0,BAYSHOR2_1_N001,BAYSHOR2_1_N001,BAYSHOR2_1_N001,DAM,LMP,LMP_PRC,BAYSHOR2_1_N001,ALL,1,32.94614,501
2017-09-26T20:00:00-00:00,2017-09-26T21:00:00-00:00,2017-09-26,14,0,BAYSHOR2_1_N001,BAYSHOR2_1_N001,BAYSHOR2_1_N001,DAM,LMP,LMP_PRC,BAYSHOR2_1_N001,ALL,1,35.58925,501
2017-09-26T16:00:00-00:00,2017-09-26T17:00:00-00:00,2017-09-26,10,0,BAYSHOR2_1_N001,BAYSHOR2_1_N001,BAYSHOR2_1_N001,DAM,LMP,LMP_PRC,BAYSHOR2_1_N001,ALL,1,29.74821,501
2017-09-26T14:00:00-00:00,2017-09-26T15:00:00-00:00,2017-09-26,8,0,BAYSHOR2_1_N001,BAYSHOR2_1_N001,BAYSHOR2_1_N001,DAM,LMP,LMP_PRC,BAYSHOR2_1_N001,ALL,1,39.97743,501
2017-09-26T13:00:00-00:00,2017-09-26T14:00:00-00:00,2017-09-26,7,0,BAYSHOR2_1_N001,BAYSHOR2_1_N001,BAYSHOR2_1_N001,DAM,LMP,LMP_PRC,BAYSHOR2_1_N001,ALL,1,40.34141,501
2017-09-27T06:00:00-00:00,2017-09-27T07:00:00-00:00,2017-09-26,24,0,BAYSHOR2_1_N001,BAYSHOR2_1_N001,BAYSHOR2_1_N001,DAM,LMP,LMP_PRC,BAYSHOR2_1_N001,ALL,1,35.63736,501
2017-09-26T10:00:00-00:00,2017-09-26T11:00:00-00:00,2017-09-26,4,0,BAYSHOR2_1_N001,BAYSHOR2_1_N001,BAYSHOR2_1_N001,DAM,LMP,LMP_PRC,BAYSHOR2_1_N001,ALL,1,28.81413,501
2017-09-26T22:00:00-00:00,2017-09-26T23:00:00-00:00,2017-09-26,16,0,BAYSHOR2_1_N001,BAYSHOR2_1_N001,BAYSHOR2_1_N001,DAM,LMP,LMP_PRC,BAYSHOR2_1_N001,ALL,1,38.91856,501
2017-09-26T15:00:00-00:00,2017-09-26T16:00:00-00:00,2017-09-26,9,0,BAYSHOR2_1_N001,BAYSHOR2_1_N001,BAYSHOR2_1_N001,DAM,MCC,LMP_CONG_PRC,BAYSHOR2_1_N001,ALL,1,-0.27573,502
2017-09-26T20:00:00-00:00,2017-09-26T21:00:00-00:00,2017-09-26,14,0,BAYSHOR2_1_N001,BAYSHOR2_1_N001,BAYSHOR2_1_N001,DAM,MCC,LMP_CONG_PRC,BAYSHOR2_1_N001,ALL,1,0.22724,502
2017-09-26T23:00:00-00:00,2017-09-27T00:00:00-00:00,2017-09-26,17,0,BAYSHOR2_1_N001,BAYSHOR2_1_N001,BAYSHOR2_1_N001,DAM,MCC,LMP_CONG_PRC,BAYSHOR2_1_N001,ALL,1,-1.22528,502
2017-09-26T16:00:00-00:00,2017-09-26T17:00:00-00:00,2017-09-26,10,0,BAYSHOR2_1_N001,BAYSHOR2_1_N001,BAYSHOR2_1_N001,DAM,MCC,LMP_CONG_PRC,BAYSHOR2_1_N001,ALL,1,5.59898,502
2017-09-26T14:00:00-00:00,2017-09-26T15:00:00-00:00,2017-09-26,8,0,BAYSHOR2_1_N001,BAYSHOR2_1_N001,BAYSHOR2_1_N001,DAM,MCC,LMP_CONG_PRC,BAYSHOR2_1_N001,ALL,1,0,502
2017-09-27T04:00:00-00:00,2017-09-27T05:00:00-00:00,2017-09-26,22,0,BAYSHOR2_1_N001,BAYSHOR2_1_N001,BAYSHOR2_1_N001,DAM,MCC,LMP_CONG_PRC,BAYSHOR2_1_N001,ALL,1,0,502
2017-09-27T06:00:00-00:00,2017-09-27T07:00:00-00:00,2017-09-26,24,0,BAYSHOR2_1_N001,BAYSHOR2_1_N001,BAYSHOR2_1_N001,DAM,MCC,LMP_CONG_PRC,BAYSHOR2_1_N001,ALL,1,0,502
2017-09-27T01:00:00-00:00,2017-09-27T02:00:00-00:00,2017-09-26,19,0,BAYSHOR2_1_N001,BAYSHOR2_1_N001,BAYSHOR2_1_N001,DAM,MCC,LMP_CONG_PRC,BAYSHOR2_1_N001,ALL,1,0,502
2017-09-27T05:00:00-00:00,2017-09-27T06:00:00-00:00,2017-09-26,23,0,BAYSHOR2_1_N001,BAYSHOR2_1_N001,BAYSHOR2_1_N001,DAM,MCC,LMP_CONG_PRC,BAYSHOR2_1_N001,ALL,1,0,502
2017-09-26T17:00:00-00:00,2017-09-26T18:00:00-00:00,2017-09-26,11,0,BAYSHOR2_1_N001,BAYSHOR2_1_N001,BAYSHOR2_1_N001,DAM,MCC,LMP_CONG_PRC,BAYSHOR2_1_N001,ALL,1,6.21466,502
2017-09-26T18:00:00-00:00,2017-09-26T19:00:00-00:00,2017-09-26,12,0,BAYSHOR2_1_N001,BAYSHOR2_1_N001,BAYSHOR2_1_N001,DAM,MCC,LMP_CONG_PRC,BAYSHOR2_1_N001,ALL,1,2.96625,502
2017-09-27T00:00:00-00:00,2017-09-27T01:00:00-00:00,2017-09-26,18,0,BAYSHOR2_1_N001,BAYSHOR2_1_N001,BAYSHOR2_1_N001,DAM,MCC,LMP_CONG_PRC,BAYSHOR2_1_N001,ALL,1,0,502
2017-09-26T13:00:00-00:00,2017-09-26T14:00:00-00:00,2017-09-26,7,0,BAYSHOR2_1_N001,BAYSHOR2_1_N001,BAYSHOR2_1_N001,DAM,MCC,LMP_CONG_PRC,BAYSHOR2_1_N001,ALL,1,0,502
2017-09-26T19:00:00-00:00,2017-09-26T20:00:00-00:00,2017-09-26,13,0,BAYSHOR2_1_N001,BAYSHOR2_1_N001,BAYSHOR2_1_N001,DAM,MCC,LMP_CONG_PRC,BAYSHOR2_1_N001,ALL,1,1.78351,502
2017-09-26T07:00:00-00:00,2017-09-26T08:00:00-00:00,2017-09-26,1,0,BAYSHOR2_1_N001,BAYSHOR2_1_N001,BAYSHOR2_1_N001,DAM,MCC,LMP_CONG_PRC,BAYSHOR2_1_N001,ALL,1,0,502
2017-09-27T03:00:00-00:00,2017-09-27T04:00:00-00:00,2017-09-26,21,0,BAYSHOR2_1_N001,BAYSHOR2_1_N001,BAYSHOR2_1_N001,DAM,MCC,LMP_CONG_PRC,BAYSHOR2_1_N001,ALL,1,0,502
2017-09-27T02:00:00-00:00,2017-09-27T03:00:00-00:00,2017-09-26,20,0,BAYSHOR2_1_N001,BAYSHOR2_1_N001,BAYSHOR2_1_N001,DAM,MCC,LMP_CONG_PRC,BAYSHOR2_1_N001,ALL,1,0,502
2017-09-26T11:00:00-00:00,2017-09-26T12:00:00-00:00,2017-09-26,5,0,BAYSHOR2_1_N001,BAYSHOR2_1_N001,BAYSHOR2_1_N001,DAM,MCC,LMP_CONG_PRC,BAYSHOR2_1_N001,ALL,1,0,502
2017-09-26T10:00:00-00:00,2017-09-26T11:00:00-00:00,2017-09-26,4,0,BAYSHOR2_1_N001,BAYSHOR2_1_N001,BAYSHOR2_1_N001,DAM,MCC,LMP_CONG_PRC,BAYSHOR2_1_N001,ALL,1,0,502
2017-09-26T09:00:00-00:00,2017-09-26T10:00:00-00:00,2017-09-26,3,0,BAYSHOR2_1_N001,BAYSHOR2_1_N001,BAYSHOR2_1_N001,DAM,MCC,LMP_CONG_PRC,BAYSHOR2_1_N001,ALL,1,0,502
2017-09-26T08:00:00-00:00,2017-09-26T09:00:00-00:00,2017-09-26,2,0,BAYSHOR2_1_N001,BAYSHOR2_1_N001,BAYSHOR2_1_N001,DAM,MCC,LMP_CONG_PRC,BAYSHOR2_1_N001,ALL,1,0,502
2017-09-26T22:00:00-00:00,2017-09-26T23:00:00-00:00,2017-09-26,16,0,BAYSHOR2_1_N001,BAYSHOR2_1_N001,BAYSHOR2_1_N001,DAM,MCC,LMP_CONG_PRC,BAYSHOR2_1_N001,ALL,1,-0.34769,502
2017-09-26T21:00:00-00:00,2017-09-26T22:00:00-00:00,2017-09-26,15,0,BAYSHOR2_1_N001,BAYSHOR2_1_N001,BAYSHOR2_1_N001,DAM,MCC,LMP_CONG_PRC,BAYSHOR2_1_N001,ALL,1,-0.07654,502
2017-09-26T12:00:00-00:00,2017-09-26T13:00:00-00:00,2017-09-26,6,0,BAYSHOR2_1_N001,BAYSHOR2_1_N001,BAYSHOR2_1_N001,DAM,MCC,LMP_CONG_PRC,BAYSHOR2_1_N001,ALL,1,0,502
2017-09-26T22:00:00-00:00,2017-09-26T23:00:00-00:00,2017-09-26,16,0,BAYSHOR2_1_N001,BAYSHOR2_1_N001,BAYSHOR2_1_N001,DAM,MCE,LMP_ENE_PRC,BAYSHOR2_1_N001,ALL,1,36.1368,503
2017-09-26T18:00:00-00:00,2017-09-26T19:00:00-00:00,2017-09-26,12,0,BAYSHOR2_1_N001,BAYSHOR2_1_N001,BAYSHOR2_1_N001,DAM,MCE,LMP_ENE_PRC,BAYSHOR2_1_N001,ALL,1,27.02841,503
2017-09-26T08:00:00-00:00,2017-09-26T09:00:00-00:00,2017-09-26,2,0,BAYSHOR2_1_N001,BAYSHOR2_1_N001,BAYSHOR2_1_N001,DAM,MCE,LMP_ENE_PRC,BAYSHOR2_1_N001,ALL,1,29.98753,503
2017-09-26T16:00:00-00:00,2017-09-26T17:00:00-00:00,2017-09-26,10,0,BAYSHOR2_1_N001,BAYSHOR2_1_N001,BAYSHOR2_1_N001,DAM,MCE,LMP_ENE_PRC,BAYSHOR2_1_N001,ALL,1,22.21436,503
2017-09-26T17:00:00-00:00,2017-09-26T18:00:00-00:00,2017-09-26,11,0,BAYSHOR2_1_N001,BAYSHOR2_1_N001,BAYSHOR2_1_N001,DAM,MCE,LMP_ENE_PRC,BAYSHOR2_1_N001,ALL,1,21.35695,503
2017-09-26T09:00:00-00:00,2017-09-26T10:00:00-00:00,2017-09-26,3,0,BAYSHOR2_1_N001,BAYSHOR2_1_N001,BAYSHOR2_1_N001,DAM,MCE,LMP_ENE_PRC,BAYSHOR2_1_N001,ALL,1,28.5544,503
2017-09-26T23:00:00-00:00,2017-09-27T00:00:00-00:00,2017-09-26,17,0,BAYSHOR2_1_N001,BAYSHOR2_1_N001,BAYSHOR2_1_N001,DAM,MCE,LMP_ENE_PRC,BAYSHOR2_1_N001,ALL,1,37.41089,503
2017-09-27T06:00:00-00:00,2017-09-27T07:00:00-00:00,2017-09-26,24,0,BAYSHOR2_1_N001,BAYSHOR2_1_N001,BAYSHOR2_1_N001,DAM,MCE,LMP_ENE_PRC,BAYSHOR2_1_N001,ALL,1,34.61618,503
2017-09-26T13:00:00-00:00,2017-09-26T14:00:00-00:00,2017-09-26,7,0,BAYSHOR2_1_N001,BAYSHOR2_1_N001,BAYSHOR2_1_N001,DAM,MCE,LMP_ENE_PRC,BAYSHOR2_1_N001,ALL,1,38.44236,503
2017-09-26T14:00:00-00:00,2017-09-26T15:00:00-00:00,2017-09-26,8,0,BAYSHOR2_1_N001,BAYSHOR2_1_N001,BAYSHOR2_1_N001,DAM,MCE,LMP_ENE_PRC,BAYSHOR2_1_N001,ALL,1,37.70389,503
2017-09-27T00:00:00-00:00,2017-09-27T01:00:00-00:00,2017-09-26,18,0,BAYSHOR2_1_N001,BAYSHOR2_1_N001,BAYSHOR2_1_N001,DAM,MCE,LMP_ENE_PRC,BAYSHOR2_1_N001,ALL,1,50.98941,503
2017-09-27T02:00:00-00:00,2017-09-27T03:00:00-00:00,2017-09-26,20,0,BAYSHOR2_1_N001,BAYSHOR2_1_N001,BAYSHOR2_1_N001,DAM,MCE,LMP_ENE_PRC,BAYSHOR2_1_N001,ALL,1,73.29696,503
2017-09-27T05:00:00-00:00,2017-09-27T06:00:00-00:00,2017-09-26,23,0,BAYSHOR2_1_N001,BAYSHOR2_1_N001,BAYSHOR2_1_N001,DAM,MCE,LMP_ENE_PRC,BAYSHOR2_1_N001,ALL,1,35.86428,503
2017-09-26T20:00:00-00:00,2017-09-26T21:00:00-00:00,2017-09-26,14,0,BAYSHOR2_1_N001,BAYSHOR2_1_N001,BAYSHOR2_1_N001,DAM,MCE,LMP_ENE_PRC,BAYSHOR2_1_N001,ALL,1,32.2646,503
2017-09-27T03:00:00-00:00,2017-09-27T04:00:00-00:00,2017-09-26,21,0,BAYSHOR2_1_N001,BAYSHOR2_1_N001,BAYSHOR2_1_N001,DAM,MCE,LMP_ENE_PRC,BAYSHOR2_1_N001,ALL,1,52.154,503
2017-09-27T04:00:00-00:00,2017-09-27T05:00:00-00:00,2017-09-26,22,0,BAYSHOR2_1_N001,BAYSHOR2_1_N001,BAYSHOR2_1_N001,DAM,MCE,LMP_ENE_PRC,BAYSHOR2_1_N001,ALL,1,41.5749,503
2017-09-26T15:00:00-00:00,2017-09-26T16:00:00-00:00,2017-09-26,9,0,BAYSHOR2_1_N001,BAYSHOR2_1_N001,BAYSHOR2_1_N001,DAM,MCE,LMP_ENE_PRC,BAYSHOR2_1_N001,ALL,1,28.04508,503
2017-09-26T19:00:00-00:00,2017-09-26T20:00:00-00:00,2017-09-26,13,0,BAYSHOR2_1_N001,BAYSHOR2_1_N001,BAYSHOR2_1_N001,DAM,MCE,LMP_ENE_PRC,BAYSHOR2_1_N001,ALL,1,28.10557,503
2017-09-27T01:00:00-00:00,2017-09-27T02:00:00-00:00,2017-09-26,19,0,BAYSHOR2_1_N001,BAYSHOR2_1_N001,BAYSHOR2_1_N001,DAM,MCE,LMP_ENE_PRC,BAYSHOR2_1_N001,ALL,1,72.63374,503
2017-09-26T21:00:00-00:00,2017-09-26T22:00:00-00:00,2017-09-26,15,0,BAYSHOR2_1_N001,BAYSHOR2_1_N001,BAYSHOR2_1_N001,DAM,MCE,LMP_ENE_PRC,BAYSHOR2_1_N001,ALL,1,34.13928,503
2017-09-26T07:00:00-00:00,2017-09-26T08:00:00-00:00,2017-09-26,1,0,BAYSHOR2_1_N001,BAYSHOR2_1_N001,BAYSHOR2_1_N001,DAM,MCE,LMP_ENE_PRC,BAYSHOR2_1_N001,ALL,1,31.83201,503
2017-09-26T10:00:00-00:00,2017-09-26T11:00:00-00:00,2017-09-26,4,0,BAYSHOR2_1_N001,BAYSHOR2_1_N001,BAYSHOR2_1_N001,DAM,MCE,LMP_ENE_PRC,BAYSHOR2_1_N001,ALL,1,27.87206,503
2017-09-26T11:00:00-00:00,2017-09-26T12:00:00-00:00,2017-09-26,5,0,BAYSHOR2_1_N001,BAYSHOR2_1_N001,BAYSHOR2_1_N001,DAM,MCE,LMP_ENE_PRC,BAYSHOR2_1_N001,ALL,1,27.98188,503
2017-09-26T12:00:00-00:00,2017-09-26T13:00:00-00:00,2017-09-26,6,0,BAYSHOR2_1_N001,BAYSHOR2_1_N001,BAYSHOR2_1_N001,DAM,MCE,LMP_ENE_PRC,BAYSHOR2_1_N001,ALL,1,32.23821,503
2017-09-26T18:00:00-00:00,2017-09-26T19:00:00-00:00,2017-09-26,12,0,BAYSHOR2_1_N001,BAYSHOR2_1_N001,BAYSHOR2_1_N001,DAM,MCL,LMP_LOSS_PRC,BAYSHOR2_1_N001,ALL,1,2.45148,504
2017-09-26T10:00:00-00:00,2017-09-26T11:00:00-00:00,2017-09-26,4,0,BAYSHOR2_1_N001,BAYSHOR2_1_N001,BAYSHOR2_1_N001,DAM,MCL,LMP_LOSS_PRC,BAYSHOR2_1_N001,ALL,1,0.94208,504
2017-09-27T00:00:00-00:00,2017-09-27T01:00:00-00:00,2017-09-26,18,0,BAYSHOR2_1_N001,BAYSHOR2_1_N001,BAYSHOR2_1_N001,DAM,MCL,LMP_LOSS_PRC,BAYSHOR2_1_N001,ALL,1,3.10016,504
2017-09-26T08:00:00-00:00,2017-09-26T09:00:00-00:00,2017-09-26,2,0,BAYSHOR2_1_N001,BAYSHOR2_1_N001,BAYSHOR2_1_N001,DAM,MCL,LMP_LOSS_PRC,BAYSHOR2_1_N001,ALL,1,1.07055,504
2017-09-27T01:00:00-00:00,2017-09-27T02:00:00-00:00,2017-09-26,19,0,BAYSHOR2_1_N001,BAYSHOR2_1_N001,BAYSHOR2_1_N001,DAM,MCL,LMP_LOSS_PRC,BAYSHOR2_1_N001,ALL,1,3.39926,504
2017-09-26T14:00:00-00:00,2017-09-26T15:00:00-00:00,2017-09-26,8,0,BAYSHOR2_1_N001,BAYSHOR2_1_N001,BAYSHOR2_1_N001,DAM,MCL,LMP_LOSS_PRC,BAYSHOR2_1_N001,ALL,1,2.27354,504
2017-09-26T11:00:00-00:00,2017-09-26T12:00:00-00:00,2017-09-26,5,0,BAYSHOR2_1_N001,BAYSHOR2_1_N001,BAYSHOR2_1_N001,DAM,MCL,LMP_LOSS_PRC,BAYSHOR2_1_N001,ALL,1,0.97377,504
2017-09-26T12:00:00-00:00,2017-09-26T13:00:00-00:00,2017-09-26,6,0,BAYSHOR2_1_N001,BAYSHOR2_1_N001,BAYSHOR2_1_N001,DAM,MCL,LMP_LOSS_PRC,BAYSHOR2_1_N001,ALL,1,1.17347,504
2017-09-26T13:00:00-00:00,2017-09-26T14:00:00-00:00,2017-09-26,7,0,BAYSHOR2_1_N001,BAYSHOR2_1_N001,BAYSHOR2_1_N001,DAM,MCL,LMP_LOSS_PRC,BAYSHOR2_1_N001,ALL,1,1.89905,504
2017-09-27T05:00:00-00:00,2017-09-27T06:00:00-00:00,2017-09-26,23,0,BAYSHOR2_1_N001,BAYSHOR2_1_N001,BAYSHOR2_1_N001,DAM,MCL,LMP_LOSS_PRC,BAYSHOR2_1_N001,ALL,1,1.44892,504
2017-09-26T17:00:00-00:00,2017-09-26T18:00:00-00:00,2017-09-26,11,0,BAYSHOR2_1_N001,BAYSHOR2_1_N001,BAYSHOR2_1_N001,DAM,MCL,LMP_LOSS_PRC,BAYSHOR2_1_N001,ALL,1,1.90718,504
2017-09-27T02:00:00-00:00,2017-09-27T03:00:00-00:00,2017-09-26,20,0,BAYSHOR2_1_N001,BAYSHOR2_1_N001,BAYSHOR2_1_N001,DAM,MCL,LMP_LOSS_PRC,BAYSHOR2_1_N001,ALL,1,3.29836,504
2017-09-27T03:00:00-00:00,2017-09-27T04:00:00-00:00,2017-09-26,21,0,BAYSHOR2_1_N001,BAYSHOR2_1_N001,BAYSHOR2_1_N001,DAM,MCL,LMP_LOSS_PRC,BAYSHOR2_1_N001,ALL,1,1.66371,504
2017-09-27T04:00:00-00:00,2017-09-27T05:00:00-00:00,2017-09-26,22,0,BAYSHOR2_1_N001,BAYSHOR2_1_N001,BAYSHOR2_1_N001,DAM,MCL,LMP_LOSS_PRC,BAYSHOR2_1_N001,ALL,1,1.25556,504
2017-09-27T06:00:00-00:00,2017-09-27T07:00:00-00:00,2017-09-26,24,0,BAYSHOR2_1_N001,BAYSHOR2_1_N001,BAYSHOR2_1_N001,DAM,MCL,LMP_LOSS_PRC,BAYSHOR2_1_N001,ALL,1,1.02118,504
2017-09-26T20:00:00-00:00,2017-09-26T21:00:00-00:00,2017-09-26,14,0,BAYSHOR2_1_N001,BAYSHOR2_1_N001,BAYSHOR2_1_N001,DAM,MCL,LMP_LOSS_PRC,BAYSHOR2_1_N001,ALL,1,3.0974,504
2017-09-26T21:00:00-00:00,2017-09-26T22:00:00-00:00,2017-09-26,15,0,BAYSHOR2_1_N001,BAYSHOR2_1_N001,BAYSHOR2_1_N001,DAM,MCL,LMP_LOSS_PRC,BAYSHOR2_1_N001,ALL,1,3.06912,504
2017-09-26T22:00:00-00:00,2017-09-26T23:00:00-00:00,2017-09-26,16,0,BAYSHOR2_1_N001,BAYSHOR2_1_N001,BAYSHOR2_1_N001,DAM,MCL,LMP_LOSS_PRC,BAYSHOR2_1_N001,ALL,1,3.12945,504
2017-09-26T07:00:00-00:00,2017-09-26T08:00:00-00:00,2017-09-26,1,0,BAYSHOR2_1_N001,BAYSHOR2_1_N001,BAYSHOR2_1_N001,DAM,MCL,LMP_LOSS_PRC,BAYSHOR2_1_N001,ALL,1,1.11412,504
2017-09-26T23:00:00-00:00,2017-09-27T00:00:00-00:00,2017-09-26,17,0,BAYSHOR2_1_N001,BAYSHOR2_1_N001,BAYSHOR2_1_N001,DAM,MCL,LMP_LOSS_PRC,BAYSHOR2_1_N001,ALL,1,3.02654,504
2017-09-26T15:00:00-00:00,2017-09-26T16:00:00-00:00,2017-09-26,9,0,BAYSHOR2_1_N001,BAYSHOR2_1_N001,BAYSHOR2_1_N001,DAM,MCL,LMP_LOSS_PRC,BAYSHOR2_1_N001,ALL,1,1.88743,504
2017-09-26T16:00:00-00:00,2017-09-26T17:00:00-00:00,2017-09-26,10,0,BAYSHOR2_1_N001,BAYSHOR2_1_N001,BAYSHOR2_1_N001,DAM,MCL,LMP_LOSS_PRC,BAYSHOR2_1_N001,ALL,1,1.93487,504
2017-09-26T19:00:00-00:00,2017-09-26T20:00:00-00:00,2017-09-26,13,0,BAYSHOR2_1_N001,BAYSHOR2_1_N001,BAYSHOR2_1_N001,DAM,MCL,LMP_LOSS_PRC,BAYSHOR2_1_N001,ALL,1,2.51264,504
2017-09-26T09:00:00-00:00,2017-09-26T10:00:00-00:00,2017-09-26,3,0,BAYSHOR2_1_N001,BAYSHOR2_1_N001,BAYSHOR2_1_N001,DAM,MCL,LMP_LOSS_PRC,BAYSHOR2_1_N001,ALL,1,0.97942,504
2017-09-26T21:00:00-00:00,2017-09-26T22:00:00-00:00,2017-09-26,15,0,TH_NP15_GEN-APND,TH_NP15_GEN-APND,TH_NP15_GEN-APND,DAM,LMP,LMP_PRC,TH_NP15_GEN-APND,ALL_APNODES,0,33.37389,505
2017-09-26T19:00:00-00:00,2017-09-26T20:00:00-00:00,2017-09-26,13,0,TH_NP15_GEN-APND,TH_NP15_GEN-APND,TH_NP15_GEN-APND,DAM,LMP,LMP_PRC,TH_NP15_GEN-APND,ALL_APNODES,0,28.35267,505
2017-09-26T11:00:00-00:00,2017-09-26T12:00:00-00:00,2017-09-26,5,0,TH_NP15_GEN-APND,TH_NP15_GEN-APND,TH_NP15_GEN-APND,DAM,LMP,LMP_PRC,TH_NP15_GEN-APND,ALL_APNODES,0,27.90633,505
2017-09-27T01:00:00-00:00,2017-09-27T02:00:00-00:00,2017-09-26,19,0,TH_NP15_GEN-APND,TH_NP15_GEN-APND,TH_NP15_GEN-APND,DAM,LMP,LMP_PRC,TH_NP15_GEN-APND,ALL_APNODES,0,71.63702,505
2017-09-26T12:00:00-00:00,2017-09-26T13:00:00-00:00,2017-09-26,6,0,TH_NP15_GEN-APND,TH_NP15_GEN-APND,TH_NP15_GEN-APND,DAM,LMP,LMP_PRC,TH_NP15_GEN-APND,ALL_APNODES,0,32.27368,505
2017-09-26T23:00:00-00:00,2017-09-27T00:00:00-00:00,2017-09-26,17,0,TH_NP15_GEN-APND,TH_NP15_GEN-APND,TH_NP15_GEN-APND,DAM,LMP,LMP_PRC,TH_NP15_GEN-APND,ALL_APNODES,0,36.4662,505
2017-09-26T13:00:00-00:00,2017-09-26T14:00:00-00:00,2017-09-26,7,0,TH_NP15_GEN-APND,TH_NP15_GEN-APND,TH_NP15_GEN-APND,DAM,LMP,LMP_PRC,TH_NP15_GEN-APND,ALL_APNODES,0,38.55,505
2017-09-26T22:00:00-00:00,2017-09-26T23:00:00-00:00,2017-09-26,16,0,TH_NP15_GEN-APND,TH_NP15_GEN-APND,TH_NP15_GEN-APND,DAM,LMP,LMP_PRC,TH_NP15_GEN-APND,ALL_APNODES,0,35.58411,505
2017-09-27T00:00:00-00:00,2017-09-27T01:00:00-00:00,2017-09-26,18,0,TH_NP15_GEN-APND,TH_NP15_GEN-APND,TH_NP15_GEN-APND,DAM,LMP,LMP_PRC,TH_NP15_GEN-APND,ALL_APNODES,0,50.54617,505
2017-09-27T02:00:00-00:00,2017-09-27T03:00:00-00:00,2017-09-26,20,0,TH_NP15_GEN-APND,TH_NP15_GEN-APND,TH_NP15_GEN-APND,DAM,LMP,LMP_PRC,TH_NP15_GEN-APND,ALL_APNODES,0,72.18108,505
2017-09-27T03:00:00-00:00,2017-09-27T04:00:00-00:00,2017-09-26,21,0,TH_NP15_GEN-APND,TH_NP15_GEN-APND,TH_NP15_GEN-APND,DAM,LMP,LMP_PRC,TH_NP15_GEN-APND,ALL_APNODES,0,50.89984,505
2017-09-26T16:00:00-00:00,2017-09-26T17:00:00-00:00,2017-09-26,10,0,TH_NP15_GEN-APND,TH_NP15_GEN-APND,TH_NP15_GEN-APND,DAM,LMP,LMP_PRC,TH_NP15_GEN-APND,ALL_APNODES,0,25.82272,505
2017-09-26T17:00:00-00:00,2017-09-26T18:00:00-00:00,2017-09-26,11,0,TH_NP15_GEN-APND,TH_NP15_GEN-APND,TH_NP15_GEN-APND,DAM,LMP,LMP_PRC,TH_NP15_GEN-APND,ALL_APNODES,0,24.52439,505
2017-09-26T07:00:00-00:00,2017-09-26T08:00:00-00:00,2017-09-26,1,0,TH_NP15_GEN-APND,TH_NP15_GEN-APND,TH_NP15_GEN-APND,DAM,LMP,LMP_PRC,TH_NP15_GEN-APND,ALL_APNODES,0,31.79382,505
2017-09-26T09:00:00-00:00,2017-09-26T10:00:00-00:00,2017-09-26,3,0,TH_NP15_GEN-APND,TH_NP15_GEN-APND,TH_NP15_GEN-APND,DAM,LMP,LMP_PRC,TH_NP15_GEN-APND,ALL_APNODES,0,28.46873,505
2017-09-26T10:00:00-00:00,2017-09-26T11:00:00-00:00,2017-09-26,4,0,TH_NP15_GEN-APND,TH_NP15_GEN-APND,TH_NP15_GEN-APND,DAM,LMP,LMP_PRC,TH_NP15_GEN-APND,ALL_APNODES,0,27.81074,505
2017-09-26T14:00:00-00:00,2017-09-26T15:00:00-00:00,2017-09-26,8,0,TH_NP15_GEN-APND,TH_NP15_GEN-APND,TH_NP15_GEN-APND,DAM,LMP,LMP_PRC,TH_NP15_GEN-APND,ALL_APNODES,0,37.91126,505
2017-09-26T15:00:00-00:00,2017-09-26T16:00:00-00:00,2017-09-26,9,0,TH_NP15_GEN-APND,TH_NP15_GEN-APND,TH_NP15_GEN-APND,DAM,LMP,LMP_PRC,TH_NP15_GEN-APND,ALL_APNODES,0,28.00213,505
2017-09-27T04:00:00-00:00,2017-09-27T05:00:00-00:00,2017-09-26,22,0,TH_NP15_GEN-APND,TH_NP15_GEN-APND,TH_NP15_GEN-APND,DAM,LMP,LMP_PRC,TH_NP15_GEN-APND,ALL_APNODES,0,40.73409,505
2017-09-26T18:00:00-00:00,2017-09-26T19:00:00-00:00,2017-09-26,12,0,TH_NP15_GEN-APND,TH_NP15_GEN-APND,TH_NP15_GEN-APND,DAM,LMP,LMP_PRC,TH_NP15_GEN-APND,ALL_APNODES,0,27.76184,505
2017-09-26T20:00:00-00:00,2017-09-26T21:00:00-00:00,2017-09-26,14,0,TH_NP15_GEN-APND,TH_NP15_GEN-APND,TH_NP15_GEN-APND,DAM,LMP,LMP_PRC,TH_NP15_GEN-APND,ALL_APNODES,0,31.70811,505
2017-09-27T05:00:00-00:00,2017-09-27T06:00:00-00:00,2017-09-26,23,0,TH_NP15_GEN-APND,TH_NP15_GEN-APND,TH_NP15_GEN-APND,DAM,LMP,LMP_PRC,TH_NP15_GEN-APND,ALL_APNODES,0,35.48211,505
2017-09-27T06:00:00-00:00,2017-09-27T07:00:00-00:00,2017-09-26,24,0,TH_NP15_GEN-APND,TH_NP15_GEN-APND,TH_NP15_GEN-APND,DAM,LMP,LMP_PRC,TH_NP15_GEN-APND,ALL_APNODES,0,34.22502,505
2017-09-26T08:00:00-00:00,2017-09-26T09:00:00-00:00,2017-09-26,2,0,TH_NP15_GEN-APND,TH_NP15_GEN-APND,TH_NP15_GEN-APND,DAM,LMP,LMP_PRC,TH_NP15_GEN-APND,ALL_APNODES,0,29.88557,505
2017-09-26T23:00:00-00:00,2017-09-27T00:00:00-00:00,2017-09-26,17,0,TH_NP15_GEN-APND,TH_NP15_GEN-APND,TH_NP15_GEN-APND,DAM,MCC,LMP_CONG_PRC,TH_NP15_GEN-APND,ALL_APNODES,0,-1.22528,506
2017-09-26T19:00:00-00:00,2017-09-26T20:00:00-00:00,2017-09-26,13,0,TH_NP15_GEN-APND,TH_NP15_GEN-APND,TH_NP15_GEN-APND,DAM,MCC,LMP_CONG_PRC,TH_NP15_GEN-APND,ALL_APNODES,0,-0.06487,506
2017-09-27T05:00:00-00:00,2017-09-27T06:00:00-00:00,2017-09-26,23,0,TH_NP15_GEN-APND,TH_NP15_GEN-APND,TH_NP15_GEN-APND,DAM,MCC,LMP_CONG_PRC,TH_NP15_GEN-APND,ALL_APNODES,0,-0.1885,506
2017-09-26T14:00:00-00:00,2017-09-26T15:00:00-00:00,2017-09-26,8,0,TH_NP15_GEN-APND,TH_NP15_GEN-APND,TH_NP15_GEN-APND,DAM,MCC,LMP_CONG_PRC,TH_NP15_GEN-APND,ALL_APNODES,0,0,506
2017-09-26T07:00:00-00:00,2017-09-26T08:00:00-00:00,2017-09-26,1,0,TH_NP15_GEN-APND,TH_NP15_GEN-APND,TH_NP15_GEN-APND,DAM,MCC,LMP_CONG_PRC,TH_NP15_GEN-APND,ALL_APNODES,0,0,506
2017-09-26T08:00:00-00:00,2017-09-26T09:00:00-00:00,2017-09-26,2,0,TH_NP15_GEN-APND,TH_NP15_GEN-APND,TH_NP15_GEN-APND,DAM,MCC,LMP_CONG_PRC,TH_NP15_GEN-APND,ALL_APNODES,0,0,506
2017-09-26T20:00:00-00:00,2017-09-26T21:00:00-00:00,2017-09-26,14,0,TH_NP15_GEN-APND,TH_NP15_GEN-APND,TH_NP15_GEN-APND,DAM,MCC,LMP_CONG_PRC,TH_NP15_GEN-APND,ALL_APNODES,0,-0.92431,506
2017-09-26T09:00:00-00:00,2017-09-26T10:00:00-00:00,2017-09-26,3,0,TH_NP15_GEN-APND,TH_NP15_GEN-APND,TH_NP15_GEN-APND,DAM,MCC,LMP_CONG_PRC,TH_NP15_GEN-APND,ALL_APNODES,0,0,506
2017-09-26T12:00:00-00:00,2017-09-26T13:00:00-00:00,2017-09-26,6,0,TH_NP15_GEN-APND,TH_NP15_GEN-APND,TH_NP15_GEN-APND,DAM,MCC,LMP_CONG_PRC,TH_NP15_GEN-APND,ALL_APNODES,0,0,506
2017-09-26T17:00:00-00:00,2017-09-26T18:00:00-00:00,2017-09-26,11,0,TH_NP15_GEN-APND,TH_NP15_GEN-APND,TH_NP15_GEN-APND,DAM,MCC,LMP_CONG_PRC,TH_NP15_GEN-APND,ALL_APNODES,0,2.86631,506
2017-09-26T21:00:00-00:00,2017-09-26T22:00:00-00:00,2017-09-26,15,0,TH_NP15_GEN-APND,TH_NP15_GEN-APND,TH_NP15_GEN-APND,DAM,MCC,LMP_CONG_PRC,TH_NP15_GEN-APND,ALL_APNODES,0,-1.14434,506
2017-09-26T22:00:00-00:00,2017-09-26T23:00:00-00:00,2017-09-26,16,0,TH_NP15_GEN-APND,TH_NP15_GEN-APND,TH_NP15_GEN-APND,DAM,MCC,LMP_CONG_PRC,TH_NP15_GEN-APND,ALL_APNODES,0,-0.84179,506
2017-09-27T01:00:00-00:00,2017-09-27T02:00:00-00:00,2017-09-26,19,0,TH_NP15_GEN-APND,TH_NP15_GEN-APND,TH_NP15_GEN-APND,DAM,MCC,LMP_CONG_PRC,TH_NP15_GEN-APND,ALL_APNODES,0,-0.36481,506
2017-09-27T02:00:00-00:00,2017-09-27T03:00:00-00:00,2017-09-26,20,0,TH_NP15_GEN-APND,TH_NP15_GEN-APND,TH_NP15_GEN-APND,DAM,MCC,LMP_CONG_PRC,TH_NP15_GEN-APND,ALL_APNODES,0,-0.44155,506
2017-09-27T03:00:00-00:00,2017-09-27T04:00:00-00:00,2017-09-26,21,0,TH_NP15_GEN-APND,TH_NP15_GEN-APND,TH_NP15_GEN-APND,DAM,MCC,LMP_CONG_PRC,TH_NP15_GEN-APND,ALL_APNODES,0,-0.35711,506
2017-09-27T04:00:00-00:00,2017-09-27T05:00:00-00:00,2017-09-26,22,0,TH_NP15_GEN-APND,TH_NP15_GEN-APND,TH_NP15_GEN-APND,DAM,MCC,LMP_CONG_PRC,TH_NP15_GEN-APND,ALL_APNODES,0,-0.12573,506
2017-09-27T06:00:00-00:00,2017-09-27T07:00:00-00:00,2017-09-26,24,0,TH_NP15_GEN-APND,TH_NP15_GEN-APND,TH_NP15_GEN-APND,DAM,MCC,LMP_CONG_PRC,TH_NP15_GEN-APND,ALL_APNODES,0,0,506
2017-09-26T15:00:00-00:00,2017-09-26T16:00:00-00:00,2017-09-26,9,0,TH_NP15_GEN-APND,TH_NP15_GEN-APND,TH_NP15_GEN-APND,DAM,MCC,LMP_CONG_PRC,TH_NP15_GEN-APND,ALL_APNODES,0,-0.27573,506
2017-09-26T16:00:00-00:00,2017-09-26T17:00:00-00:00,2017-09-26,10,0,TH_NP15_GEN-APND,TH_NP15_GEN-APND,TH_NP15_GEN-APND,DAM,MCC,LMP_CONG_PRC,TH_NP15_GEN-APND,ALL_APNODES,0,3.23072,506
2017-09-26T18:00:00-00:00,2017-09-26T19:00:00-00:00,2017-09-26,12,0,TH_NP15_GEN-APND,TH_NP15_GEN-APND,TH_NP15_GEN-APND,DAM,MCC,LMP_CONG_PRC,TH_NP15_GEN-APND,ALL_APNODES,0,0.40638,506
2017-09-26T10:00:00-00:00,2017-09-26T11:00:00-00:00,2017-09-26,4,0,TH_NP15_GEN-APND,TH_NP15_GEN-APND,TH_NP15_GEN-APND,DAM,MCC,LMP_CONG_PRC,TH_NP15_GEN-APND,ALL_APNODES,0,0,506
2017-09-26T11:00:00-00:00,2017-09-26T12:00:00-00:00,2017-09-26,5,0,TH_NP15_GEN-APND,TH_NP15_GEN-APND,TH_NP15_GEN-APND,DAM,MCC,LMP_CONG_PRC,TH_NP15_GEN-APND,ALL_APNODES,0,0,506
2017-09-27T00:00:00-00:00,2017-09-27T01:00:00-00:00,2017-09-26,18,0,TH_NP15_GEN-APND,TH_NP15_GEN-APND,TH_NP15_GEN-APND,DAM,MCC,LMP_CONG_PRC,TH_NP15_GEN-APND,ALL_APNODES,0,-0.12201,506
2017-09-26T13:00:00-00:00,2017-09-26T14:00:00-00:00,2017-09-26,7,0,TH_NP15_GEN-APND,TH_NP15_GEN-APND,TH_NP15_GEN-APND,DAM,MCC,LMP_CONG_PRC,TH_NP15_GEN-APND,ALL_APNODES,0,0,506
2017-09-26T09:00:00-00:00,2017-09-26T10:00:00-00:00,2017-09-26,3,0,TH_NP15_GEN-APND,TH_NP15_GEN-APND,TH_NP15_GEN-APND,DAM,MCE,LMP_ENE_PRC,TH_NP15_GEN-APND,ALL_APNODES,0,28.5544,507
2017-09-26T16:00:00-00:00,2017-09-26T17:00:00-00:00,2017-09-26,10,0,TH_NP15_GEN-APND,TH_NP15_GEN-APND,TH_NP15_GEN-APND,DAM,MCE,LMP_ENE_PRC,TH_NP15_GEN-APND,ALL_APNODES,0,22.21436,507
2017-09-26T10:00:00-00:00,2017-09-26T11:00:00-00:00,2017-09-26,4,0,TH_NP15_GEN-APND,TH_NP15_GEN-APND,TH_NP15_GEN-APND,DAM,MCE,LMP_ENE_PRC,TH_NP15_GEN-APND,ALL_APNODES,0,27.87206,507
2017-09-27T03:00:00-00:00,2017-09-27T04:00:00-00:00,2017-09-26,21,0,TH_NP15_GEN-APND,TH_NP15_GEN-APND,TH_NP15_GEN-APND,DAM,MCE,LMP_ENE_PRC,TH_NP15_GEN-APND,ALL_APNODES,0,52.154,507
2017-09-26T13:00:00-00:00,2017-09-26T14:00:00-00:00,2017-09-26,7,0,TH_NP15_GEN-APND,TH_NP15_GEN-APND,TH_NP15_GEN-APND,DAM,MCE,LMP_ENE_PRC,TH_NP15_GEN-APND,ALL_APNODES,0,38.44236,507
2017-09-26T21:00:00-00:00,2017-09-26T22:00:00-00:00,2017-09-26,15,0,TH_NP15_GEN-APND,TH_NP15_GEN-APND,TH_NP15_GEN-APND,DAM,MCE,LMP_ENE_PRC,TH_NP15_GEN-APND,ALL_APNODES,0,34.13928,507
2017-09-27T01:00:00-00:00,2017-09-27T02:00:00-00:00,2017-09-26,19,0,TH_NP15_GEN-APND,TH_NP15_GEN-APND,TH_NP15_GEN-APND,DAM,MCE,LMP_ENE_PRC,TH_NP15_GEN-APND,ALL_APNODES,0,72.63374,507
2017-09-26T23:00:00-00:00,2017-09-27T00:00:00-00:00,2017-09-26,17,0,TH_NP15_GEN-APND,TH_NP15_GEN-APND,TH_NP15_GEN-APND,DAM,MCE,LMP_ENE_PRC,TH_NP15_GEN-APND,ALL_APNODES,0,37.41089,507
2017-09-26T19:00:00-00:00,2017-09-26T20:00:00-00:00,2017-09-26,13,0,TH_NP15_GEN-APND,TH_NP15_GEN-APND,TH_NP15_GEN-APND,DAM,MCE,LMP_ENE_PRC,TH_NP15_GEN-APND,ALL_APNODES,0,28.10557,507
2017-09-26T12:00:00-00:00,2017-09-26T13:00:00-00:00,2017-09-26,6,0,TH_NP15_GEN-APND,TH_NP15_GEN-APND,TH_NP15_GEN-APND,DAM,MCE,LMP_ENE_PRC,TH_NP15_GEN-APND,ALL_APNODES,0,32.23821,507
2017-09-26T18:00:00-00:00,2017-09-26T19:00:00-00:00,2017-09-26,12,0,TH_NP15_GEN-APND,TH_NP15_GEN-APND,TH_NP15_GEN-APND,DAM,MCE,LMP_ENE_PRC,TH_NP15_GEN-APND,ALL_APNODES,0,27.02841,507
2017-09-26T17:00:00-00:00,2017-09-26T18:00:00-00:00,2017-09-26,11,0,TH_NP15_GEN-APND,TH_NP15_GEN-APND,TH_NP15_GEN-APND,DAM,MCE,LMP_ENE_PRC,TH_NP15_GEN-APND,ALL_APNODES,0,21.35695,507
2017-09-27T00:00:00-00:00,2017-09-27T01:00:00-00:00,2017-09-26,18,0,TH_NP15_GEN-APND,TH_NP15_GEN-APND,TH_NP15_GEN-APND,DAM,MCE,LMP_ENE_PRC,TH_NP15_GEN-APND,ALL_APNODES,0,50.98941,507
2017-09-26T07:00:00-00:00,2017-09-26T08:00:00-00:00,2017-09-26,1,0,TH_NP15_GEN-APND,TH_NP15_GEN-APND,TH_NP15_GEN-APND,DAM,MCE,LMP_ENE_PRC,TH_NP15_GEN-APND,ALL_APNODES,0,31.83201,507
2017-09-26T20:00:00-00:00,2017-09-26T21:00:00-00:00,2017-09-26,14,0,TH_NP15_GEN-APND,TH_NP15_GEN-APND,TH_NP15_GEN-APND,DAM,MCE,LMP_ENE_PRC,TH_NP15_GEN-APND,ALL_APNODES,0,32.2646,507
2017-09-27T02:00:00-00:00,2017-09-27T03:00:00-00:00,2017-09-26,20,0,TH_NP15_GEN-APND,TH_NP15_GEN-APND,TH_NP15_GEN-APND,DAM,MCE,LMP_ENE_PRC,TH_NP15_GEN-APND,ALL_APNODES,0,73.29696,507
2017-09-26T14:00:00-00:00,2017-09-26T15:00:00-00:00,2017-09-26,8,0,TH_NP15_GEN-APND,TH_NP15_GEN-APND,TH_NP15_GEN-APND,DAM,MCE,LMP_ENE_PRC,TH_NP15_GEN-APND,ALL_APNODES,0,37.70389,507
2017-09-27T06:00:00-00:00,2017-09-27T07:00:00-00:00,2017-09-26,24,0,TH_NP15_GEN-APND,TH_NP15_GEN-APND,TH_NP15_GEN-APND,DAM,MCE,LMP_ENE_PRC,TH_NP15_GEN-APND,ALL_APNODES,0,34.61618,507
2017-09-26T15:00:00-00:00,2017-09-26T16:00:00-00:00,2017-09-26,9,0,TH_NP15_GEN-APND,TH_NP15_GEN-APND,TH_NP15_GEN-APND,DAM,MCE,LMP_ENE_PRC,TH_NP15_GEN-APND,ALL_APNODES,0,28.04508,507
2017-09-27T04:00:00-00:00,2017-09-27T05:00:00-00:00,2017-09-26,22,0,TH_NP15_GEN-APND,TH_NP15_GEN-APND,TH_NP15_GEN-APND,DAM,MCE,LMP_ENE_PRC,TH_NP15_GEN-APND,ALL_APNODES,0,41.5749,507
2017-09-26T11:00:00-00:00,2017-09-26T12:00:00-00:00,2017-09-26,5,0,TH_NP15_GEN-APND,TH_NP15_GEN-APND,TH_NP15_GEN-APND,DAM,MCE,LMP_ENE_PRC,TH_NP15_GEN-APND,ALL_APNODES,0,27.98188,507
2017-09-26T08:00:00-00:00,2017-09-26T09:00:00-00:00,2017-09-26,2,0,TH_NP15_GEN-APND,TH_NP15_GEN-APND,TH_NP15_GEN-APND,DAM,MCE,LMP_ENE_PRC,TH_NP15_GEN-APND,ALL_APNODES,0,29.98753,507
2017-09-26T22:00:00-00:00,2017-09-26T23:00:00-00:00,2017-09-26,16,0,TH_NP15_GEN-APND,TH_NP15_GEN-APND,TH_NP15_GEN-APND,DAM,MCE,LMP_ENE_PRC,TH_NP15_GEN-APND,ALL_APNODES,0,36.1368,507
2017-09-27T05:00:00-00:00,2017-09-27T06:00:00-00:00,2017-09-26,23,0,TH_NP15_GEN-APND,TH_NP15_GEN-APND,TH_NP15_GEN-APND,DAM,MCE,LMP_ENE_PRC,TH_NP15_GEN-APND,ALL_APNODES,0,35.86428,507
2017-09-26T14:00:00-00:00,2017-09-26T15:00:00-00:00,2017-09-26,8,0,TH_NP15_GEN-APND,TH_NP15_GEN-APND,TH_NP15_GEN-APND,DAM,MCL,LMP_LOSS_PRC,TH_NP15_GEN-APND,ALL_APNODES,0,0.20737,508
2017-09-26T15:00:00-00:00,2017-09-26T16:00:00-00:00,2017-09-26,9,0,TH_NP15_GEN-APND,TH_NP15_GEN-APND,TH_NP15_GEN-APND,DAM,MCL,LMP_LOSS_PRC,TH_NP15_GEN-APND,ALL_APNODES,0,0.23277,508
2017-09-26T12:00:00-00:00,2017-09-26T13:00:00-00:00,2017-09-26,6,0,TH_NP15_GEN-APND,TH_NP15_GEN-APND,TH_NP15_GEN-APND,DAM,MCL,LMP_LOSS_PRC,TH_NP15_GEN-APND,ALL_APNODES,0,0.03546,508
2017-09-26T09:00:00-00:00,2017-09-26T10:00:00-00:00,2017-09-26,3,0,TH_NP15_GEN-APND,TH_NP15_GEN-APND,TH_NP15_GEN-APND,DAM,MCL,LMP_LOSS_PRC,TH_NP15_GEN-APND,ALL_APNODES,0,-0.08566,508
2017-09-27T03:00:00-00:00,2017-09-27T04:00:00-00:00,2017-09-26,21,0,TH_NP15_GEN-APND,TH_NP15_GEN-APND,TH_NP15_GEN-APND,DAM,MCL,LMP_LOSS_PRC,TH_NP15_GEN-APND,ALL_APNODES,0,-0.89705,508
2017-09-27T01:00:00-00:00,2017-09-27T02:00:00-00:00,2017-09-26,19,0,TH_NP15_GEN-APND,TH_NP15_GEN-APND,TH_NP15_GEN-APND,DAM,MCL,LMP_LOSS_PRC,TH_NP15_GEN-APND,ALL_APNODES,0,-0.63191,508
2017-09-26T20:00:00-00:00,2017-09-26T21:00:00-00:00,2017-09-26,14,0,TH_NP15_GEN-APND,TH_NP15_GEN-APND,TH_NP15_GEN-APND,DAM,MCL,LMP_LOSS_PRC,TH_NP15_GEN-APND,ALL_APNODES,0,0.36782,508
2017-09-27T06:00:00-00:00,2017-09-27T07:00:00-00:00,2017-09-26,24,0,TH_NP15_GEN-APND,TH_NP15_GEN-APND,TH_NP15_GEN-APND,DAM,MCL,LMP_LOSS_PRC,TH_NP15_GEN-APND,ALL_APNODES,0,-0.39116,508
2017-09-27T04:00:00-00:00,2017-09-27T05:00:00-00:00,2017-09-26,22,0,TH_NP15_GEN-APND,TH_NP15_GEN-APND,TH_NP15_GEN-APND,DAM,MCL,LMP_LOSS_PRC,TH_NP15_GEN-APND,ALL_APNODES,0,-0.71509,508
2017-09-26T22:00:00-00:00,2017-09-26T23:00:00-00:00,2017-09-26,16,0,TH_NP15_GEN-APND,TH_NP15_GEN-APND,TH_NP15_GEN-APND,DAM,MCL,LMP_LOSS_PRC,TH_NP15_GEN-APND,ALL_APNODES,0,0.28909,508
2017-09-26T19:00:00-00:00,2017-09-26T20:00:00-00:00,2017-09-26,13,0,TH_NP15_GEN-APND,TH_NP15_GEN-APND,TH_NP15_GEN-APND,DAM,MCL,LMP_LOSS_PRC,TH_NP15_GEN-APND,ALL_APNODES,0,0.31197,508
2017-09-26T08:00:00-00:00,2017-09-26T09:00:00-00:00,2017-09-26,2,0,TH_NP15_GEN-APND,TH_NP15_GEN-APND,TH_NP15_GEN-APND,DAM,MCL,LMP_LOSS_PRC,TH_NP15_GEN-APND,ALL_APNODES,0,-0.10196,508
2017-09-26T07:00:00-00:00,2017-09-26T08:00:00-00:00,2017-09-26,1,0,TH_NP15_GEN-APND,TH_NP15_GEN-APND,TH_NP15_GEN-APND,DAM,MCL,LMP_LOSS_PRC,TH_NP15_GEN-APND,ALL_APNODES,0,-0.0382,508
2017-09-26T21:00:00-00:00,2017-09-26T22:00:00-00:00,2017-09-26,15,0,TH_NP15_GEN-APND,TH_NP15_GEN-APND,TH_NP15_GEN-APND,DAM,MCL,LMP_LOSS_PRC,TH_NP15_GEN-APND,ALL_APNODES,0,0.37895,508
2017-09-26T13:00:00-00:00,2017-09-26T14:00:00-00:00,2017-09-26,7,0,TH_NP15_GEN-APND,TH_NP15_GEN-APND,TH_NP15_GEN-APND,DAM,MCL,LMP_LOSS_PRC,TH_NP15_GEN-APND,ALL_APNODES,0,0.10764,508
2017-09-27T02:00:00-00:00,2017-09-27T03:00:00-00:00,2017-09-26,20,0,TH_NP15_GEN-APND,TH_NP15_GEN-APND,TH_NP15_GEN-APND,DAM,MCL,LMP_LOSS_PRC,TH_NP15_GEN-APND,ALL_APNODES,0,-0.67433,508
2017-09-26T10:00:00-00:00,2017-09-26T11:00:00-00:00,2017-09-26,4,0,TH_NP15_GEN-APND,TH_NP15_GEN-APND,TH_NP15_GEN-APND,DAM,MCL,LMP_LOSS_PRC,TH_NP15_GEN-APND,ALL_APNODES,0,-0.06132,508
2017-09-26T17:00:00-00:00,2017-09-26T18:00:00-00:00,2017-09-26,11,0,TH_NP15_GEN-APND,TH_NP15_GEN-APND,TH_NP15_GEN-APND,DAM,MCL,LMP_LOSS_PRC,TH_NP15_GEN-APND,ALL_APNODES,0,0.30113,508
2017-09-27T05:00:00-00:00,2017-09-27T06:00:00-00:00,2017-09-26,23,0,TH_NP15_GEN-APND,TH_NP15_GEN-APND,TH_NP15_GEN-APND,DAM,MCL,LMP_LOSS_PRC,TH_NP15_GEN-APND,ALL_APNODES,0,-0.19367,508
2017-09-26T11:00:00-00:00,2017-09-26T12:00:00-00:00,2017-09-26,5,0,TH_NP15_GEN-APND,TH_NP15_GEN-APND,TH_NP15_GEN-APND,DAM,MCL,LMP_LOSS_PRC,TH_NP15_GEN-APND,ALL_APNODES,0,-0.07555,508
2017-09-26T18:00:00-00:00,2017-09-26T19:00:00-00:00,2017-09-26,12,0,TH_NP15_GEN-APND,TH_NP15_GEN-APND,TH_NP15_GEN-APND,DAM,MCL,LMP_LOSS_PRC,TH_NP15_GEN-APND,ALL_APNODES,0,0.32704,508
2017-09-26T16:00:00-00:00,2017-09-26T17:00:00-00:00,2017-09-26,10,0,TH_NP15_GEN-APND,TH_NP15_GEN-APND,TH_NP15_GEN-APND,DAM,MCL,LMP_LOSS_PRC,TH_NP15_GEN-APND,ALL_APNODES,0,0.37764,508
2017-09-26T23:00:00-00:00,2017-09-27T00:00:00-00:00,2017-09-26,17,0,TH_NP15_GEN-APND,TH_NP15_GEN-APND,TH_NP15_GEN-APND,DAM,MCL,LMP_LOSS_PRC,TH_NP15_GEN-APND,ALL_APNODES,0,0.28058,508
2017-09-27T00:00:00-00:00,2017-09-27T01:00:00-00:00,2017-09-26,18,0,TH_NP15_GEN-APND,TH_NP15_GEN-APND,TH_NP15_GEN-APND,DAM,MCL,LMP_LOSS_PRC,TH_NP15_GEN-APND,ALL_APNODES,0,-0.32123,508
2017-09-27T04:00:00-00:00,2017-09-27T05:00:00-00:00,2017-09-26,22,0,TH_SP15_GEN-APND,TH_SP15_GEN-APND,TH_SP15_GEN-APND,DAM,LMP,LMP_PRC,TH_SP15_GEN-APND,ALL_APNODES,0,40.10731,509
2017-09-26T20:00:00-00:00,2017-09-26T21:00:00-00:00,2017-09-26,14,0,TH_SP15_GEN-APND,TH_SP15_GEN-APND,TH_SP15_GEN-APND,DAM,LMP,LMP_PRC,TH_SP15_GEN-APND,ALL_APNODES,0,29.16901,509
2017-09-26T10:00:00-00:00,2017-09-26T11:00:00-00:00,2017-09-26,4,0,TH_SP15_GEN-APND,TH_SP15_GEN-APND,TH_SP15_GEN-APND,DAM,LMP,LMP_PRC,TH_SP15_GEN-APND,ALL_APNODES,0,26.98851,509
2017-09-27T02:00:00-00:00,2017-09-27T03:00:00-00:00,2017-09-26,20,0,TH_SP15_GEN-APND,TH_SP15_GEN-APND,TH_SP15_GEN-APND,DAM,LMP,LMP_PRC,TH_SP15_GEN-APND,ALL_APNODES,0,68.89905,509
2017-09-26T14:00:00-00:00,2017-09-26T15:00:00-00:00,2017-09-26,8,0,TH_SP15_GEN-APND,TH_SP15_GEN-APND,TH_SP15_GEN-APND,DAM,LMP,LMP_PRC,TH_SP15_GEN-APND,ALL_APNODES,0,35.91673,509
2017-09-26T16:00:00-00:00,2017-09-26T17:00:00-00:00,2017-09-26,10,0,TH_SP15_GEN-APND,TH_SP15_GEN-APND,TH_SP15_GEN-APND,DAM,LMP,LMP_PRC,TH_SP15_GEN-APND,ALL_APNODES,0,18.80402,509
2017-09-26T23:00:00-00:00,2017-09-27T00:00:00-00:00,2017-09-26,17,0,TH_SP15_GEN-APND,TH_SP15_GEN-APND,TH_SP15_GEN-APND,DAM,LMP,LMP_PRC,TH_SP15_GEN-APND,ALL_APNODES,0,34.92681,509
2017-09-27T01:00:00-00:00,2017-09-27T02:00:00-00:00,2017-09-26,19,0,TH_SP15_GEN-APND,TH_SP15_GEN-APND,TH_SP15_GEN-APND,DAM,LMP,LMP_PRC,TH_SP15_GEN-APND,ALL_APNODES,0,69.24901,509
2017-09-27T05:00:00-00:00,2017-09-27T06:00:00-00:00,2017-09-26,23,0,TH_SP15_GEN-APND,TH_SP15_GEN-APND,TH_SP15_GEN-APND,DAM,LMP,LMP_PRC,TH_SP15_GEN-APND,ALL_APNODES,0,34.50144,509
2017-09-27T06:00:00-00:00,2017-09-27T07:00:00-00:00,2017-09-26,24,0,TH_SP15_GEN-APND,TH_SP15_GEN-APND,TH_SP15_GEN-APND,DAM,LMP,LMP_PRC,TH_SP15_GEN-APND,ALL_APNODES,0,33.47039,509
2017-09-26T17:00:00-00:00,2017-09-26T18:00:00-00:00,2017-09-26,11,0,TH_SP15_GEN-APND,TH_SP15_GEN-APND,TH_SP15_GEN-APND,DAM,LMP,LMP_PRC,TH_SP15_GEN-APND,ALL_APNODES,0,16.91534,509
2017-09-26T22:00:00-00:00,2017-09-26T23:00:00-00:00,2017-09-26,16,0,TH_SP15_GEN-APND,TH_SP15_GEN-APND,TH_SP15_GEN-APND,DAM,LMP,LMP_PRC,TH_SP15_GEN-APND,ALL_APNODES,0,33.25804,509
2017-09-26T07:00:00-00:00,2017-09-26T08:00:00-00:00,2017-09-26,1,0,TH_SP15_GEN-APND,TH_SP15_GEN-APND,TH_SP15_GEN-APND,DAM,LMP,LMP_PRC,TH_SP15_GEN-APND,ALL_APNODES,0,30.68925,509
2017-09-26T13:00:00-00:00,2017-09-26T14:00:00-00:00,2017-09-26,7,0,TH_SP15_GEN-APND,TH_SP15_GEN-APND,TH_SP15_GEN-APND,DAM,LMP,LMP_PRC,TH_SP15_GEN-APND,ALL_APNODES,0,36.79318,509
2017-09-26T19:00:00-00:00,2017-09-26T20:00:00-00:00,2017-09-26,13,0,TH_SP15_GEN-APND,TH_SP15_GEN-APND,TH_SP15_GEN-APND,DAM,LMP,LMP_PRC,TH_SP15_GEN-APND,ALL_APNODES,0,24.66342,509
2017-09-26T08:00:00-00:00,2017-09-26T09:00:00-00:00,2017-09-26,2,0,TH_SP15_GEN-APND,TH_SP15_GEN-APND,TH_SP15_GEN-APND,DAM,LMP,LMP_PRC,TH_SP15_GEN-APND,ALL_APNODES,0,28.98595,509
2017-09-26T09:00:00-00:00,2017-09-26T10:00:00-00:00,2017-09-26,3,0,TH_SP15_GEN-APND,TH_SP15_GEN-APND,TH_SP15_GEN-APND,DAM,LMP,LMP_PRC,TH_SP15_GEN-APND,ALL_APNODES,0,27.6378,509
2017-09-26T11:00:00-00:00,2017-09-26T12:00:00-00:00,2017-09-26,5,0,TH_SP15_GEN-APND,TH_SP15_GEN-APND,TH_SP15_GEN-APND,DAM,LMP,LMP_PRC,TH_SP15_GEN-APND,ALL_APNODES,0,27.08646,509
2017-09-26T12:00:00-00:00,2017-09-26T13:00:00-00:00,2017-09-26,6,0,TH_SP15_GEN-APND,TH_SP15_GEN-APND,TH_SP15_GEN-APND,DAM,LMP,LMP_PRC,TH_SP15_GEN-APND,ALL_APNODES,0,31.05507,509
2017-09-27T00:00:00-00:00,2017-09-27T01:00:00-00:00,2017-09-26,18,0,TH_SP15_GEN-APND,TH_SP15_GEN-APND,TH_SP15_GEN-APND,DAM,LMP,LMP_PRC,TH_SP15_GEN-APND,ALL_APNODES,0,47.50501,509
2017-09-26T21:00:00-00:00,2017-09-26T22:00:00-00:00,2017-09-26,15,0,TH_SP15_GEN-APND,TH_SP15_GEN-APND,TH_SP15_GEN-APND,DAM,LMP,LMP_PRC,TH_SP15_GEN-APND,ALL_APNODES,0,30.8858,509
2017-09-27T03:00:00-00:00,2017-09-27T04:00:00-00:00,2017-09-26,21,0,TH_SP15_GEN-APND,TH_SP15_GEN-APND,TH_SP15_GEN-APND,DAM,LMP,LMP_PRC,TH_SP15_GEN-APND,ALL_APNODES,0,50.09391,509
2017-09-26T18:00:00-00:00,2017-09-26T19:00:00-00:00,2017-09-26,12,0,TH_SP15_GEN-APND,TH_SP15_GEN-APND,TH_SP15_GEN-APND,DAM,LMP,LMP_PRC,TH_SP15_GEN-APND,ALL_APNODES,0,23.06192,509
2017-09-26T15:00:00-00:00,2017-09-26T16:00:00-00:00,2017-09-26,9,0,TH_SP15_GEN-APND,TH_SP15_GEN-APND,TH_SP15_GEN-APND,DAM,LMP,LMP_PRC,TH_SP15_GEN-APND,ALL_APNODES,0,26.78325,509
2017-09-27T05:00:00-00:00,2017-09-27T06:00:00-00:00,2017-09-26,23,0,TH_SP15_GEN-APND,TH_SP15_GEN-APND,TH_SP15_GEN-APND,DAM,MCC,LMP_CONG_PRC,TH_SP15_GEN-APND,ALL_APNODES,0,0,510
2017-09-26T08:00:00-00:00,2017-09-26T09:00:00-00:00,2017-09-26,2,0,TH_SP15_GEN-APND,TH_SP15_GEN-APND,TH_SP15_GEN-APND,DAM,MCC,LMP_CONG_PRC,TH_SP15_GEN-APND,ALL_APNODES,0,0,510
2017-09-26T12:00:00-00:00,2017-09-26T13:00:00-00:00,2017-09-26,6,0,TH_SP15_GEN-APND,TH_SP15_GEN-APND,TH_SP15_GEN-APND,DAM,MCC,LMP_CONG_PRC,TH_SP15_GEN-APND,ALL_APNODES,0,0,510
2017-09-26T19:00:00-00:00,2017-09-26T20:00:00-00:00,2017-09-26,13,0,TH_SP15_GEN-APND,TH_SP15_GEN-APND,TH_SP15_GEN-APND,DAM,MCC,LMP_CONG_PRC,TH_SP15_GEN-APND,ALL_APNODES,0,-1.73333,510
2017-09-26T20:00:00-00:00,2017-09-26T21:00:00-00:00,2017-09-26,14,0,TH_SP15_GEN-APND,TH_SP15_GEN-APND,TH_SP15_GEN-APND,DAM,MCC,LMP_CONG_PRC,TH_SP15_GEN-APND,ALL_APNODES,0,-1.05647,510
2017-09-26T07:00:00-00:00,2017-09-26T08:00:00-00:00,2017-09-26,1,0,TH_SP15_GEN-APND,TH_SP15_GEN-APND,TH_SP15_GEN-APND,DAM,MCC,LMP_CONG_PRC,TH_SP15_GEN-APND,ALL_APNODES,0,0,510
2017-09-27T03:00:00-00:00,2017-09-27T04:00:00-00:00,2017-09-26,21,0,TH_SP15_GEN-APND,TH_SP15_GEN-APND,TH_SP15_GEN-APND,DAM,MCC,LMP_CONG_PRC,TH_SP15_GEN-APND,ALL_APNODES,0,0,510
2017-09-26T22:00:00-00:00,2017-09-26T23:00:00-00:00,2017-09-26,16,0,TH_SP15_GEN-APND,TH_SP15_GEN-APND,TH_SP15_GEN-APND,DAM,MCC,LMP_CONG_PRC,TH_SP15_GEN-APND,ALL_APNODES,0,-0.4865,510
2017-09-26T11:00:00-00:00,2017-09-26T12:00:00-00:00,2017-09-26,5,0,TH_SP15_GEN-APND,TH_SP15_GEN-APND,TH_SP15_GEN-APND,DAM,MCC,LMP_CONG_PRC,TH_SP15_GEN-APND,ALL_APNODES,0,0,510
2017-09-26T23:00:00-00:00,2017-09-27T00:00:00-00:00,2017-09-26,17,0,TH_SP15_GEN-APND,TH_SP15_GEN-APND,TH_SP15_GEN-APND,DAM,MCC,LMP_CONG_PRC,TH_SP15_GEN-APND,ALL_APNODES,0,0,510
2017-09-27T04:00:00-00:00,2017-09-27T05:00:00-00:00,2017-09-26,22,0,TH_SP15_GEN-APND,TH_SP15_GEN-APND,TH_SP15_GEN-APND,DAM,MCC,LMP_CONG_PRC,TH_SP15_GEN-APND,ALL_APNODES,0,0,510
2017-09-26T17:00:00-00:00,2017-09-26T18:00:00-00:00,2017-09-26,11,0,TH_SP15_GEN-APND,TH_SP15_GEN-APND,TH_SP15_GEN-APND,DAM,MCC,LMP_CONG_PRC,TH_SP15_GEN-APND,ALL_APNODES,0,-3.16873,510
2017-09-26T13:00:00-00:00,2017-09-26T14:00:00-00:00,2017-09-26,7,0,TH_SP15_GEN-APND,TH_SP15_GEN-APND,TH_SP15_GEN-APND,DAM,MCC,LMP_CONG_PRC,TH_SP15_GEN-APND,ALL_APNODES,0,0,510
2017-09-26T21:00:00-00:00,2017-09-26T22:00:00-00:00,2017-09-26,15,0,TH_SP15_GEN-APND,TH_SP15_GEN-APND,TH_SP15_GEN-APND,DAM,MCC,LMP_CONG_PRC,TH_SP15_GEN-APND,ALL_APNODES,0,-1.08223,510
2017-09-27T00:00:00-00:00,2017-09-27T01:00:00-00:00,2017-09-26,18,0,TH_SP15_GEN-APND,TH_SP15_GEN-APND,TH_SP15_GEN-APND,DAM,MCC,LMP_CONG_PRC,TH_SP15_GEN-APND,ALL_APNODES,0,-0.6494,510
2017-09-27T01:00:00-00:00,2017-09-27T02:00:00-00:00,2017-09-26,19,0,TH_SP15_GEN-APND,TH_SP15_GEN-APND,TH_SP15_GEN-APND,DAM,MCC,LMP_CONG_PRC,TH_SP15_GEN-APND,ALL_APNODES,0,0,510
2017-09-26T16:00:00-00:00,2017-09-26T17:00:00-00:00,2017-09-26,10,0,TH_SP15_GEN-APND,TH_SP15_GEN-APND,TH_SP15_GEN-APND,DAM,MCC,LMP_CONG_PRC,TH_SP15_GEN-APND,ALL_APNODES,0,-2.11524,510
2017-09-27T06:00:00-00:00,2017-09-27T07:00:00-00:00,2017-09-26,24,0,TH_SP15_GEN-APND,TH_SP15_GEN-APND,TH_SP15_GEN-APND,DAM,MCC,LMP_CONG_PRC,TH_SP15_GEN-APND,ALL_APNODES,0,0,510
2017-09-26T10:00:00-00:00,2017-09-26T11:00:00-00:00,2017-09-26,4,0,TH_SP15_GEN-APND,TH_SP15_GEN-APND,TH_SP15_GEN-APND,DAM,MCC,LMP_CONG_PRC,TH_SP15_GEN-APND,ALL_APNODES,0,0,510
2017-09-27T02:00:00-00:00,2017-09-27T03:00:00-00:00,2017-09-26,20,0,TH_SP15_GEN-APND,TH_SP15_GEN-APND,TH_SP15_GEN-APND,DAM,MCC,LMP_CONG_PRC,TH_SP15_GEN-APND,ALL_APNODES,0,-1.15086,510
2017-09-26T14:00:00-00:00,2017-09-26T15:00:00-00:00,2017-09-26,8,0,TH_SP15_GEN-APND,TH_SP15_GEN-APND,TH_SP15_GEN-APND,DAM,MCC,LMP_CONG_PRC,TH_SP15_GEN-APND,ALL_APNODES,0,0,510
2017-09-26T15:00:00-00:00,2017-09-26T16:00:00-00:00,2017-09-26,9,0,TH_SP15_GEN-APND,TH_SP15_GEN-APND,TH_SP15_GEN-APND,DAM,MCC,LMP_CONG_PRC,TH_SP15_GEN-APND,ALL_APNODES,0,0.17688,510
2017-09-26T18:00:00-00:00,2017-09-26T19:00:00-00:00,2017-09-26,12,0,TH_SP15_GEN-APND,TH_SP15_GEN-APND,TH_SP15_GEN-APND,DAM,MCC,LMP_CONG_PRC,TH_SP15_GEN-APND,ALL_APNODES,0,-2.30695,510
2017-09-26T09:00:00-00:00,2017-09-26T10:00:00-00:00,2017-09-26,3,0,TH_SP15_GEN-APND,TH_SP15_GEN-APND,TH_SP15_GEN-APND,DAM,MCC,LMP_CONG_PRC,TH_SP15_GEN-APND,ALL_APNODES,0,0,510
2017-09-27T01:00:00-00:00,2017-09-27T02:00:00-00:00,2017-09-26,19,0,TH_SP15_GEN-APND,TH_SP15_GEN-APND,TH_SP15_GEN-APND,DAM,MCE,LMP_ENE_PRC,TH_SP15_GEN-APND,ALL_APNODES,0,72.63374,511
2017-09-26T17:00:00-00:00,2017-09-26T18:00:00-00:00,2017-09-26,11,0,TH_SP15_GEN-APND,TH_SP15_GEN-APND,TH_SP15_GEN-APND,DAM,MCE,LMP_ENE_PRC,TH_SP15_GEN-APND,ALL_APNODES,0,21.35695,511
2017-09-27T04:00:00-00:00,2017-09-27T05:00:00-00:00,2017-09-26,22,0,TH_SP15_GEN-APND,TH_SP15_GEN-APND,TH_SP15_GEN-APND,DAM,MCE,LMP_ENE_PRC,TH_SP15_GEN-APND,ALL_APNODES,0,41.5749,511
2017-09-26T07:00:00-00:00,2017-09-26T08:00:00-00:00,2017-09-26,1,0,TH_SP15_GEN-APND,TH_SP15_GEN-APND,TH_SP15_GEN-APND,DAM,MCE,LMP_ENE_PRC,TH_SP15_GEN-APND,ALL_APNODES,0,31.83201,511
2017-09-26T10:00:00-00:00,2017-09-26T11:00:00-00:00,2017-09-26,4,0,TH_SP15_GEN-APND,TH_SP15_GEN-APND,TH_SP15_GEN-APND,DAM,MCE,LMP_ENE_PRC,TH_SP15_GEN-APND,ALL_APNODES,0,27.87206,511
2017-09-26T11:00:00-00:00,2017-09-26T12:00:00-00:00,2017-09-26,5,0,TH_SP15_GEN-APND,TH_SP15_GEN-APND,TH_SP15_GEN-APND,DAM,MCE,LMP_ENE_PRC,TH_SP15_GEN-APND,ALL_APNODES,0,27.98188,511
2017-09-26T18:00:00-00:00,2017-09-26T19:00:00-00:00,2017-09-26,12,0,TH_SP15_GEN-APND,TH_SP15_GEN-APND,TH_SP15_GEN-APND,DAM,MCE,LMP_ENE_PRC,TH_SP15_GEN-APND,ALL_APNODES,0,27.02841,511
2017-09-26T19:00:00-00:00,2017-09-26T20:00:00-00:00,2017-09-26,13,0,TH_SP15_GEN-APND,TH_SP15_GEN-APND,TH_SP15_GEN-APND,DAM,MCE,LMP_ENE_PRC,TH_SP15_GEN-APND,ALL_APNODES,0,28.10557,511
2017-09-26T08:00:00-00:00,2017-09-26T09:00:00-00:00,2017-09-26,2,0,TH_SP15_GEN-APND,TH_SP15_GEN-APND,TH_SP15_GEN-APND,DAM,MCE,LMP_ENE_PRC,TH_SP15_GEN-APND,ALL_APNODES,0,29.98753,511
2017-09-26T09:00:00-00:00,2017-09-26T10:00:00-00:00,2017-09-26,3,0,TH_SP15_GEN-APND,TH_SP15_GEN-APND,TH_SP15_GEN-APND,DAM,MCE,LMP_ENE_PRC,TH_SP15_GEN-APND,ALL_APNODES,0,28.5544,511
2017-09-27T02:00:00-00:00,2017-09-27T03:00:00-00:00,2017-09-26,20,0,TH_SP15_GEN-APND,TH_SP15_GEN-APND,TH_SP15_GEN-APND,DAM,MCE,LMP_ENE_PRC,TH_SP15_GEN-APND,ALL_APNODES,0,73.29696,511
2017-09-26T16:00:00-00:00,2017-09-26T17:00:00-00:00,2017-09-26,10,0,TH_SP15_GEN-APND,TH_SP15_GEN-APND,TH_SP15_GEN-APND,DAM,MCE,LMP_ENE_PRC,TH_SP15_GEN-APND,ALL_APNODES,0,22.21436,511
2017-09-26T23:00:00-00:00,2017-09-27T00:00:00-00:00,2017-09-26,17,0,TH_SP15_GEN-APND,TH_SP15_GEN-APND,TH_SP15_GEN-APND,DAM,MCE,LMP_ENE_PRC,TH_SP15_GEN-APND,ALL_APNODES,0,37.41089,511
2017-09-27T00:00:00-00:00,2017-09-27T01:00:00-00:00,2017-09-26,18,0,TH_SP15_GEN-APND,TH_SP15_GEN-APND,TH_SP15_GEN-APND,DAM,MCE,LMP_ENE_PRC,TH_SP15_GEN-APND,ALL_APNODES,0,50.98941,511
2017-09-27T05:00:00-00:00,2017-09-27T06:00:00-00:00,2017-09-26,23,0,TH_SP15_GEN-APND,TH_SP15_GEN-APND,TH_SP15_GEN-APND,DAM,MCE,LMP_ENE_PRC,TH_SP15_GEN-APND,ALL_APNODES,0,35.86428,511
2017-09-26T21:00:00-00:00,2017-09-26T22:00:00-00:00,2017-09-26,15,0,TH_SP15_GEN-APND,TH_SP15_GEN-APND,TH_SP15_GEN-APND,DAM,MCE,LMP_ENE_PRC,TH_SP15_GEN-APND,ALL_APNODES,0,34.13928,511
2017-09-26T22:00:00-00:00,2017-09-26T23:00:00-00:00,2017-09-26,16,0,TH_SP15_GEN-APND,TH_SP15_GEN-APND,TH_SP15_GEN-APND,DAM,MCE,LMP_ENE_PRC,TH_SP15_GEN-APND,ALL_APNODES,0,36.1368,511
2017-09-27T03:00:00-00:00,2017-09-27T04:00:00-00:00,2017-09-26,21,0,TH_SP15_GEN-APND,TH_SP15_GEN-APND,TH_SP15_GEN-APND,DAM,MCE,LMP_ENE_PRC,TH_SP15_GEN-APND,ALL_APNODES,0,52.154,511
2017-09-26T20:00:00-00:00,2017-09-26T21:00:00-00:00,2017-09-26,14,0,TH_SP15_GEN-APND,TH_SP15_GEN-APND,TH_SP15_GEN-APND,DAM,MCE,LMP_ENE_PRC,TH_SP15_GEN-APND,ALL_APNODES,0,32.2646,511
2017-09-27T06:00:00-00:00,2017-09-27T07:00:00-00:00,2017-09-26,24,0,TH_SP15_GEN-APND,TH_SP15_GEN-APND,TH_SP15_GEN-APND,DAM,MCE,LMP_ENE_PRC,TH_SP15_GEN-APND,ALL_APNODES,0,34.61618,511
2017-09-26T13:00:00-00:00,2017-09-26T14:00:00-00:00,2017-09-26,7,0,TH_SP15_GEN-APND,TH_SP15_GEN-APND,TH_SP15_GEN-APND,DAM,MCE,LMP_ENE_PRC,TH_SP15_GEN-APND,ALL_APNODES,0,38.44236,511
2017-09-26T14:00:00-00:00,2017-09-26T15:00:00-00:00,2017-09-26,8,0,TH_SP15_GEN-APND,TH_SP15_GEN-APND,TH_SP15_GEN-APND,DAM,MCE,LMP_ENE_PRC,TH_SP15_GEN-APND,ALL_APNODES,0,37.70389,511
2017-09-26T15:00:00-00:00,2017-09-26T16:00:00-00:00,2017-09-26,9,0,TH_SP15_GEN-APND,TH_SP15_GEN-APND,TH_SP15_GEN-APND,DAM,MCE,LMP_ENE_PRC,TH_SP15_GEN-APND,ALL_APNODES,0,28.04508,511
2017-09-26T12:00:00-00:00,2017-09-26T13:00:00-00:00,2017-09-26,6,0,TH_SP15_GEN-APND,TH_SP15_GEN-APND,TH_SP15_GEN-APND,DAM,MCE,LMP_ENE_PRC,TH_SP15_GEN-APND,ALL_APNODES,0,32.23821,511
2017-09-26T22:00:00-00:00,2017-09-26T23:00:00-00:00,2017-09-26,16,0,TH_SP15_GEN-APND,TH_SP15_GEN-APND,TH_SP15_GEN-APND,DAM,MCL,LMP_LOSS_PRC,TH_SP15_GEN-APND,ALL_APNODES,0,-2.39226,512
2017-09-26T11:00:00-00:00,2017-09-26T12:00:00-00:00,2017-09-26,5,0,TH_SP15_GEN-APND,TH_SP15_GEN-APND,TH_SP15_GEN-APND,DAM,MCL,LMP_LOSS_PRC,TH_SP15_GEN-APND,ALL_APNODES,0,-0.89542,512
2017-09-27T03:00:00-00:00,2017-09-27T04:00:00-00:00,2017-09-26,21,0,TH_SP15_GEN-APND,TH_SP15_GEN-APND,TH_SP15_GEN-APND,DAM,MCL,LMP_LOSS_PRC,TH_SP15_GEN-APND,ALL_APNODES,0,-2.06008,512
2017-09-27T05:00:00-00:00,2017-09-27T06:00:00-00:00,2017-09-26,23,0,TH_SP15_GEN-APND,TH_SP15_GEN-APND,TH_SP15_GEN-APND,DAM,MCL,LMP_LOSS_PRC,TH_SP15_GEN-APND,ALL_APNODES,0,-1.36284,512
2017-09-26T14:00:00-00:00,2017-09-26T15:00:00-00:00,2017-09-26,8,0,TH_SP15_GEN-APND,TH_SP15_GEN-APND,TH_SP15_GEN-APND,DAM,MCL,LMP_LOSS_PRC,TH_SP15_GEN-APND,ALL_APNODES,0,-1.78716,512
2017-09-26T10:00:00-00:00,2017-09-26T11:00:00-00:00,2017-09-26,4,0,TH_SP15_GEN-APND,TH_SP15_GEN-APND,TH_SP15_GEN-APND,DAM,MCL,LMP_LOSS_PRC,TH_SP15_GEN-APND,ALL_APNODES,0,-0.88354,512
2017-09-27T01:00:00-00:00,2017-09-27T02:00:00-00:00,2017-09-26,19,0,TH_SP15_GEN-APND,TH_SP15_GEN-APND,TH_SP15_GEN-APND,DAM,MCL,LMP_LOSS_PRC,TH_SP15_GEN-APND,ALL_APNODES,0,-3.38473,512
2017-09-27T02:00:00-00:00,2017-09-27T03:00:00-00:00,2017-09-26,20,0,TH_SP15_GEN-APND,TH_SP15_GEN-APND,TH_SP15_GEN-APND,DAM,MCL,LMP_LOSS_PRC,TH_SP15_GEN-APND,ALL_APNODES,0,-3.24706,512
2017-09-27T04:00:00-00:00,2017-09-27T05:00:00-00:00,2017-09-26,22,0,TH_SP15_GEN-APND,TH_SP15_GEN-APND,TH_SP15_GEN-APND,DAM,MCL,LMP_LOSS_PRC,TH_SP15_GEN-APND,ALL_APNODES,0,-1.46759,512
2017-09-26T13:00:00-00:00,2017-09-26T14:00:00-00:00,2017-09-26,7,0,TH_SP15_GEN-APND,TH_SP15_GEN-APND,TH_SP15_GEN-APND,DAM,MCL,LMP_LOSS_PRC,TH_SP15_GEN-APND,ALL_APNODES,0,-1.64918,512
2017-09-26T18:00:00-00:00,2017-09-26T19:00:00-00:00,2017-09-26,12,0,TH_SP15_GEN-APND,TH_SP15_GEN-APND,TH_SP15_GEN-APND,DAM,MCL,LMP_LOSS_PRC,TH_SP15_GEN-APND,ALL_APNODES,0,-1.65954,512
2017-09-26T19:00:00-00:00,2017-09-26T20:00:00-00:00,2017-09-26,13,0,TH_SP15_GEN-APND,TH_SP15_GEN-APND,TH_SP15_GEN-APND,DAM,MCL,LMP_LOSS_PRC,TH_SP15_GEN-APND,ALL_APNODES,0,-1.70882,512
2017-09-26T12:00:00-00:00,2017-09-26T13:00:00-00:00,2017-09-26,6,0,TH_SP15_GEN-APND,TH_SP15_GEN-APND,TH_SP15_GEN-APND,DAM,MCL,LMP_LOSS_PRC,TH_SP15_GEN-APND,ALL_APNODES,0,-1.18314,512
2017-09-26T23:00:00-00:00,2017-09-27T00:00:00-00:00,2017-09-26,17,0,TH_SP15_GEN-APND,TH_SP15_GEN-APND,TH_SP15_GEN-APND,DAM,MCL,LMP_LOSS_PRC,TH_SP15_GEN-APND,ALL_APNODES,0,-2.48408,512
2017-09-26T17:00:00-00:00,2017-09-26T18:00:00-00:00,2017-09-26,11,0,TH_SP15_GEN-APND,TH_SP15_GEN-APND,TH_SP15_GEN-APND,DAM,MCL,LMP_LOSS_PRC,TH_SP15_GEN-APND,ALL_APNODES,0,-1.27287,512
2017-09-26T08:00:00-00:00,2017-09-26T09:00:00-00:00,2017-09-26,2,0,TH_SP15_GEN-APND,TH_SP15_GEN-APND,TH_SP15_GEN-APND,DAM,MCL,LMP_LOSS_PRC,TH_SP15_GEN-APND,ALL_APNODES,0,-1.00158,512
2017-09-27T06:00:00-00:00,2017-09-27T07:00:00-00:00,2017-09-26,24,0,TH_SP15_GEN-APND,TH_SP15_GEN-APND,TH_SP15_GEN-APND,DAM,MCL,LMP_LOSS_PRC,TH_SP15_GEN-APND,ALL_APNODES,0,-1.1458,512
2017-09-27T00:00:00-00:00,2017-09-27T01:00:00-00:00,2017-09-26,18,0,TH_SP15_GEN-APND,TH_SP15_GEN-APND,TH_SP15_GEN-APND,DAM,MCL,LMP_LOSS_PRC,TH_SP15_GEN-APND,ALL_APNODES,0,-2.83501,512
2017-09-26T20:00:00-00:00,2017-09-26T21:00:00-00:00,2017-09-26,14,0,TH_SP15_GEN-APND,TH_SP15_GEN-APND,TH_SP15_GEN-APND,DAM,MCL,LMP_LOSS_PRC,TH_SP15_GEN-APND,ALL_APNODES,0,-2.03912,512
2017-09-26T15:00:00-00:00,2017-09-26T16:00:00-00:00,2017-09-26,9,0,TH_SP15_GEN-APND,TH_SP15_GEN-APND,TH_SP15_GEN-APND,DAM,MCL,LMP_LOSS_PRC,TH_SP15_GEN-APND,ALL_APNODES,0,-1.43871,512
2017-09-26T21:00:00-00:00,2017-09-26T22:00:00-00:00,2017-09-26,15,0,TH_SP15_GEN-APND,TH_SP15_GEN-APND,TH_SP15_GEN-APND,DAM,MCL,LMP_LOSS_PRC,TH_SP15_GEN-APND,ALL_APNODES,0,-2.17126,512
2017-09-26T09:00:00-00:00,2017-09-26T10:00:00-00:00,2017-09-26,3,0,TH_SP15_GEN-APND,TH_SP15_GEN-APND,TH_SP15_GEN-APND,DAM,MCL,LMP_LOSS_PRC,TH_SP15_GEN-APND,ALL_APNODES,0,-0.9166,512
2017-09-26T07:00:00-00:00,2017-09-26T08:00:00-00:00,2017-09-26,1,0,TH_SP15_GEN-APND,TH_SP15_GEN-APND,TH_SP15_GEN-APND,DAM,MCL,LMP_LOSS_PRC,TH_SP15_GEN-APND,ALL_APNODES,0,-1.14277,512
2017-09-26T16:00:00-00:00,2017-09-26T17:00:00-00:00,2017-09-26,10,0,TH_SP15_GEN-APND,TH_SP15_GEN-APND,TH_SP15_GEN-APND,DAM,MCL,LMP_LOSS_PRC,TH_SP15_GEN-APND,ALL_APNODES,0,-1.2951,512
2017-09-27T05:00:00-00:00,2017-09-27T06:00:00-00:00,2017-09-26,23,0,TH_ZP26_GEN-APND,TH_ZP26_GEN-APND,TH_ZP26_GEN-APND,DAM,LMP,LMP_PRC,TH_ZP26_GEN-APND,ALL_APNODES,0,34.53372,513
2017-09-26T15:00:00-00:00,2017-09-26T16:00:00-00:00,2017-09-26,9,0,TH_ZP26_GEN-APND,TH_ZP26_GEN-APND,TH_ZP26_GEN-APND,DAM,LMP,LMP_PRC,TH_ZP26_GEN-APND,ALL_APNODES,0,26.52692,513
2017-09-26T17:00:00-00:00,2017-09-26T18:00:00-00:00,2017-09-26,11,0,TH_ZP26_GEN-APND,TH_ZP26_GEN-APND,TH_ZP26_GEN-APND,DAM,LMP,LMP_PRC,TH_ZP26_GEN-APND,ALL_APNODES,0,15.74576,513
2017-09-26T18:00:00-00:00,2017-09-26T19:00:00-00:00,2017-09-26,12,0,TH_ZP26_GEN-APND,TH_ZP26_GEN-APND,TH_ZP26_GEN-APND,DAM,LMP,LMP_PRC,TH_ZP26_GEN-APND,ALL_APNODES,0,20.343,513
2017-09-26T07:00:00-00:00,2017-09-26T08:00:00-00:00,2017-09-26,1,0,TH_ZP26_GEN-APND,TH_ZP26_GEN-APND,TH_ZP26_GEN-APND,DAM,LMP,LMP_PRC,TH_ZP26_GEN-APND,ALL_APNODES,0,30.88979,513
2017-09-26T08:00:00-00:00,2017-09-26T09:00:00-00:00,2017-09-26,2,0,TH_ZP26_GEN-APND,TH_ZP26_GEN-APND,TH_ZP26_GEN-APND,DAM,LMP,LMP_PRC,TH_ZP26_GEN-APND,ALL_APNODES,0,29.11489,513
2017-09-27T06:00:00-00:00,2017-09-27T07:00:00-00:00,2017-09-26,24,0,TH_ZP26_GEN-APND,TH_ZP26_GEN-APND,TH_ZP26_GEN-APND,DAM,LMP,LMP_PRC,TH_ZP26_GEN-APND,ALL_APNODES,0,33.37,513
2017-09-26T20:00:00-00:00,2017-09-26T21:00:00-00:00,2017-09-26,14,0,TH_ZP26_GEN-APND,TH_ZP26_GEN-APND,TH_ZP26_GEN-APND,DAM,LMP,LMP_PRC,TH_ZP26_GEN-APND,ALL_APNODES,0,26.82227,513
2017-09-26T21:00:00-00:00,2017-09-26T22:00:00-00:00,2017-09-26,15,0,TH_ZP26_GEN-APND,TH_ZP26_GEN-APND,TH_ZP26_GEN-APND,DAM,LMP,LMP_PRC,TH_ZP26_GEN-APND,ALL_APNODES,0,28.52194,513
2017-09-26T11:00:00-00:00,2017-09-26T12:00:00-00:00,2017-09-26,5,0,TH_ZP26_GEN-APND,TH_ZP26_GEN-APND,TH_ZP26_GEN-APND,DAM,LMP,LMP_PRC,TH_ZP26_GEN-APND,ALL_APNODES,0,27.1676,513
2017-09-26T09:00:00-00:00,2017-09-26T10:00:00-00:00,2017-09-26,3,0,TH_ZP26_GEN-APND,TH_ZP26_GEN-APND,TH_ZP26_GEN-APND,DAM,LMP,LMP_PRC,TH_ZP26_GEN-APND,ALL_APNODES,0,27.74345,513
2017-09-26T10:00:00-00:00,2017-09-26T11:00:00-00:00,2017-09-26,4,0,TH_ZP26_GEN-APND,TH_ZP26_GEN-APND,TH_ZP26_GEN-APND,DAM,LMP,LMP_PRC,TH_ZP26_GEN-APND,ALL_APNODES,0,27.08885,513
2017-09-26T12:00:00-00:00,2017-09-26T13:00:00-00:00,2017-09-26,6,0,TH_ZP26_GEN-APND,TH_ZP26_GEN-APND,TH_ZP26_GEN-APND,DAM,LMP,LMP_PRC,TH_ZP26_GEN-APND,ALL_APNODES,0,31.30653,513
2017-09-26T13:00:00-00:00,2017-09-26T14:00:00-00:00,2017-09-26,7,0,TH_ZP26_GEN-APND,TH_ZP26_GEN-APND,TH_ZP26_GEN-APND,DAM,LMP,LMP_PRC,TH_ZP26_GEN-APND,ALL_APNODES,0,37.28525,513
2017-09-26T23:00:00-00:00,2017-09-27T00:00:00-00:00,2017-09-26,17,0,TH_ZP26_GEN-APND,TH_ZP26_GEN-APND,TH_ZP26_GEN-APND,DAM,LMP,LMP_PRC,TH_ZP26_GEN-APND,ALL_APNODES,0,34.03449,513
2017-09-27T01:00:00-00:00,2017-09-27T02:00:00-00:00,2017-09-26,19,0,TH_ZP26_GEN-APND,TH_ZP26_GEN-APND,TH_ZP26_GEN-APND,DAM,LMP,LMP_PRC,TH_ZP26_GEN-APND,ALL_APNODES,0,69.7066,513
2017-09-26T19:00:00-00:00,2017-09-26T20:00:00-00:00,2017-09-26,13,0,TH_ZP26_GEN-APND,TH_ZP26_GEN-APND,TH_ZP26_GEN-APND,DAM,LMP,LMP_PRC,TH_ZP26_GEN-APND,ALL_APNODES,0,22.28782,513
2017-09-26T22:00:00-00:00,2017-09-26T23:00:00-00:00,2017-09-26,16,0,TH_ZP26_GEN-APND,TH_ZP26_GEN-APND,TH_ZP26_GEN-APND,DAM,LMP,LMP_PRC,TH_ZP26_GEN-APND,ALL_APNODES,0,32.07106,513
2017-09-27T02:00:00-00:00,2017-09-27T03:00:00-00:00,2017-09-26,20,0,TH_ZP26_GEN-APND,TH_ZP26_GEN-APND,TH_ZP26_GEN-APND,DAM,LMP,LMP_PRC,TH_ZP26_GEN-APND,ALL_APNODES,0,71.33769,513
2017-09-27T03:00:00-00:00,2017-09-27T04:00:00-00:00,2017-09-26,21,0,TH_ZP26_GEN-APND,TH_ZP26_GEN-APND,TH_ZP26_GEN-APND,DAM,LMP,LMP_PRC,TH_ZP26_GEN-APND,ALL_APNODES,0,50.03133,513
2017-09-27T04:00:00-00:00,2017-09-27T05:00:00-00:00,2017-09-26,22,0,TH_ZP26_GEN-APND,TH_ZP26_GEN-APND,TH_ZP26_GEN-APND,DAM,LMP,LMP_PRC,TH_ZP26_GEN-APND,ALL_APNODES,0,40.02,513
2017-09-26T14:00:00-00:00,2017-09-26T15:00:00-00:00,2017-09-26,8,0,TH_ZP26_GEN-APND,TH_ZP26_GEN-APND,TH_ZP26_GEN-APND,DAM,LMP,LMP_PRC,TH_ZP26_GEN-APND,ALL_APNODES,0,36.36917,513
2017-09-27T00:00:00-00:00,2017-09-27T01:00:00-00:00,2017-09-26,18,0,TH_ZP26_GEN-APND,TH_ZP26_GEN-APND,TH_ZP26_GEN-APND,DAM,LMP,LMP_PRC,TH_ZP26_GEN-APND,ALL_APNODES,0,48.9342,513
2017-09-26T16:00:00-00:00,2017-09-26T17:00:00-00:00,2017-09-26,10,0,TH_ZP26_GEN-APND,TH_ZP26_GEN-APND,TH_ZP26_GEN-APND,DAM,LMP,LMP_PRC,TH_ZP26_GEN-APND,ALL_APNODES,0,19.03863,513
2017-09-27T03:00:00-00:00,2017-09-27T04:00:00-00:00,2017-09-26,21,0,TH_ZP26_GEN-APND,TH_ZP26_GEN-APND,TH_ZP26_GEN-APND,DAM,MCC,LMP_CONG_PRC,TH_ZP26_GEN-APND,ALL_APNODES,0,0,514
2017-09-27T04:00:00-00:00,2017-09-27T05:00:00-00:00,2017-09-26,22,0,TH_ZP26_GEN-APND,TH_ZP26_GEN-APND,TH_ZP26_GEN-APND,DAM,MCC,LMP_CONG_PRC,TH_ZP26_GEN-APND,ALL_APNODES,0,0,514
2017-09-26T21:00:00-00:00,2017-09-26T22:00:00-00:00,2017-09-26,15,0,TH_ZP26_GEN-APND,TH_ZP26_GEN-APND,TH_ZP26_GEN-APND,DAM,MCC,LMP_CONG_PRC,TH_ZP26_GEN-APND,ALL_APNODES,0,-3.5246,514
2017-09-26T20:00:00-00:00,2017-09-26T21:00:00-00:00,2017-09-26,14,0,TH_ZP26_GEN-APND,TH_ZP26_GEN-APND,TH_ZP26_GEN-APND,DAM,MCC,LMP_CONG_PRC,TH_ZP26_GEN-APND,ALL_APNODES,0,-3.46129,514
2017-09-26T17:00:00-00:00,2017-09-26T18:00:00-00:00,2017-09-26,11,0,TH_ZP26_GEN-APND,TH_ZP26_GEN-APND,TH_ZP26_GEN-APND,DAM,MCC,LMP_CONG_PRC,TH_ZP26_GEN-APND,ALL_APNODES,0,-4.41947,514
2017-09-26T07:00:00-00:00,2017-09-26T08:00:00-00:00,2017-09-26,1,0,TH_ZP26_GEN-APND,TH_ZP26_GEN-APND,TH_ZP26_GEN-APND,DAM,MCC,LMP_CONG_PRC,TH_ZP26_GEN-APND,ALL_APNODES,0,0,514
2017-09-26T10:00:00-00:00,2017-09-26T11:00:00-00:00,2017-09-26,4,0,TH_ZP26_GEN-APND,TH_ZP26_GEN-APND,TH_ZP26_GEN-APND,DAM,MCC,LMP_CONG_PRC,TH_ZP26_GEN-APND,ALL_APNODES,0,0,514
2017-09-26T11:00:00-00:00,2017-09-26T12:00:00-00:00,2017-09-26,5,0,TH_ZP26_GEN-APND,TH_ZP26_GEN-APND,TH_ZP26_GEN-APND,DAM,MCC,LMP_CONG_PRC,TH_ZP26_GEN-APND,ALL_APNODES,0,0,514
2017-09-26T12:00:00-00:00,2017-09-26T13:00:00-00:00,2017-09-26,6,0,TH_ZP26_GEN-APND,TH_ZP26_GEN-APND,TH_ZP26_GEN-APND,DAM,MCC,LMP_CONG_PRC,TH_ZP26_GEN-APND,ALL_APNODES,0,0,514
2017-09-26T23:00:00-00:00,2017-09-27T00:00:00-00:00,2017-09-26,17,0,TH_ZP26_GEN-APND,TH_ZP26_GEN-APND,TH_ZP26_GEN-APND,DAM,MCC,LMP_CONG_PRC,TH_ZP26_GEN-APND,ALL_APNODES,0,-1.22528,514
2017-09-26T14:00:00-00:00,2017-09-26T15:00:00-00:00,2017-09-26,8,0,TH_ZP26_GEN-APND,TH_ZP26_GEN-APND,TH_ZP26_GEN-APND,DAM,MCC,LMP_CONG_PRC,TH_ZP26_GEN-APND,ALL_APNODES,0,0,514
2017-09-26T22:00:00-00:00,2017-09-26T23:00:00-00:00,2017-09-26,16,0,TH_ZP26_GEN-APND,TH_ZP26_GEN-APND,TH_ZP26_GEN-APND,DAM,MCC,LMP_CONG_PRC,TH_ZP26_GEN-APND,ALL_APNODES,0,-1.90837,514
2017-09-26T13:00:00-00:00,2017-09-26T14:00:00-00:00,2017-09-26,7,0,TH_ZP26_GEN-APND,TH_ZP26_GEN-APND,TH_ZP26_GEN-APND,DAM,MCC,LMP_CONG_PRC,TH_ZP26_GEN-APND,ALL_APNODES,0,0,514
2017-09-26T16:00:00-00:00,2017-09-26T17:00:00-00:00,2017-09-26,10,0,TH_ZP26_GEN-APND,TH_ZP26_GEN-APND,TH_ZP26_GEN-APND,DAM,MCC,LMP_CONG_PRC,TH_ZP26_GEN-APND,ALL_APNODES,0,-2.00503,514
2017-09-26T08:00:00-00:00,2017-09-26T09:00:00-00:00,2017-09-26,2,0,TH_ZP26_GEN-APND,TH_ZP26_GEN-APND,TH_ZP26_GEN-APND,DAM,MCC,LMP_CONG_PRC,TH_ZP26_GEN-APND,ALL_APNODES,0,0,514
2017-09-27T00:00:00-00:00,2017-09-27T01:00:00-00:00,2017-09-26,18,0,TH_ZP26_GEN-APND,TH_ZP26_GEN-APND,TH_ZP26_GEN-APND,DAM,MCC,LMP_CONG_PRC,TH_ZP26_GEN-APND,ALL_APNODES,0,0.58604,514
2017-09-27T06:00:00-00:00,2017-09-27T07:00:00-00:00,2017-09-26,24,0,TH_ZP26_GEN-APND,TH_ZP26_GEN-APND,TH_ZP26_GEN-APND,DAM,MCC,LMP_CONG_PRC,TH_ZP26_GEN-APND,ALL_APNODES,0,0,514
2017-09-26T15:00:00-00:00,2017-09-26T16:00:00-00:00,2017-09-26,9,0,TH_ZP26_GEN-APND,TH_ZP26_GEN-APND,TH_ZP26_GEN-APND,DAM,MCC,LMP_CONG_PRC,TH_ZP26_GEN-APND,ALL_APNODES,0,-0.23931,514
2017-09-27T01:00:00-00:00,2017-09-27T02:00:00-00:00,2017-09-26,19,0,TH_ZP26_GEN-APND,TH_ZP26_GEN-APND,TH_ZP26_GEN-APND,DAM,MCC,LMP_CONG_PRC,TH_ZP26_GEN-APND,ALL_APNODES,0,0,514
2017-09-27T02:00:00-00:00,2017-09-27T03:00:00-00:00,2017-09-26,20,0,TH_ZP26_GEN-APND,TH_ZP26_GEN-APND,TH_ZP26_GEN-APND,DAM,MCC,LMP_CONG_PRC,TH_ZP26_GEN-APND,ALL_APNODES,0,1.03858,514
2017-09-27T05:00:00-00:00,2017-09-27T06:00:00-00:00,2017-09-26,23,0,TH_ZP26_GEN-APND,TH_ZP26_GEN-APND,TH_ZP26_GEN-APND,DAM,MCC,LMP_CONG_PRC,TH_ZP26_GEN-APND,ALL_APNODES,0,0,514
2017-09-26T18:00:00-00:00,2017-09-26T19:00:00-00:00,2017-09-26,12,0,TH_ZP26_GEN-APND,TH_ZP26_GEN-APND,TH_ZP26_GEN-APND,DAM,MCC,LMP_CONG_PRC,TH_ZP26_GEN-APND,ALL_APNODES,0,-5.11236,514
2017-09-26T19:00:00-00:00,2017-09-26T20:00:00-00:00,2017-09-26,13,0,TH_ZP26_GEN-APND,TH_ZP26_GEN-APND,TH_ZP26_GEN-APND,DAM,MCC,LMP_CONG_PRC,TH_ZP26_GEN-APND,ALL_APNODES,0,-4.15671,514
2017-09-26T09:00:00-00:00,2017-09-26T10:00:00-00:00,2017-09-26,3,0,TH_ZP26_GEN-APND,TH_ZP26_GEN-APND,TH_ZP26_GEN-APND,DAM,MCC,LMP_CONG_PRC,TH_ZP26_GEN-APND,ALL_APNODES,0,0,514
2017-09-27T01:00:00-00:00,2017-09-27T02:00:00-00:00,2017-09-26,19,0,TH_ZP26_GEN-APND,TH_ZP26_GEN-APND,TH_ZP26_GEN-APND,DAM,MCE,LMP_ENE_PRC,TH_ZP26_GEN-APND,ALL_APNODES,0,72.63374,515
2017-09-26T12:00:00-00:00,2017-09-26T13:00:00-00:00,2017-09-26,6,0,TH_ZP26_GEN-APND,TH_ZP26_GEN-APND,TH_ZP26_GEN-APND,DAM,MCE,LMP_ENE_PRC,TH_ZP26_GEN-APND,ALL_APNODES,0,32.23821,515
2017-09-26T09:00:00-00:00,2017-09-26T10:00:00-00:00,2017-09-26,3,0,TH_ZP26_GEN-APND,TH_ZP26_GEN-APND,TH_ZP26_GEN-APND,DAM,MCE,LMP_ENE_PRC,TH_ZP26_GEN-APND,ALL_APNODES,0,28.5544,515
2017-09-26T19:00:00-00:00,2017-09-26T20:00:00-00:00,2017-09-26,13,0,TH_ZP26_GEN-APND,TH_ZP26_GEN-APND,TH_ZP26_GEN-APND,DAM,MCE,LMP_ENE_PRC,TH_ZP26_GEN-APND,ALL_APNODES,0,28.10557,515
2017-09-26T17:00:00-00:00,2017-09-26T18:00:00-00:00,2017-09-26,11,0,TH_ZP26_GEN-APND,TH_ZP26_GEN-APND,TH_ZP26_GEN-APND,DAM,MCE,LMP_ENE_PRC,TH_ZP26_GEN-APND,ALL_APNODES,0,21.35695,515
2017-09-27T05:00:00-00:00,2017-09-27T06:00:00-00:00,2017-09-26,23,0,TH_ZP26_GEN-APND,TH_ZP26_GEN-APND,TH_ZP26_GEN-APND,DAM,MCE,LMP_ENE_PRC,TH_ZP26_GEN-APND,ALL_APNODES,0,35.86428,515
2017-09-27T00:00:00-00:00,2017-09-27T01:00:00-00:00,2017-09-26,18,0,TH_ZP26_GEN-APND,TH_ZP26_GEN-APND,TH_ZP26_GEN-APND,DAM,MCE,LMP_ENE_PRC,TH_ZP26_GEN-APND,ALL_APNODES,0,50.98941,515
2017-09-26T07:00:00-00:00,2017-09-26T08:00:00-00:00,2017-09-26,1,0,TH_ZP26_GEN-APND,TH_ZP26_GEN-APND,TH_ZP26_GEN-APND,DAM,MCE,LMP_ENE_PRC,TH_ZP26_GEN-APND,ALL_APNODES,0,31.83201,515
2017-09-26T21:00:00-00:00,2017-09-26T22:00:00-00:00,2017-09-26,15,0,TH_ZP26_GEN-APND,TH_ZP26_GEN-APND,TH_ZP26_GEN-APND,DAM,MCE,LMP_ENE_PRC,TH_ZP26_GEN-APND,ALL_APNODES,0,34.13928,515
2017-09-26T15:00:00-00:00,2017-09-26T16:00:00-00:00,2017-09-26,9,0,TH_ZP26_GEN-APND,TH_ZP26_GEN-APND,TH_ZP26_GEN-APND,DAM,MCE,LMP_ENE_PRC,TH_ZP26_GEN-APND,ALL_APNODES,0,28.04508,515
2017-09-26T14:00:00-00:00,2017-09-26T15:00:00-00:00,2017-09-26,8,0,TH_ZP26_GEN-APND,TH_ZP26_GEN-APND,TH_ZP26_GEN-APND,DAM,MCE,LMP_ENE_PRC,TH_ZP26_GEN-APND,ALL_APNODES,0,37.70389,515
2017-09-27T04:00:00-00:00,2017-09-27T05:00:00-00:00,2017-09-26,22,0,TH_ZP26_GEN-APND,TH_ZP26_GEN-APND,TH_ZP26_GEN-APND,DAM,MCE,LMP_ENE_PRC,TH_ZP26_GEN-APND,ALL_APNODES,0,41.5749,515
2017-09-27T03:00:00-00:00,2017-09-27T04:00:00-00:00,2017-09-26,21,0,TH_ZP26_GEN-APND,TH_ZP26_GEN-APND,TH_ZP26_GEN-APND,DAM,MCE,LMP_ENE_PRC,TH_ZP26_GEN-APND,ALL_APNODES,0,52.154,515
2017-09-26T23:00:00-00:00,2017-09-27T00:00:00-00:00,2017-09-26,17,0,TH_ZP26_GEN-APND,TH_ZP26_GEN-APND,TH_ZP26_GEN-APND,DAM,MCE,LMP_ENE_PRC,TH_ZP26_GEN-APND,ALL_APNODES,0,37.41089,515
2017-09-26T18:00:00-00:00,2017-09-26T19:00:00-00:00,2017-09-26,12,0,TH_ZP26_GEN-APND,TH_ZP26_GEN-APND,TH_ZP26_GEN-APND,DAM,MCE,LMP_ENE_PRC,TH_ZP26_GEN-APND,ALL_APNODES,0,27.02841,515
2017-09-27T06:00:00-00:00,2017-09-27T07:00:00-00:00,2017-09-26,24,0,TH_ZP26_GEN-APND,TH_ZP26_GEN-APND,TH_ZP26_GEN-APND,DAM,MCE,LMP_ENE_PRC,TH_ZP26_GEN-APND,ALL_APNODES,0,34.61618,515
2017-09-26T11:00:00-00:00,2017-09-26T12:00:00-00:00,2017-09-26,5,0,TH_ZP26_GEN-APND,TH_ZP26_GEN-APND,TH_ZP26_GEN-APND,DAM,MCE,LMP_ENE_PRC,TH_ZP26_GEN-APND,ALL_APNODES,0,27.98188,515
2017-09-26T10:00:00-00:00,2017-09-26T11:00:00-00:00,2017-09-26,4,0,TH_ZP26_GEN-APND,TH_ZP26_GEN-APND,TH_ZP26_GEN-APND,DAM,MCE,LMP_ENE_PRC,TH_ZP26_GEN-APND,ALL_APNODES,0,27.87206,515
2017-09-26T20:00:00-00:00,2017-09-26T21:00:00-00:00,2017-09-26,14,0,TH_ZP26_GEN-APND,TH_ZP26_GEN-APND,TH_ZP26_GEN-APND,DAM,MCE,LMP_ENE_PRC,TH_ZP26_GEN-APND,ALL_APNODES,0,32.2646,515
2017-09-26T13:00:00-00:00,2017-09-26T14:00:00-00:00,2017-09-26,7,0,TH_ZP26_GEN-APND,TH_ZP26_GEN-APND,TH_ZP26_GEN-APND,DAM,MCE,LMP_ENE_PRC,TH_ZP26_GEN-APND,ALL_APNODES,0,38.44236,515
2017-09-26T22:00:00-00:00,2017-09-26T23:00:00-00:00,2017-09-26,16,0,TH_ZP26_GEN-APND,TH_ZP26_GEN-APND,TH_ZP26_GEN-APND,DAM,MCE,LMP_ENE_PRC,TH_ZP26_GEN-APND,ALL_APNODES,0,36.1368,515
2017-09-27T02:00:00-00:00,2017-09-27T03:00:00-00:00,2017-09-26,20,0,TH_ZP26_GEN-APND,TH_ZP26_GEN-APND,TH_ZP26_GEN-APND,DAM,MCE,LMP_ENE_PRC,TH_ZP26_GEN-APND,ALL_APNODES,0,73.29696,515
2017-09-26T08:00:00-00:00,2017-09-26T09:00:00-00:00,2017-09-26,2,0,TH_ZP26_GEN-APND,TH_ZP26_GEN-APND,TH_ZP26_GEN-APND,DAM,MCE,LMP_ENE_PRC,TH_ZP26_GEN-APND,ALL_APNODES,0,29.98753,515
2017-09-26T16:00:00-00:00,2017-09-26T17:00:00-00:00,2017-09-26,10,0,TH_ZP26_GEN-APND,TH_ZP26_GEN-APND,TH_ZP26_GEN-APND,DAM,MCE,LMP_ENE_PRC,TH_ZP26_GEN-APND,ALL_APNODES,0,22.21436,515
2017-09-26T13:00:00-00:00,2017-09-26T14:00:00-00:00,2017-09-26,7,0,TH_ZP26_GEN-APND,TH_ZP26_GEN-APND,TH_ZP26_GEN-APND,DAM,MCL,LMP_LOSS_PRC,TH_ZP26_GEN-APND,ALL_APNODES,0,-1.15712,516
2017-09-27T03:00:00-00:00,2017-09-27T04:00:00-00:00,2017-09-26,21,0,TH_ZP26_GEN-APND,TH_ZP26_GEN-APND,TH_ZP26_GEN-APND,DAM,MCL,LMP_LOSS_PRC,TH_ZP26_GEN-APND,ALL_APNODES,0,-2.12267,516
2017-09-26T23:00:00-00:00,2017-09-27T00:00:00-00:00,2017-09-26,17,0,TH_ZP26_GEN-APND,TH_ZP26_GEN-APND,TH_ZP26_GEN-APND,DAM,MCL,LMP_LOSS_PRC,TH_ZP26_GEN-APND,ALL_APNODES,0,-2.15113,516
2017-09-26T08:00:00-00:00,2017-09-26T09:00:00-00:00,2017-09-26,2,0,TH_ZP26_GEN-APND,TH_ZP26_GEN-APND,TH_ZP26_GEN-APND,DAM,MCL,LMP_LOSS_PRC,TH_ZP26_GEN-APND,ALL_APNODES,0,-0.87264,516
2017-09-27T00:00:00-00:00,2017-09-27T01:00:00-00:00,2017-09-26,18,0,TH_ZP26_GEN-APND,TH_ZP26_GEN-APND,TH_ZP26_GEN-APND,DAM,MCL,LMP_LOSS_PRC,TH_ZP26_GEN-APND,ALL_APNODES,0,-2.64125,516
2017-09-26T16:00:00-00:00,2017-09-26T17:00:00-00:00,2017-09-26,10,0,TH_ZP26_GEN-APND,TH_ZP26_GEN-APND,TH_ZP26_GEN-APND,DAM,MCL,LMP_LOSS_PRC,TH_ZP26_GEN-APND,ALL_APNODES,0,-1.1707,516
2017-09-27T06:00:00-00:00,2017-09-27T07:00:00-00:00,2017-09-26,24,0,TH_ZP26_GEN-APND,TH_ZP26_GEN-APND,TH_ZP26_GEN-APND,DAM,MCL,LMP_LOSS_PRC,TH_ZP26_GEN-APND,ALL_APNODES,0,-1.24618,516
2017-09-27T01:00:00-00:00,2017-09-27T02:00:00-00:00,2017-09-26,19,0,TH_ZP26_GEN-APND,TH_ZP26_GEN-APND,TH_ZP26_GEN-APND,DAM,MCL,LMP_LOSS_PRC,TH_ZP26_GEN-APND,ALL_APNODES,0,-2.92714,516
2017-09-26T12:00:00-00:00,2017-09-26T13:00:00-00:00,2017-09-26,6,0,TH_ZP26_GEN-APND,TH_ZP26_GEN-APND,TH_ZP26_GEN-APND,DAM,MCL,LMP_LOSS_PRC,TH_ZP26_GEN-APND,ALL_APNODES,0,-0.93168,516
2017-09-26T09:00:00-00:00,2017-09-26T10:00:00-00:00,2017-09-26,3,0,TH_ZP26_GEN-APND,TH_ZP26_GEN-APND,TH_ZP26_GEN-APND,DAM,MCL,LMP_LOSS_PRC,TH_ZP26_GEN-APND,ALL_APNODES,0,-0.81094,516
2017-09-26T07:00:00-00:00,2017-09-26T08:00:00-00:00,2017-09-26,1,0,TH_ZP26_GEN-APND,TH_ZP26_GEN-APND,TH_ZP26_GEN-APND,DAM,MCL,LMP_LOSS_PRC,TH_ZP26_GEN-APND,ALL_APNODES,0,-0.94223,516
2017-09-27T04:00:00-00:00,2017-09-27T05:00:00-00:00,2017-09-26,22,0,TH_ZP26_GEN-APND,TH_ZP26_GEN-APND,TH_ZP26_GEN-APND,DAM,MCL,LMP_LOSS_PRC,TH_ZP26_GEN-APND,ALL_APNODES,0,-1.5549,516
2017-09-26T11:00:00-00:00,2017-09-26T12:00:00-00:00,2017-09-26,5,0,TH_ZP26_GEN-APND,TH_ZP26_GEN-APND,TH_ZP26_GEN-APND,DAM,MCL,LMP_LOSS_PRC,TH_ZP26_GEN-APND,ALL_APNODES,0,-0.81427,516
2017-09-26T19:00:00-00:00,2017-09-26T20:00:00-00:00,2017-09-26,13,0,TH_ZP26_GEN-APND,TH_ZP26_GEN-APND,TH_ZP26_GEN-APND,DAM,MCL,LMP_LOSS_PRC,TH_ZP26_GEN-APND,ALL_APNODES,0,-1.66104,516
2017-09-26T17:00:00-00:00,2017-09-26T18:00:00-00:00,2017-09-26,11,0,TH_ZP26_GEN-APND,TH_ZP26_GEN-APND,TH_ZP26_GEN-APND,DAM,MCL,LMP_LOSS_PRC,TH_ZP26_GEN-APND,ALL_APNODES,0,-1.19172,516
2017-09-26T20:00:00-00:00,2017-09-26T21:00:00-00:00,2017-09-26,14,0,TH_ZP26_GEN-APND,TH_ZP26_GEN-APND,TH_ZP26_GEN-APND,DAM,MCL,LMP_LOSS_PRC,TH_ZP26_GEN-APND,ALL_APNODES,0,-1.98105,516
2017-09-26T18:00:00-00:00,2017-09-26T19:00:00-00:00,2017-09-26,12,0,TH_ZP26_GEN-APND,TH_ZP26_GEN-APND,TH_ZP26_GEN-APND,DAM,MCL,LMP_LOSS_PRC,TH_ZP26_GEN-APND,ALL_APNODES,0,-1.57305,516
2017-09-27T02:00:00-00:00,2017-09-27T03:00:00-00:00,2017-09-26,20,0,TH_ZP26_GEN-APND,TH_ZP26_GEN-APND,TH_ZP26_GEN-APND,DAM,MCL,LMP_LOSS_PRC,TH_ZP26_GEN-APND,ALL_APNODES,0,-2.99785,516
2017-09-26T21:00:00-00:00,2017-09-26T22:00:00-00:00,2017-09-26,15,0,TH_ZP26_GEN-APND,TH_ZP26_GEN-APND,TH_ZP26_GEN-APND,DAM,MCL,LMP_LOSS_PRC,TH_ZP26_GEN-APND,ALL_APNODES,0,-2.09274,516
2017-09-27T05:00:00-00:00,2017-09-27T06:00:00-00:00,2017-09-26,23,0,TH_ZP26_GEN-APND,TH_ZP26_GEN-APND,TH_ZP26_GEN-APND,DAM,MCL,LMP_LOSS_PRC,TH_ZP26_GEN-APND,ALL_APNODES,0,-1.33056,516
2017-09-26T15:00:00-00:00,2017-09-26T16:00:00-00:00,2017-09-26,9,0,TH_ZP26_GEN-APND,TH_ZP26_GEN-APND,TH_ZP26_GEN-APND,DAM,MCL,LMP_LOSS_PRC,TH_ZP26_GEN-APND,ALL_APNODES,0,-1.27886,516
2017-09-26T10:00:00-00:00,2017-09-26T11:00:00-00:00,2017-09-26,4,0,TH_ZP26_GEN-APND,TH_ZP26_GEN-APND,TH_ZP26_GEN-APND,DAM,MCL,LMP_LOSS_PRC,TH_ZP26_GEN-APND,ALL_APNODES,0,-0.7832,516
2017-09-26T14:00:00-00:00,2017-09-26T15:00:00-00:00,2017-09-26,8,0,TH_ZP26_GEN-APND,TH_ZP26_GEN-APND,TH_ZP26_GEN-APND,DAM,MCL,LMP_LOSS_PRC,TH_ZP26_GEN-APND,ALL_APNODES,0,-1.33472,516
2017-09-26T22:00:00-00:00,2017-09-26T23:00:00-00:00,2017-09-26,16,0,TH_ZP26_GEN-APND,TH_ZP26_GEN-APND,TH_ZP26_GEN-APND,DAM,MCL,LMP_LOSS_PRC,TH_ZP26_GEN-APND,ALL_APNODES,0,-2.15737,516
2017-09-27T02:00:00-00:00,2017-09-27T03:00:00-00:00,2017-09-26,20,0,URBAN_6_N005,URBAN_6_N005,URBAN_6_N005,DAM,LMP,LMP_PRC,URBAN_6_N005,ALL,1,58.76712,517
2017-09-27T01:00:00-00:00,2017-09-27T02:00:00-00:00,2017-09-26,19,0,URBAN_6_N005,URBAN_6_N005,URBAN_6_N005,DAM,LMP,LMP_PRC,URBAN_6_N005,ALL,1,56.63671,517
2017-09-26T13:00:00-00:00,2017-09-26T14:00:00-00:00,2017-09-26,7,0,URBAN_6_N005,URBAN_6_N005,URBAN_6_N005,DAM,LMP,LMP_PRC,URBAN_6_N005,ALL,1,38.30397,517
2017-09-26T15:00:00-00:00,2017-09-26T16:00:00-00:00,2017-09-26,9,0,URBAN_6_N005,URBAN_6_N005,URBAN_6_N005,DAM,LMP,LMP_PRC,URBAN_6_N005,ALL,1,25.91747,517
2017-09-26T19:00:00-00:00,2017-09-26T20:00:00-00:00,2017-09-26,13,0,URBAN_6_N005,URBAN_6_N005,URBAN_6_N005,DAM,LMP,LMP_PRC,URBAN_6_N005,ALL,1,21.43029,517
2017-09-26T21:00:00-00:00,2017-09-26T22:00:00-00:00,2017-09-26,15,0,URBAN_6_N005,URBAN_6_N005,URBAN_6_N005,DAM,LMP,LMP_PRC,URBAN_6_N005,ALL,1,23.8694,517
2017-09-26T11:00:00-00:00,2017-09-26T12:00:00-00:00,2017-09-26,5,0,URBAN_6_N005,URBAN_6_N005,URBAN_6_N005,DAM,LMP,LMP_PRC,URBAN_6_N005,ALL,1,27.91192,517
2017-09-26T22:00:00-00:00,2017-09-26T23:00:00-00:00,2017-09-26,16,0,URBAN_6_N005,URBAN_6_N005,URBAN_6_N005,DAM,LMP,LMP_PRC,URBAN_6_N005,ALL,1,29.26212,517
2017-09-27T05:00:00-00:00,2017-09-27T06:00:00-00:00,2017-09-26,23,0,URBAN_6_N005,URBAN_6_N005,URBAN_6_N005,DAM,LMP,LMP_PRC,URBAN_6_N005,ALL,1,35.71365,517
2017-09-27T06:00:00-00:00,2017-09-27T07:00:00-00:00,2017-09-26,24,0,URBAN_6_N005,URBAN_6_N005,URBAN_6_N005,DAM,LMP,LMP_PRC,URBAN_6_N005,ALL,1,34.68888,517
2017-09-26T18:00:00-00:00,2017-09-26T19:00:00-00:00,2017-09-26,12,0,URBAN_6_N005,URBAN_6_N005,URBAN_6_N005,DAM,LMP,LMP_PRC,URBAN_6_N005,ALL,1,18.4762,517
2017-09-26T07:00:00-00:00,2017-09-26T08:00:00-00:00,2017-09-26,1,0,URBAN_6_N005,URBAN_6_N005,URBAN_6_N005,DAM,LMP,LMP_PRC,URBAN_6_N005,ALL,1,31.69832,517
2017-09-26T10:00:00-00:00,2017-09-26T11:00:00-00:00,2017-09-26,4,0,URBAN_6_N005,URBAN_6_N005,URBAN_6_N005,DAM,LMP,LMP_PRC,URBAN_6_N005,ALL,1,27.66859,517
2017-09-27T03:00:00-00:00,2017-09-27T04:00:00-00:00,2017-09-26,21,0,URBAN_6_N005,URBAN_6_N005,URBAN_6_N005,DAM,LMP,LMP_PRC,URBAN_6_N005,ALL,1,52.38347,517
2017-09-27T04:00:00-00:00,2017-09-27T05:00:00-00:00,2017-09-26,22,0,URBAN_6_N005,URBAN_6_N005,URBAN_6_N005,DAM,LMP,LMP_PRC,URBAN_6_N005,ALL,1,41.76199,517
2017-09-26T16:00:00-00:00,2017-09-26T17:00:00-00:00,2017-09-26,10,0,URBAN_6_N005,URBAN_6_N005,URBAN_6_N005,DAM,LMP,LMP_PRC,URBAN_6_N005,ALL,1,12.26364,517
2017-09-26T23:00:00-00:00,2017-09-27T00:00:00-00:00,2017-09-26,17,0,URBAN_6_N005,URBAN_6_N005,URBAN_6_N005,DAM,LMP,LMP_PRC,URBAN_6_N005,ALL,1,21.74439,517
2017-09-26T12:00:00-00:00,2017-09-26T13:00:00-00:00,2017-09-26,6,0,URBAN_6_N005,URBAN_6_N005,URBAN_6_N005,DAM,LMP,LMP_PRC,URBAN_6_N005,ALL,1,32.16729,517
2017-09-26T14:00:00-00:00,2017-09-26T15:00:00-00:00,2017-09-26,8,0,URBAN_6_N005,URBAN_6_N005,URBAN_6_N005,DAM,LMP,LMP_PRC,URBAN_6_N005,ALL,1,37.28538,517
2017-09-26T17:00:00-00:00,2017-09-26T18:00:00-00:00,2017-09-26,11,0,URBAN_6_N005,URBAN_6_N005,URBAN_6_N005,DAM,LMP,LMP_PRC,URBAN_6_N005,ALL,1,8.47031,517
2017-09-26T20:00:00-00:00,2017-09-26T21:00:00-00:00,2017-09-26,14,0,URBAN_6_N005,URBAN_6_N005,URBAN_6_N005,DAM,LMP,LMP_PRC,URBAN_6_N005,ALL,1,27.20112,517
2017-09-26T08:00:00-00:00,2017-09-26T09:00:00-00:00,2017-09-26,2,0,URBAN_6_N005,URBAN_6_N005,URBAN_6_N005,DAM,LMP,LMP_PRC,URBAN_6_N005,ALL,1,29.8196,517
2017-09-27T00:00:00-00:00,2017-09-27T01:00:00-00:00,2017-09-26,18,0,URBAN_6_N005,URBAN_6_N005,URBAN_6_N005,DAM,LMP,LMP_PRC,URBAN_6_N005,ALL,1,46.61595,517
2017-09-26T09:00:00-00:00,2017-09-26T10:00:00-00:00,2017-09-26,3,0,URBAN_6_N005,URBAN_6_N005,URBAN_6_N005,DAM,LMP,LMP_PRC,URBAN_6_N005,ALL,1,28.37736,517
2017-09-26T13:00:00-00:00,2017-09-26T14:00:00-00:00,2017-09-26,7,0,URBAN_6_N005,URBAN_6_N005,URBAN_6_N005,DAM,MCC,LMP_CONG_PRC,URBAN_6_N005,ALL,1,0,518
2017-09-26T15:00:00-00:00,2017-09-26T16:00:00-00:00,2017-09-26,9,0,URBAN_6_N005,URBAN_6_N005,URBAN_6_N005,DAM,MCC,LMP_CONG_PRC,URBAN_6_N005,ALL,1,-1.6845,518
2017-09-26T11:00:00-00:00,2017-09-26T12:00:00-00:00,2017-09-26,5,0,URBAN_6_N005,URBAN_6_N005,URBAN_6_N005,DAM,MCC,LMP_CONG_PRC,URBAN_6_N005,ALL,1,0,518
2017-09-26T12:00:00-00:00,2017-09-26T13:00:00-00:00,2017-09-26,6,0,URBAN_6_N005,URBAN_6_N005,URBAN_6_N005,DAM,MCC,LMP_CONG_PRC,URBAN_6_N005,ALL,1,0,518
2017-09-26T07:00:00-00:00,2017-09-26T08:00:00-00:00,2017-09-26,1,0,URBAN_6_N005,URBAN_6_N005,URBAN_6_N005,DAM,MCC,LMP_CONG_PRC,URBAN_6_N005,ALL,1,0,518
2017-09-26T10:00:00-00:00,2017-09-26T11:00:00-00:00,2017-09-26,4,0,URBAN_6_N005,URBAN_6_N005,URBAN_6_N005,DAM,MCC,LMP_CONG_PRC,URBAN_6_N005,ALL,1,0,518
2017-09-27T02:00:00-00:00,2017-09-27T03:00:00-00:00,2017-09-26,20,0,URBAN_6_N005,URBAN_6_N005,URBAN_6_N005,DAM,MCC,LMP_CONG_PRC,URBAN_6_N005,ALL,1,-13.83352,518
2017-09-26T17:00:00-00:00,2017-09-26T18:00:00-00:00,2017-09-26,11,0,URBAN_6_N005,URBAN_6_N005,URBAN_6_N005,DAM,MCC,LMP_CONG_PRC,URBAN_6_N005,ALL,1,-12.44882,518
2017-09-27T00:00:00-00:00,2017-09-27T01:00:00-00:00,2017-09-26,18,0,URBAN_6_N005,URBAN_6_N005,URBAN_6_N005,DAM,MCC,LMP_CONG_PRC,URBAN_6_N005,ALL,1,-4.37857,518
2017-09-26T08:00:00-00:00,2017-09-26T09:00:00-00:00,2017-09-26,2,0,URBAN_6_N005,URBAN_6_N005,URBAN_6_N005,DAM,MCC,LMP_CONG_PRC,URBAN_6_N005,ALL,1,0,518
2017-09-27T03:00:00-00:00,2017-09-27T04:00:00-00:00,2017-09-26,21,0,URBAN_6_N005,URBAN_6_N005,URBAN_6_N005,DAM,MCC,LMP_CONG_PRC,URBAN_6_N005,ALL,1,0,518
2017-09-26T23:00:00-00:00,2017-09-27T00:00:00-00:00,2017-09-26,17,0,URBAN_6_N005,URBAN_6_N005,URBAN_6_N005,DAM,MCC,LMP_CONG_PRC,URBAN_6_N005,ALL,1,-15.139,518
2017-09-26T14:00:00-00:00,2017-09-26T15:00:00-00:00,2017-09-26,8,0,URBAN_6_N005,URBAN_6_N005,URBAN_6_N005,DAM,MCC,LMP_CONG_PRC,URBAN_6_N005,ALL,1,0,518
2017-09-26T16:00:00-00:00,2017-09-26T17:00:00-00:00,2017-09-26,10,0,URBAN_6_N005,URBAN_6_N005,URBAN_6_N005,DAM,MCC,LMP_CONG_PRC,URBAN_6_N005,ALL,1,-9.45534,518
2017-09-26T22:00:00-00:00,2017-09-26T23:00:00-00:00,2017-09-26,16,0,URBAN_6_N005,URBAN_6_N005,URBAN_6_N005,DAM,MCC,LMP_CONG_PRC,URBAN_6_N005,ALL,1,-6.20615,518
2017-09-27T01:00:00-00:00,2017-09-27T02:00:00-00:00,2017-09-26,19,0,URBAN_6_N005,URBAN_6_N005,URBAN_6_N005,DAM,MCC,LMP_CONG_PRC,URBAN_6_N005,ALL,1,-15.24891,518
2017-09-26T19:00:00-00:00,2017-09-26T20:00:00-00:00,2017-09-26,13,0,URBAN_6_N005,URBAN_6_N005,URBAN_6_N005,DAM,MCC,LMP_CONG_PRC,URBAN_6_N005,ALL,1,-6.14128,518
2017-09-26T21:00:00-00:00,2017-09-26T22:00:00-00:00,2017-09-26,15,0,URBAN_6_N005,URBAN_6_N005,URBAN_6_N005,DAM,MCC,LMP_CONG_PRC,URBAN_6_N005,ALL,1,-9.49834,518
2017-09-27T05:00:00-00:00,2017-09-27T06:00:00-00:00,2017-09-26,23,0,URBAN_6_N005,URBAN_6_N005,URBAN_6_N005,DAM,MCC,LMP_CONG_PRC,URBAN_6_N005,ALL,1,0,518
2017-09-26T18:00:00-00:00,2017-09-26T19:00:00-00:00,2017-09-26,12,0,URBAN_6_N005,URBAN_6_N005,URBAN_6_N005,DAM,MCC,LMP_CONG_PRC,URBAN_6_N005,ALL,1,-7.91705,518
2017-09-26T20:00:00-00:00,2017-09-26T21:00:00-00:00,2017-09-26,14,0,URBAN_6_N005,URBAN_6_N005,URBAN_6_N005,DAM,MCC,LMP_CONG_PRC,URBAN_6_N005,ALL,1,-4.43432,518
2017-09-26T09:00:00-00:00,2017-09-26T10:00:00-00:00,2017-09-26,3,0,URBAN_6_N005,URBAN_6_N005,URBAN_6_N005,DAM,MCC,LMP_CONG_PRC,URBAN_6_N005,ALL,1,0,518
2017-09-27T04:00:00-00:00,2017-09-27T05:00:00-00:00,2017-09-26,22,0,URBAN_6_N005,URBAN_6_N005,URBAN_6_N005,DAM,MCC,LMP_CONG_PRC,URBAN_6_N005,ALL,1,0,518
2017-09-27T06:00:00-00:00,2017-09-27T07:00:00-00:00,2017-09-26,24,0,URBAN_6_N005,URBAN_6_N005,URBAN_6_N005,DAM,MCC,LMP_CONG_PRC,URBAN_6_N005,ALL,1,0,518
2017-09-26T08:00:00-00:00,2017-09-26T09:00:00-00:00,2017-09-26,2,0,URBAN_6_N005,URBAN_6_N005,URBAN_6_N005,DAM,MCE,LMP_ENE_PRC,URBAN_6_N005,ALL,1,29.98753,519
2017-09-26T16:00:00-00:00,2017-09-26T17:00:00-00:00,2017-09-26,10,0,URBAN_6_N005,URBAN_6_N005,URBAN_6_N005,DAM,MCE,LMP_ENE_PRC,URBAN_6_N005,ALL,1,22.21436,519
2017-09-26T10:00:00-00:00,2017-09-26T11:00:00-00:00,2017-09-26,4,0,URBAN_6_N005,URBAN_6_N005,URBAN_6_N005,DAM,MCE,LMP_ENE_PRC,URBAN_6_N005,ALL,1,27.87206,519
2017-09-26T14:00:00-00:00,2017-09-26T15:00:00-00:00,2017-09-26,8,0,URBAN_6_N005,URBAN_6_N005,URBAN_6_N005,DAM,MCE,LMP_ENE_PRC,URBAN_6_N005,ALL,1,37.70389,519
2017-09-27T04:00:00-00:00,2017-09-27T05:00:00-00:00,2017-09-26,22,0,URBAN_6_N005,URBAN_6_N005,URBAN_6_N005,DAM,MCE,LMP_ENE_PRC,URBAN_6_N005,ALL,1,41.5749,519
2017-09-26T19:00:00-00:00,2017-09-26T20:00:00-00:00,2017-09-26,13,0,URBAN_6_N005,URBAN_6_N005,URBAN_6_N005,DAM,MCE,LMP_ENE_PRC,URBAN_6_N005,ALL,1,28.10557,519
2017-09-27T01:00:00-00:00,2017-09-27T02:00:00-00:00,2017-09-26,19,0,URBAN_6_N005,URBAN_6_N005,URBAN_6_N005,DAM,MCE,LMP_ENE_PRC,URBAN_6_N005,ALL,1,72.63374,519
2017-09-26T09:00:00-00:00,2017-09-26T10:00:00-00:00,2017-09-26,3,0,URBAN_6_N005,URBAN_6_N005,URBAN_6_N005,DAM,MCE,LMP_ENE_PRC,URBAN_6_N005,ALL,1,28.5544,519
2017-09-26T21:00:00-00:00,2017-09-26T22:00:00-00:00,2017-09-26,15,0,URBAN_6_N005,URBAN_6_N005,URBAN_6_N005,DAM,MCE,LMP_ENE_PRC,URBAN_6_N005,ALL,1,34.13928,519
2017-09-26T20:00:00-00:00,2017-09-26T21:00:00-00:00,2017-09-26,14,0,URBAN_6_N005,URBAN_6_N005,URBAN_6_N005,DAM,MCE,LMP_ENE_PRC,URBAN_6_N005,ALL,1,32.2646,519
2017-09-26T12:00:00-00:00,2017-09-26T13:00:00-00:00,2017-09-26,6,0,URBAN_6_N005,URBAN_6_N005,URBAN_6_N005,DAM,MCE,LMP_ENE_PRC,URBAN_6_N005,ALL,1,32.23821,519
2017-09-27T06:00:00-00:00,2017-09-27T07:00:00-00:00,2017-09-26,24,0,URBAN_6_N005,URBAN_6_N005,URBAN_6_N005,DAM,MCE,LMP_ENE_PRC,URBAN_6_N005,ALL,1,34.61618,519
2017-09-26T13:00:00-00:00,2017-09-26T14:00:00-00:00,2017-09-26,7,0,URBAN_6_N005,URBAN_6_N005,URBAN_6_N005,DAM,MCE,LMP_ENE_PRC,URBAN_6_N005,ALL,1,38.44236,519
2017-09-27T05:00:00-00:00,2017-09-27T06:00:00-00:00,2017-09-26,23,0,URBAN_6_N005,URBAN_6_N005,URBAN_6_N005,DAM,MCE,LMP_ENE_PRC,URBAN_6_N005,ALL,1,35.86428,519
2017-09-27T03:00:00-00:00,2017-09-27T04:00:00-00:00,2017-09-26,21,0,URBAN_6_N005,URBAN_6_N005,URBAN_6_N005,DAM,MCE,LMP_ENE_PRC,URBAN_6_N005,ALL,1,52.154,519
2017-09-27T00:00:00-00:00,2017-09-27T01:00:00-00:00,2017-09-26,18,0,URBAN_6_N005,URBAN_6_N005,URBAN_6_N005,DAM,MCE,LMP_ENE_PRC,URBAN_6_N005,ALL,1,50.98941,519
2017-09-26T11:00:00-00:00,2017-09-26T12:00:00-00:00,2017-09-26,5,0,URBAN_6_N005,URBAN_6_N005,URBAN_6_N005,DAM,MCE,LMP_ENE_PRC,URBAN_6_N005,ALL,1,27.98188,519
2017-09-26T17:00:00-00:00,2017-09-26T18:00:00-00:00,2017-09-26,11,0,URBAN_6_N005,URBAN_6_N005,URBAN_6_N005,DAM,MCE,LMP_ENE_PRC,URBAN_6_N005,ALL,1,21.35695,519
2017-09-26T23:00:00-00:00,2017-09-27T00:00:00-00:00,2017-09-26,17,0,URBAN_6_N005,URBAN_6_N005,URBAN_6_N005,DAM,MCE,LMP_ENE_PRC,URBAN_6_N005,ALL,1,37.41089,519
2017-09-26T22:00:00-00:00,2017-09-26T23:00:00-00:00,2017-09-26,16,0,URBAN_6_N005,URBAN_6_N005,URBAN_6_N005,DAM,MCE,LMP_ENE_PRC,URBAN_6_N005,ALL,1,36.1368,519
2017-09-26T18:00:00-00:00,2017-09-26T19:00:00-00:00,2017-09-26,12,0,URBAN_6_N005,URBAN_6_N005,URBAN_6_N005,DAM,MCE,LMP_ENE_PRC,URBAN_6_N005,ALL,1,27.02841,519
2017-09-27T02:00:00-00:00,2017-09-27T03:00:00-00:00,2017-09-26,20,0,URBAN_6_N005,URBAN_6_N005,URBAN_6_N005,DAM,MCE,LMP_ENE_PRC,URBAN_6_N005,ALL,1,73.29696,519
2017-09-26T07:00:00-00:00,2017-09-26T08:00:00-00:00,2017-09-26,1,0,URBAN_6_N005,URBAN_6_N005,URBAN_6_N005,DAM,MCE,LMP_ENE_PRC,URBAN_6_N005,ALL,1,31.83201,519
2017-09-26T15:00:00-00:00,2017-09-26T16:00:00-00:00,2017-09-26,9,0,URBAN_6_N005,URBAN_6_N005,URBAN_6_N005,DAM,MCE,LMP_ENE_PRC,URBAN_6_N005,ALL,1,28.04508,519
2017-09-26T12:00:00-00:00,2017-09-26T13:00:00-00:00,2017-09-26,6,0,URBAN_6_N005,URBAN_6_N005,URBAN_6_N005,DAM,MCL,LMP_LOSS_PRC,URBAN_6_N005,ALL,1,-0.07092,520
2017-09-26T11:00:00-00:00,2017-09-26T12:00:00-00:00,2017-09-26,5,0,URBAN_6_N005,URBAN_6_N005,URBAN_6_N005,DAM,MCL,LMP_LOSS_PRC,URBAN_6_N005,ALL,1,-0.06995,520
2017-09-26T10:00:00-00:00,2017-09-26T11:00:00-00:00,2017-09-26,4,0,URBAN_6_N005,URBAN_6_N005,URBAN_6_N005,DAM,MCL,LMP_LOSS_PRC,URBAN_6_N005,ALL,1,-0.20347,520
2017-09-26T09:00:00-00:00,2017-09-26T10:00:00-00:00,2017-09-26,3,0,URBAN_6_N005,URBAN_6_N005,URBAN_6_N005,DAM,MCL,LMP_LOSS_PRC,URBAN_6_N005,ALL,1,-0.17704,520
2017-09-27T04:00:00-00:00,2017-09-27T05:00:00-00:00,2017-09-26,22,0,URBAN_6_N005,URBAN_6_N005,URBAN_6_N005,DAM,MCL,LMP_LOSS_PRC,URBAN_6_N005,ALL,1,0.18709,520
2017-09-27T01:00:00-00:00,2017-09-27T02:00:00-00:00,2017-09-26,19,0,URBAN_6_N005,URBAN_6_N005,URBAN_6_N005,DAM,MCL,LMP_LOSS_PRC,URBAN_6_N005,ALL,1,-0.74813,520
2017-09-26T20:00:00-00:00,2017-09-26T21:00:00-00:00,2017-09-26,14,0,URBAN_6_N005,URBAN_6_N005,URBAN_6_N005,DAM,MCL,LMP_LOSS_PRC,URBAN_6_N005,ALL,1,-0.62916,520
2017-09-26T17:00:00-00:00,2017-09-26T18:00:00-00:00,2017-09-26,11,0,URBAN_6_N005,URBAN_6_N005,URBAN_6_N005,DAM,MCL,LMP_LOSS_PRC,URBAN_6_N005,ALL,1,-0.43782,520
2017-09-27T02:00:00-00:00,2017-09-27T03:00:00-00:00,2017-09-26,20,0,URBAN_6_N005,URBAN_6_N005,URBAN_6_N005,DAM,MCL,LMP_LOSS_PRC,URBAN_6_N005,ALL,1,-0.69632,520
2017-09-26T23:00:00-00:00,2017-09-27T00:00:00-00:00,2017-09-26,17,0,URBAN_6_N005,URBAN_6_N005,URBAN_6_N005,DAM,MCL,LMP_LOSS_PRC,URBAN_6_N005,ALL,1,-0.52749,520
2017-09-26T21:00:00-00:00,2017-09-26T22:00:00-00:00,2017-09-26,15,0,URBAN_6_N005,URBAN_6_N005,URBAN_6_N005,DAM,MCL,LMP_LOSS_PRC,URBAN_6_N005,ALL,1,-0.77155,520
2017-09-26T16:00:00-00:00,2017-09-26T17:00:00-00:00,2017-09-26,10,0,URBAN_6_N005,URBAN_6_N005,URBAN_6_N005,DAM,MCL,LMP_LOSS_PRC,URBAN_6_N005,ALL,1,-0.49538,520
2017-09-26T14:00:00-00:00,2017-09-26T15:00:00-00:00,2017-09-26,8,0,URBAN_6_N005,URBAN_6_N005,URBAN_6_N005,DAM,MCL,LMP_LOSS_PRC,URBAN_6_N005,ALL,1,-0.41851,520
2017-09-27T03:00:00-00:00,2017-09-27T04:00:00-00:00,2017-09-26,21,0,URBAN_6_N005,URBAN_6_N005,URBAN_6_N005,DAM,MCL,LMP_LOSS_PRC,URBAN_6_N005,ALL,1,0.22948,520
2017-09-26T19:00:00-00:00,2017-09-26T20:00:00-00:00,2017-09-26,13,0,URBAN_6_N005,URBAN_6_N005,URBAN_6_N005,DAM,MCL,LMP_LOSS_PRC,URBAN_6_N005,ALL,1,-0.53401,520
2017-09-27T05:00:00-00:00,2017-09-27T06:00:00-00:00,2017-09-26,23,0,URBAN_6_N005,URBAN_6_N005,URBAN_6_N005,DAM,MCL,LMP_LOSS_PRC,URBAN_6_N005,ALL,1,-0.15063,520
2017-09-27T00:00:00-00:00,2017-09-27T01:00:00-00:00,2017-09-26,18,0,URBAN_6_N005,URBAN_6_N005,URBAN_6_N005,DAM,MCL,LMP_LOSS_PRC,URBAN_6_N005,ALL,1,0.0051,520
2017-09-26T07:00:00-00:00,2017-09-26T08:00:00-00:00,2017-09-26,1,0,URBAN_6_N005,URBAN_6_N005,URBAN_6_N005,DAM,MCL,LMP_LOSS_PRC,URBAN_6_N005,ALL,1,-0.13369,520
2017-09-26T22:00:00-00:00,2017-09-26T23:00:00-00:00,2017-09-26,16,0,URBAN_6_N005,URBAN_6_N005,URBAN_6_N005,DAM,MCL,LMP_LOSS_PRC,URBAN_6_N005,ALL,1,-0.66853,520
2017-09-26T15:00:00-00:00,2017-09-26T16:00:00-00:00,2017-09-26,9,0,URBAN_6_N005,URBAN_6_N005,URBAN_6_N005,DAM,MCL,LMP_LOSS_PRC,URBAN_6_N005,ALL,1,-0.44311,520
2017-09-26T13:00:00-00:00,2017-09-26T14:00:00-00:00,2017-09-26,7,0,URBAN_6_N005,URBAN_6_N005,URBAN_6_N005,DAM,MCL,LMP_LOSS_PRC,URBAN_6_N005,ALL,1,-0.13839,520
2017-09-26T18:00:00-00:00,2017-09-26T19:00:00-00:00,2017-09-26,12,0,URBAN_6_N005,URBAN_6_N005,URBAN_6_N005,DAM,MCL,LMP_LOSS_PRC,URBAN_6_N005,ALL,1,-0.63517,520
2017-09-27T06:00:00-00:00,2017-09-27T07:00:00-00:00,2017-09-26,24,0,URBAN_6_N005,URBAN_6_N005,URBAN_6_N005,DAM,MCL,LMP_LOSS_PRC,URBAN_6_N005,ALL,1,0.07269,520
2017-09-26T08:00:00-00:00,2017-09-26T09:00:00-00:00,2017-09-26,2,0,URBAN_6_N005,URBAN_6_N005,URBAN_6_N005,DAM,MCL,LMP_LOSS_PRC,URBAN_6_N005,ALL,1,-0.16793,520
2017-09-27T23:00:00-00:00,2017-09-28T00:00:00-00:00,2017-09-27,17,0,BAYSHOR2_1_N001,BAYSHOR2_1_N001,BAYSHOR2_1_N001,DAM,LMP,LMP_PRC,BAYSHOR2_1_N001,ALL,1,46.49081,521
2017-09-27T08:00:00-00:00,2017-09-27T09:00:00-00:00,2017-09-27,2,0,BAYSHOR2_1_N001,BAYSHOR2_1_N001,BAYSHOR2_1_N001,DAM,LMP,LMP_PRC,BAYSHOR2_1_N001,ALL,1,31.0973,521
2017-09-28T04:00:00-00:00,2017-09-28T05:00:00-00:00,2017-09-27,22,0,BAYSHOR2_1_N001,BAYSHOR2_1_N001,BAYSHOR2_1_N001,DAM,LMP,LMP_PRC,BAYSHOR2_1_N001,ALL,1,41.67706,521
2017-09-27T21:00:00-00:00,2017-09-27T22:00:00-00:00,2017-09-27,15,0,BAYSHOR2_1_N001,BAYSHOR2_1_N001,BAYSHOR2_1_N001,DAM,LMP,LMP_PRC,BAYSHOR2_1_N001,ALL,1,43.48764,521
2017-09-28T03:00:00-00:00,2017-09-28T04:00:00-00:00,2017-09-27,21,0,BAYSHOR2_1_N001,BAYSHOR2_1_N001,BAYSHOR2_1_N001,DAM,LMP,LMP_PRC,BAYSHOR2_1_N001,ALL,1,51.4635,521
2017-09-27T07:00:00-00:00,2017-09-27T08:00:00-00:00,2017-09-27,1,0,BAYSHOR2_1_N001,BAYSHOR2_1_N001,BAYSHOR2_1_N001,DAM,LMP,LMP_PRC,BAYSHOR2_1_N001,ALL,1,32.63866,521
2017-09-27T17:00:00-00:00,2017-09-27T18:00:00-00:00,2017-09-27,11,0,BAYSHOR2_1_N001,BAYSHOR2_1_N001,BAYSHOR2_1_N001,DAM,LMP,LMP_PRC,BAYSHOR2_1_N001,ALL,1,31.11439,521
2017-09-27T13:00:00-00:00,2017-09-27T14:00:00-00:00,2017-09-27,7,0,BAYSHOR2_1_N001,BAYSHOR2_1_N001,BAYSHOR2_1_N001,DAM,LMP,LMP_PRC,BAYSHOR2_1_N001,ALL,1,39.16037,521
2017-09-28T00:00:00-00:00,2017-09-28T01:00:00-00:00,2017-09-27,18,0,BAYSHOR2_1_N001,BAYSHOR2_1_N001,BAYSHOR2_1_N001,DAM,LMP,LMP_PRC,BAYSHOR2_1_N001,ALL,1,55.54564,521
2017-09-27T11:00:00-00:00,2017-09-27T12:00:00-00:00,2017-09-27,5,0,BAYSHOR2_1_N001,BAYSHOR2_1_N001,BAYSHOR2_1_N001,DAM,LMP,LMP_PRC,BAYSHOR2_1_N001,ALL,1,29.7263,521
2017-09-27T12:00:00-00:00,2017-09-27T13:00:00-00:00,2017-09-27,6,0,BAYSHOR2_1_N001,BAYSHOR2_1_N001,BAYSHOR2_1_N001,DAM,LMP,LMP_PRC,BAYSHOR2_1_N001,ALL,1,32.20212,521
2017-09-27T15:00:00-00:00,2017-09-27T16:00:00-00:00,2017-09-27,9,0,BAYSHOR2_1_N001,BAYSHOR2_1_N001,BAYSHOR2_1_N001,DAM,LMP,LMP_PRC,BAYSHOR2_1_N001,ALL,1,30.33335,521
2017-09-27T22:00:00-00:00,2017-09-27T23:00:00-00:00,2017-09-27,16,0,BAYSHOR2_1_N001,BAYSHOR2_1_N001,BAYSHOR2_1_N001,DAM,LMP,LMP_PRC,BAYSHOR2_1_N001,ALL,1,42.14517,521
2017-09-28T05:00:00-00:00,2017-09-28T06:00:00-00:00,2017-09-27,23,0,BAYSHOR2_1_N001,BAYSHOR2_1_N001,BAYSHOR2_1_N001,DAM,LMP,LMP_PRC,BAYSHOR2_1_N001,ALL,1,37.3558,521
2017-09-28T06:00:00-00:00,2017-09-28T07:00:00-00:00,2017-09-27,24,0,BAYSHOR2_1_N001,BAYSHOR2_1_N001,BAYSHOR2_1_N001,DAM,LMP,LMP_PRC,BAYSHOR2_1_N001,ALL,1,33.74733,521
2017-09-27T09:00:00-00:00,2017-09-27T10:00:00-00:00,2017-09-27,3,0,BAYSHOR2_1_N001,BAYSHOR2_1_N001,BAYSHOR2_1_N001,DAM,LMP,LMP_PRC,BAYSHOR2_1_N001,ALL,1,30.07533,521
2017-09-27T16:00:00-00:00,2017-09-27T17:00:00-00:00,2017-09-27,10,0,BAYSHOR2_1_N001,BAYSHOR2_1_N001,BAYSHOR2_1_N001,DAM,LMP,LMP_PRC,BAYSHOR2_1_N001,ALL,1,29.51081,521
2017-09-28T01:00:00-00:00,2017-09-28T02:00:00-00:00,2017-09-27,19,0,BAYSHOR2_1_N001,BAYSHOR2_1_N001,BAYSHOR2_1_N001,DAM,LMP,LMP_PRC,BAYSHOR2_1_N001,ALL,1,72.48496,521
2017-09-27T10:00:00-00:00,2017-09-27T11:00:00-00:00,2017-09-27,4,0,BAYSHOR2_1_N001,BAYSHOR2_1_N001,BAYSHOR2_1_N001,DAM,LMP,LMP_PRC,BAYSHOR2_1_N001,ALL,1,29.03532,521
2017-09-27T14:00:00-00:00,2017-09-27T15:00:00-00:00,2017-09-27,8,0,BAYSHOR2_1_N001,BAYSHOR2_1_N001,BAYSHOR2_1_N001,DAM,LMP,LMP_PRC,BAYSHOR2_1_N001,ALL,1,37.83986,521
2017-09-27T18:00:00-00:00,2017-09-27T19:00:00-00:00,2017-09-27,12,0,BAYSHOR2_1_N001,BAYSHOR2_1_N001,BAYSHOR2_1_N001,DAM,LMP,LMP_PRC,BAYSHOR2_1_N001,ALL,1,34.21582,521
2017-09-27T19:00:00-00:00,2017-09-27T20:00:00-00:00,2017-09-27,13,0,BAYSHOR2_1_N001,BAYSHOR2_1_N001,BAYSHOR2_1_N001,DAM,LMP,LMP_PRC,BAYSHOR2_1_N001,ALL,1,38.85811,521
2017-09-27T20:00:00-00:00,2017-09-27T21:00:00-00:00,2017-09-27,14,0,BAYSHOR2_1_N001,BAYSHOR2_1_N001,BAYSHOR2_1_N001,DAM,LMP,LMP_PRC,BAYSHOR2_1_N001,ALL,1,35.74593,521
2017-09-28T02:00:00-00:00,2017-09-28T03:00:00-00:00,2017-09-27,20,0,BAYSHOR2_1_N001,BAYSHOR2_1_N001,BAYSHOR2_1_N001,DAM,LMP,LMP_PRC,BAYSHOR2_1_N001,ALL,1,79.36791,521
2017-09-27T11:00:00-00:00,2017-09-27T12:00:00-00:00,2017-09-27,5,0,BAYSHOR2_1_N001,BAYSHOR2_1_N001,BAYSHOR2_1_N001,DAM,MCC,LMP_CONG_PRC,BAYSHOR2_1_N001,ALL,1,0,522
2017-09-27T15:00:00-00:00,2017-09-27T16:00:00-00:00,2017-09-27,9,0,BAYSHOR2_1_N001,BAYSHOR2_1_N001,BAYSHOR2_1_N001,DAM,MCC,LMP_CONG_PRC,BAYSHOR2_1_N001,ALL,1,-0.08212,522
2017-09-28T01:00:00-00:00,2017-09-28T02:00:00-00:00,2017-09-27,19,0,BAYSHOR2_1_N001,BAYSHOR2_1_N001,BAYSHOR2_1_N001,DAM,MCC,LMP_CONG_PRC,BAYSHOR2_1_N001,ALL,1,0,522
2017-09-28T00:00:00-00:00,2017-09-28T01:00:00-00:00,2017-09-27,18,0,BAYSHOR2_1_N001,BAYSHOR2_1_N001,BAYSHOR2_1_N001,DAM,MCC,LMP_CONG_PRC,BAYSHOR2_1_N001,ALL,1,0,522
2017-09-27T09:00:00-00:00,2017-09-27T10:00:00-00:00,2017-09-27,3,0,BAYSHOR2_1_N001,BAYSHOR2_1_N001,BAYSHOR2_1_N001,DAM,MCC,LMP_CONG_PRC,BAYSHOR2_1_N001,ALL,1,0,522
2017-09-27T21:00:00-00:00,2017-09-27T22:00:00-00:00,2017-09-27,15,0,BAYSHOR2_1_N001,BAYSHOR2_1_N001,BAYSHOR2_1_N001,DAM,MCC,LMP_CONG_PRC,BAYSHOR2_1_N001,ALL,1,4.55788,522
2017-09-28T02:00:00-00:00,2017-09-28T03:00:00-00:00,2017-09-27,20,0,BAYSHOR2_1_N001,BAYSHOR2_1_N001,BAYSHOR2_1_N001,DAM,MCC,LMP_CONG_PRC,BAYSHOR2_1_N001,ALL,1,0,522
2017-09-27T20:00:00-00:00,2017-09-27T21:00:00-00:00,2017-09-27,14,0,BAYSHOR2_1_N001,BAYSHOR2_1_N001,BAYSHOR2_1_N001,DAM,MCC,LMP_CONG_PRC,BAYSHOR2_1_N001,ALL,1,1.14454,522
2017-09-27T14:00:00-00:00,2017-09-27T15:00:00-00:00,2017-09-27,8,0,BAYSHOR2_1_N001,BAYSHOR2_1_N001,BAYSHOR2_1_N001,DAM,MCC,LMP_CONG_PRC,BAYSHOR2_1_N001,ALL,1,0,522
2017-09-28T05:00:00-00:00,2017-09-28T06:00:00-00:00,2017-09-27,23,0,BAYSHOR2_1_N001,BAYSHOR2_1_N001,BAYSHOR2_1_N001,DAM,MCC,LMP_CONG_PRC,BAYSHOR2_1_N001,ALL,1,0,522
2017-09-27T08:00:00-00:00,2017-09-27T09:00:00-00:00,2017-09-27,2,0,BAYSHOR2_1_N001,BAYSHOR2_1_N001,BAYSHOR2_1_N001,DAM,MCC,LMP_CONG_PRC,BAYSHOR2_1_N001,ALL,1,0,522
2017-09-27T07:00:00-00:00,2017-09-27T08:00:00-00:00,2017-09-27,1,0,BAYSHOR2_1_N001,BAYSHOR2_1_N001,BAYSHOR2_1_N001,DAM,MCC,LMP_CONG_PRC,BAYSHOR2_1_N001,ALL,1,0,522
2017-09-28T04:00:00-00:00,2017-09-28T05:00:00-00:00,2017-09-27,22,0,BAYSHOR2_1_N001,BAYSHOR2_1_N001,BAYSHOR2_1_N001,DAM,MCC,LMP_CONG_PRC,BAYSHOR2_1_N001,ALL,1,0,522
2017-09-28T03:00:00-00:00,2017-09-28T04:00:00-00:00,2017-09-27,21,0,BAYSHOR2_1_N001,BAYSHOR2_1_N001,BAYSHOR2_1_N001,DAM,MCC,LMP_CONG_PRC,BAYSHOR2_1_N001,ALL,1,0,522
2017-09-27T19:00:00-00:00,2017-09-27T20:00:00-00:00,2017-09-27,13,0,BAYSHOR2_1_N001,BAYSHOR2_1_N001,BAYSHOR2_1_N001,DAM,MCC,LMP_CONG_PRC,BAYSHOR2_1_N001,ALL,1,6.55144,522
2017-09-27T18:00:00-00:00,2017-09-27T19:00:00-00:00,2017-09-27,12,0,BAYSHOR2_1_N001,BAYSHOR2_1_N001,BAYSHOR2_1_N001,DAM,MCC,LMP_CONG_PRC,BAYSHOR2_1_N001,ALL,1,3.68802,522
2017-09-27T23:00:00-00:00,2017-09-28T00:00:00-00:00,2017-09-27,17,0,BAYSHOR2_1_N001,BAYSHOR2_1_N001,BAYSHOR2_1_N001,DAM,MCC,LMP_CONG_PRC,BAYSHOR2_1_N001,ALL,1,1.00561,522
2017-09-27T10:00:00-00:00,2017-09-27T11:00:00-00:00,2017-09-27,4,0,BAYSHOR2_1_N001,BAYSHOR2_1_N001,BAYSHOR2_1_N001,DAM,MCC,LMP_CONG_PRC,BAYSHOR2_1_N001,ALL,1,0,522
2017-09-27T17:00:00-00:00,2017-09-27T18:00:00-00:00,2017-09-27,11,0,BAYSHOR2_1_N001,BAYSHOR2_1_N001,BAYSHOR2_1_N001,DAM,MCC,LMP_CONG_PRC,BAYSHOR2_1_N001,ALL,1,4.17252,522
2017-09-27T16:00:00-00:00,2017-09-27T17:00:00-00:00,2017-09-27,10,0,BAYSHOR2_1_N001,BAYSHOR2_1_N001,BAYSHOR2_1_N001,DAM,MCC,LMP_CONG_PRC,BAYSHOR2_1_N001,ALL,1,1.82699,522
2017-09-27T13:00:00-00:00,2017-09-27T14:00:00-00:00,2017-09-27,7,0,BAYSHOR2_1_N001,BAYSHOR2_1_N001,BAYSHOR2_1_N001,DAM,MCC,LMP_CONG_PRC,BAYSHOR2_1_N001,ALL,1,0,522
2017-09-27T22:00:00-00:00,2017-09-27T23:00:00-00:00,2017-09-27,16,0,BAYSHOR2_1_N001,BAYSHOR2_1_N001,BAYSHOR2_1_N001,DAM,MCC,LMP_CONG_PRC,BAYSHOR2_1_N001,ALL,1,1.39078,522
2017-09-27T12:00:00-00:00,2017-09-27T13:00:00-00:00,2017-09-27,6,0,BAYSHOR2_1_N001,BAYSHOR2_1_N001,BAYSHOR2_1_N001,DAM,MCC,LMP_CONG_PRC,BAYSHOR2_1_N001,ALL,1,0,522
2017-09-28T06:00:00-00:00,2017-09-28T07:00:00-00:00,2017-09-27,24,0,BAYSHOR2_1_N001,BAYSHOR2_1_N001,BAYSHOR2_1_N001,DAM,MCC,LMP_CONG_PRC,BAYSHOR2_1_N001,ALL,1,0,522
2017-09-27T10:00:00-00:00,2017-09-27T11:00:00-00:00,2017-09-27,4,0,BAYSHOR2_1_N001,BAYSHOR2_1_N001,BAYSHOR2_1_N001,DAM,MCE,LMP_ENE_PRC,BAYSHOR2_1_N001,ALL,1,27.80362,523
2017-09-27T23:00:00-00:00,2017-09-28T00:00:00-00:00,2017-09-27,17,0,BAYSHOR2_1_N001,BAYSHOR2_1_N001,BAYSHOR2_1_N001,DAM,MCE,LMP_ENE_PRC,BAYSHOR2_1_N001,ALL,1,41.47461,523
2017-09-27T15:00:00-00:00,2017-09-27T16:00:00-00:00,2017-09-27,9,0,BAYSHOR2_1_N001,BAYSHOR2_1_N001,BAYSHOR2_1_N001,DAM,MCE,LMP_ENE_PRC,BAYSHOR2_1_N001,ALL,1,28.17813,523
2017-09-28T06:00:00-00:00,2017-09-28T07:00:00-00:00,2017-09-27,24,0,BAYSHOR2_1_N001,BAYSHOR2_1_N001,BAYSHOR2_1_N001,DAM,MCE,LMP_ENE_PRC,BAYSHOR2_1_N001,ALL,1,32.30337,523
2017-09-27T19:00:00-00:00,2017-09-27T20:00:00-00:00,2017-09-27,13,0,BAYSHOR2_1_N001,BAYSHOR2_1_N001,BAYSHOR2_1_N001,DAM,MCE,LMP_ENE_PRC,BAYSHOR2_1_N001,ALL,1,29.08153,523
2017-09-27T14:00:00-00:00,2017-09-27T15:00:00-00:00,2017-09-27,8,0,BAYSHOR2_1_N001,BAYSHOR2_1_N001,BAYSHOR2_1_N001,DAM,MCE,LMP_ENE_PRC,BAYSHOR2_1_N001,ALL,1,35.56712,523
2017-09-28T03:00:00-00:00,2017-09-28T04:00:00-00:00,2017-09-27,21,0,BAYSHOR2_1_N001,BAYSHOR2_1_N001,BAYSHOR2_1_N001,DAM,MCE,LMP_ENE_PRC,BAYSHOR2_1_N001,ALL,1,49.1486,523
2017-09-27T22:00:00-00:00,2017-09-27T23:00:00-00:00,2017-09-27,16,0,BAYSHOR2_1_N001,BAYSHOR2_1_N001,BAYSHOR2_1_N001,DAM,MCE,LMP_ENE_PRC,BAYSHOR2_1_N001,ALL,1,36.89849,523
2017-09-27T12:00:00-00:00,2017-09-27T13:00:00-00:00,2017-09-27,6,0,BAYSHOR2_1_N001,BAYSHOR2_1_N001,BAYSHOR2_1_N001,DAM,MCE,LMP_ENE_PRC,BAYSHOR2_1_N001,ALL,1,30.74482,523
2017-09-27T09:00:00-00:00,2017-09-27T10:00:00-00:00,2017-09-27,3,0,BAYSHOR2_1_N001,BAYSHOR2_1_N001,BAYSHOR2_1_N001,DAM,MCE,LMP_ENE_PRC,BAYSHOR2_1_N001,ALL,1,28.75545,523
2017-09-27T08:00:00-00:00,2017-09-27T09:00:00-00:00,2017-09-27,2,0,BAYSHOR2_1_N001,BAYSHOR2_1_N001,BAYSHOR2_1_N001,DAM,MCE,LMP_ENE_PRC,BAYSHOR2_1_N001,ALL,1,29.65885,523
2017-09-28T00:00:00-00:00,2017-09-28T01:00:00-00:00,2017-09-27,18,0,BAYSHOR2_1_N001,BAYSHOR2_1_N001,BAYSHOR2_1_N001,DAM,MCE,LMP_ENE_PRC,BAYSHOR2_1_N001,ALL,1,51.62234,523
2017-09-27T21:00:00-00:00,2017-09-27T22:00:00-00:00,2017-09-27,15,0,BAYSHOR2_1_N001,BAYSHOR2_1_N001,BAYSHOR2_1_N001,DAM,MCE,LMP_ENE_PRC,BAYSHOR2_1_N001,ALL,1,35.24013,523
2017-09-28T05:00:00-00:00,2017-09-28T06:00:00-00:00,2017-09-27,23,0,BAYSHOR2_1_N001,BAYSHOR2_1_N001,BAYSHOR2_1_N001,DAM,MCE,LMP_ENE_PRC,BAYSHOR2_1_N001,ALL,1,35.58034,523
2017-09-27T18:00:00-00:00,2017-09-27T19:00:00-00:00,2017-09-27,12,0,BAYSHOR2_1_N001,BAYSHOR2_1_N001,BAYSHOR2_1_N001,DAM,MCE,LMP_ENE_PRC,BAYSHOR2_1_N001,ALL,1,27.58952,523
2017-09-27T13:00:00-00:00,2017-09-27T14:00:00-00:00,2017-09-27,7,0,BAYSHOR2_1_N001,BAYSHOR2_1_N001,BAYSHOR2_1_N001,DAM,MCE,LMP_ENE_PRC,BAYSHOR2_1_N001,ALL,1,37.1611,523
2017-09-28T02:00:00-00:00,2017-09-28T03:00:00-00:00,2017-09-27,20,0,BAYSHOR2_1_N001,BAYSHOR2_1_N001,BAYSHOR2_1_N001,DAM,MCE,LMP_ENE_PRC,BAYSHOR2_1_N001,ALL,1,75.10921,523
2017-09-27T17:00:00-00:00,2017-09-27T18:00:00-00:00,2017-09-27,11,0,BAYSHOR2_1_N001,BAYSHOR2_1_N001,BAYSHOR2_1_N001,DAM,MCE,LMP_ENE_PRC,BAYSHOR2_1_N001,ALL,1,24.41271,523
2017-09-27T16:00:00-00:00,2017-09-27T17:00:00-00:00,2017-09-27,10,0,BAYSHOR2_1_N001,BAYSHOR2_1_N001,BAYSHOR2_1_N001,DAM,MCE,LMP_ENE_PRC,BAYSHOR2_1_N001,ALL,1,25.26817,523
2017-09-27T11:00:00-00:00,2017-09-27T12:00:00-00:00,2017-09-27,5,0,BAYSHOR2_1_N001,BAYSHOR2_1_N001,BAYSHOR2_1_N001,DAM,MCE,LMP_ENE_PRC,BAYSHOR2_1_N001,ALL,1,28.45167,523
2017-09-27T07:00:00-00:00,2017-09-27T08:00:00-00:00,2017-09-27,1,0,BAYSHOR2_1_N001,BAYSHOR2_1_N001,BAYSHOR2_1_N001,DAM,MCE,LMP_ENE_PRC,BAYSHOR2_1_N001,ALL,1,31.22121,523
2017-09-28T04:00:00-00:00,2017-09-28T05:00:00-00:00,2017-09-27,22,0,BAYSHOR2_1_N001,BAYSHOR2_1_N001,BAYSHOR2_1_N001,DAM,MCE,LMP_ENE_PRC,BAYSHOR2_1_N001,ALL,1,39.87854,523
2017-09-28T01:00:00-00:00,2017-09-28T02:00:00-00:00,2017-09-27,19,0,BAYSHOR2_1_N001,BAYSHOR2_1_N001,BAYSHOR2_1_N001,DAM,MCE,LMP_ENE_PRC,BAYSHOR2_1_N001,ALL,1,68.25325,523
2017-09-27T20:00:00-00:00,2017-09-27T21:00:00-00:00,2017-09-27,14,0,BAYSHOR2_1_N001,BAYSHOR2_1_N001,BAYSHOR2_1_N001,DAM,MCE,LMP_ENE_PRC,BAYSHOR2_1_N001,ALL,1,31.31914,523
2017-09-27T22:00:00-00:00,2017-09-27T23:00:00-00:00,2017-09-27,16,0,BAYSHOR2_1_N001,BAYSHOR2_1_N001,BAYSHOR2_1_N001,DAM,MCL,LMP_LOSS_PRC,BAYSHOR2_1_N001,ALL,1,3.85589,524
2017-09-28T00:00:00-00:00,2017-09-28T01:00:00-00:00,2017-09-27,18,0,BAYSHOR2_1_N001,BAYSHOR2_1_N001,BAYSHOR2_1_N001,DAM,MCL,LMP_LOSS_PRC,BAYSHOR2_1_N001,ALL,1,3.9233,524
2017-09-28T04:00:00-00:00,2017-09-28T05:00:00-00:00,2017-09-27,22,0,BAYSHOR2_1_N001,BAYSHOR2_1_N001,BAYSHOR2_1_N001,DAM,MCL,LMP_LOSS_PRC,BAYSHOR2_1_N001,ALL,1,1.79852,524
2017-09-27T14:00:00-00:00,2017-09-27T15:00:00-00:00,2017-09-27,8,0,BAYSHOR2_1_N001,BAYSHOR2_1_N001,BAYSHOR2_1_N001,DAM,MCL,LMP_LOSS_PRC,BAYSHOR2_1_N001,ALL,1,2.27274,524
2017-09-27T16:00:00-00:00,2017-09-27T17:00:00-00:00,2017-09-27,10,0,BAYSHOR2_1_N001,BAYSHOR2_1_N001,BAYSHOR2_1_N001,DAM,MCL,LMP_LOSS_PRC,BAYSHOR2_1_N001,ALL,1,2.41564,524
2017-09-27T07:00:00-00:00,2017-09-27T08:00:00-00:00,2017-09-27,1,0,BAYSHOR2_1_N001,BAYSHOR2_1_N001,BAYSHOR2_1_N001,DAM,MCL,LMP_LOSS_PRC,BAYSHOR2_1_N001,ALL,1,1.41744,524
2017-09-27T09:00:00-00:00,2017-09-27T10:00:00-00:00,2017-09-27,3,0,BAYSHOR2_1_N001,BAYSHOR2_1_N001,BAYSHOR2_1_N001,DAM,MCL,LMP_LOSS_PRC,BAYSHOR2_1_N001,ALL,1,1.31988,524
2017-09-27T08:00:00-00:00,2017-09-27T09:00:00-00:00,2017-09-27,2,0,BAYSHOR2_1_N001,BAYSHOR2_1_N001,BAYSHOR2_1_N001,DAM,MCL,LMP_LOSS_PRC,BAYSHOR2_1_N001,ALL,1,1.43845,524
2017-09-27T15:00:00-00:00,2017-09-27T16:00:00-00:00,2017-09-27,9,0,BAYSHOR2_1_N001,BAYSHOR2_1_N001,BAYSHOR2_1_N001,DAM,MCL,LMP_LOSS_PRC,BAYSHOR2_1_N001,ALL,1,2.23734,524
2017-09-27T17:00:00-00:00,2017-09-27T18:00:00-00:00,2017-09-27,11,0,BAYSHOR2_1_N001,BAYSHOR2_1_N001,BAYSHOR2_1_N001,DAM,MCL,LMP_LOSS_PRC,BAYSHOR2_1_N001,ALL,1,2.52916,524
2017-09-27T18:00:00-00:00,2017-09-27T19:00:00-00:00,2017-09-27,12,0,BAYSHOR2_1_N001,BAYSHOR2_1_N001,BAYSHOR2_1_N001,DAM,MCL,LMP_LOSS_PRC,BAYSHOR2_1_N001,ALL,1,2.93828,524
2017-09-27T19:00:00-00:00,2017-09-27T20:00:00-00:00,2017-09-27,13,0,BAYSHOR2_1_N001,BAYSHOR2_1_N001,BAYSHOR2_1_N001,DAM,MCL,LMP_LOSS_PRC,BAYSHOR2_1_N001,ALL,1,3.22514,524
2017-09-28T01:00:00-00:00,2017-09-28T02:00:00-00:00,2017-09-27,19,0,BAYSHOR2_1_N001,BAYSHOR2_1_N001,BAYSHOR2_1_N001,DAM,MCL,LMP_LOSS_PRC,BAYSHOR2_1_N001,ALL,1,4.2317,524
2017-09-27T10:00:00-00:00,2017-09-27T11:00:00-00:00,2017-09-27,4,0,BAYSHOR2_1_N001,BAYSHOR2_1_N001,BAYSHOR2_1_N001,DAM,MCL,LMP_LOSS_PRC,BAYSHOR2_1_N001,ALL,1,1.2317,524
2017-09-27T21:00:00-00:00,2017-09-27T22:00:00-00:00,2017-09-27,15,0,BAYSHOR2_1_N001,BAYSHOR2_1_N001,BAYSHOR2_1_N001,DAM,MCL,LMP_LOSS_PRC,BAYSHOR2_1_N001,ALL,1,3.68964,524
2017-09-28T03:00:00-00:00,2017-09-28T04:00:00-00:00,2017-09-27,21,0,BAYSHOR2_1_N001,BAYSHOR2_1_N001,BAYSHOR2_1_N001,DAM,MCL,LMP_LOSS_PRC,BAYSHOR2_1_N001,ALL,1,2.3149,524
2017-09-28T06:00:00-00:00,2017-09-28T07:00:00-00:00,2017-09-27,24,0,BAYSHOR2_1_N001,BAYSHOR2_1_N001,BAYSHOR2_1_N001,DAM,MCL,LMP_LOSS_PRC,BAYSHOR2_1_N001,ALL,1,1.44396,524
2017-09-27T11:00:00-00:00,2017-09-27T12:00:00-00:00,2017-09-27,5,0,BAYSHOR2_1_N001,BAYSHOR2_1_N001,BAYSHOR2_1_N001,DAM,MCL,LMP_LOSS_PRC,BAYSHOR2_1_N001,ALL,1,1.27463,524
2017-09-28T02:00:00-00:00,2017-09-28T03:00:00-00:00,2017-09-27,20,0,BAYSHOR2_1_N001,BAYSHOR2_1_N001,BAYSHOR2_1_N001,DAM,MCL,LMP_LOSS_PRC,BAYSHOR2_1_N001,ALL,1,4.25869,524
2017-09-28T05:00:00-00:00,2017-09-28T06:00:00-00:00,2017-09-27,23,0,BAYSHOR2_1_N001,BAYSHOR2_1_N001,BAYSHOR2_1_N001,DAM,MCL,LMP_LOSS_PRC,BAYSHOR2_1_N001,ALL,1,1.77546,524
2017-09-27T12:00:00-00:00,2017-09-27T13:00:00-00:00,2017-09-27,6,0,BAYSHOR2_1_N001,BAYSHOR2_1_N001,BAYSHOR2_1_N001,DAM,MCL,LMP_LOSS_PRC,BAYSHOR2_1_N001,ALL,1,1.4573,524
2017-09-27T13:00:00-00:00,2017-09-27T14:00:00-00:00,2017-09-27,7,0,BAYSHOR2_1_N001,BAYSHOR2_1_N001,BAYSHOR2_1_N001,DAM,MCL,LMP_LOSS_PRC,BAYSHOR2_1_N001,ALL,1,1.99927,524
2017-09-27T20:00:00-00:00,2017-09-27T21:00:00-00:00,2017-09-27,14,0,BAYSHOR2_1_N001,BAYSHOR2_1_N001,BAYSHOR2_1_N001,DAM,MCL,LMP_LOSS_PRC,BAYSHOR2_1_N001,ALL,1,3.28225,524
2017-09-27T23:00:00-00:00,2017-09-28T00:00:00-00:00,2017-09-27,17,0,BAYSHOR2_1_N001,BAYSHOR2_1_N001,BAYSHOR2_1_N001,DAM,MCL,LMP_LOSS_PRC,BAYSHOR2_1_N001,ALL,1,4.01059,524
2017-09-27T16:00:00-00:00,2017-09-27T17:00:00-00:00,2017-09-27,10,0,TH_NP15_GEN-APND,TH_NP15_GEN-APND,TH_NP15_GEN-APND,DAM,LMP,LMP_PRC,TH_NP15_GEN-APND,ALL_APNODES,0,26.4663,525
2017-09-27T09:00:00-00:00,2017-09-27T10:00:00-00:00,2017-09-27,3,0,TH_NP15_GEN-APND,TH_NP15_GEN-APND,TH_NP15_GEN-APND,DAM,LMP,LMP_PRC,TH_NP15_GEN-APND,ALL_APNODES,0,28.99125,525
2017-09-28T02:00:00-00:00,2017-09-28T03:00:00-00:00,2017-09-27,20,0,TH_NP15_GEN-APND,TH_NP15_GEN-APND,TH_NP15_GEN-APND,DAM,LMP,LMP_PRC,TH_NP15_GEN-APND,ALL_APNODES,0,74.92895,525
2017-09-28T05:00:00-00:00,2017-09-28T06:00:00-00:00,2017-09-27,23,0,TH_NP15_GEN-APND,TH_NP15_GEN-APND,TH_NP15_GEN-APND,DAM,LMP,LMP_PRC,TH_NP15_GEN-APND,ALL_APNODES,0,35.58034,525
2017-09-27T07:00:00-00:00,2017-09-27T08:00:00-00:00,2017-09-27,1,0,TH_NP15_GEN-APND,TH_NP15_GEN-APND,TH_NP15_GEN-APND,DAM,LMP,LMP_PRC,TH_NP15_GEN-APND,ALL_APNODES,0,31.44288,525
2017-09-27T15:00:00-00:00,2017-09-27T16:00:00-00:00,2017-09-27,9,0,TH_NP15_GEN-APND,TH_NP15_GEN-APND,TH_NP15_GEN-APND,DAM,LMP,LMP_PRC,TH_NP15_GEN-APND,ALL_APNODES,0,28.41563,525
2017-09-27T21:00:00-00:00,2017-09-27T22:00:00-00:00,2017-09-27,15,0,TH_NP15_GEN-APND,TH_NP15_GEN-APND,TH_NP15_GEN-APND,DAM,LMP,LMP_PRC,TH_NP15_GEN-APND,ALL_APNODES,0,34.32082,525
2017-09-27T22:00:00-00:00,2017-09-27T23:00:00-00:00,2017-09-27,16,0,TH_NP15_GEN-APND,TH_NP15_GEN-APND,TH_NP15_GEN-APND,DAM,LMP,LMP_PRC,TH_NP15_GEN-APND,ALL_APNODES,0,35.36648,525
2017-09-27T12:00:00-00:00,2017-09-27T13:00:00-00:00,2017-09-27,6,0,TH_NP15_GEN-APND,TH_NP15_GEN-APND,TH_NP15_GEN-APND,DAM,LMP,LMP_PRC,TH_NP15_GEN-APND,ALL_APNODES,0,30.90777,525
2017-09-27T14:00:00-00:00,2017-09-27T15:00:00-00:00,2017-09-27,8,0,TH_NP15_GEN-APND,TH_NP15_GEN-APND,TH_NP15_GEN-APND,DAM,LMP,LMP_PRC,TH_NP15_GEN-APND,ALL_APNODES,0,35.77341,525
2017-09-27T18:00:00-00:00,2017-09-27T19:00:00-00:00,2017-09-27,12,0,TH_NP15_GEN-APND,TH_NP15_GEN-APND,TH_NP15_GEN-APND,DAM,LMP,LMP_PRC,TH_NP15_GEN-APND,ALL_APNODES,0,29.00903,525
2017-09-27T19:00:00-00:00,2017-09-27T20:00:00-00:00,2017-09-27,13,0,TH_NP15_GEN-APND,TH_NP15_GEN-APND,TH_NP15_GEN-APND,DAM,LMP,LMP_PRC,TH_NP15_GEN-APND,ALL_APNODES,0,29.8947,525
2017-09-28T00:00:00-00:00,2017-09-28T01:00:00-00:00,2017-09-27,18,0,TH_NP15_GEN-APND,TH_NP15_GEN-APND,TH_NP15_GEN-APND,DAM,LMP,LMP_PRC,TH_NP15_GEN-APND,ALL_APNODES,0,51.7514,525
2017-09-28T06:00:00-00:00,2017-09-28T07:00:00-00:00,2017-09-27,24,0,TH_NP15_GEN-APND,TH_NP15_GEN-APND,TH_NP15_GEN-APND,DAM,LMP,LMP_PRC,TH_NP15_GEN-APND,ALL_APNODES,0,32.33567,525
2017-09-27T08:00:00-00:00,2017-09-27T09:00:00-00:00,2017-09-27,2,0,TH_NP15_GEN-APND,TH_NP15_GEN-APND,TH_NP15_GEN-APND,DAM,LMP,LMP_PRC,TH_NP15_GEN-APND,ALL_APNODES,0,29.91095,525
2017-09-27T10:00:00-00:00,2017-09-27T11:00:00-00:00,2017-09-27,4,0,TH_NP15_GEN-APND,TH_NP15_GEN-APND,TH_NP15_GEN-APND,DAM,LMP,LMP_PRC,TH_NP15_GEN-APND,ALL_APNODES,0,27.98434,525
2017-09-27T17:00:00-00:00,2017-09-27T18:00:00-00:00,2017-09-27,11,0,TH_NP15_GEN-APND,TH_NP15_GEN-APND,TH_NP15_GEN-APND,DAM,LMP,LMP_PRC,TH_NP15_GEN-APND,ALL_APNODES,0,26.65581,525
2017-09-27T20:00:00-00:00,2017-09-27T21:00:00-00:00,2017-09-27,14,0,TH_NP15_GEN-APND,TH_NP15_GEN-APND,TH_NP15_GEN-APND,DAM,LMP,LMP_PRC,TH_NP15_GEN-APND,ALL_APNODES,0,30.25917,525
2017-09-28T01:00:00-00:00,2017-09-28T02:00:00-00:00,2017-09-27,19,0,TH_NP15_GEN-APND,TH_NP15_GEN-APND,TH_NP15_GEN-APND,DAM,LMP,LMP_PRC,TH_NP15_GEN-APND,ALL_APNODES,0,68.31468,525
2017-09-28T04:00:00-00:00,2017-09-28T05:00:00-00:00,2017-09-27,22,0,TH_NP15_GEN-APND,TH_NP15_GEN-APND,TH_NP15_GEN-APND,DAM,LMP,LMP_PRC,TH_NP15_GEN-APND,ALL_APNODES,0,39.57148,525
2017-09-27T13:00:00-00:00,2017-09-27T14:00:00-00:00,2017-09-27,7,0,TH_NP15_GEN-APND,TH_NP15_GEN-APND,TH_NP15_GEN-APND,DAM,LMP,LMP_PRC,TH_NP15_GEN-APND,ALL_APNODES,0,37.3915,525
2017-09-28T03:00:00-00:00,2017-09-28T04:00:00-00:00,2017-09-27,21,0,TH_NP15_GEN-APND,TH_NP15_GEN-APND,TH_NP15_GEN-APND,DAM,LMP,LMP_PRC,TH_NP15_GEN-APND,ALL_APNODES,0,48.83896,525
2017-09-27T11:00:00-00:00,2017-09-27T12:00:00-00:00,2017-09-27,5,0,TH_NP15_GEN-APND,TH_NP15_GEN-APND,TH_NP15_GEN-APND,DAM,LMP,LMP_PRC,TH_NP15_GEN-APND,ALL_APNODES,0,28.63376,525
2017-09-27T23:00:00-00:00,2017-09-28T00:00:00-00:00,2017-09-27,17,0,TH_NP15_GEN-APND,TH_NP15_GEN-APND,TH_NP15_GEN-APND,DAM,LMP,LMP_PRC,TH_NP15_GEN-APND,ALL_APNODES,0,41.37654,525
2017-09-27T16:00:00-00:00,2017-09-27T17:00:00-00:00,2017-09-27,10,0,TH_NP15_GEN-APND,TH_NP15_GEN-APND,TH_NP15_GEN-APND,DAM,MCC,LMP_CONG_PRC,TH_NP15_GEN-APND,ALL_APNODES,0,0.77362,526
2017-09-27T10:00:00-00:00,2017-09-27T11:00:00-00:00,2017-09-27,4,0,TH_NP15_GEN-APND,TH_NP15_GEN-APND,TH_NP15_GEN-APND,DAM,MCC,LMP_CONG_PRC,TH_NP15_GEN-APND,ALL_APNODES,0,0,526
2017-09-27T11:00:00-00:00,2017-09-27T12:00:00-00:00,2017-09-27,5,0,TH_NP15_GEN-APND,TH_NP15_GEN-APND,TH_NP15_GEN-APND,DAM,MCC,LMP_CONG_PRC,TH_NP15_GEN-APND,ALL_APNODES,0,0,526
2017-09-27T17:00:00-00:00,2017-09-27T18:00:00-00:00,2017-09-27,11,0,TH_NP15_GEN-APND,TH_NP15_GEN-APND,TH_NP15_GEN-APND,DAM,MCC,LMP_CONG_PRC,TH_NP15_GEN-APND,ALL_APNODES,0,1.90376,526
2017-09-27T21:00:00-00:00,2017-09-27T22:00:00-00:00,2017-09-27,15,0,TH_NP15_GEN-APND,TH_NP15_GEN-APND,TH_NP15_GEN-APND,DAM,MCC,LMP_CONG_PRC,TH_NP15_GEN-APND,ALL_APNODES,0,-1.42324,526
2017-09-27T08:00:00-00:00,2017-09-27T09:00:00-00:00,2017-09-27,2,0,TH_NP15_GEN-APND,TH_NP15_GEN-APND,TH_NP15_GEN-APND,DAM,MCC,LMP_CONG_PRC,TH_NP15_GEN-APND,ALL_APNODES,0,0,526
2017-09-27T12:00:00-00:00,2017-09-27T13:00:00-00:00,2017-09-27,6,0,TH_NP15_GEN-APND,TH_NP15_GEN-APND,TH_NP15_GEN-APND,DAM,MCC,LMP_CONG_PRC,TH_NP15_GEN-APND,ALL_APNODES,0,0,526
2017-09-27T18:00:00-00:00,2017-09-27T19:00:00-00:00,2017-09-27,12,0,TH_NP15_GEN-APND,TH_NP15_GEN-APND,TH_NP15_GEN-APND,DAM,MCC,LMP_CONG_PRC,TH_NP15_GEN-APND,ALL_APNODES,0,0.99464,526
2017-09-27T19:00:00-00:00,2017-09-27T20:00:00-00:00,2017-09-27,13,0,TH_NP15_GEN-APND,TH_NP15_GEN-APND,TH_NP15_GEN-APND,DAM,MCC,LMP_CONG_PRC,TH_NP15_GEN-APND,ALL_APNODES,0,0.39149,526
2017-09-27T20:00:00-00:00,2017-09-27T21:00:00-00:00,2017-09-27,14,0,TH_NP15_GEN-APND,TH_NP15_GEN-APND,TH_NP15_GEN-APND,DAM,MCC,LMP_CONG_PRC,TH_NP15_GEN-APND,ALL_APNODES,0,-1.44834,526
2017-09-27T23:00:00-00:00,2017-09-28T00:00:00-00:00,2017-09-27,17,0,TH_NP15_GEN-APND,TH_NP15_GEN-APND,TH_NP15_GEN-APND,DAM,MCC,LMP_CONG_PRC,TH_NP15_GEN-APND,ALL_APNODES,0,-0.58747,526
2017-09-28T00:00:00-00:00,2017-09-28T01:00:00-00:00,2017-09-27,18,0,TH_NP15_GEN-APND,TH_NP15_GEN-APND,TH_NP15_GEN-APND,DAM,MCC,LMP_CONG_PRC,TH_NP15_GEN-APND,ALL_APNODES,0,0,526
2017-09-28T02:00:00-00:00,2017-09-28T03:00:00-00:00,2017-09-27,20,0,TH_NP15_GEN-APND,TH_NP15_GEN-APND,TH_NP15_GEN-APND,DAM,MCC,LMP_CONG_PRC,TH_NP15_GEN-APND,ALL_APNODES,0,0,526
2017-09-27T14:00:00-00:00,2017-09-27T15:00:00-00:00,2017-09-27,8,0,TH_NP15_GEN-APND,TH_NP15_GEN-APND,TH_NP15_GEN-APND,DAM,MCC,LMP_CONG_PRC,TH_NP15_GEN-APND,ALL_APNODES,0,0,526
2017-09-27T15:00:00-00:00,2017-09-27T16:00:00-00:00,2017-09-27,9,0,TH_NP15_GEN-APND,TH_NP15_GEN-APND,TH_NP15_GEN-APND,DAM,MCC,LMP_CONG_PRC,TH_NP15_GEN-APND,ALL_APNODES,0,-0.08373,526
2017-09-28T03:00:00-00:00,2017-09-28T04:00:00-00:00,2017-09-27,21,0,TH_NP15_GEN-APND,TH_NP15_GEN-APND,TH_NP15_GEN-APND,DAM,MCC,LMP_CONG_PRC,TH_NP15_GEN-APND,ALL_APNODES,0,0,526
2017-09-27T13:00:00-00:00,2017-09-27T14:00:00-00:00,2017-09-27,7,0,TH_NP15_GEN-APND,TH_NP15_GEN-APND,TH_NP15_GEN-APND,DAM,MCC,LMP_CONG_PRC,TH_NP15_GEN-APND,ALL_APNODES,0,0,526
2017-09-28T04:00:00-00:00,2017-09-28T05:00:00-00:00,2017-09-27,22,0,TH_NP15_GEN-APND,TH_NP15_GEN-APND,TH_NP15_GEN-APND,DAM,MCC,LMP_CONG_PRC,TH_NP15_GEN-APND,ALL_APNODES,0,0,526
2017-09-28T05:00:00-00:00,2017-09-28T06:00:00-00:00,2017-09-27,23,0,TH_NP15_GEN-APND,TH_NP15_GEN-APND,TH_NP15_GEN-APND,DAM,MCC,LMP_CONG_PRC,TH_NP15_GEN-APND,ALL_APNODES,0,0,526
2017-09-27T09:00:00-00:00,2017-09-27T10:00:00-00:00,2017-09-27,3,0,TH_NP15_GEN-APND,TH_NP15_GEN-APND,TH_NP15_GEN-APND,DAM,MCC,LMP_CONG_PRC,TH_NP15_GEN-APND,ALL_APNODES,0,0,526
2017-09-27T22:00:00-00:00,2017-09-27T23:00:00-00:00,2017-09-27,16,0,TH_NP15_GEN-APND,TH_NP15_GEN-APND,TH_NP15_GEN-APND,DAM,MCC,LMP_CONG_PRC,TH_NP15_GEN-APND,ALL_APNODES,0,-2.08918,526
2017-09-28T01:00:00-00:00,2017-09-28T02:00:00-00:00,2017-09-27,19,0,TH_NP15_GEN-APND,TH_NP15_GEN-APND,TH_NP15_GEN-APND,DAM,MCC,LMP_CONG_PRC,TH_NP15_GEN-APND,ALL_APNODES,0,0,526
2017-09-28T06:00:00-00:00,2017-09-28T07:00:00-00:00,2017-09-27,24,0,TH_NP15_GEN-APND,TH_NP15_GEN-APND,TH_NP15_GEN-APND,DAM,MCC,LMP_CONG_PRC,TH_NP15_GEN-APND,ALL_APNODES,0,0,526
2017-09-27T07:00:00-00:00,2017-09-27T08:00:00-00:00,2017-09-27,1,0,TH_NP15_GEN-APND,TH_NP15_GEN-APND,TH_NP15_GEN-APND,DAM,MCC,LMP_CONG_PRC,TH_NP15_GEN-APND,ALL_APNODES,0,0,526
2017-09-27T15:00:00-00:00,2017-09-27T16:00:00-00:00,2017-09-27,9,0,TH_NP15_GEN-APND,TH_NP15_GEN-APND,TH_NP15_GEN-APND,DAM,MCE,LMP_ENE_PRC,TH_NP15_GEN-APND,ALL_APNODES,0,28.17813,527
2017-09-27T16:00:00-00:00,2017-09-27T17:00:00-00:00,2017-09-27,10,0,TH_NP15_GEN-APND,TH_NP15_GEN-APND,TH_NP15_GEN-APND,DAM,MCE,LMP_ENE_PRC,TH_NP15_GEN-APND,ALL_APNODES,0,25.26817,527
2017-09-28T05:00:00-00:00,2017-09-28T06:00:00-00:00,2017-09-27,23,0,TH_NP15_GEN-APND,TH_NP15_GEN-APND,TH_NP15_GEN-APND,DAM,MCE,LMP_ENE_PRC,TH_NP15_GEN-APND,ALL_APNODES,0,35.58034,527
2017-09-27T12:00:00-00:00,2017-09-27T13:00:00-00:00,2017-09-27,6,0,TH_NP15_GEN-APND,TH_NP15_GEN-APND,TH_NP15_GEN-APND,DAM,MCE,LMP_ENE_PRC,TH_NP15_GEN-APND,ALL_APNODES,0,30.74482,527
2017-09-28T06:00:00-00:00,2017-09-28T07:00:00-00:00,2017-09-27,24,0,TH_NP15_GEN-APND,TH_NP15_GEN-APND,TH_NP15_GEN-APND,DAM,MCE,LMP_ENE_PRC,TH_NP15_GEN-APND,ALL_APNODES,0,32.30337,527
2017-09-28T02:00:00-00:00,2017-09-28T03:00:00-00:00,2017-09-27,20,0,TH_NP15_GEN-APND,TH_NP15_GEN-APND,TH_NP15_GEN-APND,DAM,MCE,LMP_ENE_PRC,TH_NP15_GEN-APND,ALL_APNODES,0,75.10921,527
2017-09-28T01:00:00-00:00,2017-09-28T02:00:00-00:00,2017-09-27,19,0,TH_NP15_GEN-APND,TH_NP15_GEN-APND,TH_NP15_GEN-APND,DAM,MCE,LMP_ENE_PRC,TH_NP15_GEN-APND,ALL_APNODES,0,68.25325,527
2017-09-27T22:00:00-00:00,2017-09-27T23:00:00-00:00,2017-09-27,16,0,TH_NP15_GEN-APND,TH_NP15_GEN-APND,TH_NP15_GEN-APND,DAM,MCE,LMP_ENE_PRC,TH_NP15_GEN-APND,ALL_APNODES,0,36.89849,527
2017-09-27T10:00:00-00:00,2017-09-27T11:00:00-00:00,2017-09-27,4,0,TH_NP15_GEN-APND,TH_NP15_GEN-APND,TH_NP15_GEN-APND,DAM,MCE,LMP_ENE_PRC,TH_NP15_GEN-APND,ALL_APNODES,0,27.80362,527
2017-09-27T23:00:00-00:00,2017-09-28T00:00:00-00:00,2017-09-27,17,0,TH_NP15_GEN-APND,TH_NP15_GEN-APND,TH_NP15_GEN-APND,DAM,MCE,LMP_ENE_PRC,TH_NP15_GEN-APND,ALL_APNODES,0,41.47461,527
2017-09-27T20:00:00-00:00,2017-09-27T21:00:00-00:00,2017-09-27,14,0,TH_NP15_GEN-APND,TH_NP15_GEN-APND,TH_NP15_GEN-APND,DAM,MCE,LMP_ENE_PRC,TH_NP15_GEN-APND,ALL_APNODES,0,31.31914,527
2017-09-27T17:00:00-00:00,2017-09-27T18:00:00-00:00,2017-09-27,11,0,TH_NP15_GEN-APND,TH_NP15_GEN-APND,TH_NP15_GEN-APND,DAM,MCE,LMP_ENE_PRC,TH_NP15_GEN-APND,ALL_APNODES,0,24.41271,527
2017-09-27T11:00:00-00:00,2017-09-27T12:00:00-00:00,2017-09-27,5,0,TH_NP15_GEN-APND,TH_NP15_GEN-APND,TH_NP15_GEN-APND,DAM,MCE,LMP_ENE_PRC,TH_NP15_GEN-APND,ALL_APNODES,0,28.45167,527
2017-09-27T19:00:00-00:00,2017-09-27T20:00:00-00:00,2017-09-27,13,0,TH_NP15_GEN-APND,TH_NP15_GEN-APND,TH_NP15_GEN-APND,DAM,MCE,LMP_ENE_PRC,TH_NP15_GEN-APND,ALL_APNODES,0,29.08153,527
2017-09-27T07:00:00-00:00,2017-09-27T08:00:00-00:00,2017-09-27,1,0,TH_NP15_GEN-APND,TH_NP15_GEN-APND,TH_NP15_GEN-APND,DAM,MCE,LMP_ENE_PRC,TH_NP15_GEN-APND,ALL_APNODES,0,31.22121,527
2017-09-28T04:00:00-00:00,2017-09-28T05:00:00-00:00,2017-09-27,22,0,TH_NP15_GEN-APND,TH_NP15_GEN-APND,TH_NP15_GEN-APND,DAM,MCE,LMP_ENE_PRC,TH_NP15_GEN-APND,ALL_APNODES,0,39.87854,527
2017-09-28T03:00:00-00:00,2017-09-28T04:00:00-00:00,2017-09-27,21,0,TH_NP15_GEN-APND,TH_NP15_GEN-APND,TH_NP15_GEN-APND,DAM,MCE,LMP_ENE_PRC,TH_NP15_GEN-APND,ALL_APNODES,0,49.1486,527
2017-09-27T21:00:00-00:00,2017-09-27T22:00:00-00:00,2017-09-27,15,0,TH_NP15_GEN-APND,TH_NP15_GEN-APND,TH_NP15_GEN-APND,DAM,MCE,LMP_ENE_PRC,TH_NP15_GEN-APND,ALL_APNODES,0,35.24013,527
2017-09-27T09:00:00-00:00,2017-09-27T10:00:00-00:00,2017-09-27,3,0,TH_NP15_GEN-APND,TH_NP15_GEN-APND,TH_NP15_GEN-APND,DAM,MCE,LMP_ENE_PRC,TH_NP15_GEN-APND,ALL_APNODES,0,28.75545,527
2017-09-27T08:00:00-00:00,2017-09-27T09:00:00-00:00,2017-09-27,2,0,TH_NP15_GEN-APND,TH_NP15_GEN-APND,TH_NP15_GEN-APND,DAM,MCE,LMP_ENE_PRC,TH_NP15_GEN-APND,ALL_APNODES,0,29.65885,527
2017-09-27T13:00:00-00:00,2017-09-27T14:00:00-00:00,2017-09-27,7,0,TH_NP15_GEN-APND,TH_NP15_GEN-APND,TH_NP15_GEN-APND,DAM,MCE,LMP_ENE_PRC,TH_NP15_GEN-APND,ALL_APNODES,0,37.1611,527
2017-09-28T00:00:00-00:00,2017-09-28T01:00:00-00:00,2017-09-27,18,0,TH_NP15_GEN-APND,TH_NP15_GEN-APND,TH_NP15_GEN-APND,DAM,MCE,LMP_ENE_PRC,TH_NP15_GEN-APND,ALL_APNODES,0,51.62234,527
2017-09-27T18:00:00-00:00,2017-09-27T19:00:00-00:00,2017-09-27,12,0,TH_NP15_GEN-APND,TH_NP15_GEN-APND,TH_NP15_GEN-APND,DAM,MCE,LMP_ENE_PRC,TH_NP15_GEN-APND,ALL_APNODES,0,27.58952,527
2017-09-27T14:00:00-00:00,2017-09-27T15:00:00-00:00,2017-09-27,8,0,TH_NP15_GEN-APND,TH_NP15_GEN-APND,TH_NP15_GEN-APND,DAM,MCE,LMP_ENE_PRC,TH_NP15_GEN-APND,ALL_APNODES,0,35.56712,527
2017-09-27T18:00:00-00:00,2017-09-27T19:00:00-00:00,2017-09-27,12,0,TH_NP15_GEN-APND,TH_NP15_GEN-APND,TH_NP15_GEN-APND,DAM,MCL,LMP_LOSS_PRC,TH_NP15_GEN-APND,ALL_APNODES,0,0.42488,528
2017-09-27T22:00:00-00:00,2017-09-27T23:00:00-00:00,2017-09-27,16,0,TH_NP15_GEN-APND,TH_NP15_GEN-APND,TH_NP15_GEN-APND,DAM,MCL,LMP_LOSS_PRC,TH_NP15_GEN-APND,ALL_APNODES,0,0.55717,528
2017-09-28T04:00:00-00:00,2017-09-28T05:00:00-00:00,2017-09-27,22,0,TH_NP15_GEN-APND,TH_NP15_GEN-APND,TH_NP15_GEN-APND,DAM,MCL,LMP_LOSS_PRC,TH_NP15_GEN-APND,ALL_APNODES,0,-0.30706,528
2017-09-28T02:00:00-00:00,2017-09-28T03:00:00-00:00,2017-09-27,20,0,TH_NP15_GEN-APND,TH_NP15_GEN-APND,TH_NP15_GEN-APND,DAM,MCL,LMP_LOSS_PRC,TH_NP15_GEN-APND,ALL_APNODES,0,-0.18026,528
2017-09-27T17:00:00-00:00,2017-09-27T18:00:00-00:00,2017-09-27,11,0,TH_NP15_GEN-APND,TH_NP15_GEN-APND,TH_NP15_GEN-APND,DAM,MCL,LMP_LOSS_PRC,TH_NP15_GEN-APND,ALL_APNODES,0,0.33934,528
2017-09-28T01:00:00-00:00,2017-09-28T02:00:00-00:00,2017-09-27,19,0,TH_NP15_GEN-APND,TH_NP15_GEN-APND,TH_NP15_GEN-APND,DAM,MCL,LMP_LOSS_PRC,TH_NP15_GEN-APND,ALL_APNODES,0,0.06143,528
2017-09-27T16:00:00-00:00,2017-09-27T17:00:00-00:00,2017-09-27,10,0,TH_NP15_GEN-APND,TH_NP15_GEN-APND,TH_NP15_GEN-APND,DAM,MCL,LMP_LOSS_PRC,TH_NP15_GEN-APND,ALL_APNODES,0,0.42451,528
2017-09-27T20:00:00-00:00,2017-09-27T21:00:00-00:00,2017-09-27,14,0,TH_NP15_GEN-APND,TH_NP15_GEN-APND,TH_NP15_GEN-APND,DAM,MCL,LMP_LOSS_PRC,TH_NP15_GEN-APND,ALL_APNODES,0,0.38836,528
2017-09-27T15:00:00-00:00,2017-09-27T16:00:00-00:00,2017-09-27,9,0,TH_NP15_GEN-APND,TH_NP15_GEN-APND,TH_NP15_GEN-APND,DAM,MCL,LMP_LOSS_PRC,TH_NP15_GEN-APND,ALL_APNODES,0,0.32123,528
2017-09-27T13:00:00-00:00,2017-09-27T14:00:00-00:00,2017-09-27,7,0,TH_NP15_GEN-APND,TH_NP15_GEN-APND,TH_NP15_GEN-APND,DAM,MCL,LMP_LOSS_PRC,TH_NP15_GEN-APND,ALL_APNODES,0,0.2304,528
2017-09-27T08:00:00-00:00,2017-09-27T09:00:00-00:00,2017-09-27,2,0,TH_NP15_GEN-APND,TH_NP15_GEN-APND,TH_NP15_GEN-APND,DAM,MCL,LMP_LOSS_PRC,TH_NP15_GEN-APND,ALL_APNODES,0,0.2521,528
2017-09-27T11:00:00-00:00,2017-09-27T12:00:00-00:00,2017-09-27,5,0,TH_NP15_GEN-APND,TH_NP15_GEN-APND,TH_NP15_GEN-APND,DAM,MCL,LMP_LOSS_PRC,TH_NP15_GEN-APND,ALL_APNODES,0,0.18209,528
2017-09-27T12:00:00-00:00,2017-09-27T13:00:00-00:00,2017-09-27,6,0,TH_NP15_GEN-APND,TH_NP15_GEN-APND,TH_NP15_GEN-APND,DAM,MCL,LMP_LOSS_PRC,TH_NP15_GEN-APND,ALL_APNODES,0,0.16295,528
2017-09-27T09:00:00-00:00,2017-09-27T10:00:00-00:00,2017-09-27,3,0,TH_NP15_GEN-APND,TH_NP15_GEN-APND,TH_NP15_GEN-APND,DAM,MCL,LMP_LOSS_PRC,TH_NP15_GEN-APND,ALL_APNODES,0,0.23579,528
2017-09-27T07:00:00-00:00,2017-09-27T08:00:00-00:00,2017-09-27,1,0,TH_NP15_GEN-APND,TH_NP15_GEN-APND,TH_NP15_GEN-APND,DAM,MCL,LMP_LOSS_PRC,TH_NP15_GEN-APND,ALL_APNODES,0,0.22167,528
2017-09-28T05:00:00-00:00,2017-09-28T06:00:00-00:00,2017-09-27,23,0,TH_NP15_GEN-APND,TH_NP15_GEN-APND,TH_NP15_GEN-APND,DAM,MCL,LMP_LOSS_PRC,TH_NP15_GEN-APND,ALL_APNODES,0,0,528
2017-09-27T10:00:00-00:00,2017-09-27T11:00:00-00:00,2017-09-27,4,0,TH_NP15_GEN-APND,TH_NP15_GEN-APND,TH_NP15_GEN-APND,DAM,MCL,LMP_LOSS_PRC,TH_NP15_GEN-APND,ALL_APNODES,0,0.18072,528
2017-09-27T21:00:00-00:00,2017-09-27T22:00:00-00:00,2017-09-27,15,0,TH_NP15_GEN-APND,TH_NP15_GEN-APND,TH_NP15_GEN-APND,DAM,MCL,LMP_LOSS_PRC,TH_NP15_GEN-APND,ALL_APNODES,0,0.50393,528
2017-09-27T23:00:00-00:00,2017-09-28T00:00:00-00:00,2017-09-27,17,0,TH_NP15_GEN-APND,TH_NP15_GEN-APND,TH_NP15_GEN-APND,DAM,MCL,LMP_LOSS_PRC,TH_NP15_GEN-APND,ALL_APNODES,0,0.4894,528
2017-09-27T19:00:00-00:00,2017-09-27T20:00:00-00:00,2017-09-27,13,0,TH_NP15_GEN-APND,TH_NP15_GEN-APND,TH_NP15_GEN-APND,DAM,MCL,LMP_LOSS_PRC,TH_NP15_GEN-APND,ALL_APNODES,0,0.42168,528
2017-09-27T14:00:00-00:00,2017-09-27T15:00:00-00:00,2017-09-27,8,0,TH_NP15_GEN-APND,TH_NP15_GEN-APND,TH_NP15_GEN-APND,DAM,MCL,LMP_LOSS_PRC,TH_NP15_GEN-APND,ALL_APNODES,0,0.20629,528
2017-09-28T03:00:00-00:00,2017-09-28T04:00:00-00:00,2017-09-27,21,0,TH_NP15_GEN-APND,TH_NP15_GEN-APND,TH_NP15_GEN-APND,DAM,MCL,LMP_LOSS_PRC,TH_NP15_GEN-APND,ALL_APNODES,0,-0.30964,528
2017-09-28T00:00:00-00:00,2017-09-28T01:00:00-00:00,2017-09-27,18,0,TH_NP15_GEN-APND,TH_NP15_GEN-APND,TH_NP15_GEN-APND,DAM,MCL,LMP_LOSS_PRC,TH_NP15_GEN-APND,ALL_APNODES,0,0.12906,528
2017-09-28T06:00:00-00:00,2017-09-28T07:00:00-00:00,2017-09-27,24,0,TH_NP15_GEN-APND,TH_NP15_GEN-APND,TH_NP15_GEN-APND,DAM,MCL,LMP_LOSS_PRC,TH_NP15_GEN-APND,ALL_APNODES,0,0.0323,528
2017-09-27T08:00:00-00:00,2017-09-27T09:00:00-00:00,2017-09-27,2,0,TH_SP15_GEN-APND,TH_SP15_GEN-APND,TH_SP15_GEN-APND,DAM,LMP,LMP_PRC,TH_SP15_GEN-APND,ALL_APNODES,0,28.44283,529
2017-09-28T01:00:00-00:00,2017-09-28T02:00:00-00:00,2017-09-27,19,0,TH_SP15_GEN-APND,TH_SP15_GEN-APND,TH_SP15_GEN-APND,DAM,LMP,LMP_PRC,TH_SP15_GEN-APND,ALL_APNODES,0,63.62004,529
2017-09-27T21:00:00-00:00,2017-09-27T22:00:00-00:00,2017-09-27,15,0,TH_SP15_GEN-APND,TH_SP15_GEN-APND,TH_SP15_GEN-APND,DAM,LMP,LMP_PRC,TH_SP15_GEN-APND,ALL_APNODES,0,30.80353,529
2017-09-27T07:00:00-00:00,2017-09-27T08:00:00-00:00,2017-09-27,1,0,TH_SP15_GEN-APND,TH_SP15_GEN-APND,TH_SP15_GEN-APND,DAM,LMP,LMP_PRC,TH_SP15_GEN-APND,ALL_APNODES,0,29.96924,529
2017-09-27T13:00:00-00:00,2017-09-27T14:00:00-00:00,2017-09-27,7,0,TH_SP15_GEN-APND,TH_SP15_GEN-APND,TH_SP15_GEN-APND,DAM,LMP,LMP_PRC,TH_SP15_GEN-APND,ALL_APNODES,0,35.5,529
2017-09-27T20:00:00-00:00,2017-09-27T21:00:00-00:00,2017-09-27,14,0,TH_SP15_GEN-APND,TH_SP15_GEN-APND,TH_SP15_GEN-APND,DAM,LMP,LMP_PRC,TH_SP15_GEN-APND,ALL_APNODES,0,28.21125,529
2017-09-27T22:00:00-00:00,2017-09-27T23:00:00-00:00,2017-09-27,16,0,TH_SP15_GEN-APND,TH_SP15_GEN-APND,TH_SP15_GEN-APND,DAM,LMP,LMP_PRC,TH_SP15_GEN-APND,ALL_APNODES,0,33.20669,529
2017-09-28T03:00:00-00:00,2017-09-28T04:00:00-00:00,2017-09-27,21,0,TH_SP15_GEN-APND,TH_SP15_GEN-APND,TH_SP15_GEN-APND,DAM,LMP,LMP_PRC,TH_SP15_GEN-APND,ALL_APNODES,0,46.81404,529
2017-09-28T04:00:00-00:00,2017-09-28T05:00:00-00:00,2017-09-27,22,0,TH_SP15_GEN-APND,TH_SP15_GEN-APND,TH_SP15_GEN-APND,DAM,LMP,LMP_PRC,TH_SP15_GEN-APND,ALL_APNODES,0,38.13585,529
2017-09-28T05:00:00-00:00,2017-09-28T06:00:00-00:00,2017-09-27,23,0,TH_SP15_GEN-APND,TH_SP15_GEN-APND,TH_SP15_GEN-APND,DAM,LMP,LMP_PRC,TH_SP15_GEN-APND,ALL_APNODES,0,34.0326,529
2017-09-27T09:00:00-00:00,2017-09-27T10:00:00-00:00,2017-09-27,3,0,TH_SP15_GEN-APND,TH_SP15_GEN-APND,TH_SP15_GEN-APND,DAM,LMP,LMP_PRC,TH_SP15_GEN-APND,ALL_APNODES,0,27.61386,529
2017-09-27T15:00:00-00:00,2017-09-27T16:00:00-00:00,2017-09-27,9,0,TH_SP15_GEN-APND,TH_SP15_GEN-APND,TH_SP15_GEN-APND,DAM,LMP,LMP_PRC,TH_SP15_GEN-APND,ALL_APNODES,0,26.72413,529
2017-09-27T19:00:00-00:00,2017-09-27T20:00:00-00:00,2017-09-27,13,0,TH_SP15_GEN-APND,TH_SP15_GEN-APND,TH_SP15_GEN-APND,DAM,LMP,LMP_PRC,TH_SP15_GEN-APND,ALL_APNODES,0,24.15872,529
2017-09-27T23:00:00-00:00,2017-09-28T00:00:00-00:00,2017-09-27,17,0,TH_SP15_GEN-APND,TH_SP15_GEN-APND,TH_SP15_GEN-APND,DAM,LMP,LMP_PRC,TH_SP15_GEN-APND,ALL_APNODES,0,37.88672,529
2017-09-28T06:00:00-00:00,2017-09-28T07:00:00-00:00,2017-09-27,24,0,TH_SP15_GEN-APND,TH_SP15_GEN-APND,TH_SP15_GEN-APND,DAM,LMP,LMP_PRC,TH_SP15_GEN-APND,ALL_APNODES,0,30.98862,529
2017-09-27T17:00:00-00:00,2017-09-27T18:00:00-00:00,2017-09-27,11,0,TH_SP15_GEN-APND,TH_SP15_GEN-APND,TH_SP15_GEN-APND,DAM,LMP,LMP_PRC,TH_SP15_GEN-APND,ALL_APNODES,0,20.63184,529
2017-09-28T00:00:00-00:00,2017-09-28T01:00:00-00:00,2017-09-27,18,0,TH_SP15_GEN-APND,TH_SP15_GEN-APND,TH_SP15_GEN-APND,DAM,LMP,LMP_PRC,TH_SP15_GEN-APND,ALL_APNODES,0,48,529
2017-09-27T10:00:00-00:00,2017-09-27T11:00:00-00:00,2017-09-27,4,0,TH_SP15_GEN-APND,TH_SP15_GEN-APND,TH_SP15_GEN-APND,DAM,LMP,LMP_PRC,TH_SP15_GEN-APND,ALL_APNODES,0,26.7582,529
2017-09-27T11:00:00-00:00,2017-09-27T12:00:00-00:00,2017-09-27,5,0,TH_SP15_GEN-APND,TH_SP15_GEN-APND,TH_SP15_GEN-APND,DAM,LMP,LMP_PRC,TH_SP15_GEN-APND,ALL_APNODES,0,27.36766,529
2017-09-27T12:00:00-00:00,2017-09-27T13:00:00-00:00,2017-09-27,6,0,TH_SP15_GEN-APND,TH_SP15_GEN-APND,TH_SP15_GEN-APND,DAM,LMP,LMP_PRC,TH_SP15_GEN-APND,ALL_APNODES,0,29.55192,529
2017-09-27T14:00:00-00:00,2017-09-27T15:00:00-00:00,2017-09-27,8,0,TH_SP15_GEN-APND,TH_SP15_GEN-APND,TH_SP15_GEN-APND,DAM,LMP,LMP_PRC,TH_SP15_GEN-APND,ALL_APNODES,0,33.88124,529
2017-09-28T02:00:00-00:00,2017-09-28T03:00:00-00:00,2017-09-27,20,0,TH_SP15_GEN-APND,TH_SP15_GEN-APND,TH_SP15_GEN-APND,DAM,LMP,LMP_PRC,TH_SP15_GEN-APND,ALL_APNODES,0,68.94204,529
2017-09-27T18:00:00-00:00,2017-09-27T19:00:00-00:00,2017-09-27,12,0,TH_SP15_GEN-APND,TH_SP15_GEN-APND,TH_SP15_GEN-APND,DAM,LMP,LMP_PRC,TH_SP15_GEN-APND,ALL_APNODES,0,23.3476,529
2017-09-27T16:00:00-00:00,2017-09-27T17:00:00-00:00,2017-09-27,10,0,TH_SP15_GEN-APND,TH_SP15_GEN-APND,TH_SP15_GEN-APND,DAM,LMP,LMP_PRC,TH_SP15_GEN-APND,ALL_APNODES,0,23.18584,529
2017-09-28T01:00:00-00:00,2017-09-28T02:00:00-00:00,2017-09-27,19,0,TH_SP15_GEN-APND,TH_SP15_GEN-APND,TH_SP15_GEN-APND,DAM,MCC,LMP_CONG_PRC,TH_SP15_GEN-APND,ALL_APNODES,0,-0.94072,530
2017-09-28T03:00:00-00:00,2017-09-28T04:00:00-00:00,2017-09-27,21,0,TH_SP15_GEN-APND,TH_SP15_GEN-APND,TH_SP15_GEN-APND,DAM,MCC,LMP_CONG_PRC,TH_SP15_GEN-APND,ALL_APNODES,0,0,530
2017-09-28T06:00:00-00:00,2017-09-28T07:00:00-00:00,2017-09-27,24,0,TH_SP15_GEN-APND,TH_SP15_GEN-APND,TH_SP15_GEN-APND,DAM,MCC,LMP_CONG_PRC,TH_SP15_GEN-APND,ALL_APNODES,0,0,530
2017-09-27T08:00:00-00:00,2017-09-27T09:00:00-00:00,2017-09-27,2,0,TH_SP15_GEN-APND,TH_SP15_GEN-APND,TH_SP15_GEN-APND,DAM,MCC,LMP_CONG_PRC,TH_SP15_GEN-APND,ALL_APNODES,0,0,530
2017-09-27T19:00:00-00:00,2017-09-27T20:00:00-00:00,2017-09-27,13,0,TH_SP15_GEN-APND,TH_SP15_GEN-APND,TH_SP15_GEN-APND,DAM,MCC,LMP_CONG_PRC,TH_SP15_GEN-APND,ALL_APNODES,0,-3.04705,530
2017-09-27T23:00:00-00:00,2017-09-28T00:00:00-00:00,2017-09-27,17,0,TH_SP15_GEN-APND,TH_SP15_GEN-APND,TH_SP15_GEN-APND,DAM,MCC,LMP_CONG_PRC,TH_SP15_GEN-APND,ALL_APNODES,0,-0.61001,530
2017-09-28T00:00:00-00:00,2017-09-28T01:00:00-00:00,2017-09-27,18,0,TH_SP15_GEN-APND,TH_SP15_GEN-APND,TH_SP15_GEN-APND,DAM,MCC,LMP_CONG_PRC,TH_SP15_GEN-APND,ALL_APNODES,0,-0.29787,530
2017-09-27T16:00:00-00:00,2017-09-27T17:00:00-00:00,2017-09-27,10,0,TH_SP15_GEN-APND,TH_SP15_GEN-APND,TH_SP15_GEN-APND,DAM,MCC,LMP_CONG_PRC,TH_SP15_GEN-APND,ALL_APNODES,0,-0.58646,530
2017-09-27T21:00:00-00:00,2017-09-27T22:00:00-00:00,2017-09-27,15,0,TH_SP15_GEN-APND,TH_SP15_GEN-APND,TH_SP15_GEN-APND,DAM,MCC,LMP_CONG_PRC,TH_SP15_GEN-APND,ALL_APNODES,0,-2.04027,530
2017-09-27T22:00:00-00:00,2017-09-27T23:00:00-00:00,2017-09-27,16,0,TH_SP15_GEN-APND,TH_SP15_GEN-APND,TH_SP15_GEN-APND,DAM,MCC,LMP_CONG_PRC,TH_SP15_GEN-APND,ALL_APNODES,0,-0.97977,530
2017-09-28T05:00:00-00:00,2017-09-28T06:00:00-00:00,2017-09-27,23,0,TH_SP15_GEN-APND,TH_SP15_GEN-APND,TH_SP15_GEN-APND,DAM,MCC,LMP_CONG_PRC,TH_SP15_GEN-APND,ALL_APNODES,0,0,530
2017-09-27T07:00:00-00:00,2017-09-27T08:00:00-00:00,2017-09-27,1,0,TH_SP15_GEN-APND,TH_SP15_GEN-APND,TH_SP15_GEN-APND,DAM,MCC,LMP_CONG_PRC,TH_SP15_GEN-APND,ALL_APNODES,0,0,530
2017-09-27T20:00:00-00:00,2017-09-27T21:00:00-00:00,2017-09-27,14,0,TH_SP15_GEN-APND,TH_SP15_GEN-APND,TH_SP15_GEN-APND,DAM,MCC,LMP_CONG_PRC,TH_SP15_GEN-APND,ALL_APNODES,0,-1.08467,530
2017-09-28T02:00:00-00:00,2017-09-28T03:00:00-00:00,2017-09-27,20,0,TH_SP15_GEN-APND,TH_SP15_GEN-APND,TH_SP15_GEN-APND,DAM,MCC,LMP_CONG_PRC,TH_SP15_GEN-APND,ALL_APNODES,0,-2.31407,530
2017-09-28T04:00:00-00:00,2017-09-28T05:00:00-00:00,2017-09-27,22,0,TH_SP15_GEN-APND,TH_SP15_GEN-APND,TH_SP15_GEN-APND,DAM,MCC,LMP_CONG_PRC,TH_SP15_GEN-APND,ALL_APNODES,0,0,530
2017-09-27T13:00:00-00:00,2017-09-27T14:00:00-00:00,2017-09-27,7,0,TH_SP15_GEN-APND,TH_SP15_GEN-APND,TH_SP15_GEN-APND,DAM,MCC,LMP_CONG_PRC,TH_SP15_GEN-APND,ALL_APNODES,0,0,530
2017-09-27T17:00:00-00:00,2017-09-27T18:00:00-00:00,2017-09-27,11,0,TH_SP15_GEN-APND,TH_SP15_GEN-APND,TH_SP15_GEN-APND,DAM,MCC,LMP_CONG_PRC,TH_SP15_GEN-APND,ALL_APNODES,0,-2.28193,530
2017-09-27T18:00:00-00:00,2017-09-27T19:00:00-00:00,2017-09-27,12,0,TH_SP15_GEN-APND,TH_SP15_GEN-APND,TH_SP15_GEN-APND,DAM,MCC,LMP_CONG_PRC,TH_SP15_GEN-APND,ALL_APNODES,0,-2.47619,530
2017-09-27T11:00:00-00:00,2017-09-27T12:00:00-00:00,2017-09-27,5,0,TH_SP15_GEN-APND,TH_SP15_GEN-APND,TH_SP15_GEN-APND,DAM,MCC,LMP_CONG_PRC,TH_SP15_GEN-APND,ALL_APNODES,0,0,530
2017-09-27T15:00:00-00:00,2017-09-27T16:00:00-00:00,2017-09-27,9,0,TH_SP15_GEN-APND,TH_SP15_GEN-APND,TH_SP15_GEN-APND,DAM,MCC,LMP_CONG_PRC,TH_SP15_GEN-APND,ALL_APNODES,0,0.05635,530
2017-09-27T10:00:00-00:00,2017-09-27T11:00:00-00:00,2017-09-27,4,0,TH_SP15_GEN-APND,TH_SP15_GEN-APND,TH_SP15_GEN-APND,DAM,MCC,LMP_CONG_PRC,TH_SP15_GEN-APND,ALL_APNODES,0,0,530
2017-09-27T09:00:00-00:00,2017-09-27T10:00:00-00:00,2017-09-27,3,0,TH_SP15_GEN-APND,TH_SP15_GEN-APND,TH_SP15_GEN-APND,DAM,MCC,LMP_CONG_PRC,TH_SP15_GEN-APND,ALL_APNODES,0,0,530
2017-09-27T12:00:00-00:00,2017-09-27T13:00:00-00:00,2017-09-27,6,0,TH_SP15_GEN-APND,TH_SP15_GEN-APND,TH_SP15_GEN-APND,DAM,MCC,LMP_CONG_PRC,TH_SP15_GEN-APND,ALL_APNODES,0,0,530
2017-09-27T14:00:00-00:00,2017-09-27T15:00:00-00:00,2017-09-27,8,0,TH_SP15_GEN-APND,TH_SP15_GEN-APND,TH_SP15_GEN-APND,DAM,MCC,LMP_CONG_PRC,TH_SP15_GEN-APND,ALL_APNODES,0,0,530
2017-09-27T23:00:00-00:00,2017-09-28T00:00:00-00:00,2017-09-27,17,0,TH_SP15_GEN-APND,TH_SP15_GEN-APND,TH_SP15_GEN-APND,DAM,MCE,LMP_ENE_PRC,TH_SP15_GEN-APND,ALL_APNODES,0,41.47461,531
2017-09-27T12:00:00-00:00,2017-09-27T13:00:00-00:00,2017-09-27,6,0,TH_SP15_GEN-APND,TH_SP15_GEN-APND,TH_SP15_GEN-APND,DAM,MCE,LMP_ENE_PRC,TH_SP15_GEN-APND,ALL_APNODES,0,30.74482,531
2017-09-28T06:00:00-00:00,2017-09-28T07:00:00-00:00,2017-09-27,24,0,TH_SP15_GEN-APND,TH_SP15_GEN-APND,TH_SP15_GEN-APND,DAM,MCE,LMP_ENE_PRC,TH_SP15_GEN-APND,ALL_APNODES,0,32.30337,531
2017-09-28T00:00:00-00:00,2017-09-28T01:00:00-00:00,2017-09-27,18,0,TH_SP15_GEN-APND,TH_SP15_GEN-APND,TH_SP15_GEN-APND,DAM,MCE,LMP_ENE_PRC,TH_SP15_GEN-APND,ALL_APNODES,0,51.62234,531
2017-09-28T01:00:00-00:00,2017-09-28T02:00:00-00:00,2017-09-27,19,0,TH_SP15_GEN-APND,TH_SP15_GEN-APND,TH_SP15_GEN-APND,DAM,MCE,LMP_ENE_PRC,TH_SP15_GEN-APND,ALL_APNODES,0,68.25325,531
2017-09-27T21:00:00-00:00,2017-09-27T22:00:00-00:00,2017-09-27,15,0,TH_SP15_GEN-APND,TH_SP15_GEN-APND,TH_SP15_GEN-APND,DAM,MCE,LMP_ENE_PRC,TH_SP15_GEN-APND,ALL_APNODES,0,35.24013,531
2017-09-28T04:00:00-00:00,2017-09-28T05:00:00-00:00,2017-09-27,22,0,TH_SP15_GEN-APND,TH_SP15_GEN-APND,TH_SP15_GEN-APND,DAM,MCE,LMP_ENE_PRC,TH_SP15_GEN-APND,ALL_APNODES,0,39.87854,531
2017-09-27T09:00:00-00:00,2017-09-27T10:00:00-00:00,2017-09-27,3,0,TH_SP15_GEN-APND,TH_SP15_GEN-APND,TH_SP15_GEN-APND,DAM,MCE,LMP_ENE_PRC,TH_SP15_GEN-APND,ALL_APNODES,0,28.75545,531
2017-09-27T16:00:00-00:00,2017-09-27T17:00:00-00:00,2017-09-27,10,0,TH_SP15_GEN-APND,TH_SP15_GEN-APND,TH_SP15_GEN-APND,DAM,MCE,LMP_ENE_PRC,TH_SP15_GEN-APND,ALL_APNODES,0,25.26817,531
2017-09-27T20:00:00-00:00,2017-09-27T21:00:00-00:00,2017-09-27,14,0,TH_SP15_GEN-APND,TH_SP15_GEN-APND,TH_SP15_GEN-APND,DAM,MCE,LMP_ENE_PRC,TH_SP15_GEN-APND,ALL_APNODES,0,31.31914,531
2017-09-27T18:00:00-00:00,2017-09-27T19:00:00-00:00,2017-09-27,12,0,TH_SP15_GEN-APND,TH_SP15_GEN-APND,TH_SP15_GEN-APND,DAM,MCE,LMP_ENE_PRC,TH_SP15_GEN-APND,ALL_APNODES,0,27.58952,531
2017-09-27T11:00:00-00:00,2017-09-27T12:00:00-00:00,2017-09-27,5,0,TH_SP15_GEN-APND,TH_SP15_GEN-APND,TH_SP15_GEN-APND,DAM,MCE,LMP_ENE_PRC,TH_SP15_GEN-APND,ALL_APNODES,0,28.45167,531
2017-09-27T17:00:00-00:00,2017-09-27T18:00:00-00:00,2017-09-27,11,0,TH_SP15_GEN-APND,TH_SP15_GEN-APND,TH_SP15_GEN-APND,DAM,MCE,LMP_ENE_PRC,TH_SP15_GEN-APND,ALL_APNODES,0,24.41271,531
2017-09-27T19:00:00-00:00,2017-09-27T20:00:00-00:00,2017-09-27,13,0,TH_SP15_GEN-APND,TH_SP15_GEN-APND,TH_SP15_GEN-APND,DAM,MCE,LMP_ENE_PRC,TH_SP15_GEN-APND,ALL_APNODES,0,29.08153,531
2017-09-27T08:00:00-00:00,2017-09-27T09:00:00-00:00,2017-09-27,2,0,TH_SP15_GEN-APND,TH_SP15_GEN-APND,TH_SP15_GEN-APND,DAM,MCE,LMP_ENE_PRC,TH_SP15_GEN-APND,ALL_APNODES,0,29.65885,531
2017-09-27T07:00:00-00:00,2017-09-27T08:00:00-00:00,2017-09-27,1,0,TH_SP15_GEN-APND,TH_SP15_GEN-APND,TH_SP15_GEN-APND,DAM,MCE,LMP_ENE_PRC,TH_SP15_GEN-APND,ALL_APNODES,0,31.22121,531
2017-09-27T22:00:00-00:00,2017-09-27T23:00:00-00:00,2017-09-27,16,0,TH_SP15_GEN-APND,TH_SP15_GEN-APND,TH_SP15_GEN-APND,DAM,MCE,LMP_ENE_PRC,TH_SP15_GEN-APND,ALL_APNODES,0,36.89849,531
2017-09-27T15:00:00-00:00,2017-09-27T16:00:00-00:00,2017-09-27,9,0,TH_SP15_GEN-APND,TH_SP15_GEN-APND,TH_SP15_GEN-APND,DAM,MCE,LMP_ENE_PRC,TH_SP15_GEN-APND,ALL_APNODES,0,28.17813,531
2017-09-27T14:00:00-00:00,2017-09-27T15:00:00-00:00,2017-09-27,8,0,TH_SP15_GEN-APND,TH_SP15_GEN-APND,TH_SP15_GEN-APND,DAM,MCE,LMP_ENE_PRC,TH_SP15_GEN-APND,ALL_APNODES,0,35.56712,531
2017-09-28T05:00:00-00:00,2017-09-28T06:00:00-00:00,2017-09-27,23,0,TH_SP15_GEN-APND,TH_SP15_GEN-APND,TH_SP15_GEN-APND,DAM,MCE,LMP_ENE_PRC,TH_SP15_GEN-APND,ALL_APNODES,0,35.58034,531
2017-09-27T13:00:00-00:00,2017-09-27T14:00:00-00:00,2017-09-27,7,0,TH_SP15_GEN-APND,TH_SP15_GEN-APND,TH_SP15_GEN-APND,DAM,MCE,LMP_ENE_PRC,TH_SP15_GEN-APND,ALL_APNODES,0,37.1611,531
2017-09-28T02:00:00-00:00,2017-09-28T03:00:00-00:00,2017-09-27,20,0,TH_SP15_GEN-APND,TH_SP15_GEN-APND,TH_SP15_GEN-APND,DAM,MCE,LMP_ENE_PRC,TH_SP15_GEN-APND,ALL_APNODES,0,75.10921,531
2017-09-28T03:00:00-00:00,2017-09-28T04:00:00-00:00,2017-09-27,21,0,TH_SP15_GEN-APND,TH_SP15_GEN-APND,TH_SP15_GEN-APND,DAM,MCE,LMP_ENE_PRC,TH_SP15_GEN-APND,ALL_APNODES,0,49.1486,531
2017-09-27T10:00:00-00:00,2017-09-27T11:00:00-00:00,2017-09-27,4,0,TH_SP15_GEN-APND,TH_SP15_GEN-APND,TH_SP15_GEN-APND,DAM,MCE,LMP_ENE_PRC,TH_SP15_GEN-APND,ALL_APNODES,0,27.80362,531
2017-09-27T12:00:00-00:00,2017-09-27T13:00:00-00:00,2017-09-27,6,0,TH_SP15_GEN-APND,TH_SP15_GEN-APND,TH_SP15_GEN-APND,DAM,MCL,LMP_LOSS_PRC,TH_SP15_GEN-APND,ALL_APNODES,0,-1.1929,532
2017-09-27T23:00:00-00:00,2017-09-28T00:00:00-00:00,2017-09-27,17,0,TH_SP15_GEN-APND,TH_SP15_GEN-APND,TH_SP15_GEN-APND,DAM,MCL,LMP_LOSS_PRC,TH_SP15_GEN-APND,ALL_APNODES,0,-2.97788,532
2017-09-27T20:00:00-00:00,2017-09-27T21:00:00-00:00,2017-09-27,14,0,TH_SP15_GEN-APND,TH_SP15_GEN-APND,TH_SP15_GEN-APND,DAM,MCL,LMP_LOSS_PRC,TH_SP15_GEN-APND,ALL_APNODES,0,-2.02322,532
2017-09-28T02:00:00-00:00,2017-09-28T03:00:00-00:00,2017-09-27,20,0,TH_SP15_GEN-APND,TH_SP15_GEN-APND,TH_SP15_GEN-APND,DAM,MCL,LMP_LOSS_PRC,TH_SP15_GEN-APND,ALL_APNODES,0,-3.8531,532
2017-09-27T17:00:00-00:00,2017-09-27T18:00:00-00:00,2017-09-27,11,0,TH_SP15_GEN-APND,TH_SP15_GEN-APND,TH_SP15_GEN-APND,DAM,MCL,LMP_LOSS_PRC,TH_SP15_GEN-APND,ALL_APNODES,0,-1.49894,532
2017-09-27T07:00:00-00:00,2017-09-27T08:00:00-00:00,2017-09-27,1,0,TH_SP15_GEN-APND,TH_SP15_GEN-APND,TH_SP15_GEN-APND,DAM,MCL,LMP_LOSS_PRC,TH_SP15_GEN-APND,ALL_APNODES,0,-1.25197,532
2017-09-28T06:00:00-00:00,2017-09-28T07:00:00-00:00,2017-09-27,24,0,TH_SP15_GEN-APND,TH_SP15_GEN-APND,TH_SP15_GEN-APND,DAM,MCL,LMP_LOSS_PRC,TH_SP15_GEN-APND,ALL_APNODES,0,-1.31475,532
2017-09-27T22:00:00-00:00,2017-09-27T23:00:00-00:00,2017-09-27,16,0,TH_SP15_GEN-APND,TH_SP15_GEN-APND,TH_SP15_GEN-APND,DAM,MCL,LMP_LOSS_PRC,TH_SP15_GEN-APND,ALL_APNODES,0,-2.71204,532
2017-09-27T14:00:00-00:00,2017-09-27T15:00:00-00:00,2017-09-27,8,0,TH_SP15_GEN-APND,TH_SP15_GEN-APND,TH_SP15_GEN-APND,DAM,MCL,LMP_LOSS_PRC,TH_SP15_GEN-APND,ALL_APNODES,0,-1.68588,532
2017-09-28T00:00:00-00:00,2017-09-28T01:00:00-00:00,2017-09-27,18,0,TH_SP15_GEN-APND,TH_SP15_GEN-APND,TH_SP15_GEN-APND,DAM,MCL,LMP_LOSS_PRC,TH_SP15_GEN-APND,ALL_APNODES,0,-3.32448,532
2017-09-27T13:00:00-00:00,2017-09-27T14:00:00-00:00,2017-09-27,7,0,TH_SP15_GEN-APND,TH_SP15_GEN-APND,TH_SP15_GEN-APND,DAM,MCL,LMP_LOSS_PRC,TH_SP15_GEN-APND,ALL_APNODES,0,-1.6611,532
2017-09-27T11:00:00-00:00,2017-09-27T12:00:00-00:00,2017-09-27,5,0,TH_SP15_GEN-APND,TH_SP15_GEN-APND,TH_SP15_GEN-APND,DAM,MCL,LMP_LOSS_PRC,TH_SP15_GEN-APND,ALL_APNODES,0,-1.08401,532
2017-09-28T05:00:00-00:00,2017-09-28T06:00:00-00:00,2017-09-27,23,0,TH_SP15_GEN-APND,TH_SP15_GEN-APND,TH_SP15_GEN-APND,DAM,MCL,LMP_LOSS_PRC,TH_SP15_GEN-APND,ALL_APNODES,0,-1.54774,532
2017-09-27T21:00:00-00:00,2017-09-27T22:00:00-00:00,2017-09-27,15,0,TH_SP15_GEN-APND,TH_SP15_GEN-APND,TH_SP15_GEN-APND,DAM,MCL,LMP_LOSS_PRC,TH_SP15_GEN-APND,ALL_APNODES,0,-2.39633,532
2017-09-27T18:00:00-00:00,2017-09-27T19:00:00-00:00,2017-09-27,12,0,TH_SP15_GEN-APND,TH_SP15_GEN-APND,TH_SP15_GEN-APND,DAM,MCL,LMP_LOSS_PRC,TH_SP15_GEN-APND,ALL_APNODES,0,-1.76573,532
2017-09-27T10:00:00-00:00,2017-09-27T11:00:00-00:00,2017-09-27,4,0,TH_SP15_GEN-APND,TH_SP15_GEN-APND,TH_SP15_GEN-APND,DAM,MCL,LMP_LOSS_PRC,TH_SP15_GEN-APND,ALL_APNODES,0,-1.04542,532
2017-09-28T01:00:00-00:00,2017-09-28T02:00:00-00:00,2017-09-27,19,0,TH_SP15_GEN-APND,TH_SP15_GEN-APND,TH_SP15_GEN-APND,DAM,MCL,LMP_LOSS_PRC,TH_SP15_GEN-APND,ALL_APNODES,0,-3.6925,532
2017-09-27T08:00:00-00:00,2017-09-27T09:00:00-00:00,2017-09-27,2,0,TH_SP15_GEN-APND,TH_SP15_GEN-APND,TH_SP15_GEN-APND,DAM,MCL,LMP_LOSS_PRC,TH_SP15_GEN-APND,ALL_APNODES,0,-1.21601,532
2017-09-28T04:00:00-00:00,2017-09-28T05:00:00-00:00,2017-09-27,22,0,TH_SP15_GEN-APND,TH_SP15_GEN-APND,TH_SP15_GEN-APND,DAM,MCL,LMP_LOSS_PRC,TH_SP15_GEN-APND,ALL_APNODES,0,-1.74269,532
2017-09-27T19:00:00-00:00,2017-09-27T20:00:00-00:00,2017-09-27,13,0,TH_SP15_GEN-APND,TH_SP15_GEN-APND,TH_SP15_GEN-APND,DAM,MCL,LMP_LOSS_PRC,TH_SP15_GEN-APND,ALL_APNODES,0,-1.87576,532
2017-09-27T15:00:00-00:00,2017-09-27T16:00:00-00:00,2017-09-27,9,0,TH_SP15_GEN-APND,TH_SP15_GEN-APND,TH_SP15_GEN-APND,DAM,MCL,LMP_LOSS_PRC,TH_SP15_GEN-APND,ALL_APNODES,0,-1.51035,532
2017-09-27T09:00:00-00:00,2017-09-27T10:00:00-00:00,2017-09-27,3,0,TH_SP15_GEN-APND,TH_SP15_GEN-APND,TH_SP15_GEN-APND,DAM,MCL,LMP_LOSS_PRC,TH_SP15_GEN-APND,ALL_APNODES,0,-1.14159,532
2017-09-27T16:00:00-00:00,2017-09-27T17:00:00-00:00,2017-09-27,10,0,TH_SP15_GEN-APND,TH_SP15_GEN-APND,TH_SP15_GEN-APND,DAM,MCL,LMP_LOSS_PRC,TH_SP15_GEN-APND,ALL_APNODES,0,-1.49588,532
2017-09-28T03:00:00-00:00,2017-09-28T04:00:00-00:00,2017-09-27,21,0,TH_SP15_GEN-APND,TH_SP15_GEN-APND,TH_SP15_GEN-APND,DAM,MCL,LMP_LOSS_PRC,TH_SP15_GEN-APND,ALL_APNODES,0,-2.33456,532
2017-09-27T14:00:00-00:00,2017-09-27T15:00:00-00:00,2017-09-27,8,0,TH_ZP26_GEN-APND,TH_ZP26_GEN-APND,TH_ZP26_GEN-APND,DAM,LMP,LMP_PRC,TH_ZP26_GEN-APND,ALL_APNODES,0,34.25114,533
2017-09-27T07:00:00-00:00,2017-09-27T08:00:00-00:00,2017-09-27,1,0,TH_ZP26_GEN-APND,TH_ZP26_GEN-APND,TH_ZP26_GEN-APND,DAM,LMP,LMP_PRC,TH_ZP26_GEN-APND,ALL_APNODES,0,30.20028,533
2017-09-28T02:00:00-00:00,2017-09-28T03:00:00-00:00,2017-09-27,20,0,TH_ZP26_GEN-APND,TH_ZP26_GEN-APND,TH_ZP26_GEN-APND,DAM,LMP,LMP_PRC,TH_ZP26_GEN-APND,ALL_APNODES,0,74.1556,533
2017-09-28T04:00:00-00:00,2017-09-28T05:00:00-00:00,2017-09-27,22,0,TH_ZP26_GEN-APND,TH_ZP26_GEN-APND,TH_ZP26_GEN-APND,DAM,LMP,LMP_PRC,TH_ZP26_GEN-APND,ALL_APNODES,0,38.36715,533
2017-09-27T17:00:00-00:00,2017-09-27T18:00:00-00:00,2017-09-27,11,0,TH_ZP26_GEN-APND,TH_ZP26_GEN-APND,TH_ZP26_GEN-APND,DAM,LMP,LMP_PRC,TH_ZP26_GEN-APND,ALL_APNODES,0,19.88016,533
2017-09-27T09:00:00-00:00,2017-09-27T10:00:00-00:00,2017-09-27,3,0,TH_ZP26_GEN-APND,TH_ZP26_GEN-APND,TH_ZP26_GEN-APND,DAM,LMP,LMP_PRC,TH_ZP26_GEN-APND,ALL_APNODES,0,27.82953,533
2017-09-27T10:00:00-00:00,2017-09-27T11:00:00-00:00,2017-09-27,4,0,TH_ZP26_GEN-APND,TH_ZP26_GEN-APND,TH_ZP26_GEN-APND,DAM,LMP,LMP_PRC,TH_ZP26_GEN-APND,ALL_APNODES,0,26.93614,533
2017-09-28T01:00:00-00:00,2017-09-28T02:00:00-00:00,2017-09-27,19,0,TH_ZP26_GEN-APND,TH_ZP26_GEN-APND,TH_ZP26_GEN-APND,DAM,LMP,LMP_PRC,TH_ZP26_GEN-APND,ALL_APNODES,0,66.25603,533
2017-09-28T06:00:00-00:00,2017-09-28T07:00:00-00:00,2017-09-27,24,0,TH_ZP26_GEN-APND,TH_ZP26_GEN-APND,TH_ZP26_GEN-APND,DAM,LMP,LMP_PRC,TH_ZP26_GEN-APND,ALL_APNODES,0,31.16952,533
2017-09-27T08:00:00-00:00,2017-09-27T09:00:00-00:00,2017-09-27,2,0,TH_ZP26_GEN-APND,TH_ZP26_GEN-APND,TH_ZP26_GEN-APND,DAM,LMP,LMP_PRC,TH_ZP26_GEN-APND,ALL_APNODES,0,28.70087,533
2017-09-27T12:00:00-00:00,2017-09-27T13:00:00-00:00,2017-09-27,6,0,TH_ZP26_GEN-APND,TH_ZP26_GEN-APND,TH_ZP26_GEN-APND,DAM,LMP,LMP_PRC,TH_ZP26_GEN-APND,ALL_APNODES,0,29.73024,533
2017-09-27T20:00:00-00:00,2017-09-27T21:00:00-00:00,2017-09-27,14,0,TH_ZP26_GEN-APND,TH_ZP26_GEN-APND,TH_ZP26_GEN-APND,DAM,LMP,LMP_PRC,TH_ZP26_GEN-APND,ALL_APNODES,0,25.58146,533
2017-09-27T22:00:00-00:00,2017-09-27T23:00:00-00:00,2017-09-27,16,0,TH_ZP26_GEN-APND,TH_ZP26_GEN-APND,TH_ZP26_GEN-APND,DAM,LMP,LMP_PRC,TH_ZP26_GEN-APND,ALL_APNODES,0,31.18347,533
2017-09-27T13:00:00-00:00,2017-09-27T14:00:00-00:00,2017-09-27,7,0,TH_ZP26_GEN-APND,TH_ZP26_GEN-APND,TH_ZP26_GEN-APND,DAM,LMP,LMP_PRC,TH_ZP26_GEN-APND,ALL_APNODES,0,35.95708,533
2017-09-27T15:00:00-00:00,2017-09-27T16:00:00-00:00,2017-09-27,9,0,TH_ZP26_GEN-APND,TH_ZP26_GEN-APND,TH_ZP26_GEN-APND,DAM,LMP,LMP_PRC,TH_ZP26_GEN-APND,ALL_APNODES,0,26.68992,533
2017-09-27T16:00:00-00:00,2017-09-27T17:00:00-00:00,2017-09-27,10,0,TH_ZP26_GEN-APND,TH_ZP26_GEN-APND,TH_ZP26_GEN-APND,DAM,LMP,LMP_PRC,TH_ZP26_GEN-APND,ALL_APNODES,0,22.38858,533
2017-09-27T21:00:00-00:00,2017-09-27T22:00:00-00:00,2017-09-27,15,0,TH_ZP26_GEN-APND,TH_ZP26_GEN-APND,TH_ZP26_GEN-APND,DAM,LMP,LMP_PRC,TH_ZP26_GEN-APND,ALL_APNODES,0,28.4822,533
2017-09-28T03:00:00-00:00,2017-09-28T04:00:00-00:00,2017-09-27,21,0,TH_ZP26_GEN-APND,TH_ZP26_GEN-APND,TH_ZP26_GEN-APND,DAM,LMP,LMP_PRC,TH_ZP26_GEN-APND,ALL_APNODES,0,47.21214,533
2017-09-27T11:00:00-00:00,2017-09-27T12:00:00-00:00,2017-09-27,5,0,TH_ZP26_GEN-APND,TH_ZP26_GEN-APND,TH_ZP26_GEN-APND,DAM,LMP,LMP_PRC,TH_ZP26_GEN-APND,ALL_APNODES,0,27.53837,533
2017-09-27T19:00:00-00:00,2017-09-27T20:00:00-00:00,2017-09-27,13,0,TH_ZP26_GEN-APND,TH_ZP26_GEN-APND,TH_ZP26_GEN-APND,DAM,LMP,LMP_PRC,TH_ZP26_GEN-APND,ALL_APNODES,0,21.73228,533
2017-09-27T23:00:00-00:00,2017-09-28T00:00:00-00:00,2017-09-27,17,0,TH_ZP26_GEN-APND,TH_ZP26_GEN-APND,TH_ZP26_GEN-APND,DAM,LMP,LMP_PRC,TH_ZP26_GEN-APND,ALL_APNODES,0,37.39164,533
2017-09-28T00:00:00-00:00,2017-09-28T01:00:00-00:00,2017-09-27,18,0,TH_ZP26_GEN-APND,TH_ZP26_GEN-APND,TH_ZP26_GEN-APND,DAM,LMP,LMP_PRC,TH_ZP26_GEN-APND,ALL_APNODES,0,49.33068,533
2017-09-28T05:00:00-00:00,2017-09-28T06:00:00-00:00,2017-09-27,23,0,TH_ZP26_GEN-APND,TH_ZP26_GEN-APND,TH_ZP26_GEN-APND,DAM,LMP,LMP_PRC,TH_ZP26_GEN-APND,ALL_APNODES,0,34.28166,533
2017-09-27T18:00:00-00:00,2017-09-27T19:00:00-00:00,2017-09-27,12,0,TH_ZP26_GEN-APND,TH_ZP26_GEN-APND,TH_ZP26_GEN-APND,DAM,LMP,LMP_PRC,TH_ZP26_GEN-APND,ALL_APNODES,0,21.01631,533
2017-09-27T12:00:00-00:00,2017-09-27T13:00:00-00:00,2017-09-27,6,0,TH_ZP26_GEN-APND,TH_ZP26_GEN-APND,TH_ZP26_GEN-APND,DAM,MCC,LMP_CONG_PRC,TH_ZP26_GEN-APND,ALL_APNODES,0,0,534
2017-09-27T17:00:00-00:00,2017-09-27T18:00:00-00:00,2017-09-27,11,0,TH_ZP26_GEN-APND,TH_ZP26_GEN-APND,TH_ZP26_GEN-APND,DAM,MCC,LMP_CONG_PRC,TH_ZP26_GEN-APND,ALL_APNODES,0,-3.05314,534
2017-09-28T03:00:00-00:00,2017-09-28T04:00:00-00:00,2017-09-27,21,0,TH_ZP26_GEN-APND,TH_ZP26_GEN-APND,TH_ZP26_GEN-APND,DAM,MCC,LMP_CONG_PRC,TH_ZP26_GEN-APND,ALL_APNODES,0,0,534
2017-09-27T22:00:00-00:00,2017-09-27T23:00:00-00:00,2017-09-27,16,0,TH_ZP26_GEN-APND,TH_ZP26_GEN-APND,TH_ZP26_GEN-APND,DAM,MCC,LMP_CONG_PRC,TH_ZP26_GEN-APND,ALL_APNODES,0,-3.29448,534
2017-09-27T23:00:00-00:00,2017-09-28T00:00:00-00:00,2017-09-27,17,0,TH_ZP26_GEN-APND,TH_ZP26_GEN-APND,TH_ZP26_GEN-APND,DAM,MCC,LMP_CONG_PRC,TH_ZP26_GEN-APND,ALL_APNODES,0,-1.63182,534
2017-09-27T13:00:00-00:00,2017-09-27T14:00:00-00:00,2017-09-27,7,0,TH_ZP26_GEN-APND,TH_ZP26_GEN-APND,TH_ZP26_GEN-APND,DAM,MCC,LMP_CONG_PRC,TH_ZP26_GEN-APND,ALL_APNODES,0,0,534
2017-09-28T00:00:00-00:00,2017-09-28T01:00:00-00:00,2017-09-27,18,0,TH_ZP26_GEN-APND,TH_ZP26_GEN-APND,TH_ZP26_GEN-APND,DAM,MCC,LMP_CONG_PRC,TH_ZP26_GEN-APND,ALL_APNODES,0,0.26881,534
2017-09-28T02:00:00-00:00,2017-09-28T03:00:00-00:00,2017-09-27,20,0,TH_ZP26_GEN-APND,TH_ZP26_GEN-APND,TH_ZP26_GEN-APND,DAM,MCC,LMP_CONG_PRC,TH_ZP26_GEN-APND,ALL_APNODES,0,2.0883,534
2017-09-27T10:00:00-00:00,2017-09-27T11:00:00-00:00,2017-09-27,4,0,TH_ZP26_GEN-APND,TH_ZP26_GEN-APND,TH_ZP26_GEN-APND,DAM,MCC,LMP_CONG_PRC,TH_ZP26_GEN-APND,ALL_APNODES,0,0,534
2017-09-27T15:00:00-00:00,2017-09-27T16:00:00-00:00,2017-09-27,9,0,TH_ZP26_GEN-APND,TH_ZP26_GEN-APND,TH_ZP26_GEN-APND,DAM,MCC,LMP_CONG_PRC,TH_ZP26_GEN-APND,ALL_APNODES,0,-0.07084,534
2017-09-28T01:00:00-00:00,2017-09-28T02:00:00-00:00,2017-09-27,19,0,TH_ZP26_GEN-APND,TH_ZP26_GEN-APND,TH_ZP26_GEN-APND,DAM,MCC,LMP_CONG_PRC,TH_ZP26_GEN-APND,ALL_APNODES,0,0.84894,534
2017-09-28T05:00:00-00:00,2017-09-28T06:00:00-00:00,2017-09-27,23,0,TH_ZP26_GEN-APND,TH_ZP26_GEN-APND,TH_ZP26_GEN-APND,DAM,MCC,LMP_CONG_PRC,TH_ZP26_GEN-APND,ALL_APNODES,0,0,534
2017-09-27T09:00:00-00:00,2017-09-27T10:00:00-00:00,2017-09-27,3,0,TH_ZP26_GEN-APND,TH_ZP26_GEN-APND,TH_ZP26_GEN-APND,DAM,MCC,LMP_CONG_PRC,TH_ZP26_GEN-APND,ALL_APNODES,0,0,534
2017-09-27T19:00:00-00:00,2017-09-27T20:00:00-00:00,2017-09-27,13,0,TH_ZP26_GEN-APND,TH_ZP26_GEN-APND,TH_ZP26_GEN-APND,DAM,MCC,LMP_CONG_PRC,TH_ZP26_GEN-APND,ALL_APNODES,0,-5.4793,534
2017-09-28T04:00:00-00:00,2017-09-28T05:00:00-00:00,2017-09-27,22,0,TH_ZP26_GEN-APND,TH_ZP26_GEN-APND,TH_ZP26_GEN-APND,DAM,MCC,LMP_CONG_PRC,TH_ZP26_GEN-APND,ALL_APNODES,0,0,534
2017-09-27T07:00:00-00:00,2017-09-27T08:00:00-00:00,2017-09-27,1,0,TH_ZP26_GEN-APND,TH_ZP26_GEN-APND,TH_ZP26_GEN-APND,DAM,MCC,LMP_CONG_PRC,TH_ZP26_GEN-APND,ALL_APNODES,0,0,534
2017-09-27T08:00:00-00:00,2017-09-27T09:00:00-00:00,2017-09-27,2,0,TH_ZP26_GEN-APND,TH_ZP26_GEN-APND,TH_ZP26_GEN-APND,DAM,MCC,LMP_CONG_PRC,TH_ZP26_GEN-APND,ALL_APNODES,0,0,534
2017-09-28T06:00:00-00:00,2017-09-28T07:00:00-00:00,2017-09-27,24,0,TH_ZP26_GEN-APND,TH_ZP26_GEN-APND,TH_ZP26_GEN-APND,DAM,MCC,LMP_CONG_PRC,TH_ZP26_GEN-APND,ALL_APNODES,0,0,534
2017-09-27T14:00:00-00:00,2017-09-27T15:00:00-00:00,2017-09-27,8,0,TH_ZP26_GEN-APND,TH_ZP26_GEN-APND,TH_ZP26_GEN-APND,DAM,MCC,LMP_CONG_PRC,TH_ZP26_GEN-APND,ALL_APNODES,0,0,534
2017-09-27T16:00:00-00:00,2017-09-27T17:00:00-00:00,2017-09-27,10,0,TH_ZP26_GEN-APND,TH_ZP26_GEN-APND,TH_ZP26_GEN-APND,DAM,MCC,LMP_CONG_PRC,TH_ZP26_GEN-APND,ALL_APNODES,0,-1.47721,534
2017-09-27T18:00:00-00:00,2017-09-27T19:00:00-00:00,2017-09-27,12,0,TH_ZP26_GEN-APND,TH_ZP26_GEN-APND,TH_ZP26_GEN-APND,DAM,MCC,LMP_CONG_PRC,TH_ZP26_GEN-APND,ALL_APNODES,0,-4.82127,534
2017-09-27T20:00:00-00:00,2017-09-27T21:00:00-00:00,2017-09-27,14,0,TH_ZP26_GEN-APND,TH_ZP26_GEN-APND,TH_ZP26_GEN-APND,DAM,MCC,LMP_CONG_PRC,TH_ZP26_GEN-APND,ALL_APNODES,0,-3.70193,534
2017-09-27T21:00:00-00:00,2017-09-27T22:00:00-00:00,2017-09-27,15,0,TH_ZP26_GEN-APND,TH_ZP26_GEN-APND,TH_ZP26_GEN-APND,DAM,MCC,LMP_CONG_PRC,TH_ZP26_GEN-APND,ALL_APNODES,0,-4.43913,534
2017-09-27T11:00:00-00:00,2017-09-27T12:00:00-00:00,2017-09-27,5,0,TH_ZP26_GEN-APND,TH_ZP26_GEN-APND,TH_ZP26_GEN-APND,DAM,MCC,LMP_CONG_PRC,TH_ZP26_GEN-APND,ALL_APNODES,0,0,534
2017-09-28T03:00:00-00:00,2017-09-28T04:00:00-00:00,2017-09-27,21,0,TH_ZP26_GEN-APND,TH_ZP26_GEN-APND,TH_ZP26_GEN-APND,DAM,MCE,LMP_ENE_PRC,TH_ZP26_GEN-APND,ALL_APNODES,0,49.1486,535
2017-09-27T12:00:00-00:00,2017-09-27T13:00:00-00:00,2017-09-27,6,0,TH_ZP26_GEN-APND,TH_ZP26_GEN-APND,TH_ZP26_GEN-APND,DAM,MCE,LMP_ENE_PRC,TH_ZP26_GEN-APND,ALL_APNODES,0,30.74482,535
2017-09-28T00:00:00-00:00,2017-09-28T01:00:00-00:00,2017-09-27,18,0,TH_ZP26_GEN-APND,TH_ZP26_GEN-APND,TH_ZP26_GEN-APND,DAM,MCE,LMP_ENE_PRC,TH_ZP26_GEN-APND,ALL_APNODES,0,51.62234,535
2017-09-27T18:00:00-00:00,2017-09-27T19:00:00-00:00,2017-09-27,12,0,TH_ZP26_GEN-APND,TH_ZP26_GEN-APND,TH_ZP26_GEN-APND,DAM,MCE,LMP_ENE_PRC,TH_ZP26_GEN-APND,ALL_APNODES,0,27.58952,535
2017-09-28T02:00:00-00:00,2017-09-28T03:00:00-00:00,2017-09-27,20,0,TH_ZP26_GEN-APND,TH_ZP26_GEN-APND,TH_ZP26_GEN-APND,DAM,MCE,LMP_ENE_PRC,TH_ZP26_GEN-APND,ALL_APNODES,0,75.10921,535
2017-09-27T17:00:00-00:00,2017-09-27T18:00:00-00:00,2017-09-27,11,0,TH_ZP26_GEN-APND,TH_ZP26_GEN-APND,TH_ZP26_GEN-APND,DAM,MCE,LMP_ENE_PRC,TH_ZP26_GEN-APND,ALL_APNODES,0,24.41271,535
2017-09-27T15:00:00-00:00,2017-09-27T16:00:00-00:00,2017-09-27,9,0,TH_ZP26_GEN-APND,TH_ZP26_GEN-APND,TH_ZP26_GEN-APND,DAM,MCE,LMP_ENE_PRC,TH_ZP26_GEN-APND,ALL_APNODES,0,28.17813,535
2017-09-28T06:00:00-00:00,2017-09-28T07:00:00-00:00,2017-09-27,24,0,TH_ZP26_GEN-APND,TH_ZP26_GEN-APND,TH_ZP26_GEN-APND,DAM,MCE,LMP_ENE_PRC,TH_ZP26_GEN-APND,ALL_APNODES,0,32.30337,535
2017-09-28T05:00:00-00:00,2017-09-28T06:00:00-00:00,2017-09-27,23,0,TH_ZP26_GEN-APND,TH_ZP26_GEN-APND,TH_ZP26_GEN-APND,DAM,MCE,LMP_ENE_PRC,TH_ZP26_GEN-APND,ALL_APNODES,0,35.58034,535
2017-09-27T10:00:00-00:00,2017-09-27T11:00:00-00:00,2017-09-27,4,0,TH_ZP26_GEN-APND,TH_ZP26_GEN-APND,TH_ZP26_GEN-APND,DAM,MCE,LMP_ENE_PRC,TH_ZP26_GEN-APND,ALL_APNODES,0,27.80362,535
2017-09-28T04:00:00-00:00,2017-09-28T05:00:00-00:00,2017-09-27,22,0,TH_ZP26_GEN-APND,TH_ZP26_GEN-APND,TH_ZP26_GEN-APND,DAM,MCE,LMP_ENE_PRC,TH_ZP26_GEN-APND,ALL_APNODES,0,39.87854,535
2017-09-27T19:00:00-00:00,2017-09-27T20:00:00-00:00,2017-09-27,13,0,TH_ZP26_GEN-APND,TH_ZP26_GEN-APND,TH_ZP26_GEN-APND,DAM,MCE,LMP_ENE_PRC,TH_ZP26_GEN-APND,ALL_APNODES,0,29.08153,535
2017-09-27T23:00:00-00:00,2017-09-28T00:00:00-00:00,2017-09-27,17,0,TH_ZP26_GEN-APND,TH_ZP26_GEN-APND,TH_ZP26_GEN-APND,DAM,MCE,LMP_ENE_PRC,TH_ZP26_GEN-APND,ALL_APNODES,0,41.47461,535
2017-09-27T11:00:00-00:00,2017-09-27T12:00:00-00:00,2017-09-27,5,0,TH_ZP26_GEN-APND,TH_ZP26_GEN-APND,TH_ZP26_GEN-APND,DAM,MCE,LMP_ENE_PRC,TH_ZP26_GEN-APND,ALL_APNODES,0,28.45167,535
2017-09-27T22:00:00-00:00,2017-09-27T23:00:00-00:00,2017-09-27,16,0,TH_ZP26_GEN-APND,TH_ZP26_GEN-APND,TH_ZP26_GEN-APND,DAM,MCE,LMP_ENE_PRC,TH_ZP26_GEN-APND,ALL_APNODES,0,36.89849,535
2017-09-27T07:00:00-00:00,2017-09-27T08:00:00-00:00,2017-09-27,1,0,TH_ZP26_GEN-APND,TH_ZP26_GEN-APND,TH_ZP26_GEN-APND,DAM,MCE,LMP_ENE_PRC,TH_ZP26_GEN-APND,ALL_APNODES,0,31.22121,535
2017-09-27T09:00:00-00:00,2017-09-27T10:00:00-00:00,2017-09-27,3,0,TH_ZP26_GEN-APND,TH_ZP26_GEN-APND,TH_ZP26_GEN-APND,DAM,MCE,LMP_ENE_PRC,TH_ZP26_GEN-APND,ALL_APNODES,0,28.75545,535
2017-09-27T20:00:00-00:00,2017-09-27T21:00:00-00:00,2017-09-27,14,0,TH_ZP26_GEN-APND,TH_ZP26_GEN-APND,TH_ZP26_GEN-APND,DAM,MCE,LMP_ENE_PRC,TH_ZP26_GEN-APND,ALL_APNODES,0,31.31914,535
2017-09-27T21:00:00-00:00,2017-09-27T22:00:00-00:00,2017-09-27,15,0,TH_ZP26_GEN-APND,TH_ZP26_GEN-APND,TH_ZP26_GEN-APND,DAM,MCE,LMP_ENE_PRC,TH_ZP26_GEN-APND,ALL_APNODES,0,35.24013,535
2017-09-27T16:00:00-00:00,2017-09-27T17:00:00-00:00,2017-09-27,10,0,TH_ZP26_GEN-APND,TH_ZP26_GEN-APND,TH_ZP26_GEN-APND,DAM,MCE,LMP_ENE_PRC,TH_ZP26_GEN-APND,ALL_APNODES,0,25.26817,535
2017-09-27T14:00:00-00:00,2017-09-27T15:00:00-00:00,2017-09-27,8,0,TH_ZP26_GEN-APND,TH_ZP26_GEN-APND,TH_ZP26_GEN-APND,DAM,MCE,LMP_ENE_PRC,TH_ZP26_GEN-APND,ALL_APNODES,0,35.56712,535
2017-09-27T13:00:00-00:00,2017-09-27T14:00:00-00:00,2017-09-27,7,0,TH_ZP26_GEN-APND,TH_ZP26_GEN-APND,TH_ZP26_GEN-APND,DAM,MCE,LMP_ENE_PRC,TH_ZP26_GEN-APND,ALL_APNODES,0,37.1611,535
2017-09-27T08:00:00-00:00,2017-09-27T09:00:00-00:00,2017-09-27,2,0,TH_ZP26_GEN-APND,TH_ZP26_GEN-APND,TH_ZP26_GEN-APND,DAM,MCE,LMP_ENE_PRC,TH_ZP26_GEN-APND,ALL_APNODES,0,29.65885,535
2017-09-28T01:00:00-00:00,2017-09-28T02:00:00-00:00,2017-09-27,19,0,TH_ZP26_GEN-APND,TH_ZP26_GEN-APND,TH_ZP26_GEN-APND,DAM,MCE,LMP_ENE_PRC,TH_ZP26_GEN-APND,ALL_APNODES,0,68.25325,535
2017-09-28T03:00:00-00:00,2017-09-28T04:00:00-00:00,2017-09-27,21,0,TH_ZP26_GEN-APND,TH_ZP26_GEN-APND,TH_ZP26_GEN-APND,DAM,MCL,LMP_LOSS_PRC,TH_ZP26_GEN-APND,ALL_APNODES,0,-1.93645,536
2017-09-27T13:00:00-00:00,2017-09-27T14:00:00-00:00,2017-09-27,7,0,TH_ZP26_GEN-APND,TH_ZP26_GEN-APND,TH_ZP26_GEN-APND,DAM,MCL,LMP_LOSS_PRC,TH_ZP26_GEN-APND,ALL_APNODES,0,-1.20402,536
2017-09-27T12:00:00-00:00,2017-09-27T13:00:00-00:00,2017-09-27,6,0,TH_ZP26_GEN-APND,TH_ZP26_GEN-APND,TH_ZP26_GEN-APND,DAM,MCL,LMP_LOSS_PRC,TH_ZP26_GEN-APND,ALL_APNODES,0,-1.01458,536
2017-09-27T08:00:00-00:00,2017-09-27T09:00:00-00:00,2017-09-27,2,0,TH_ZP26_GEN-APND,TH_ZP26_GEN-APND,TH_ZP26_GEN-APND,DAM,MCL,LMP_LOSS_PRC,TH_ZP26_GEN-APND,ALL_APNODES,0,-0.95798,536
2017-09-28T04:00:00-00:00,2017-09-28T05:00:00-00:00,2017-09-27,22,0,TH_ZP26_GEN-APND,TH_ZP26_GEN-APND,TH_ZP26_GEN-APND,DAM,MCL,LMP_LOSS_PRC,TH_ZP26_GEN-APND,ALL_APNODES,0,-1.5114,536
2017-09-27T22:00:00-00:00,2017-09-27T23:00:00-00:00,2017-09-27,16,0,TH_ZP26_GEN-APND,TH_ZP26_GEN-APND,TH_ZP26_GEN-APND,DAM,MCL,LMP_LOSS_PRC,TH_ZP26_GEN-APND,ALL_APNODES,0,-2.42054,536
2017-09-27T17:00:00-00:00,2017-09-27T18:00:00-00:00,2017-09-27,11,0,TH_ZP26_GEN-APND,TH_ZP26_GEN-APND,TH_ZP26_GEN-APND,DAM,MCL,LMP_LOSS_PRC,TH_ZP26_GEN-APND,ALL_APNODES,0,-1.47941,536
2017-09-27T10:00:00-00:00,2017-09-27T11:00:00-00:00,2017-09-27,4,0,TH_ZP26_GEN-APND,TH_ZP26_GEN-APND,TH_ZP26_GEN-APND,DAM,MCL,LMP_LOSS_PRC,TH_ZP26_GEN-APND,ALL_APNODES,0,-0.86747,536
2017-09-28T02:00:00-00:00,2017-09-28T03:00:00-00:00,2017-09-27,20,0,TH_ZP26_GEN-APND,TH_ZP26_GEN-APND,TH_ZP26_GEN-APND,DAM,MCL,LMP_LOSS_PRC,TH_ZP26_GEN-APND,ALL_APNODES,0,-3.04192,536
2017-09-28T00:00:00-00:00,2017-09-28T01:00:00-00:00,2017-09-27,18,0,TH_ZP26_GEN-APND,TH_ZP26_GEN-APND,TH_ZP26_GEN-APND,DAM,MCL,LMP_LOSS_PRC,TH_ZP26_GEN-APND,ALL_APNODES,0,-2.56047,536
2017-09-27T18:00:00-00:00,2017-09-27T19:00:00-00:00,2017-09-27,12,0,TH_ZP26_GEN-APND,TH_ZP26_GEN-APND,TH_ZP26_GEN-APND,DAM,MCL,LMP_LOSS_PRC,TH_ZP26_GEN-APND,ALL_APNODES,0,-1.75193,536
2017-09-27T09:00:00-00:00,2017-09-27T10:00:00-00:00,2017-09-27,3,0,TH_ZP26_GEN-APND,TH_ZP26_GEN-APND,TH_ZP26_GEN-APND,DAM,MCL,LMP_LOSS_PRC,TH_ZP26_GEN-APND,ALL_APNODES,0,-0.92593,536
2017-09-27T07:00:00-00:00,2017-09-27T08:00:00-00:00,2017-09-27,1,0,TH_ZP26_GEN-APND,TH_ZP26_GEN-APND,TH_ZP26_GEN-APND,DAM,MCL,LMP_LOSS_PRC,TH_ZP26_GEN-APND,ALL_APNODES,0,-1.02093,536
2017-09-28T06:00:00-00:00,2017-09-28T07:00:00-00:00,2017-09-27,24,0,TH_ZP26_GEN-APND,TH_ZP26_GEN-APND,TH_ZP26_GEN-APND,DAM,MCL,LMP_LOSS_PRC,TH_ZP26_GEN-APND,ALL_APNODES,0,-1.13385,536
2017-09-27T19:00:00-00:00,2017-09-27T20:00:00-00:00,2017-09-27,13,0,TH_ZP26_GEN-APND,TH_ZP26_GEN-APND,TH_ZP26_GEN-APND,DAM,MCL,LMP_LOSS_PRC,TH_ZP26_GEN-APND,ALL_APNODES,0,-1.86994,536
2017-09-27T16:00:00-00:00,2017-09-27T17:00:00-00:00,2017-09-27,10,0,TH_ZP26_GEN-APND,TH_ZP26_GEN-APND,TH_ZP26_GEN-APND,DAM,MCL,LMP_LOSS_PRC,TH_ZP26_GEN-APND,ALL_APNODES,0,-1.40238,536
2017-09-27T15:00:00-00:00,2017-09-27T16:00:00-00:00,2017-09-27,9,0,TH_ZP26_GEN-APND,TH_ZP26_GEN-APND,TH_ZP26_GEN-APND,DAM,MCL,LMP_LOSS_PRC,TH_ZP26_GEN-APND,ALL_APNODES,0,-1.41736,536
2017-09-28T05:00:00-00:00,2017-09-28T06:00:00-00:00,2017-09-27,23,0,TH_ZP26_GEN-APND,TH_ZP26_GEN-APND,TH_ZP26_GEN-APND,DAM,MCL,LMP_LOSS_PRC,TH_ZP26_GEN-APND,ALL_APNODES,0,-1.29868,536
2017-09-27T21:00:00-00:00,2017-09-27T22:00:00-00:00,2017-09-27,15,0,TH_ZP26_GEN-APND,TH_ZP26_GEN-APND,TH_ZP26_GEN-APND,DAM,MCL,LMP_LOSS_PRC,TH_ZP26_GEN-APND,ALL_APNODES,0,-2.3188,536
2017-09-27T11:00:00-00:00,2017-09-27T12:00:00-00:00,2017-09-27,5,0,TH_ZP26_GEN-APND,TH_ZP26_GEN-APND,TH_ZP26_GEN-APND,DAM,MCL,LMP_LOSS_PRC,TH_ZP26_GEN-APND,ALL_APNODES,0,-0.9133,536
2017-09-27T23:00:00-00:00,2017-09-28T00:00:00-00:00,2017-09-27,17,0,TH_ZP26_GEN-APND,TH_ZP26_GEN-APND,TH_ZP26_GEN-APND,DAM,MCL,LMP_LOSS_PRC,TH_ZP26_GEN-APND,ALL_APNODES,0,-2.45115,536
2017-09-27T14:00:00-00:00,2017-09-27T15:00:00-00:00,2017-09-27,8,0,TH_ZP26_GEN-APND,TH_ZP26_GEN-APND,TH_ZP26_GEN-APND,DAM,MCL,LMP_LOSS_PRC,TH_ZP26_GEN-APND,ALL_APNODES,0,-1.31598,536
2017-09-28T01:00:00-00:00,2017-09-28T02:00:00-00:00,2017-09-27,19,0,TH_ZP26_GEN-APND,TH_ZP26_GEN-APND,TH_ZP26_GEN-APND,DAM,MCL,LMP_LOSS_PRC,TH_ZP26_GEN-APND,ALL_APNODES,0,-2.84616,536
2017-09-27T20:00:00-00:00,2017-09-27T21:00:00-00:00,2017-09-27,14,0,TH_ZP26_GEN-APND,TH_ZP26_GEN-APND,TH_ZP26_GEN-APND,DAM,MCL,LMP_LOSS_PRC,TH_ZP26_GEN-APND,ALL_APNODES,0,-2.03574,536
2017-09-27T20:00:00-00:00,2017-09-27T21:00:00-00:00,2017-09-27,14,0,URBAN_6_N005,URBAN_6_N005,URBAN_6_N005,DAM,LMP,LMP_PRC,URBAN_6_N005,ALL,1,26.68338,537
2017-09-27T17:00:00-00:00,2017-09-27T18:00:00-00:00,2017-09-27,11,0,URBAN_6_N005,URBAN_6_N005,URBAN_6_N005,DAM,LMP,LMP_PRC,URBAN_6_N005,ALL,1,1.46438,537
2017-09-27T10:00:00-00:00,2017-09-27T11:00:00-00:00,2017-09-27,4,0,URBAN_6_N005,URBAN_6_N005,URBAN_6_N005,DAM,LMP,LMP_PRC,URBAN_6_N005,ALL,1,27.26701,537
2017-09-28T00:00:00-00:00,2017-09-28T01:00:00-00:00,2017-09-27,18,0,URBAN_6_N005,URBAN_6_N005,URBAN_6_N005,DAM,LMP,LMP_PRC,URBAN_6_N005,ALL,1,34.84997,537
2017-09-28T01:00:00-00:00,2017-09-28T02:00:00-00:00,2017-09-27,19,0,URBAN_6_N005,URBAN_6_N005,URBAN_6_N005,DAM,LMP,LMP_PRC,URBAN_6_N005,ALL,1,50.63652,537
2017-09-27T08:00:00-00:00,2017-09-27T09:00:00-00:00,2017-09-27,2,0,URBAN_6_N005,URBAN_6_N005,URBAN_6_N005,DAM,LMP,LMP_PRC,URBAN_6_N005,ALL,1,29.0627,537
2017-09-27T09:00:00-00:00,2017-09-27T10:00:00-00:00,2017-09-27,3,0,URBAN_6_N005,URBAN_6_N005,URBAN_6_N005,DAM,LMP,LMP_PRC,URBAN_6_N005,ALL,1,28.16309,537
2017-09-27T21:00:00-00:00,2017-09-27T22:00:00-00:00,2017-09-27,15,0,URBAN_6_N005,URBAN_6_N005,URBAN_6_N005,DAM,LMP,LMP_PRC,URBAN_6_N005,ALL,1,23.19428,537
2017-09-27T22:00:00-00:00,2017-09-27T23:00:00-00:00,2017-09-27,16,0,URBAN_6_N005,URBAN_6_N005,URBAN_6_N005,DAM,LMP,LMP_PRC,URBAN_6_N005,ALL,1,25.53368,537
2017-09-28T03:00:00-00:00,2017-09-28T04:00:00-00:00,2017-09-27,21,0,URBAN_6_N005,URBAN_6_N005,URBAN_6_N005,DAM,LMP,LMP_PRC,URBAN_6_N005,ALL,1,48.49492,537
2017-09-27T07:00:00-00:00,2017-09-27T08:00:00-00:00,2017-09-27,1,0,URBAN_6_N005,URBAN_6_N005,URBAN_6_N005,DAM,LMP,LMP_PRC,URBAN_6_N005,ALL,1,30.68733,537
2017-09-27T23:00:00-00:00,2017-09-28T00:00:00-00:00,2017-09-27,17,0,URBAN_6_N005,URBAN_6_N005,URBAN_6_N005,DAM,LMP,LMP_PRC,URBAN_6_N005,ALL,1,31.30108,537
2017-09-28T04:00:00-00:00,2017-09-28T05:00:00-00:00,2017-09-27,22,0,URBAN_6_N005,URBAN_6_N005,URBAN_6_N005,DAM,LMP,LMP_PRC,URBAN_6_N005,ALL,1,39.50767,537
2017-09-28T05:00:00-00:00,2017-09-28T06:00:00-00:00,2017-09-27,23,0,URBAN_6_N005,URBAN_6_N005,URBAN_6_N005,DAM,LMP,LMP_PRC,URBAN_6_N005,ALL,1,35.10001,537
2017-09-27T13:00:00-00:00,2017-09-27T14:00:00-00:00,2017-09-27,7,0,URBAN_6_N005,URBAN_6_N005,URBAN_6_N005,DAM,LMP,LMP_PRC,URBAN_6_N005,ALL,1,36.66686,537
2017-09-27T18:00:00-00:00,2017-09-27T19:00:00-00:00,2017-09-27,12,0,URBAN_6_N005,URBAN_6_N005,URBAN_6_N005,DAM,LMP,LMP_PRC,URBAN_6_N005,ALL,1,13.80742,537
2017-09-28T06:00:00-00:00,2017-09-28T07:00:00-00:00,2017-09-27,24,0,URBAN_6_N005,URBAN_6_N005,URBAN_6_N005,DAM,LMP,LMP_PRC,URBAN_6_N005,ALL,1,31.77683,537
2017-09-27T15:00:00-00:00,2017-09-27T16:00:00-00:00,2017-09-27,9,0,URBAN_6_N005,URBAN_6_N005,URBAN_6_N005,DAM,LMP,LMP_PRC,URBAN_6_N005,ALL,1,19.56851,537
2017-09-27T19:00:00-00:00,2017-09-27T20:00:00-00:00,2017-09-27,13,0,URBAN_6_N005,URBAN_6_N005,URBAN_6_N005,DAM,LMP,LMP_PRC,URBAN_6_N005,ALL,1,19.13552,537
2017-09-27T16:00:00-00:00,2017-09-27T17:00:00-00:00,2017-09-27,10,0,URBAN_6_N005,URBAN_6_N005,URBAN_6_N005,DAM,LMP,LMP_PRC,URBAN_6_N005,ALL,1,17.99085,537
2017-09-27T11:00:00-00:00,2017-09-27T12:00:00-00:00,2017-09-27,5,0,URBAN_6_N005,URBAN_6_N005,URBAN_6_N005,DAM,LMP,LMP_PRC,URBAN_6_N005,ALL,1,27.99075,537
2017-09-27T12:00:00-00:00,2017-09-27T13:00:00-00:00,2017-09-27,6,0,URBAN_6_N005,URBAN_6_N005,URBAN_6_N005,DAM,LMP,LMP_PRC,URBAN_6_N005,ALL,1,30.37281,537
2017-09-27T14:00:00-00:00,2017-09-27T15:00:00-00:00,2017-09-27,8,0,URBAN_6_N005,URBAN_6_N005,URBAN_6_N005,DAM,LMP,LMP_PRC,URBAN_6_N005,ALL,1,25.37674,537
2017-09-28T02:00:00-00:00,2017-09-28T03:00:00-00:00,2017-09-27,20,0,URBAN_6_N005,URBAN_6_N005,URBAN_6_N005,DAM,LMP,LMP_PRC,URBAN_6_N005,ALL,1,59.00629,537
2017-09-28T05:00:00-00:00,2017-09-28T06:00:00-00:00,2017-09-27,23,0,URBAN_6_N005,URBAN_6_N005,URBAN_6_N005,DAM,MCC,LMP_CONG_PRC,URBAN_6_N005,ALL,1,0,538
2017-09-27T17:00:00-00:00,2017-09-27T18:00:00-00:00,2017-09-27,11,0,URBAN_6_N005,URBAN_6_N005,URBAN_6_N005,DAM,MCC,LMP_CONG_PRC,URBAN_6_N005,ALL,1,-22.33069,538
2017-09-27T20:00:00-00:00,2017-09-27T21:00:00-00:00,2017-09-27,14,0,URBAN_6_N005,URBAN_6_N005,URBAN_6_N005,DAM,MCC,LMP_CONG_PRC,URBAN_6_N005,ALL,1,-3.92482,538
2017-09-27T23:00:00-00:00,2017-09-28T00:00:00-00:00,2017-09-27,17,0,URBAN_6_N005,URBAN_6_N005,URBAN_6_N005,DAM,MCC,LMP_CONG_PRC,URBAN_6_N005,ALL,1,-9.3316,538
2017-09-27T22:00:00-00:00,2017-09-27T23:00:00-00:00,2017-09-27,16,0,URBAN_6_N005,URBAN_6_N005,URBAN_6_N005,DAM,MCC,LMP_CONG_PRC,URBAN_6_N005,ALL,1,-10.49401,538
2017-09-27T16:00:00-00:00,2017-09-27T17:00:00-00:00,2017-09-27,10,0,URBAN_6_N005,URBAN_6_N005,URBAN_6_N005,DAM,MCC,LMP_CONG_PRC,URBAN_6_N005,ALL,1,-6.64815,538
2017-09-27T12:00:00-00:00,2017-09-27T13:00:00-00:00,2017-09-27,6,0,URBAN_6_N005,URBAN_6_N005,URBAN_6_N005,DAM,MCC,LMP_CONG_PRC,URBAN_6_N005,ALL,1,0,538
2017-09-27T21:00:00-00:00,2017-09-27T22:00:00-00:00,2017-09-27,15,0,URBAN_6_N005,URBAN_6_N005,URBAN_6_N005,DAM,MCC,LMP_CONG_PRC,URBAN_6_N005,ALL,1,-11.1437,538
2017-09-27T08:00:00-00:00,2017-09-27T09:00:00-00:00,2017-09-27,2,0,URBAN_6_N005,URBAN_6_N005,URBAN_6_N005,DAM,MCC,LMP_CONG_PRC,URBAN_6_N005,ALL,1,0,538
2017-09-27T18:00:00-00:00,2017-09-27T19:00:00-00:00,2017-09-27,12,0,URBAN_6_N005,URBAN_6_N005,URBAN_6_N005,DAM,MCC,LMP_CONG_PRC,URBAN_6_N005,ALL,1,-13.02891,538
2017-09-27T13:00:00-00:00,2017-09-27T14:00:00-00:00,2017-09-27,7,0,URBAN_6_N005,URBAN_6_N005,URBAN_6_N005,DAM,MCC,LMP_CONG_PRC,URBAN_6_N005,ALL,1,0,538
2017-09-27T11:00:00-00:00,2017-09-27T12:00:00-00:00,2017-09-27,5,0,URBAN_6_N005,URBAN_6_N005,URBAN_6_N005,DAM,MCC,LMP_CONG_PRC,URBAN_6_N005,ALL,1,0,538
2017-09-27T09:00:00-00:00,2017-09-27T10:00:00-00:00,2017-09-27,3,0,URBAN_6_N005,URBAN_6_N005,URBAN_6_N005,DAM,MCC,LMP_CONG_PRC,URBAN_6_N005,ALL,1,0,538
2017-09-28T02:00:00-00:00,2017-09-28T03:00:00-00:00,2017-09-27,20,0,URBAN_6_N005,URBAN_6_N005,URBAN_6_N005,DAM,MCC,LMP_CONG_PRC,URBAN_6_N005,ALL,1,-14.7735,538
2017-09-27T19:00:00-00:00,2017-09-27T20:00:00-00:00,2017-09-27,13,0,URBAN_6_N005,URBAN_6_N005,URBAN_6_N005,DAM,MCC,LMP_CONG_PRC,URBAN_6_N005,ALL,1,-9.20152,538
2017-09-28T04:00:00-00:00,2017-09-28T05:00:00-00:00,2017-09-27,22,0,URBAN_6_N005,URBAN_6_N005,URBAN_6_N005,DAM,MCC,LMP_CONG_PRC,URBAN_6_N005,ALL,1,0,538
2017-09-28T00:00:00-00:00,2017-09-28T01:00:00-00:00,2017-09-27,18,0,URBAN_6_N005,URBAN_6_N005,URBAN_6_N005,DAM,MCC,LMP_CONG_PRC,URBAN_6_N005,ALL,1,-15.8793,538
2017-09-28T01:00:00-00:00,2017-09-28T02:00:00-00:00,2017-09-27,19,0,URBAN_6_N005,URBAN_6_N005,URBAN_6_N005,DAM,MCC,LMP_CONG_PRC,URBAN_6_N005,ALL,1,-16.17659,538
2017-09-27T10:00:00-00:00,2017-09-27T11:00:00-00:00,2017-09-27,4,0,URBAN_6_N005,URBAN_6_N005,URBAN_6_N005,DAM,MCC,LMP_CONG_PRC,URBAN_6_N005,ALL,1,0,538
2017-09-27T15:00:00-00:00,2017-09-27T16:00:00-00:00,2017-09-27,9,0,URBAN_6_N005,URBAN_6_N005,URBAN_6_N005,DAM,MCC,LMP_CONG_PRC,URBAN_6_N005,ALL,1,-8.11087,538
2017-09-27T14:00:00-00:00,2017-09-27T15:00:00-00:00,2017-09-27,8,0,URBAN_6_N005,URBAN_6_N005,URBAN_6_N005,DAM,MCC,LMP_CONG_PRC,URBAN_6_N005,ALL,1,-9.50394,538
2017-09-27T07:00:00-00:00,2017-09-27T08:00:00-00:00,2017-09-27,1,0,URBAN_6_N005,URBAN_6_N005,URBAN_6_N005,DAM,MCC,LMP_CONG_PRC,URBAN_6_N005,ALL,1,0,538
2017-09-28T06:00:00-00:00,2017-09-28T07:00:00-00:00,2017-09-27,24,0,URBAN_6_N005,URBAN_6_N005,URBAN_6_N005,DAM,MCC,LMP_CONG_PRC,URBAN_6_N005,ALL,1,0,538
2017-09-28T03:00:00-00:00,2017-09-28T04:00:00-00:00,2017-09-27,21,0,URBAN_6_N005,URBAN_6_N005,URBAN_6_N005,DAM,MCC,LMP_CONG_PRC,URBAN_6_N005,ALL,1,0,538
2017-09-27T11:00:00-00:00,2017-09-27T12:00:00-00:00,2017-09-27,5,0,URBAN_6_N005,URBAN_6_N005,URBAN_6_N005,DAM,MCE,LMP_ENE_PRC,URBAN_6_N005,ALL,1,28.45167,539
2017-09-27T16:00:00-00:00,2017-09-27T17:00:00-00:00,2017-09-27,10,0,URBAN_6_N005,URBAN_6_N005,URBAN_6_N005,DAM,MCE,LMP_ENE_PRC,URBAN_6_N005,ALL,1,25.26817,539
2017-09-27T15:00:00-00:00,2017-09-27T16:00:00-00:00,2017-09-27,9,0,URBAN_6_N005,URBAN_6_N005,URBAN_6_N005,DAM,MCE,LMP_ENE_PRC,URBAN_6_N005,ALL,1,28.17813,539
2017-09-28T00:00:00-00:00,2017-09-28T01:00:00-00:00,2017-09-27,18,0,URBAN_6_N005,URBAN_6_N005,URBAN_6_N005,DAM,MCE,LMP_ENE_PRC,URBAN_6_N005,ALL,1,51.62234,539
2017-09-27T19:00:00-00:00,2017-09-27T20:00:00-00:00,2017-09-27,13,0,URBAN_6_N005,URBAN_6_N005,URBAN_6_N005,DAM,MCE,LMP_ENE_PRC,URBAN_6_N005,ALL,1,29.08153,539
2017-09-27T09:00:00-00:00,2017-09-27T10:00:00-00:00,2017-09-27,3,0,URBAN_6_N005,URBAN_6_N005,URBAN_6_N005,DAM,MCE,LMP_ENE_PRC,URBAN_6_N005,ALL,1,28.75545,539
2017-09-27T07:00:00-00:00,2017-09-27T08:00:00-00:00,2017-09-27,1,0,URBAN_6_N005,URBAN_6_N005,URBAN_6_N005,DAM,MCE,LMP_ENE_PRC,URBAN_6_N005,ALL,1,31.22121,539
2017-09-27T17:00:00-00:00,2017-09-27T18:00:00-00:00,2017-09-27,11,0,URBAN_6_N005,URBAN_6_N005,URBAN_6_N005,DAM,MCE,LMP_ENE_PRC,URBAN_6_N005,ALL,1,24.41271,539
2017-09-27T10:00:00-00:00,2017-09-27T11:00:00-00:00,2017-09-27,4,0,URBAN_6_N005,URBAN_6_N005,URBAN_6_N005,DAM,MCE,LMP_ENE_PRC,URBAN_6_N005,ALL,1,27.80362,539
2017-09-28T03:00:00-00:00,2017-09-28T04:00:00-00:00,2017-09-27,21,0,URBAN_6_N005,URBAN_6_N005,URBAN_6_N005,DAM,MCE,LMP_ENE_PRC,URBAN_6_N005,ALL,1,49.1486,539
2017-09-28T01:00:00-00:00,2017-09-28T02:00:00-00:00,2017-09-27,19,0,URBAN_6_N005,URBAN_6_N005,URBAN_6_N005,DAM,MCE,LMP_ENE_PRC,URBAN_6_N005,ALL,1,68.25325,539
2017-09-27T12:00:00-00:00,2017-09-27T13:00:00-00:00,2017-09-27,6,0,URBAN_6_N005,URBAN_6_N005,URBAN_6_N005,DAM,MCE,LMP_ENE_PRC,URBAN_6_N005,ALL,1,30.74482,539
2017-09-28T06:00:00-00:00,2017-09-28T07:00:00-00:00,2017-09-27,24,0,URBAN_6_N005,URBAN_6_N005,URBAN_6_N005,DAM,MCE,LMP_ENE_PRC,URBAN_6_N005,ALL,1,32.30337,539
2017-09-28T04:00:00-00:00,2017-09-28T05:00:00-00:00,2017-09-27,22,0,URBAN_6_N005,URBAN_6_N005,URBAN_6_N005,DAM,MCE,LMP_ENE_PRC,URBAN_6_N005,ALL,1,39.87854,539
2017-09-27T23:00:00-00:00,2017-09-28T00:00:00-00:00,2017-09-27,17,0,URBAN_6_N005,URBAN_6_N005,URBAN_6_N005,DAM,MCE,LMP_ENE_PRC,URBAN_6_N005,ALL,1,41.47461,539
2017-09-27T14:00:00-00:00,2017-09-27T15:00:00-00:00,2017-09-27,8,0,URBAN_6_N005,URBAN_6_N005,URBAN_6_N005,DAM,MCE,LMP_ENE_PRC,URBAN_6_N005,ALL,1,35.56712,539
2017-09-28T05:00:00-00:00,2017-09-28T06:00:00-00:00,2017-09-27,23,0,URBAN_6_N005,URBAN_6_N005,URBAN_6_N005,DAM,MCE,LMP_ENE_PRC,URBAN_6_N005,ALL,1,35.58034,539
2017-09-28T02:00:00-00:00,2017-09-28T03:00:00-00:00,2017-09-27,20,0,URBAN_6_N005,URBAN_6_N005,URBAN_6_N005,DAM,MCE,LMP_ENE_PRC,URBAN_6_N005,ALL,1,75.10921,539
2017-09-27T22:00:00-00:00,2017-09-27T23:00:00-00:00,2017-09-27,16,0,URBAN_6_N005,URBAN_6_N005,URBAN_6_N005,DAM,MCE,LMP_ENE_PRC,URBAN_6_N005,ALL,1,36.89849,539
2017-09-27T08:00:00-00:00,2017-09-27T09:00:00-00:00,2017-09-27,2,0,URBAN_6_N005,URBAN_6_N005,URBAN_6_N005,DAM,MCE,LMP_ENE_PRC,URBAN_6_N005,ALL,1,29.65885,539
2017-09-27T18:00:00-00:00,2017-09-27T19:00:00-00:00,2017-09-27,12,0,URBAN_6_N005,URBAN_6_N005,URBAN_6_N005,DAM,MCE,LMP_ENE_PRC,URBAN_6_N005,ALL,1,27.58952,539
2017-09-27T20:00:00-00:00,2017-09-27T21:00:00-00:00,2017-09-27,14,0,URBAN_6_N005,URBAN_6_N005,URBAN_6_N005,DAM,MCE,LMP_ENE_PRC,URBAN_6_N005,ALL,1,31.31914,539
2017-09-27T13:00:00-00:00,2017-09-27T14:00:00-00:00,2017-09-27,7,0,URBAN_6_N005,URBAN_6_N005,URBAN_6_N005,DAM,MCE,LMP_ENE_PRC,URBAN_6_N005,ALL,1,37.1611,539
2017-09-27T21:00:00-00:00,2017-09-27T22:00:00-00:00,2017-09-27,15,0,URBAN_6_N005,URBAN_6_N005,URBAN_6_N005,DAM,MCE,LMP_ENE_PRC,URBAN_6_N005,ALL,1,35.24013,539
2017-09-27T16:00:00-00:00,2017-09-27T17:00:00-00:00,2017-09-27,10,0,URBAN_6_N005,URBAN_6_N005,URBAN_6_N005,DAM,MCL,LMP_LOSS_PRC,URBAN_6_N005,ALL,1,-0.62918,540
2017-09-27T23:00:00-00:00,2017-09-28T00:00:00-00:00,2017-09-27,17,0,URBAN_6_N005,URBAN_6_N005,URBAN_6_N005,DAM,MCL,LMP_LOSS_PRC,URBAN_6_N005,ALL,1,-0.84193,540
2017-09-28T01:00:00-00:00,2017-09-28T02:00:00-00:00,2017-09-27,19,0,URBAN_6_N005,URBAN_6_N005,URBAN_6_N005,DAM,MCL,LMP_LOSS_PRC,URBAN_6_N005,ALL,1,-1.44014,540
2017-09-28T03:00:00-00:00,2017-09-28T04:00:00-00:00,2017-09-27,21,0,URBAN_6_N005,URBAN_6_N005,URBAN_6_N005,DAM,MCL,LMP_LOSS_PRC,URBAN_6_N005,ALL,1,-0.65368,540
2017-09-27T21:00:00-00:00,2017-09-27T22:00:00-00:00,2017-09-27,15,0,URBAN_6_N005,URBAN_6_N005,URBAN_6_N005,DAM,MCL,LMP_LOSS_PRC,URBAN_6_N005,ALL,1,-0.90215,540
2017-09-27T10:00:00-00:00,2017-09-27T11:00:00-00:00,2017-09-27,4,0,URBAN_6_N005,URBAN_6_N005,URBAN_6_N005,DAM,MCL,LMP_LOSS_PRC,URBAN_6_N005,ALL,1,-0.53661,540
2017-09-27T08:00:00-00:00,2017-09-27T09:00:00-00:00,2017-09-27,2,0,URBAN_6_N005,URBAN_6_N005,URBAN_6_N005,DAM,MCL,LMP_LOSS_PRC,URBAN_6_N005,ALL,1,-0.59614,540
2017-09-27T09:00:00-00:00,2017-09-27T10:00:00-00:00,2017-09-27,3,0,URBAN_6_N005,URBAN_6_N005,URBAN_6_N005,DAM,MCL,LMP_LOSS_PRC,URBAN_6_N005,ALL,1,-0.59236,540
2017-09-28T04:00:00-00:00,2017-09-28T05:00:00-00:00,2017-09-27,22,0,URBAN_6_N005,URBAN_6_N005,URBAN_6_N005,DAM,MCL,LMP_LOSS_PRC,URBAN_6_N005,ALL,1,-0.37087,540
2017-09-27T20:00:00-00:00,2017-09-27T21:00:00-00:00,2017-09-27,14,0,URBAN_6_N005,URBAN_6_N005,URBAN_6_N005,DAM,MCL,LMP_LOSS_PRC,URBAN_6_N005,ALL,1,-0.71094,540
2017-09-27T17:00:00-00:00,2017-09-27T18:00:00-00:00,2017-09-27,11,0,URBAN_6_N005,URBAN_6_N005,URBAN_6_N005,DAM,MCL,LMP_LOSS_PRC,URBAN_6_N005,ALL,1,-0.61764,540
2017-09-27T22:00:00-00:00,2017-09-27T23:00:00-00:00,2017-09-27,16,0,URBAN_6_N005,URBAN_6_N005,URBAN_6_N005,DAM,MCL,LMP_LOSS_PRC,URBAN_6_N005,ALL,1,-0.8708,540
2017-09-28T00:00:00-00:00,2017-09-28T01:00:00-00:00,2017-09-27,18,0,URBAN_6_N005,URBAN_6_N005,URBAN_6_N005,DAM,MCL,LMP_LOSS_PRC,URBAN_6_N005,ALL,1,-0.89307,540
2017-09-27T15:00:00-00:00,2017-09-27T16:00:00-00:00,2017-09-27,9,0,URBAN_6_N005,URBAN_6_N005,URBAN_6_N005,DAM,MCL,LMP_LOSS_PRC,URBAN_6_N005,ALL,1,-0.49875,540
2017-09-27T11:00:00-00:00,2017-09-27T12:00:00-00:00,2017-09-27,5,0,URBAN_6_N005,URBAN_6_N005,URBAN_6_N005,DAM,MCL,LMP_LOSS_PRC,URBAN_6_N005,ALL,1,-0.46092,540
2017-09-27T12:00:00-00:00,2017-09-27T13:00:00-00:00,2017-09-27,6,0,URBAN_6_N005,URBAN_6_N005,URBAN_6_N005,DAM,MCL,LMP_LOSS_PRC,URBAN_6_N005,ALL,1,-0.37201,540
2017-09-27T18:00:00-00:00,2017-09-27T19:00:00-00:00,2017-09-27,12,0,URBAN_6_N005,URBAN_6_N005,URBAN_6_N005,DAM,MCL,LMP_LOSS_PRC,URBAN_6_N005,ALL,1,-0.75319,540
2017-09-27T19:00:00-00:00,2017-09-27T20:00:00-00:00,2017-09-27,13,0,URBAN_6_N005,URBAN_6_N005,URBAN_6_N005,DAM,MCL,LMP_LOSS_PRC,URBAN_6_N005,ALL,1,-0.74449,540
2017-09-28T06:00:00-00:00,2017-09-28T07:00:00-00:00,2017-09-27,24,0,URBAN_6_N005,URBAN_6_N005,URBAN_6_N005,DAM,MCL,LMP_LOSS_PRC,URBAN_6_N005,ALL,1,-0.52654,540
2017-09-27T13:00:00-00:00,2017-09-27T14:00:00-00:00,2017-09-27,7,0,URBAN_6_N005,URBAN_6_N005,URBAN_6_N005,DAM,MCL,LMP_LOSS_PRC,URBAN_6_N005,ALL,1,-0.49424,540
2017-09-28T02:00:00-00:00,2017-09-28T03:00:00-00:00,2017-09-27,20,0,URBAN_6_N005,URBAN_6_N005,URBAN_6_N005,DAM,MCL,LMP_LOSS_PRC,URBAN_6_N005,ALL,1,-1.32943,540
2017-09-28T05:00:00-00:00,2017-09-28T06:00:00-00:00,2017-09-27,23,0,URBAN_6_N005,URBAN_6_N005,URBAN_6_N005,DAM,MCL,LMP_LOSS_PRC,URBAN_6_N005,ALL,1,-0.48033,540
2017-09-27T07:00:00-00:00,2017-09-27T08:00:00-00:00,2017-09-27,1,0,URBAN_6_N005,URBAN_6_N005,URBAN_6_N005,DAM,MCL,LMP_LOSS_PRC,URBAN_6_N005,ALL,1,-0.53388,540
2017-09-27T14:00:00-00:00,2017-09-27T15:00:00-00:00,2017-09-27,8,0,URBAN_6_N005,URBAN_6_N005,URBAN_6_N005,DAM,MCL,LMP_LOSS_PRC,URBAN_6_N005,ALL,1,-0.68645,540
2017-09-28T15:00:00-00:00,2017-09-28T16:00:00-00:00,2017-09-28,9,0,BAYSHOR2_1_N001,BAYSHOR2_1_N001,BAYSHOR2_1_N001,DAM,LMP,LMP_PRC,BAYSHOR2_1_N001,ALL,1,29.62507,541
2017-09-29T01:00:00-00:00,2017-09-29T02:00:00-00:00,2017-09-28,19,0,BAYSHOR2_1_N001,BAYSHOR2_1_N001,BAYSHOR2_1_N001,DAM,LMP,LMP_PRC,BAYSHOR2_1_N001,ALL,1,72.28046,541
2017-09-28T23:00:00-00:00,2017-09-29T00:00:00-00:00,2017-09-28,17,0,BAYSHOR2_1_N001,BAYSHOR2_1_N001,BAYSHOR2_1_N001,DAM,LMP,LMP_PRC,BAYSHOR2_1_N001,ALL,1,48.43061,541
2017-09-28T10:00:00-00:00,2017-09-28T11:00:00-00:00,2017-09-28,4,0,BAYSHOR2_1_N001,BAYSHOR2_1_N001,BAYSHOR2_1_N001,DAM,LMP,LMP_PRC,BAYSHOR2_1_N001,ALL,1,28.84131,541
2017-09-28T17:00:00-00:00,2017-09-28T18:00:00-00:00,2017-09-28,11,0,BAYSHOR2_1_N001,BAYSHOR2_1_N001,BAYSHOR2_1_N001,DAM,LMP,LMP_PRC,BAYSHOR2_1_N001,ALL,1,29.40093,541
2017-09-28T22:00:00-00:00,2017-09-28T23:00:00-00:00,2017-09-28,16,0,BAYSHOR2_1_N001,BAYSHOR2_1_N001,BAYSHOR2_1_N001,DAM,LMP,LMP_PRC,BAYSHOR2_1_N001,ALL,1,41.32488,541
2017-09-28T13:00:00-00:00,2017-09-28T14:00:00-00:00,2017-09-28,7,0,BAYSHOR2_1_N001,BAYSHOR2_1_N001,BAYSHOR2_1_N001,DAM,LMP,LMP_PRC,BAYSHOR2_1_N001,ALL,1,37.28906,541
2017-09-29T02:00:00-00:00,2017-09-29T03:00:00-00:00,2017-09-28,20,0,BAYSHOR2_1_N001,BAYSHOR2_1_N001,BAYSHOR2_1_N001,DAM,LMP,LMP_PRC,BAYSHOR2_1_N001,ALL,1,75.62775,541
2017-09-29T04:00:00-00:00,2017-09-29T05:00:00-00:00,2017-09-28,22,0,BAYSHOR2_1_N001,BAYSHOR2_1_N001,BAYSHOR2_1_N001,DAM,LMP,LMP_PRC,BAYSHOR2_1_N001,ALL,1,43.36731,541
2017-09-29T05:00:00-00:00,2017-09-29T06:00:00-00:00,2017-09-28,23,0,BAYSHOR2_1_N001,BAYSHOR2_1_N001,BAYSHOR2_1_N001,DAM,LMP,LMP_PRC,BAYSHOR2_1_N001,ALL,1,36.98558,541
2017-09-28T09:00:00-00:00,2017-09-28T10:00:00-00:00,2017-09-28,3,0,BAYSHOR2_1_N001,BAYSHOR2_1_N001,BAYSHOR2_1_N001,DAM,LMP,LMP_PRC,BAYSHOR2_1_N001,ALL,1,29.57323,541
2017-09-28T19:00:00-00:00,2017-09-28T20:00:00-00:00,2017-09-28,13,0,BAYSHOR2_1_N001,BAYSHOR2_1_N001,BAYSHOR2_1_N001,DAM,LMP,LMP_PRC,BAYSHOR2_1_N001,ALL,1,36.28598,541
2017-09-28T20:00:00-00:00,2017-09-28T21:00:00-00:00,2017-09-28,14,0,BAYSHOR2_1_N001,BAYSHOR2_1_N001,BAYSHOR2_1_N001,DAM,LMP,LMP_PRC,BAYSHOR2_1_N001,ALL,1,37.21376,541
2017-09-29T03:00:00-00:00,2017-09-29T04:00:00-00:00,2017-09-28,21,0,BAYSHOR2_1_N001,BAYSHOR2_1_N001,BAYSHOR2_1_N001,DAM,LMP,LMP_PRC,BAYSHOR2_1_N001,ALL,1,53.60194,541
2017-09-28T07:00:00-00:00,2017-09-28T08:00:00-00:00,2017-09-28,1,0,BAYSHOR2_1_N001,BAYSHOR2_1_N001,BAYSHOR2_1_N001,DAM,LMP,LMP_PRC,BAYSHOR2_1_N001,ALL,1,31.11246,541
2017-09-28T08:00:00-00:00,2017-09-28T09:00:00-00:00,2017-09-28,2,0,BAYSHOR2_1_N001,BAYSHOR2_1_N001,BAYSHOR2_1_N001,DAM,LMP,LMP_PRC,BAYSHOR2_1_N001,ALL,1,30.13298,541
2017-09-28T12:00:00-00:00,2017-09-28T13:00:00-00:00,2017-09-28,6,0,BAYSHOR2_1_N001,BAYSHOR2_1_N001,BAYSHOR2_1_N001,DAM,LMP,LMP_PRC,BAYSHOR2_1_N001,ALL,1,30.95323,541
2017-09-29T00:00:00-00:00,2017-09-29T01:00:00-00:00,2017-09-28,18,0,BAYSHOR2_1_N001,BAYSHOR2_1_N001,BAYSHOR2_1_N001,DAM,LMP,LMP_PRC,BAYSHOR2_1_N001,ALL,1,54.43761,541
2017-09-28T16:00:00-00:00,2017-09-28T17:00:00-00:00,2017-09-28,10,0,BAYSHOR2_1_N001,BAYSHOR2_1_N001,BAYSHOR2_1_N001,DAM,LMP,LMP_PRC,BAYSHOR2_1_N001,ALL,1,28.31465,541
2017-09-28T21:00:00-00:00,2017-09-28T22:00:00-00:00,2017-09-28,15,0,BAYSHOR2_1_N001,BAYSHOR2_1_N001,BAYSHOR2_1_N001,DAM,LMP,LMP_PRC,BAYSHOR2_1_N001,ALL,1,44.33153,541
2017-09-29T06:00:00-00:00,2017-09-29T07:00:00-00:00,2017-09-28,24,0,BAYSHOR2_1_N001,BAYSHOR2_1_N001,BAYSHOR2_1_N001,DAM,LMP,LMP_PRC,BAYSHOR2_1_N001,ALL,1,34.14569,541
2017-09-28T11:00:00-00:00,2017-09-28T12:00:00-00:00,2017-09-28,5,0,BAYSHOR2_1_N001,BAYSHOR2_1_N001,BAYSHOR2_1_N001,DAM,LMP,LMP_PRC,BAYSHOR2_1_N001,ALL,1,29.03974,541
2017-09-28T14:00:00-00:00,2017-09-28T15:00:00-00:00,2017-09-28,8,0,BAYSHOR2_1_N001,BAYSHOR2_1_N001,BAYSHOR2_1_N001,DAM,LMP,LMP_PRC,BAYSHOR2_1_N001,ALL,1,36.98874,541
2017-09-28T18:00:00-00:00,2017-09-28T19:00:00-00:00,2017-09-28,12,0,BAYSHOR2_1_N001,BAYSHOR2_1_N001,BAYSHOR2_1_N001,DAM,LMP,LMP_PRC,BAYSHOR2_1_N001,ALL,1,31.61787,541
2017-09-28T13:00:00-00:00,2017-09-28T14:00:00-00:00,2017-09-28,7,0,BAYSHOR2_1_N001,BAYSHOR2_1_N001,BAYSHOR2_1_N001,DAM,MCC,LMP_CONG_PRC,BAYSHOR2_1_N001,ALL,1,0,542
2017-09-28T14:00:00-00:00,2017-09-28T15:00:00-00:00,2017-09-28,8,0,BAYSHOR2_1_N001,BAYSHOR2_1_N001,BAYSHOR2_1_N001,DAM,MCC,LMP_CONG_PRC,BAYSHOR2_1_N001,ALL,1,0,542
2017-09-28T15:00:00-00:00,2017-09-28T16:00:00-00:00,2017-09-28,9,0,BAYSHOR2_1_N001,BAYSHOR2_1_N001,BAYSHOR2_1_N001,DAM,MCC,LMP_CONG_PRC,BAYSHOR2_1_N001,ALL,1,2.43892,542
2017-09-28T16:00:00-00:00,2017-09-28T17:00:00-00:00,2017-09-28,10,0,BAYSHOR2_1_N001,BAYSHOR2_1_N001,BAYSHOR2_1_N001,DAM,MCC,LMP_CONG_PRC,BAYSHOR2_1_N001,ALL,1,5.72909,542
2017-09-28T19:00:00-00:00,2017-09-28T20:00:00-00:00,2017-09-28,13,0,BAYSHOR2_1_N001,BAYSHOR2_1_N001,BAYSHOR2_1_N001,DAM,MCC,LMP_CONG_PRC,BAYSHOR2_1_N001,ALL,1,6.1686,542
2017-09-29T02:00:00-00:00,2017-09-29T03:00:00-00:00,2017-09-28,20,0,BAYSHOR2_1_N001,BAYSHOR2_1_N001,BAYSHOR2_1_N001,DAM,MCC,LMP_CONG_PRC,BAYSHOR2_1_N001,ALL,1,0,542
2017-09-28T07:00:00-00:00,2017-09-28T08:00:00-00:00,2017-09-28,1,0,BAYSHOR2_1_N001,BAYSHOR2_1_N001,BAYSHOR2_1_N001,DAM,MCC,LMP_CONG_PRC,BAYSHOR2_1_N001,ALL,1,0,542
2017-09-28T23:00:00-00:00,2017-09-29T00:00:00-00:00,2017-09-28,17,0,BAYSHOR2_1_N001,BAYSHOR2_1_N001,BAYSHOR2_1_N001,DAM,MCC,LMP_CONG_PRC,BAYSHOR2_1_N001,ALL,1,2.36623,542
2017-09-28T22:00:00-00:00,2017-09-28T23:00:00-00:00,2017-09-28,16,0,BAYSHOR2_1_N001,BAYSHOR2_1_N001,BAYSHOR2_1_N001,DAM,MCC,LMP_CONG_PRC,BAYSHOR2_1_N001,ALL,1,1.54022,542
2017-09-29T06:00:00-00:00,2017-09-29T07:00:00-00:00,2017-09-28,24,0,BAYSHOR2_1_N001,BAYSHOR2_1_N001,BAYSHOR2_1_N001,DAM,MCC,LMP_CONG_PRC,BAYSHOR2_1_N001,ALL,1,0,542
2017-09-28T10:00:00-00:00,2017-09-28T11:00:00-00:00,2017-09-28,4,0,BAYSHOR2_1_N001,BAYSHOR2_1_N001,BAYSHOR2_1_N001,DAM,MCC,LMP_CONG_PRC,BAYSHOR2_1_N001,ALL,1,0,542
2017-09-28T20:00:00-00:00,2017-09-28T21:00:00-00:00,2017-09-28,14,0,BAYSHOR2_1_N001,BAYSHOR2_1_N001,BAYSHOR2_1_N001,DAM,MCC,LMP_CONG_PRC,BAYSHOR2_1_N001,ALL,1,4.15762,542
2017-09-29T04:00:00-00:00,2017-09-29T05:00:00-00:00,2017-09-28,22,0,BAYSHOR2_1_N001,BAYSHOR2_1_N001,BAYSHOR2_1_N001,DAM,MCC,LMP_CONG_PRC,BAYSHOR2_1_N001,ALL,1,0,542
2017-09-28T08:00:00-00:00,2017-09-28T09:00:00-00:00,2017-09-28,2,0,BAYSHOR2_1_N001,BAYSHOR2_1_N001,BAYSHOR2_1_N001,DAM,MCC,LMP_CONG_PRC,BAYSHOR2_1_N001,ALL,1,0,542
2017-09-28T21:00:00-00:00,2017-09-28T22:00:00-00:00,2017-09-28,15,0,BAYSHOR2_1_N001,BAYSHOR2_1_N001,BAYSHOR2_1_N001,DAM,MCC,LMP_CONG_PRC,BAYSHOR2_1_N001,ALL,1,6.16783,542
2017-09-28T09:00:00-00:00,2017-09-28T10:00:00-00:00,2017-09-28,3,0,BAYSHOR2_1_N001,BAYSHOR2_1_N001,BAYSHOR2_1_N001,DAM,MCC,LMP_CONG_PRC,BAYSHOR2_1_N001,ALL,1,0,542
2017-09-28T18:00:00-00:00,2017-09-28T19:00:00-00:00,2017-09-28,12,0,BAYSHOR2_1_N001,BAYSHOR2_1_N001,BAYSHOR2_1_N001,DAM,MCC,LMP_CONG_PRC,BAYSHOR2_1_N001,ALL,1,4.33909,542
2017-09-29T01:00:00-00:00,2017-09-29T02:00:00-00:00,2017-09-28,19,0,BAYSHOR2_1_N001,BAYSHOR2_1_N001,BAYSHOR2_1_N001,DAM,MCC,LMP_CONG_PRC,BAYSHOR2_1_N001,ALL,1,0,542
2017-09-28T17:00:00-00:00,2017-09-28T18:00:00-00:00,2017-09-28,11,0,BAYSHOR2_1_N001,BAYSHOR2_1_N001,BAYSHOR2_1_N001,DAM,MCC,LMP_CONG_PRC,BAYSHOR2_1_N001,ALL,1,5.35263,542
2017-09-29T03:00:00-00:00,2017-09-29T04:00:00-00:00,2017-09-28,21,0,BAYSHOR2_1_N001,BAYSHOR2_1_N001,BAYSHOR2_1_N001,DAM,MCC,LMP_CONG_PRC,BAYSHOR2_1_N001,ALL,1,0,542
2017-09-29T05:00:00-00:00,2017-09-29T06:00:00-00:00,2017-09-28,23,0,BAYSHOR2_1_N001,BAYSHOR2_1_N001,BAYSHOR2_1_N001,DAM,MCC,LMP_CONG_PRC,BAYSHOR2_1_N001,ALL,1,0,542
2017-09-29T00:00:00-00:00,2017-09-29T01:00:00-00:00,2017-09-28,18,0,BAYSHOR2_1_N001,BAYSHOR2_1_N001,BAYSHOR2_1_N001,DAM,MCC,LMP_CONG_PRC,BAYSHOR2_1_N001,ALL,1,0,542
2017-09-28T11:00:00-00:00,2017-09-28T12:00:00-00:00,2017-09-28,5,0,BAYSHOR2_1_N001,BAYSHOR2_1_N001,BAYSHOR2_1_N001,DAM,MCC,LMP_CONG_PRC,BAYSHOR2_1_N001,ALL,1,0,542
2017-09-28T12:00:00-00:00,2017-09-28T13:00:00-00:00,2017-09-28,6,0,BAYSHOR2_1_N001,BAYSHOR2_1_N001,BAYSHOR2_1_N001,DAM,MCC,LMP_CONG_PRC,BAYSHOR2_1_N001,ALL,1,0,542
2017-09-28T18:00:00-00:00,2017-09-28T19:00:00-00:00,2017-09-28,12,0,BAYSHOR2_1_N001,BAYSHOR2_1_N001,BAYSHOR2_1_N001,DAM,MCE,LMP_ENE_PRC,BAYSHOR2_1_N001,ALL,1,24.92351,543
2017-09-28T09:00:00-00:00,2017-09-28T10:00:00-00:00,2017-09-28,3,0,BAYSHOR2_1_N001,BAYSHOR2_1_N001,BAYSHOR2_1_N001,DAM,MCE,LMP_ENE_PRC,BAYSHOR2_1_N001,ALL,1,28.39212,543
2017-09-28T13:00:00-00:00,2017-09-28T14:00:00-00:00,2017-09-28,7,0,BAYSHOR2_1_N001,BAYSHOR2_1_N001,BAYSHOR2_1_N001,DAM,MCE,LMP_ENE_PRC,BAYSHOR2_1_N001,ALL,1,35.44925,543
2017-09-29T01:00:00-00:00,2017-09-29T02:00:00-00:00,2017-09-28,19,0,BAYSHOR2_1_N001,BAYSHOR2_1_N001,BAYSHOR2_1_N001,DAM,MCE,LMP_ENE_PRC,BAYSHOR2_1_N001,ALL,1,68.47983,543
2017-09-28T12:00:00-00:00,2017-09-28T13:00:00-00:00,2017-09-28,6,0,BAYSHOR2_1_N001,BAYSHOR2_1_N001,BAYSHOR2_1_N001,DAM,MCE,LMP_ENE_PRC,BAYSHOR2_1_N001,ALL,1,29.60615,543
2017-09-28T10:00:00-00:00,2017-09-28T11:00:00-00:00,2017-09-28,4,0,BAYSHOR2_1_N001,BAYSHOR2_1_N001,BAYSHOR2_1_N001,DAM,MCE,LMP_ENE_PRC,BAYSHOR2_1_N001,ALL,1,27.73203,543
2017-09-28T07:00:00-00:00,2017-09-28T08:00:00-00:00,2017-09-28,1,0,BAYSHOR2_1_N001,BAYSHOR2_1_N001,BAYSHOR2_1_N001,DAM,MCE,LMP_ENE_PRC,BAYSHOR2_1_N001,ALL,1,29.69596,543
2017-09-28T19:00:00-00:00,2017-09-28T20:00:00-00:00,2017-09-28,13,0,BAYSHOR2_1_N001,BAYSHOR2_1_N001,BAYSHOR2_1_N001,DAM,MCE,LMP_ENE_PRC,BAYSHOR2_1_N001,ALL,1,27.44681,543
2017-09-29T02:00:00-00:00,2017-09-29T03:00:00-00:00,2017-09-28,20,0,BAYSHOR2_1_N001,BAYSHOR2_1_N001,BAYSHOR2_1_N001,DAM,MCE,LMP_ENE_PRC,BAYSHOR2_1_N001,ALL,1,72.17766,543
2017-09-28T16:00:00-00:00,2017-09-28T17:00:00-00:00,2017-09-28,10,0,BAYSHOR2_1_N001,BAYSHOR2_1_N001,BAYSHOR2_1_N001,DAM,MCE,LMP_ENE_PRC,BAYSHOR2_1_N001,ALL,1,20.66571,543
2017-09-28T15:00:00-00:00,2017-09-28T16:00:00-00:00,2017-09-28,9,0,BAYSHOR2_1_N001,BAYSHOR2_1_N001,BAYSHOR2_1_N001,DAM,MCE,LMP_ENE_PRC,BAYSHOR2_1_N001,ALL,1,24.99187,543
2017-09-28T21:00:00-00:00,2017-09-28T22:00:00-00:00,2017-09-28,15,0,BAYSHOR2_1_N001,BAYSHOR2_1_N001,BAYSHOR2_1_N001,DAM,MCE,LMP_ENE_PRC,BAYSHOR2_1_N001,ALL,1,35.06403,543
2017-09-28T08:00:00-00:00,2017-09-28T09:00:00-00:00,2017-09-28,2,0,BAYSHOR2_1_N001,BAYSHOR2_1_N001,BAYSHOR2_1_N001,DAM,MCE,LMP_ENE_PRC,BAYSHOR2_1_N001,ALL,1,28.863,543
2017-09-29T00:00:00-00:00,2017-09-29T01:00:00-00:00,2017-09-28,18,0,BAYSHOR2_1_N001,BAYSHOR2_1_N001,BAYSHOR2_1_N001,DAM,MCE,LMP_ENE_PRC,BAYSHOR2_1_N001,ALL,1,50.73402,543
2017-09-28T17:00:00-00:00,2017-09-28T18:00:00-00:00,2017-09-28,11,0,BAYSHOR2_1_N001,BAYSHOR2_1_N001,BAYSHOR2_1_N001,DAM,MCE,LMP_ENE_PRC,BAYSHOR2_1_N001,ALL,1,21.93588,543
2017-09-29T06:00:00-00:00,2017-09-29T07:00:00-00:00,2017-09-28,24,0,BAYSHOR2_1_N001,BAYSHOR2_1_N001,BAYSHOR2_1_N001,DAM,MCE,LMP_ENE_PRC,BAYSHOR2_1_N001,ALL,1,32.60043,543
2017-09-28T14:00:00-00:00,2017-09-28T15:00:00-00:00,2017-09-28,8,0,BAYSHOR2_1_N001,BAYSHOR2_1_N001,BAYSHOR2_1_N001,DAM,MCE,LMP_ENE_PRC,BAYSHOR2_1_N001,ALL,1,34.71492,543
2017-09-28T22:00:00-00:00,2017-09-28T23:00:00-00:00,2017-09-28,16,0,BAYSHOR2_1_N001,BAYSHOR2_1_N001,BAYSHOR2_1_N001,DAM,MCE,LMP_ENE_PRC,BAYSHOR2_1_N001,ALL,1,36.46289,543
2017-09-28T20:00:00-00:00,2017-09-28T21:00:00-00:00,2017-09-28,14,0,BAYSHOR2_1_N001,BAYSHOR2_1_N001,BAYSHOR2_1_N001,DAM,MCE,LMP_ENE_PRC,BAYSHOR2_1_N001,ALL,1,30.13596,543
2017-09-29T03:00:00-00:00,2017-09-29T04:00:00-00:00,2017-09-28,21,0,BAYSHOR2_1_N001,BAYSHOR2_1_N001,BAYSHOR2_1_N001,DAM,MCE,LMP_ENE_PRC,BAYSHOR2_1_N001,ALL,1,51.54528,543
2017-09-28T11:00:00-00:00,2017-09-28T12:00:00-00:00,2017-09-28,5,0,BAYSHOR2_1_N001,BAYSHOR2_1_N001,BAYSHOR2_1_N001,DAM,MCE,LMP_ENE_PRC,BAYSHOR2_1_N001,ALL,1,27.86121,543
2017-09-28T23:00:00-00:00,2017-09-29T00:00:00-00:00,2017-09-28,17,0,BAYSHOR2_1_N001,BAYSHOR2_1_N001,BAYSHOR2_1_N001,DAM,MCE,LMP_ENE_PRC,BAYSHOR2_1_N001,ALL,1,42.38924,543
2017-09-29T05:00:00-00:00,2017-09-29T06:00:00-00:00,2017-09-28,23,0,BAYSHOR2_1_N001,BAYSHOR2_1_N001,BAYSHOR2_1_N001,DAM,MCE,LMP_ENE_PRC,BAYSHOR2_1_N001,ALL,1,35.12067,543
2017-09-29T04:00:00-00:00,2017-09-29T05:00:00-00:00,2017-09-28,22,0,BAYSHOR2_1_N001,BAYSHOR2_1_N001,BAYSHOR2_1_N001,DAM,MCE,LMP_ENE_PRC,BAYSHOR2_1_N001,ALL,1,41.69132,543
2017-09-28T07:00:00-00:00,2017-09-28T08:00:00-00:00,2017-09-28,1,0,BAYSHOR2_1_N001,BAYSHOR2_1_N001,BAYSHOR2_1_N001,DAM,MCL,LMP_LOSS_PRC,BAYSHOR2_1_N001,ALL,1,1.4165,544
2017-09-29T03:00:00-00:00,2017-09-29T04:00:00-00:00,2017-09-28,21,0,BAYSHOR2_1_N001,BAYSHOR2_1_N001,BAYSHOR2_1_N001,DAM,MCL,LMP_LOSS_PRC,BAYSHOR2_1_N001,ALL,1,2.05666,544
2017-09-28T13:00:00-00:00,2017-09-28T14:00:00-00:00,2017-09-28,7,0,BAYSHOR2_1_N001,BAYSHOR2_1_N001,BAYSHOR2_1_N001,DAM,MCL,LMP_LOSS_PRC,BAYSHOR2_1_N001,ALL,1,1.83982,544
2017-09-28T12:00:00-00:00,2017-09-28T13:00:00-00:00,2017-09-28,6,0,BAYSHOR2_1_N001,BAYSHOR2_1_N001,BAYSHOR2_1_N001,DAM,MCL,LMP_LOSS_PRC,BAYSHOR2_1_N001,ALL,1,1.34708,544
2017-09-29T02:00:00-00:00,2017-09-29T03:00:00-00:00,2017-09-28,20,0,BAYSHOR2_1_N001,BAYSHOR2_1_N001,BAYSHOR2_1_N001,DAM,MCL,LMP_LOSS_PRC,BAYSHOR2_1_N001,ALL,1,3.45009,544
2017-09-28T17:00:00-00:00,2017-09-28T18:00:00-00:00,2017-09-28,11,0,BAYSHOR2_1_N001,BAYSHOR2_1_N001,BAYSHOR2_1_N001,DAM,MCL,LMP_LOSS_PRC,BAYSHOR2_1_N001,ALL,1,2.11242,544
2017-09-28T15:00:00-00:00,2017-09-28T16:00:00-00:00,2017-09-28,9,0,BAYSHOR2_1_N001,BAYSHOR2_1_N001,BAYSHOR2_1_N001,DAM,MCL,LMP_LOSS_PRC,BAYSHOR2_1_N001,ALL,1,2.19429,544
2017-09-28T09:00:00-00:00,2017-09-28T10:00:00-00:00,2017-09-28,3,0,BAYSHOR2_1_N001,BAYSHOR2_1_N001,BAYSHOR2_1_N001,DAM,MCL,LMP_LOSS_PRC,BAYSHOR2_1_N001,ALL,1,1.18111,544
2017-09-28T19:00:00-00:00,2017-09-28T20:00:00-00:00,2017-09-28,13,0,BAYSHOR2_1_N001,BAYSHOR2_1_N001,BAYSHOR2_1_N001,DAM,MCL,LMP_LOSS_PRC,BAYSHOR2_1_N001,ALL,1,2.67057,544
2017-09-29T01:00:00-00:00,2017-09-29T02:00:00-00:00,2017-09-28,19,0,BAYSHOR2_1_N001,BAYSHOR2_1_N001,BAYSHOR2_1_N001,DAM,MCL,LMP_LOSS_PRC,BAYSHOR2_1_N001,ALL,1,3.80063,544
2017-09-28T20:00:00-00:00,2017-09-28T21:00:00-00:00,2017-09-28,14,0,BAYSHOR2_1_N001,BAYSHOR2_1_N001,BAYSHOR2_1_N001,DAM,MCL,LMP_LOSS_PRC,BAYSHOR2_1_N001,ALL,1,2.92017,544
2017-09-28T14:00:00-00:00,2017-09-28T15:00:00-00:00,2017-09-28,8,0,BAYSHOR2_1_N001,BAYSHOR2_1_N001,BAYSHOR2_1_N001,DAM,MCL,LMP_LOSS_PRC,BAYSHOR2_1_N001,ALL,1,2.27383,544
2017-09-29T06:00:00-00:00,2017-09-29T07:00:00-00:00,2017-09-28,24,0,BAYSHOR2_1_N001,BAYSHOR2_1_N001,BAYSHOR2_1_N001,DAM,MCL,LMP_LOSS_PRC,BAYSHOR2_1_N001,ALL,1,1.54526,544
2017-09-29T04:00:00-00:00,2017-09-29T05:00:00-00:00,2017-09-28,22,0,BAYSHOR2_1_N001,BAYSHOR2_1_N001,BAYSHOR2_1_N001,DAM,MCL,LMP_LOSS_PRC,BAYSHOR2_1_N001,ALL,1,1.67599,544
2017-09-29T05:00:00-00:00,2017-09-29T06:00:00-00:00,2017-09-28,23,0,BAYSHOR2_1_N001,BAYSHOR2_1_N001,BAYSHOR2_1_N001,DAM,MCL,LMP_LOSS_PRC,BAYSHOR2_1_N001,ALL,1,1.86491,544
2017-09-29T00:00:00-00:00,2017-09-29T01:00:00-00:00,2017-09-28,18,0,BAYSHOR2_1_N001,BAYSHOR2_1_N001,BAYSHOR2_1_N001,DAM,MCL,LMP_LOSS_PRC,BAYSHOR2_1_N001,ALL,1,3.70358,544
2017-09-28T23:00:00-00:00,2017-09-29T00:00:00-00:00,2017-09-28,17,0,BAYSHOR2_1_N001,BAYSHOR2_1_N001,BAYSHOR2_1_N001,DAM,MCL,LMP_LOSS_PRC,BAYSHOR2_1_N001,ALL,1,3.67515,544
2017-09-28T08:00:00-00:00,2017-09-28T09:00:00-00:00,2017-09-28,2,0,BAYSHOR2_1_N001,BAYSHOR2_1_N001,BAYSHOR2_1_N001,DAM,MCL,LMP_LOSS_PRC,BAYSHOR2_1_N001,ALL,1,1.26997,544
2017-09-28T21:00:00-00:00,2017-09-28T22:00:00-00:00,2017-09-28,15,0,BAYSHOR2_1_N001,BAYSHOR2_1_N001,BAYSHOR2_1_N001,DAM,MCL,LMP_LOSS_PRC,BAYSHOR2_1_N001,ALL,1,3.09966,544
2017-09-28T16:00:00-00:00,2017-09-28T17:00:00-00:00,2017-09-28,10,0,BAYSHOR2_1_N001,BAYSHOR2_1_N001,BAYSHOR2_1_N001,DAM,MCL,LMP_LOSS_PRC,BAYSHOR2_1_N001,ALL,1,1.91984,544
2017-09-28T11:00:00-00:00,2017-09-28T12:00:00-00:00,2017-09-28,5,0,BAYSHOR2_1_N001,BAYSHOR2_1_N001,BAYSHOR2_1_N001,DAM,MCL,LMP_LOSS_PRC,BAYSHOR2_1_N001,ALL,1,1.17853,544
2017-09-28T10:00:00-00:00,2017-09-28T11:00:00-00:00,2017-09-28,4,0,BAYSHOR2_1_N001,BAYSHOR2_1_N001,BAYSHOR2_1_N001,DAM,MCL,LMP_LOSS_PRC,BAYSHOR2_1_N001,ALL,1,1.10928,544
2017-09-28T18:00:00-00:00,2017-09-28T19:00:00-00:00,2017-09-28,12,0,BAYSHOR2_1_N001,BAYSHOR2_1_N001,BAYSHOR2_1_N001,DAM,MCL,LMP_LOSS_PRC,BAYSHOR2_1_N001,ALL,1,2.35527,544
2017-09-28T22:00:00-00:00,2017-09-28T23:00:00-00:00,2017-09-28,16,0,BAYSHOR2_1_N001,BAYSHOR2_1_N001,BAYSHOR2_1_N001,DAM,MCL,LMP_LOSS_PRC,BAYSHOR2_1_N001,ALL,1,3.32177,544
2017-09-29T02:00:00-00:00,2017-09-29T03:00:00-00:00,2017-09-28,20,0,TH_NP15_GEN-APND,TH_NP15_GEN-APND,TH_NP15_GEN-APND,DAM,LMP,LMP_PRC,TH_NP15_GEN-APND,ALL_APNODES,0,71.32596,545
2017-09-29T01:00:00-00:00,2017-09-29T02:00:00-00:00,2017-09-28,19,0,TH_NP15_GEN-APND,TH_NP15_GEN-APND,TH_NP15_GEN-APND,DAM,LMP,LMP_PRC,TH_NP15_GEN-APND,ALL_APNODES,0,68.03471,545
2017-09-29T03:00:00-00:00,2017-09-29T04:00:00-00:00,2017-09-28,21,0,TH_NP15_GEN-APND,TH_NP15_GEN-APND,TH_NP15_GEN-APND,DAM,LMP,LMP_PRC,TH_NP15_GEN-APND,ALL_APNODES,0,50.72571,545
2017-09-28T20:00:00-00:00,2017-09-28T21:00:00-00:00,2017-09-28,14,0,TH_NP15_GEN-APND,TH_NP15_GEN-APND,TH_NP15_GEN-APND,DAM,LMP,LMP_PRC,TH_NP15_GEN-APND,ALL_APNODES,0,30.98666,545
2017-09-28T15:00:00-00:00,2017-09-28T16:00:00-00:00,2017-09-28,9,0,TH_NP15_GEN-APND,TH_NP15_GEN-APND,TH_NP15_GEN-APND,DAM,LMP,LMP_PRC,TH_NP15_GEN-APND,ALL_APNODES,0,26.91762,545
2017-09-28T23:00:00-00:00,2017-09-29T00:00:00-00:00,2017-09-28,17,0,TH_NP15_GEN-APND,TH_NP15_GEN-APND,TH_NP15_GEN-APND,DAM,LMP,LMP_PRC,TH_NP15_GEN-APND,ALL_APNODES,0,43.26739,545
2017-09-28T19:00:00-00:00,2017-09-28T20:00:00-00:00,2017-09-28,13,0,TH_NP15_GEN-APND,TH_NP15_GEN-APND,TH_NP15_GEN-APND,DAM,LMP,LMP_PRC,TH_NP15_GEN-APND,ALL_APNODES,0,28.90952,545
2017-09-28T17:00:00-00:00,2017-09-28T18:00:00-00:00,2017-09-28,11,0,TH_NP15_GEN-APND,TH_NP15_GEN-APND,TH_NP15_GEN-APND,DAM,LMP,LMP_PRC,TH_NP15_GEN-APND,ALL_APNODES,0,24.71082,545
2017-09-28T16:00:00-00:00,2017-09-28T17:00:00-00:00,2017-09-28,10,0,TH_NP15_GEN-APND,TH_NP15_GEN-APND,TH_NP15_GEN-APND,DAM,LMP,LMP_PRC,TH_NP15_GEN-APND,ALL_APNODES,0,24.34936,545
2017-09-28T11:00:00-00:00,2017-09-28T12:00:00-00:00,2017-09-28,5,0,TH_NP15_GEN-APND,TH_NP15_GEN-APND,TH_NP15_GEN-APND,DAM,LMP,LMP_PRC,TH_NP15_GEN-APND,ALL_APNODES,0,27.95037,545
2017-09-28T09:00:00-00:00,2017-09-28T10:00:00-00:00,2017-09-28,3,0,TH_NP15_GEN-APND,TH_NP15_GEN-APND,TH_NP15_GEN-APND,DAM,LMP,LMP_PRC,TH_NP15_GEN-APND,ALL_APNODES,0,28.46026,545
2017-09-29T05:00:00-00:00,2017-09-29T06:00:00-00:00,2017-09-28,23,0,TH_NP15_GEN-APND,TH_NP15_GEN-APND,TH_NP15_GEN-APND,DAM,LMP,LMP_PRC,TH_NP15_GEN-APND,ALL_APNODES,0,35.12418,545
2017-09-28T22:00:00-00:00,2017-09-28T23:00:00-00:00,2017-09-28,16,0,TH_NP15_GEN-APND,TH_NP15_GEN-APND,TH_NP15_GEN-APND,DAM,LMP,LMP_PRC,TH_NP15_GEN-APND,ALL_APNODES,0,36.27934,545
2017-09-28T10:00:00-00:00,2017-09-28T11:00:00-00:00,2017-09-28,4,0,TH_NP15_GEN-APND,TH_NP15_GEN-APND,TH_NP15_GEN-APND,DAM,LMP,LMP_PRC,TH_NP15_GEN-APND,ALL_APNODES,0,27.77363,545
2017-09-29T06:00:00-00:00,2017-09-29T07:00:00-00:00,2017-09-28,24,0,TH_NP15_GEN-APND,TH_NP15_GEN-APND,TH_NP15_GEN-APND,DAM,LMP,LMP_PRC,TH_NP15_GEN-APND,ALL_APNODES,0,32.69497,545
2017-09-29T00:00:00-00:00,2017-09-29T01:00:00-00:00,2017-09-28,18,0,TH_NP15_GEN-APND,TH_NP15_GEN-APND,TH_NP15_GEN-APND,DAM,LMP,LMP_PRC,TH_NP15_GEN-APND,ALL_APNODES,0,50.59197,545
2017-09-28T08:00:00-00:00,2017-09-28T09:00:00-00:00,2017-09-28,2,0,TH_NP15_GEN-APND,TH_NP15_GEN-APND,TH_NP15_GEN-APND,DAM,LMP,LMP_PRC,TH_NP15_GEN-APND,ALL_APNODES,0,28.93805,545
2017-09-28T07:00:00-00:00,2017-09-28T08:00:00-00:00,2017-09-28,1,0,TH_NP15_GEN-APND,TH_NP15_GEN-APND,TH_NP15_GEN-APND,DAM,LMP,LMP_PRC,TH_NP15_GEN-APND,ALL_APNODES,0,29.80584,545
2017-09-29T04:00:00-00:00,2017-09-29T05:00:00-00:00,2017-09-28,22,0,TH_NP15_GEN-APND,TH_NP15_GEN-APND,TH_NP15_GEN-APND,DAM,LMP,LMP_PRC,TH_NP15_GEN-APND,ALL_APNODES,0,41.19519,545
2017-09-28T14:00:00-00:00,2017-09-28T15:00:00-00:00,2017-09-28,8,0,TH_NP15_GEN-APND,TH_NP15_GEN-APND,TH_NP15_GEN-APND,DAM,LMP,LMP_PRC,TH_NP15_GEN-APND,ALL_APNODES,0,34.97181,545
2017-09-28T12:00:00-00:00,2017-09-28T13:00:00-00:00,2017-09-28,6,0,TH_NP15_GEN-APND,TH_NP15_GEN-APND,TH_NP15_GEN-APND,DAM,LMP,LMP_PRC,TH_NP15_GEN-APND,ALL_APNODES,0,29.66536,545
2017-09-28T21:00:00-00:00,2017-09-28T22:00:00-00:00,2017-09-28,15,0,TH_NP15_GEN-APND,TH_NP15_GEN-APND,TH_NP15_GEN-APND,DAM,LMP,LMP_PRC,TH_NP15_GEN-APND,ALL_APNODES,0,36.86422,545
2017-09-28T18:00:00-00:00,2017-09-28T19:00:00-00:00,2017-09-28,12,0,TH_NP15_GEN-APND,TH_NP15_GEN-APND,TH_NP15_GEN-APND,DAM,LMP,LMP_PRC,TH_NP15_GEN-APND,ALL_APNODES,0,26.82998,545
2017-09-28T13:00:00-00:00,2017-09-28T14:00:00-00:00,2017-09-28,7,0,TH_NP15_GEN-APND,TH_NP15_GEN-APND,TH_NP15_GEN-APND,DAM,LMP,LMP_PRC,TH_NP15_GEN-APND,ALL_APNODES,0,35.54496,545
2017-09-28T14:00:00-00:00,2017-09-28T15:00:00-00:00,2017-09-28,8,0,TH_NP15_GEN-APND,TH_NP15_GEN-APND,TH_NP15_GEN-APND,DAM,MCC,LMP_CONG_PRC,TH_NP15_GEN-APND,ALL_APNODES,0,0,546
2017-09-28T18:00:00-00:00,2017-09-28T19:00:00-00:00,2017-09-28,12,0,TH_NP15_GEN-APND,TH_NP15_GEN-APND,TH_NP15_GEN-APND,DAM,MCC,LMP_CONG_PRC,TH_NP15_GEN-APND,ALL_APNODES,0,1.46532,546
2017-09-29T03:00:00-00:00,2017-09-29T04:00:00-00:00,2017-09-28,21,0,TH_NP15_GEN-APND,TH_NP15_GEN-APND,TH_NP15_GEN-APND,DAM,MCC,LMP_CONG_PRC,TH_NP15_GEN-APND,ALL_APNODES,0,0,546
2017-09-28T20:00:00-00:00,2017-09-28T21:00:00-00:00,2017-09-28,14,0,TH_NP15_GEN-APND,TH_NP15_GEN-APND,TH_NP15_GEN-APND,DAM,MCC,LMP_CONG_PRC,TH_NP15_GEN-APND,ALL_APNODES,0,0.52221,546
2017-09-28T21:00:00-00:00,2017-09-28T22:00:00-00:00,2017-09-28,15,0,TH_NP15_GEN-APND,TH_NP15_GEN-APND,TH_NP15_GEN-APND,DAM,MCC,LMP_CONG_PRC,TH_NP15_GEN-APND,ALL_APNODES,0,1.5863,546
2017-09-28T08:00:00-00:00,2017-09-28T09:00:00-00:00,2017-09-28,2,0,TH_NP15_GEN-APND,TH_NP15_GEN-APND,TH_NP15_GEN-APND,DAM,MCC,LMP_CONG_PRC,TH_NP15_GEN-APND,ALL_APNODES,0,0,546
2017-09-28T23:00:00-00:00,2017-09-29T00:00:00-00:00,2017-09-28,17,0,TH_NP15_GEN-APND,TH_NP15_GEN-APND,TH_NP15_GEN-APND,DAM,MCC,LMP_CONG_PRC,TH_NP15_GEN-APND,ALL_APNODES,0,0.59415,546
2017-09-28T19:00:00-00:00,2017-09-28T20:00:00-00:00,2017-09-28,13,0,TH_NP15_GEN-APND,TH_NP15_GEN-APND,TH_NP15_GEN-APND,DAM,MCC,LMP_CONG_PRC,TH_NP15_GEN-APND,ALL_APNODES,0,1.12786,546
2017-09-28T15:00:00-00:00,2017-09-28T16:00:00-00:00,2017-09-28,9,0,TH_NP15_GEN-APND,TH_NP15_GEN-APND,TH_NP15_GEN-APND,DAM,MCC,LMP_CONG_PRC,TH_NP15_GEN-APND,ALL_APNODES,0,1.43092,546
2017-09-28T11:00:00-00:00,2017-09-28T12:00:00-00:00,2017-09-28,5,0,TH_NP15_GEN-APND,TH_NP15_GEN-APND,TH_NP15_GEN-APND,DAM,MCC,LMP_CONG_PRC,TH_NP15_GEN-APND,ALL_APNODES,0,0,546
2017-09-28T16:00:00-00:00,2017-09-28T17:00:00-00:00,2017-09-28,10,0,TH_NP15_GEN-APND,TH_NP15_GEN-APND,TH_NP15_GEN-APND,DAM,MCC,LMP_CONG_PRC,TH_NP15_GEN-APND,ALL_APNODES,0,3.27034,546
2017-09-28T12:00:00-00:00,2017-09-28T13:00:00-00:00,2017-09-28,6,0,TH_NP15_GEN-APND,TH_NP15_GEN-APND,TH_NP15_GEN-APND,DAM,MCC,LMP_CONG_PRC,TH_NP15_GEN-APND,ALL_APNODES,0,0,546
2017-09-29T05:00:00-00:00,2017-09-29T06:00:00-00:00,2017-09-28,23,0,TH_NP15_GEN-APND,TH_NP15_GEN-APND,TH_NP15_GEN-APND,DAM,MCC,LMP_CONG_PRC,TH_NP15_GEN-APND,ALL_APNODES,0,0,546
2017-09-29T00:00:00-00:00,2017-09-29T01:00:00-00:00,2017-09-28,18,0,TH_NP15_GEN-APND,TH_NP15_GEN-APND,TH_NP15_GEN-APND,DAM,MCC,LMP_CONG_PRC,TH_NP15_GEN-APND,ALL_APNODES,0,0,546
2017-09-29T01:00:00-00:00,2017-09-29T02:00:00-00:00,2017-09-28,19,0,TH_NP15_GEN-APND,TH_NP15_GEN-APND,TH_NP15_GEN-APND,DAM,MCC,LMP_CONG_PRC,TH_NP15_GEN-APND,ALL_APNODES,0,0,546
2017-09-28T22:00:00-00:00,2017-09-28T23:00:00-00:00,2017-09-28,16,0,TH_NP15_GEN-APND,TH_NP15_GEN-APND,TH_NP15_GEN-APND,DAM,MCC,LMP_CONG_PRC,TH_NP15_GEN-APND,ALL_APNODES,0,-0.45338,546
2017-09-28T13:00:00-00:00,2017-09-28T14:00:00-00:00,2017-09-28,7,0,TH_NP15_GEN-APND,TH_NP15_GEN-APND,TH_NP15_GEN-APND,DAM,MCC,LMP_CONG_PRC,TH_NP15_GEN-APND,ALL_APNODES,0,0,546
2017-09-28T09:00:00-00:00,2017-09-28T10:00:00-00:00,2017-09-28,3,0,TH_NP15_GEN-APND,TH_NP15_GEN-APND,TH_NP15_GEN-APND,DAM,MCC,LMP_CONG_PRC,TH_NP15_GEN-APND,ALL_APNODES,0,0,546
2017-09-28T07:00:00-00:00,2017-09-28T08:00:00-00:00,2017-09-28,1,0,TH_NP15_GEN-APND,TH_NP15_GEN-APND,TH_NP15_GEN-APND,DAM,MCC,LMP_CONG_PRC,TH_NP15_GEN-APND,ALL_APNODES,0,0,546
2017-09-28T17:00:00-00:00,2017-09-28T18:00:00-00:00,2017-09-28,11,0,TH_NP15_GEN-APND,TH_NP15_GEN-APND,TH_NP15_GEN-APND,DAM,MCC,LMP_CONG_PRC,TH_NP15_GEN-APND,ALL_APNODES,0,2.40642,546
2017-09-28T10:00:00-00:00,2017-09-28T11:00:00-00:00,2017-09-28,4,0,TH_NP15_GEN-APND,TH_NP15_GEN-APND,TH_NP15_GEN-APND,DAM,MCC,LMP_CONG_PRC,TH_NP15_GEN-APND,ALL_APNODES,0,0,546
2017-09-29T06:00:00-00:00,2017-09-29T07:00:00-00:00,2017-09-28,24,0,TH_NP15_GEN-APND,TH_NP15_GEN-APND,TH_NP15_GEN-APND,DAM,MCC,LMP_CONG_PRC,TH_NP15_GEN-APND,ALL_APNODES,0,0,546
2017-09-29T04:00:00-00:00,2017-09-29T05:00:00-00:00,2017-09-28,22,0,TH_NP15_GEN-APND,TH_NP15_GEN-APND,TH_NP15_GEN-APND,DAM,MCC,LMP_CONG_PRC,TH_NP15_GEN-APND,ALL_APNODES,0,0,546
2017-09-29T02:00:00-00:00,2017-09-29T03:00:00-00:00,2017-09-28,20,0,TH_NP15_GEN-APND,TH_NP15_GEN-APND,TH_NP15_GEN-APND,DAM,MCC,LMP_CONG_PRC,TH_NP15_GEN-APND,ALL_APNODES,0,0,546
2017-09-28T19:00:00-00:00,2017-09-28T20:00:00-00:00,2017-09-28,13,0,TH_NP15_GEN-APND,TH_NP15_GEN-APND,TH_NP15_GEN-APND,DAM,MCE,LMP_ENE_PRC,TH_NP15_GEN-APND,ALL_APNODES,0,27.44681,547
2017-09-28T21:00:00-00:00,2017-09-28T22:00:00-00:00,2017-09-28,15,0,TH_NP15_GEN-APND,TH_NP15_GEN-APND,TH_NP15_GEN-APND,DAM,MCE,LMP_ENE_PRC,TH_NP15_GEN-APND,ALL_APNODES,0,35.06403,547
2017-09-29T01:00:00-00:00,2017-09-29T02:00:00-00:00,2017-09-28,19,0,TH_NP15_GEN-APND,TH_NP15_GEN-APND,TH_NP15_GEN-APND,DAM,MCE,LMP_ENE_PRC,TH_NP15_GEN-APND,ALL_APNODES,0,68.47983,547
2017-09-29T05:00:00-00:00,2017-09-29T06:00:00-00:00,2017-09-28,23,0,TH_NP15_GEN-APND,TH_NP15_GEN-APND,TH_NP15_GEN-APND,DAM,MCE,LMP_ENE_PRC,TH_NP15_GEN-APND,ALL_APNODES,0,35.12067,547
2017-09-28T17:00:00-00:00,2017-09-28T18:00:00-00:00,2017-09-28,11,0,TH_NP15_GEN-APND,TH_NP15_GEN-APND,TH_NP15_GEN-APND,DAM,MCE,LMP_ENE_PRC,TH_NP15_GEN-APND,ALL_APNODES,0,21.93588,547
2017-09-28T18:00:00-00:00,2017-09-28T19:00:00-00:00,2017-09-28,12,0,TH_NP15_GEN-APND,TH_NP15_GEN-APND,TH_NP15_GEN-APND,DAM,MCE,LMP_ENE_PRC,TH_NP15_GEN-APND,ALL_APNODES,0,24.92351,547
2017-09-28T10:00:00-00:00,2017-09-28T11:00:00-00:00,2017-09-28,4,0,TH_NP15_GEN-APND,TH_NP15_GEN-APND,TH_NP15_GEN-APND,DAM,MCE,LMP_ENE_PRC,TH_NP15_GEN-APND,ALL_APNODES,0,27.73203,547
2017-09-28T14:00:00-00:00,2017-09-28T15:00:00-00:00,2017-09-28,8,0,TH_NP15_GEN-APND,TH_NP15_GEN-APND,TH_NP15_GEN-APND,DAM,MCE,LMP_ENE_PRC,TH_NP15_GEN-APND,ALL_APNODES,0,34.71492,547
2017-09-29T02:00:00-00:00,2017-09-29T03:00:00-00:00,2017-09-28,20,0,TH_NP15_GEN-APND,TH_NP15_GEN-APND,TH_NP15_GEN-APND,DAM,MCE,LMP_ENE_PRC,TH_NP15_GEN-APND,ALL_APNODES,0,72.17766,547
2017-09-28T12:00:00-00:00,2017-09-28T13:00:00-00:00,2017-09-28,6,0,TH_NP15_GEN-APND,TH_NP15_GEN-APND,TH_NP15_GEN-APND,DAM,MCE,LMP_ENE_PRC,TH_NP15_GEN-APND,ALL_APNODES,0,29.60615,547
2017-09-28T20:00:00-00:00,2017-09-28T21:00:00-00:00,2017-09-28,14,0,TH_NP15_GEN-APND,TH_NP15_GEN-APND,TH_NP15_GEN-APND,DAM,MCE,LMP_ENE_PRC,TH_NP15_GEN-APND,ALL_APNODES,0,30.13596,547
2017-09-29T03:00:00-00:00,2017-09-29T04:00:00-00:00,2017-09-28,21,0,TH_NP15_GEN-APND,TH_NP15_GEN-APND,TH_NP15_GEN-APND,DAM,MCE,LMP_ENE_PRC,TH_NP15_GEN-APND,ALL_APNODES,0,51.54528,547
2017-09-29T04:00:00-00:00,2017-09-29T05:00:00-00:00,2017-09-28,22,0,TH_NP15_GEN-APND,TH_NP15_GEN-APND,TH_NP15_GEN-APND,DAM,MCE,LMP_ENE_PRC,TH_NP15_GEN-APND,ALL_APNODES,0,41.69132,547
2017-09-29T06:00:00-00:00,2017-09-29T07:00:00-00:00,2017-09-28,24,0,TH_NP15_GEN-APND,TH_NP15_GEN-APND,TH_NP15_GEN-APND,DAM,MCE,LMP_ENE_PRC,TH_NP15_GEN-APND,ALL_APNODES,0,32.60043,547
2017-09-28T13:00:00-00:00,2017-09-28T14:00:00-00:00,2017-09-28,7,0,TH_NP15_GEN-APND,TH_NP15_GEN-APND,TH_NP15_GEN-APND,DAM,MCE,LMP_ENE_PRC,TH_NP15_GEN-APND,ALL_APNODES,0,35.44925,547
2017-09-28T16:00:00-00:00,2017-09-28T17:00:00-00:00,2017-09-28,10,0,TH_NP15_GEN-APND,TH_NP15_GEN-APND,TH_NP15_GEN-APND,DAM,MCE,LMP_ENE_PRC,TH_NP15_GEN-APND,ALL_APNODES,0,20.66571,547
2017-09-28T22:00:00-00:00,2017-09-28T23:00:00-00:00,2017-09-28,16,0,TH_NP15_GEN-APND,TH_NP15_GEN-APND,TH_NP15_GEN-APND,DAM,MCE,LMP_ENE_PRC,TH_NP15_GEN-APND,ALL_APNODES,0,36.46289,547
2017-09-28T08:00:00-00:00,2017-09-28T09:00:00-00:00,2017-09-28,2,0,TH_NP15_GEN-APND,TH_NP15_GEN-APND,TH_NP15_GEN-APND,DAM,MCE,LMP_ENE_PRC,TH_NP15_GEN-APND,ALL_APNODES,0,28.863,547
2017-09-28T23:00:00-00:00,2017-09-29T00:00:00-00:00,2017-09-28,17,0,TH_NP15_GEN-APND,TH_NP15_GEN-APND,TH_NP15_GEN-APND,DAM,MCE,LMP_ENE_PRC,TH_NP15_GEN-APND,ALL_APNODES,0,42.38924,547
2017-09-29T00:00:00-00:00,2017-09-29T01:00:00-00:00,2017-09-28,18,0,TH_NP15_GEN-APND,TH_NP15_GEN-APND,TH_NP15_GEN-APND,DAM,MCE,LMP_ENE_PRC,TH_NP15_GEN-APND,ALL_APNODES,0,50.73402,547
2017-09-28T07:00:00-00:00,2017-09-28T08:00:00-00:00,2017-09-28,1,0,TH_NP15_GEN-APND,TH_NP15_GEN-APND,TH_NP15_GEN-APND,DAM,MCE,LMP_ENE_PRC,TH_NP15_GEN-APND,ALL_APNODES,0,29.69596,547
2017-09-28T09:00:00-00:00,2017-09-28T10:00:00-00:00,2017-09-28,3,0,TH_NP15_GEN-APND,TH_NP15_GEN-APND,TH_NP15_GEN-APND,DAM,MCE,LMP_ENE_PRC,TH_NP15_GEN-APND,ALL_APNODES,0,28.39212,547
2017-09-28T11:00:00-00:00,2017-09-28T12:00:00-00:00,2017-09-28,5,0,TH_NP15_GEN-APND,TH_NP15_GEN-APND,TH_NP15_GEN-APND,DAM,MCE,LMP_ENE_PRC,TH_NP15_GEN-APND,ALL_APNODES,0,27.86121,547
2017-09-28T15:00:00-00:00,2017-09-28T16:00:00-00:00,2017-09-28,9,0,TH_NP15_GEN-APND,TH_NP15_GEN-APND,TH_NP15_GEN-APND,DAM,MCE,LMP_ENE_PRC,TH_NP15_GEN-APND,ALL_APNODES,0,24.99187,547
2017-09-28T23:00:00-00:00,2017-09-29T00:00:00-00:00,2017-09-28,17,0,TH_NP15_GEN-APND,TH_NP15_GEN-APND,TH_NP15_GEN-APND,DAM,MCL,LMP_LOSS_PRC,TH_NP15_GEN-APND,ALL_APNODES,0,0.28401,548
2017-09-28T14:00:00-00:00,2017-09-28T15:00:00-00:00,2017-09-28,8,0,TH_NP15_GEN-APND,TH_NP15_GEN-APND,TH_NP15_GEN-APND,DAM,MCL,LMP_LOSS_PRC,TH_NP15_GEN-APND,ALL_APNODES,0,0.25689,548
2017-09-29T05:00:00-00:00,2017-09-29T06:00:00-00:00,2017-09-28,23,0,TH_NP15_GEN-APND,TH_NP15_GEN-APND,TH_NP15_GEN-APND,DAM,MCL,LMP_LOSS_PRC,TH_NP15_GEN-APND,ALL_APNODES,0,0.00351,548
2017-09-29T06:00:00-00:00,2017-09-29T07:00:00-00:00,2017-09-28,24,0,TH_NP15_GEN-APND,TH_NP15_GEN-APND,TH_NP15_GEN-APND,DAM,MCL,LMP_LOSS_PRC,TH_NP15_GEN-APND,ALL_APNODES,0,0.09454,548
2017-09-28T19:00:00-00:00,2017-09-28T20:00:00-00:00,2017-09-28,13,0,TH_NP15_GEN-APND,TH_NP15_GEN-APND,TH_NP15_GEN-APND,DAM,MCL,LMP_LOSS_PRC,TH_NP15_GEN-APND,ALL_APNODES,0,0.33485,548
2017-09-28T21:00:00-00:00,2017-09-28T22:00:00-00:00,2017-09-28,15,0,TH_NP15_GEN-APND,TH_NP15_GEN-APND,TH_NP15_GEN-APND,DAM,MCL,LMP_LOSS_PRC,TH_NP15_GEN-APND,ALL_APNODES,0,0.21389,548
2017-09-28T11:00:00-00:00,2017-09-28T12:00:00-00:00,2017-09-28,5,0,TH_NP15_GEN-APND,TH_NP15_GEN-APND,TH_NP15_GEN-APND,DAM,MCL,LMP_LOSS_PRC,TH_NP15_GEN-APND,ALL_APNODES,0,0.08916,548
2017-09-28T15:00:00-00:00,2017-09-28T16:00:00-00:00,2017-09-28,9,0,TH_NP15_GEN-APND,TH_NP15_GEN-APND,TH_NP15_GEN-APND,DAM,MCL,LMP_LOSS_PRC,TH_NP15_GEN-APND,ALL_APNODES,0,0.49484,548
2017-09-28T17:00:00-00:00,2017-09-28T18:00:00-00:00,2017-09-28,11,0,TH_NP15_GEN-APND,TH_NP15_GEN-APND,TH_NP15_GEN-APND,DAM,MCL,LMP_LOSS_PRC,TH_NP15_GEN-APND,ALL_APNODES,0,0.36852,548
2017-09-28T18:00:00-00:00,2017-09-28T19:00:00-00:00,2017-09-28,12,0,TH_NP15_GEN-APND,TH_NP15_GEN-APND,TH_NP15_GEN-APND,DAM,MCL,LMP_LOSS_PRC,TH_NP15_GEN-APND,ALL_APNODES,0,0.44115,548
2017-09-28T07:00:00-00:00,2017-09-28T08:00:00-00:00,2017-09-28,1,0,TH_NP15_GEN-APND,TH_NP15_GEN-APND,TH_NP15_GEN-APND,DAM,MCL,LMP_LOSS_PRC,TH_NP15_GEN-APND,ALL_APNODES,0,0.10988,548
2017-09-28T12:00:00-00:00,2017-09-28T13:00:00-00:00,2017-09-28,6,0,TH_NP15_GEN-APND,TH_NP15_GEN-APND,TH_NP15_GEN-APND,DAM,MCL,LMP_LOSS_PRC,TH_NP15_GEN-APND,ALL_APNODES,0,0.05921,548
2017-09-28T09:00:00-00:00,2017-09-28T10:00:00-00:00,2017-09-28,3,0,TH_NP15_GEN-APND,TH_NP15_GEN-APND,TH_NP15_GEN-APND,DAM,MCL,LMP_LOSS_PRC,TH_NP15_GEN-APND,ALL_APNODES,0,0.06814,548
2017-09-28T13:00:00-00:00,2017-09-28T14:00:00-00:00,2017-09-28,7,0,TH_NP15_GEN-APND,TH_NP15_GEN-APND,TH_NP15_GEN-APND,DAM,MCL,LMP_LOSS_PRC,TH_NP15_GEN-APND,ALL_APNODES,0,0.09571,548
2017-09-29T01:00:00-00:00,2017-09-29T02:00:00-00:00,2017-09-28,19,0,TH_NP15_GEN-APND,TH_NP15_GEN-APND,TH_NP15_GEN-APND,DAM,MCL,LMP_LOSS_PRC,TH_NP15_GEN-APND,ALL_APNODES,0,-0.44512,548
2017-09-28T08:00:00-00:00,2017-09-28T09:00:00-00:00,2017-09-28,2,0,TH_NP15_GEN-APND,TH_NP15_GEN-APND,TH_NP15_GEN-APND,DAM,MCL,LMP_LOSS_PRC,TH_NP15_GEN-APND,ALL_APNODES,0,0.07504,548
2017-09-29T02:00:00-00:00,2017-09-29T03:00:00-00:00,2017-09-28,20,0,TH_NP15_GEN-APND,TH_NP15_GEN-APND,TH_NP15_GEN-APND,DAM,MCL,LMP_LOSS_PRC,TH_NP15_GEN-APND,ALL_APNODES,0,-0.8517,548
2017-09-29T04:00:00-00:00,2017-09-29T05:00:00-00:00,2017-09-28,22,0,TH_NP15_GEN-APND,TH_NP15_GEN-APND,TH_NP15_GEN-APND,DAM,MCL,LMP_LOSS_PRC,TH_NP15_GEN-APND,ALL_APNODES,0,-0.49613,548
2017-09-28T10:00:00-00:00,2017-09-28T11:00:00-00:00,2017-09-28,4,0,TH_NP15_GEN-APND,TH_NP15_GEN-APND,TH_NP15_GEN-APND,DAM,MCL,LMP_LOSS_PRC,TH_NP15_GEN-APND,ALL_APNODES,0,0.0416,548
2017-09-28T16:00:00-00:00,2017-09-28T17:00:00-00:00,2017-09-28,10,0,TH_NP15_GEN-APND,TH_NP15_GEN-APND,TH_NP15_GEN-APND,DAM,MCL,LMP_LOSS_PRC,TH_NP15_GEN-APND,ALL_APNODES,0,0.41331,548
2017-09-28T20:00:00-00:00,2017-09-28T21:00:00-00:00,2017-09-28,14,0,TH_NP15_GEN-APND,TH_NP15_GEN-APND,TH_NP15_GEN-APND,DAM,MCL,LMP_LOSS_PRC,TH_NP15_GEN-APND,ALL_APNODES,0,0.32848,548
2017-09-28T22:00:00-00:00,2017-09-28T23:00:00-00:00,2017-09-28,16,0,TH_NP15_GEN-APND,TH_NP15_GEN-APND,TH_NP15_GEN-APND,DAM,MCL,LMP_LOSS_PRC,TH_NP15_GEN-APND,ALL_APNODES,0,0.26983,548
2017-09-29T00:00:00-00:00,2017-09-29T01:00:00-00:00,2017-09-28,18,0,TH_NP15_GEN-APND,TH_NP15_GEN-APND,TH_NP15_GEN-APND,DAM,MCL,LMP_LOSS_PRC,TH_NP15_GEN-APND,ALL_APNODES,0,-0.14206,548
2017-09-29T03:00:00-00:00,2017-09-29T04:00:00-00:00,2017-09-28,21,0,TH_NP15_GEN-APND,TH_NP15_GEN-APND,TH_NP15_GEN-APND,DAM,MCL,LMP_LOSS_PRC,TH_NP15_GEN-APND,ALL_APNODES,0,-0.81957,548
2017-09-29T02:00:00-00:00,2017-09-29T03:00:00-00:00,2017-09-28,20,0,TH_SP15_GEN-APND,TH_SP15_GEN-APND,TH_SP15_GEN-APND,DAM,LMP,LMP_PRC,TH_SP15_GEN-APND,ALL_APNODES,0,66.55781,549
2017-09-28T19:00:00-00:00,2017-09-28T20:00:00-00:00,2017-09-28,13,0,TH_SP15_GEN-APND,TH_SP15_GEN-APND,TH_SP15_GEN-APND,DAM,LMP,LMP_PRC,TH_SP15_GEN-APND,ALL_APNODES,0,22.52836,549
2017-09-28T12:00:00-00:00,2017-09-28T13:00:00-00:00,2017-09-28,6,0,TH_SP15_GEN-APND,TH_SP15_GEN-APND,TH_SP15_GEN-APND,DAM,LMP,LMP_PRC,TH_SP15_GEN-APND,ALL_APNODES,0,28.49,549
2017-09-28T11:00:00-00:00,2017-09-28T12:00:00-00:00,2017-09-28,5,0,TH_SP15_GEN-APND,TH_SP15_GEN-APND,TH_SP15_GEN-APND,DAM,LMP,LMP_PRC,TH_SP15_GEN-APND,ALL_APNODES,0,26.84428,549
2017-09-29T06:00:00-00:00,2017-09-29T07:00:00-00:00,2017-09-28,24,0,TH_SP15_GEN-APND,TH_SP15_GEN-APND,TH_SP15_GEN-APND,DAM,LMP,LMP_PRC,TH_SP15_GEN-APND,ALL_APNODES,0,31.14971,549
2017-09-28T09:00:00-00:00,2017-09-28T10:00:00-00:00,2017-09-28,3,0,TH_SP15_GEN-APND,TH_SP15_GEN-APND,TH_SP15_GEN-APND,DAM,LMP,LMP_PRC,TH_SP15_GEN-APND,ALL_APNODES,0,27.40691,549
2017-09-28T10:00:00-00:00,2017-09-28T11:00:00-00:00,2017-09-28,4,0,TH_SP15_GEN-APND,TH_SP15_GEN-APND,TH_SP15_GEN-APND,DAM,LMP,LMP_PRC,TH_SP15_GEN-APND,ALL_APNODES,0,26.7725,549
2017-09-29T05:00:00-00:00,2017-09-29T06:00:00-00:00,2017-09-28,23,0,TH_SP15_GEN-APND,TH_SP15_GEN-APND,TH_SP15_GEN-APND,DAM,LMP,LMP_PRC,TH_SP15_GEN-APND,ALL_APNODES,0,33.51214,549
2017-09-28T22:00:00-00:00,2017-09-28T23:00:00-00:00,2017-09-28,16,0,TH_SP15_GEN-APND,TH_SP15_GEN-APND,TH_SP15_GEN-APND,DAM,LMP,LMP_PRC,TH_SP15_GEN-APND,ALL_APNODES,0,32.35383,549
2017-09-28T14:00:00-00:00,2017-09-28T15:00:00-00:00,2017-09-28,8,0,TH_SP15_GEN-APND,TH_SP15_GEN-APND,TH_SP15_GEN-APND,DAM,LMP,LMP_PRC,TH_SP15_GEN-APND,ALL_APNODES,0,32.84378,549
2017-09-28T23:00:00-00:00,2017-09-29T00:00:00-00:00,2017-09-28,17,0,TH_SP15_GEN-APND,TH_SP15_GEN-APND,TH_SP15_GEN-APND,DAM,LMP,LMP_PRC,TH_SP15_GEN-APND,ALL_APNODES,0,37.28087,549
2017-09-28T21:00:00-00:00,2017-09-28T22:00:00-00:00,2017-09-28,15,0,TH_SP15_GEN-APND,TH_SP15_GEN-APND,TH_SP15_GEN-APND,DAM,LMP,LMP_PRC,TH_SP15_GEN-APND,ALL_APNODES,0,29.12936,549
2017-09-28T17:00:00-00:00,2017-09-28T18:00:00-00:00,2017-09-28,11,0,TH_SP15_GEN-APND,TH_SP15_GEN-APND,TH_SP15_GEN-APND,DAM,LMP,LMP_PRC,TH_SP15_GEN-APND,ALL_APNODES,0,17.36864,549
2017-09-29T01:00:00-00:00,2017-09-29T02:00:00-00:00,2017-09-28,19,0,TH_SP15_GEN-APND,TH_SP15_GEN-APND,TH_SP15_GEN-APND,DAM,LMP,LMP_PRC,TH_SP15_GEN-APND,ALL_APNODES,0,63.03378,549
2017-09-29T00:00:00-00:00,2017-09-29T01:00:00-00:00,2017-09-28,18,0,TH_SP15_GEN-APND,TH_SP15_GEN-APND,TH_SP15_GEN-APND,DAM,LMP,LMP_PRC,TH_SP15_GEN-APND,ALL_APNODES,0,46.67587,549
2017-09-28T20:00:00-00:00,2017-09-28T21:00:00-00:00,2017-09-28,14,0,TH_SP15_GEN-APND,TH_SP15_GEN-APND,TH_SP15_GEN-APND,DAM,LMP,LMP_PRC,TH_SP15_GEN-APND,ALL_APNODES,0,25.53895,549
2017-09-28T16:00:00-00:00,2017-09-28T17:00:00-00:00,2017-09-28,10,0,TH_SP15_GEN-APND,TH_SP15_GEN-APND,TH_SP15_GEN-APND,DAM,LMP,LMP_PRC,TH_SP15_GEN-APND,ALL_APNODES,0,16.82279,549
2017-09-29T04:00:00-00:00,2017-09-29T05:00:00-00:00,2017-09-28,22,0,TH_SP15_GEN-APND,TH_SP15_GEN-APND,TH_SP15_GEN-APND,DAM,LMP,LMP_PRC,TH_SP15_GEN-APND,ALL_APNODES,0,39.32817,549
2017-09-28T18:00:00-00:00,2017-09-28T19:00:00-00:00,2017-09-28,12,0,TH_SP15_GEN-APND,TH_SP15_GEN-APND,TH_SP15_GEN-APND,DAM,LMP,LMP_PRC,TH_SP15_GEN-APND,ALL_APNODES,0,20.12574,549
2017-09-28T15:00:00-00:00,2017-09-28T16:00:00-00:00,2017-09-28,9,0,TH_SP15_GEN-APND,TH_SP15_GEN-APND,TH_SP15_GEN-APND,DAM,LMP,LMP_PRC,TH_SP15_GEN-APND,ALL_APNODES,0,22.26345,549
2017-09-28T13:00:00-00:00,2017-09-28T14:00:00-00:00,2017-09-28,7,0,TH_SP15_GEN-APND,TH_SP15_GEN-APND,TH_SP15_GEN-APND,DAM,LMP,LMP_PRC,TH_SP15_GEN-APND,ALL_APNODES,0,33.8434,549
2017-09-28T08:00:00-00:00,2017-09-28T09:00:00-00:00,2017-09-28,2,0,TH_SP15_GEN-APND,TH_SP15_GEN-APND,TH_SP15_GEN-APND,DAM,LMP,LMP_PRC,TH_SP15_GEN-APND,ALL_APNODES,0,27.82105,549
2017-09-28T07:00:00-00:00,2017-09-28T08:00:00-00:00,2017-09-28,1,0,TH_SP15_GEN-APND,TH_SP15_GEN-APND,TH_SP15_GEN-APND,DAM,LMP,LMP_PRC,TH_SP15_GEN-APND,ALL_APNODES,0,28.5883,549
2017-09-29T03:00:00-00:00,2017-09-29T04:00:00-00:00,2017-09-28,21,0,TH_SP15_GEN-APND,TH_SP15_GEN-APND,TH_SP15_GEN-APND,DAM,LMP,LMP_PRC,TH_SP15_GEN-APND,ALL_APNODES,0,48.44018,549
2017-09-28T09:00:00-00:00,2017-09-28T10:00:00-00:00,2017-09-28,3,0,TH_SP15_GEN-APND,TH_SP15_GEN-APND,TH_SP15_GEN-APND,DAM,MCC,LMP_CONG_PRC,TH_SP15_GEN-APND,ALL_APNODES,0,0,550
2017-09-29T02:00:00-00:00,2017-09-29T03:00:00-00:00,2017-09-28,20,0,TH_SP15_GEN-APND,TH_SP15_GEN-APND,TH_SP15_GEN-APND,DAM,MCC,LMP_CONG_PRC,TH_SP15_GEN-APND,ALL_APNODES,0,-2.31411,550
2017-09-28T07:00:00-00:00,2017-09-28T08:00:00-00:00,2017-09-28,1,0,TH_SP15_GEN-APND,TH_SP15_GEN-APND,TH_SP15_GEN-APND,DAM,MCC,LMP_CONG_PRC,TH_SP15_GEN-APND,ALL_APNODES,0,0,550
2017-09-29T04:00:00-00:00,2017-09-29T05:00:00-00:00,2017-09-28,22,0,TH_SP15_GEN-APND,TH_SP15_GEN-APND,TH_SP15_GEN-APND,DAM,MCC,LMP_CONG_PRC,TH_SP15_GEN-APND,ALL_APNODES,0,-0.66631,550
2017-09-29T01:00:00-00:00,2017-09-29T02:00:00-00:00,2017-09-28,19,0,TH_SP15_GEN-APND,TH_SP15_GEN-APND,TH_SP15_GEN-APND,DAM,MCC,LMP_CONG_PRC,TH_SP15_GEN-APND,ALL_APNODES,0,-2.05631,550
2017-09-28T23:00:00-00:00,2017-09-29T00:00:00-00:00,2017-09-28,17,0,TH_SP15_GEN-APND,TH_SP15_GEN-APND,TH_SP15_GEN-APND,DAM,MCC,LMP_CONG_PRC,TH_SP15_GEN-APND,ALL_APNODES,0,-2.21318,550
2017-09-29T00:00:00-00:00,2017-09-29T01:00:00-00:00,2017-09-28,18,0,TH_SP15_GEN-APND,TH_SP15_GEN-APND,TH_SP15_GEN-APND,DAM,MCC,LMP_CONG_PRC,TH_SP15_GEN-APND,ALL_APNODES,0,-0.97353,550
2017-09-28T22:00:00-00:00,2017-09-28T23:00:00-00:00,2017-09-28,16,0,TH_SP15_GEN-APND,TH_SP15_GEN-APND,TH_SP15_GEN-APND,DAM,MCC,LMP_CONG_PRC,TH_SP15_GEN-APND,ALL_APNODES,0,-1.77908,550
2017-09-28T14:00:00-00:00,2017-09-28T15:00:00-00:00,2017-09-28,8,0,TH_SP15_GEN-APND,TH_SP15_GEN-APND,TH_SP15_GEN-APND,DAM,MCC,LMP_CONG_PRC,TH_SP15_GEN-APND,ALL_APNODES,0,0,550
2017-09-28T13:00:00-00:00,2017-09-28T14:00:00-00:00,2017-09-28,7,0,TH_SP15_GEN-APND,TH_SP15_GEN-APND,TH_SP15_GEN-APND,DAM,MCC,LMP_CONG_PRC,TH_SP15_GEN-APND,ALL_APNODES,0,0,550
2017-09-28T10:00:00-00:00,2017-09-28T11:00:00-00:00,2017-09-28,4,0,TH_SP15_GEN-APND,TH_SP15_GEN-APND,TH_SP15_GEN-APND,DAM,MCC,LMP_CONG_PRC,TH_SP15_GEN-APND,ALL_APNODES,0,0,550
2017-09-29T05:00:00-00:00,2017-09-29T06:00:00-00:00,2017-09-28,23,0,TH_SP15_GEN-APND,TH_SP15_GEN-APND,TH_SP15_GEN-APND,DAM,MCC,LMP_CONG_PRC,TH_SP15_GEN-APND,ALL_APNODES,0,0,550
2017-09-28T20:00:00-00:00,2017-09-28T21:00:00-00:00,2017-09-28,14,0,TH_SP15_GEN-APND,TH_SP15_GEN-APND,TH_SP15_GEN-APND,DAM,MCC,LMP_CONG_PRC,TH_SP15_GEN-APND,ALL_APNODES,0,-2.599,550
2017-09-28T19:00:00-00:00,2017-09-28T20:00:00-00:00,2017-09-28,13,0,TH_SP15_GEN-APND,TH_SP15_GEN-APND,TH_SP15_GEN-APND,DAM,MCC,LMP_CONG_PRC,TH_SP15_GEN-APND,ALL_APNODES,0,-3.11519,550
2017-09-28T17:00:00-00:00,2017-09-28T18:00:00-00:00,2017-09-28,11,0,TH_SP15_GEN-APND,TH_SP15_GEN-APND,TH_SP15_GEN-APND,DAM,MCC,LMP_CONG_PRC,TH_SP15_GEN-APND,ALL_APNODES,0,-3.11946,550
2017-09-28T15:00:00-00:00,2017-09-28T16:00:00-00:00,2017-09-28,9,0,TH_SP15_GEN-APND,TH_SP15_GEN-APND,TH_SP15_GEN-APND,DAM,MCC,LMP_CONG_PRC,TH_SP15_GEN-APND,ALL_APNODES,0,-1.09644,550
2017-09-28T08:00:00-00:00,2017-09-28T09:00:00-00:00,2017-09-28,2,0,TH_SP15_GEN-APND,TH_SP15_GEN-APND,TH_SP15_GEN-APND,DAM,MCC,LMP_CONG_PRC,TH_SP15_GEN-APND,ALL_APNODES,0,0,550
2017-09-29T06:00:00-00:00,2017-09-29T07:00:00-00:00,2017-09-28,24,0,TH_SP15_GEN-APND,TH_SP15_GEN-APND,TH_SP15_GEN-APND,DAM,MCC,LMP_CONG_PRC,TH_SP15_GEN-APND,ALL_APNODES,0,0,550
2017-09-28T11:00:00-00:00,2017-09-28T12:00:00-00:00,2017-09-28,5,0,TH_SP15_GEN-APND,TH_SP15_GEN-APND,TH_SP15_GEN-APND,DAM,MCC,LMP_CONG_PRC,TH_SP15_GEN-APND,ALL_APNODES,0,0,550
2017-09-28T18:00:00-00:00,2017-09-28T19:00:00-00:00,2017-09-28,12,0,TH_SP15_GEN-APND,TH_SP15_GEN-APND,TH_SP15_GEN-APND,DAM,MCC,LMP_CONG_PRC,TH_SP15_GEN-APND,ALL_APNODES,0,-3.0905,550
2017-09-28T21:00:00-00:00,2017-09-28T22:00:00-00:00,2017-09-28,15,0,TH_SP15_GEN-APND,TH_SP15_GEN-APND,TH_SP15_GEN-APND,DAM,MCC,LMP_CONG_PRC,TH_SP15_GEN-APND,ALL_APNODES,0,-3.65902,550
2017-09-29T03:00:00-00:00,2017-09-29T04:00:00-00:00,2017-09-28,21,0,TH_SP15_GEN-APND,TH_SP15_GEN-APND,TH_SP15_GEN-APND,DAM,MCC,LMP_CONG_PRC,TH_SP15_GEN-APND,ALL_APNODES,0,-0.9402,550
2017-09-28T16:00:00-00:00,2017-09-28T17:00:00-00:00,2017-09-28,10,0,TH_SP15_GEN-APND,TH_SP15_GEN-APND,TH_SP15_GEN-APND,DAM,MCC,LMP_CONG_PRC,TH_SP15_GEN-APND,ALL_APNODES,0,-2.45419,550
2017-09-28T12:00:00-00:00,2017-09-28T13:00:00-00:00,2017-09-28,6,0,TH_SP15_GEN-APND,TH_SP15_GEN-APND,TH_SP15_GEN-APND,DAM,MCC,LMP_CONG_PRC,TH_SP15_GEN-APND,ALL_APNODES,0,0,550
2017-09-29T03:00:00-00:00,2017-09-29T04:00:00-00:00,2017-09-28,21,0,TH_SP15_GEN-APND,TH_SP15_GEN-APND,TH_SP15_GEN-APND,DAM,MCE,LMP_ENE_PRC,TH_SP15_GEN-APND,ALL_APNODES,0,51.54528,551
2017-09-28T11:00:00-00:00,2017-09-28T12:00:00-00:00,2017-09-28,5,0,TH_SP15_GEN-APND,TH_SP15_GEN-APND,TH_SP15_GEN-APND,DAM,MCE,LMP_ENE_PRC,TH_SP15_GEN-APND,ALL_APNODES,0,27.86121,551
2017-09-29T02:00:00-00:00,2017-09-29T03:00:00-00:00,2017-09-28,20,0,TH_SP15_GEN-APND,TH_SP15_GEN-APND,TH_SP15_GEN-APND,DAM,MCE,LMP_ENE_PRC,TH_SP15_GEN-APND,ALL_APNODES,0,72.17766,551
2017-09-29T06:00:00-00:00,2017-09-29T07:00:00-00:00,2017-09-28,24,0,TH_SP15_GEN-APND,TH_SP15_GEN-APND,TH_SP15_GEN-APND,DAM,MCE,LMP_ENE_PRC,TH_SP15_GEN-APND,ALL_APNODES,0,32.60043,551
2017-09-28T08:00:00-00:00,2017-09-28T09:00:00-00:00,2017-09-28,2,0,TH_SP15_GEN-APND,TH_SP15_GEN-APND,TH_SP15_GEN-APND,DAM,MCE,LMP_ENE_PRC,TH_SP15_GEN-APND,ALL_APNODES,0,28.863,551
2017-09-28T10:00:00-00:00,2017-09-28T11:00:00-00:00,2017-09-28,4,0,TH_SP15_GEN-APND,TH_SP15_GEN-APND,TH_SP15_GEN-APND,DAM,MCE,LMP_ENE_PRC,TH_SP15_GEN-APND,ALL_APNODES,0,27.73203,551
2017-09-28T23:00:00-00:00,2017-09-29T00:00:00-00:00,2017-09-28,17,0,TH_SP15_GEN-APND,TH_SP15_GEN-APND,TH_SP15_GEN-APND,DAM,MCE,LMP_ENE_PRC,TH_SP15_GEN-APND,ALL_APNODES,0,42.38924,551
2017-09-28T17:00:00-00:00,2017-09-28T18:00:00-00:00,2017-09-28,11,0,TH_SP15_GEN-APND,TH_SP15_GEN-APND,TH_SP15_GEN-APND,DAM,MCE,LMP_ENE_PRC,TH_SP15_GEN-APND,ALL_APNODES,0,21.93588,551
2017-09-28T19:00:00-00:00,2017-09-28T20:00:00-00:00,2017-09-28,13,0,TH_SP15_GEN-APND,TH_SP15_GEN-APND,TH_SP15_GEN-APND,DAM,MCE,LMP_ENE_PRC,TH_SP15_GEN-APND,ALL_APNODES,0,27.44681,551
2017-09-29T00:00:00-00:00,2017-09-29T01:00:00-00:00,2017-09-28,18,0,TH_SP15_GEN-APND,TH_SP15_GEN-APND,TH_SP15_GEN-APND,DAM,MCE,LMP_ENE_PRC,TH_SP15_GEN-APND,ALL_APNODES,0,50.73402,551
2017-09-28T16:00:00-00:00,2017-09-28T17:00:00-00:00,2017-09-28,10,0,TH_SP15_GEN-APND,TH_SP15_GEN-APND,TH_SP15_GEN-APND,DAM,MCE,LMP_ENE_PRC,TH_SP15_GEN-APND,ALL_APNODES,0,20.66571,551
2017-09-28T18:00:00-00:00,2017-09-28T19:00:00-00:00,2017-09-28,12,0,TH_SP15_GEN-APND,TH_SP15_GEN-APND,TH_SP15_GEN-APND,DAM,MCE,LMP_ENE_PRC,TH_SP15_GEN-APND,ALL_APNODES,0,24.92351,551
2017-09-28T20:00:00-00:00,2017-09-28T21:00:00-00:00,2017-09-28,14,0,TH_SP15_GEN-APND,TH_SP15_GEN-APND,TH_SP15_GEN-APND,DAM,MCE,LMP_ENE_PRC,TH_SP15_GEN-APND,ALL_APNODES,0,30.13596,551
2017-09-29T05:00:00-00:00,2017-09-29T06:00:00-00:00,2017-09-28,23,0,TH_SP15_GEN-APND,TH_SP15_GEN-APND,TH_SP15_GEN-APND,DAM,MCE,LMP_ENE_PRC,TH_SP15_GEN-APND,ALL_APNODES,0,35.12067,551
2017-09-28T21:00:00-00:00,2017-09-28T22:00:00-00:00,2017-09-28,15,0,TH_SP15_GEN-APND,TH_SP15_GEN-APND,TH_SP15_GEN-APND,DAM,MCE,LMP_ENE_PRC,TH_SP15_GEN-APND,ALL_APNODES,0,35.06403,551
2017-09-28T14:00:00-00:00,2017-09-28T15:00:00-00:00,2017-09-28,8,0,TH_SP15_GEN-APND,TH_SP15_GEN-APND,TH_SP15_GEN-APND,DAM,MCE,LMP_ENE_PRC,TH_SP15_GEN-APND,ALL_APNODES,0,34.71492,551
2017-09-29T04:00:00-00:00,2017-09-29T05:00:00-00:00,2017-09-28,22,0,TH_SP15_GEN-APND,TH_SP15_GEN-APND,TH_SP15_GEN-APND,DAM,MCE,LMP_ENE_PRC,TH_SP15_GEN-APND,ALL_APNODES,0,41.69132,551
2017-09-28T13:00:00-00:00,2017-09-28T14:00:00-00:00,2017-09-28,7,0,TH_SP15_GEN-APND,TH_SP15_GEN-APND,TH_SP15_GEN-APND,DAM,MCE,LMP_ENE_PRC,TH_SP15_GEN-APND,ALL_APNODES,0,35.44925,551
2017-09-28T22:00:00-00:00,2017-09-28T23:00:00-00:00,2017-09-28,16,0,TH_SP15_GEN-APND,TH_SP15_GEN-APND,TH_SP15_GEN-APND,DAM,MCE,LMP_ENE_PRC,TH_SP15_GEN-APND,ALL_APNODES,0,36.46289,551
2017-09-28T07:00:00-00:00,2017-09-28T08:00:00-00:00,2017-09-28,1,0,TH_SP15_GEN-APND,TH_SP15_GEN-APND,TH_SP15_GEN-APND,DAM,MCE,LMP_ENE_PRC,TH_SP15_GEN-APND,ALL_APNODES,0,29.69596,551
2017-09-28T12:00:00-00:00,2017-09-28T13:00:00-00:00,2017-09-28,6,0,TH_SP15_GEN-APND,TH_SP15_GEN-APND,TH_SP15_GEN-APND,DAM,MCE,LMP_ENE_PRC,TH_SP15_GEN-APND,ALL_APNODES,0,29.60615,551
2017-09-29T01:00:00-00:00,2017-09-29T02:00:00-00:00,2017-09-28,19,0,TH_SP15_GEN-APND,TH_SP15_GEN-APND,TH_SP15_GEN-APND,DAM,MCE,LMP_ENE_PRC,TH_SP15_GEN-APND,ALL_APNODES,0,68.47983,551
2017-09-28T09:00:00-00:00,2017-09-28T10:00:00-00:00,2017-09-28,3,0,TH_SP15_GEN-APND,TH_SP15_GEN-APND,TH_SP15_GEN-APND,DAM,MCE,LMP_ENE_PRC,TH_SP15_GEN-APND,ALL_APNODES,0,28.39212,551
2017-09-28T15:00:00-00:00,2017-09-28T16:00:00-00:00,2017-09-28,9,0,TH_SP15_GEN-APND,TH_SP15_GEN-APND,TH_SP15_GEN-APND,DAM,MCE,LMP_ENE_PRC,TH_SP15_GEN-APND,ALL_APNODES,0,24.99187,551
2017-09-28T13:00:00-00:00,2017-09-28T14:00:00-00:00,2017-09-28,7,0,TH_SP15_GEN-APND,TH_SP15_GEN-APND,TH_SP15_GEN-APND,DAM,MCL,LMP_LOSS_PRC,TH_SP15_GEN-APND,ALL_APNODES,0,-1.60585,552
2017-09-28T14:00:00-00:00,2017-09-28T15:00:00-00:00,2017-09-28,8,0,TH_SP15_GEN-APND,TH_SP15_GEN-APND,TH_SP15_GEN-APND,DAM,MCL,LMP_LOSS_PRC,TH_SP15_GEN-APND,ALL_APNODES,0,-1.87113,552
2017-09-28T16:00:00-00:00,2017-09-28T17:00:00-00:00,2017-09-28,10,0,TH_SP15_GEN-APND,TH_SP15_GEN-APND,TH_SP15_GEN-APND,DAM,MCL,LMP_LOSS_PRC,TH_SP15_GEN-APND,ALL_APNODES,0,-1.38874,552
2017-09-28T20:00:00-00:00,2017-09-28T21:00:00-00:00,2017-09-28,14,0,TH_SP15_GEN-APND,TH_SP15_GEN-APND,TH_SP15_GEN-APND,DAM,MCL,LMP_LOSS_PRC,TH_SP15_GEN-APND,ALL_APNODES,0,-1.99801,552
2017-09-29T05:00:00-00:00,2017-09-29T06:00:00-00:00,2017-09-28,23,0,TH_SP15_GEN-APND,TH_SP15_GEN-APND,TH_SP15_GEN-APND,DAM,MCL,LMP_LOSS_PRC,TH_SP15_GEN-APND,ALL_APNODES,0,-1.60853,552
2017-09-28T07:00:00-00:00,2017-09-28T08:00:00-00:00,2017-09-28,1,0,TH_SP15_GEN-APND,TH_SP15_GEN-APND,TH_SP15_GEN-APND,DAM,MCL,LMP_LOSS_PRC,TH_SP15_GEN-APND,ALL_APNODES,0,-1.10766,552
2017-09-28T12:00:00-00:00,2017-09-28T13:00:00-00:00,2017-09-28,6,0,TH_SP15_GEN-APND,TH_SP15_GEN-APND,TH_SP15_GEN-APND,DAM,MCL,LMP_LOSS_PRC,TH_SP15_GEN-APND,ALL_APNODES,0,-1.11615,552
2017-09-28T18:00:00-00:00,2017-09-28T19:00:00-00:00,2017-09-28,12,0,TH_SP15_GEN-APND,TH_SP15_GEN-APND,TH_SP15_GEN-APND,DAM,MCL,LMP_LOSS_PRC,TH_SP15_GEN-APND,ALL_APNODES,0,-1.70726,552
2017-09-29T01:00:00-00:00,2017-09-29T02:00:00-00:00,2017-09-28,19,0,TH_SP15_GEN-APND,TH_SP15_GEN-APND,TH_SP15_GEN-APND,DAM,MCL,LMP_LOSS_PRC,TH_SP15_GEN-APND,ALL_APNODES,0,-3.38975,552
2017-09-28T17:00:00-00:00,2017-09-28T18:00:00-00:00,2017-09-28,11,0,TH_SP15_GEN-APND,TH_SP15_GEN-APND,TH_SP15_GEN-APND,DAM,MCL,LMP_LOSS_PRC,TH_SP15_GEN-APND,ALL_APNODES,0,-1.44777,552
2017-09-28T23:00:00-00:00,2017-09-29T00:00:00-00:00,2017-09-28,17,0,TH_SP15_GEN-APND,TH_SP15_GEN-APND,TH_SP15_GEN-APND,DAM,MCL,LMP_LOSS_PRC,TH_SP15_GEN-APND,ALL_APNODES,0,-2.89518,552
2017-09-29T00:00:00-00:00,2017-09-29T01:00:00-00:00,2017-09-28,18,0,TH_SP15_GEN-APND,TH_SP15_GEN-APND,TH_SP15_GEN-APND,DAM,MCL,LMP_LOSS_PRC,TH_SP15_GEN-APND,ALL_APNODES,0,-3.08463,552
2017-09-29T06:00:00-00:00,2017-09-29T07:00:00-00:00,2017-09-28,24,0,TH_SP15_GEN-APND,TH_SP15_GEN-APND,TH_SP15_GEN-APND,DAM,MCL,LMP_LOSS_PRC,TH_SP15_GEN-APND,ALL_APNODES,0,-1.45072,552
2017-09-29T04:00:00-00:00,2017-09-29T05:00:00-00:00,2017-09-28,22,0,TH_SP15_GEN-APND,TH_SP15_GEN-APND,TH_SP15_GEN-APND,DAM,MCL,LMP_LOSS_PRC,TH_SP15_GEN-APND,ALL_APNODES,0,-1.69684,552
2017-09-28T08:00:00-00:00,2017-09-28T09:00:00-00:00,2017-09-28,2,0,TH_SP15_GEN-APND,TH_SP15_GEN-APND,TH_SP15_GEN-APND,DAM,MCL,LMP_LOSS_PRC,TH_SP15_GEN-APND,ALL_APNODES,0,-1.04195,552
2017-09-28T10:00:00-00:00,2017-09-28T11:00:00-00:00,2017-09-28,4,0,TH_SP15_GEN-APND,TH_SP15_GEN-APND,TH_SP15_GEN-APND,DAM,MCL,LMP_LOSS_PRC,TH_SP15_GEN-APND,ALL_APNODES,0,-0.95953,552
2017-09-28T19:00:00-00:00,2017-09-28T20:00:00-00:00,2017-09-28,13,0,TH_SP15_GEN-APND,TH_SP15_GEN-APND,TH_SP15_GEN-APND,DAM,MCL,LMP_LOSS_PRC,TH_SP15_GEN-APND,ALL_APNODES,0,-1.80326,552
2017-09-28T21:00:00-00:00,2017-09-28T22:00:00-00:00,2017-09-28,15,0,TH_SP15_GEN-APND,TH_SP15_GEN-APND,TH_SP15_GEN-APND,DAM,MCL,LMP_LOSS_PRC,TH_SP15_GEN-APND,ALL_APNODES,0,-2.27566,552
2017-09-29T02:00:00-00:00,2017-09-29T03:00:00-00:00,2017-09-28,20,0,TH_SP15_GEN-APND,TH_SP15_GEN-APND,TH_SP15_GEN-APND,DAM,MCL,LMP_LOSS_PRC,TH_SP15_GEN-APND,ALL_APNODES,0,-3.30574,552
2017-09-28T11:00:00-00:00,2017-09-28T12:00:00-00:00,2017-09-28,5,0,TH_SP15_GEN-APND,TH_SP15_GEN-APND,TH_SP15_GEN-APND,DAM,MCL,LMP_LOSS_PRC,TH_SP15_GEN-APND,ALL_APNODES,0,-1.01693,552
2017-09-28T22:00:00-00:00,2017-09-28T23:00:00-00:00,2017-09-28,16,0,TH_SP15_GEN-APND,TH_SP15_GEN-APND,TH_SP15_GEN-APND,DAM,MCL,LMP_LOSS_PRC,TH_SP15_GEN-APND,ALL_APNODES,0,-2.32998,552
2017-09-29T03:00:00-00:00,2017-09-29T04:00:00-00:00,2017-09-28,21,0,TH_SP15_GEN-APND,TH_SP15_GEN-APND,TH_SP15_GEN-APND,DAM,MCL,LMP_LOSS_PRC,TH_SP15_GEN-APND,ALL_APNODES,0,-2.1649,552
2017-09-28T09:00:00-00:00,2017-09-28T10:00:00-00:00,2017-09-28,3,0,TH_SP15_GEN-APND,TH_SP15_GEN-APND,TH_SP15_GEN-APND,DAM,MCL,LMP_LOSS_PRC,TH_SP15_GEN-APND,ALL_APNODES,0,-0.98521,552
2017-09-28T15:00:00-00:00,2017-09-28T16:00:00-00:00,2017-09-28,9,0,TH_SP15_GEN-APND,TH_SP15_GEN-APND,TH_SP15_GEN-APND,DAM,MCL,LMP_LOSS_PRC,TH_SP15_GEN-APND,ALL_APNODES,0,-1.63197,552
2017-09-29T04:00:00-00:00,2017-09-29T05:00:00-00:00,2017-09-28,22,0,TH_ZP26_GEN-APND,TH_ZP26_GEN-APND,TH_ZP26_GEN-APND,DAM,LMP,LMP_PRC,TH_ZP26_GEN-APND,ALL_APNODES,0,40.66729,553
2017-09-28T21:00:00-00:00,2017-09-28T22:00:00-00:00,2017-09-28,15,0,TH_ZP26_GEN-APND,TH_ZP26_GEN-APND,TH_ZP26_GEN-APND,DAM,LMP,LMP_PRC,TH_ZP26_GEN-APND,ALL_APNODES,0,26.44026,553
2017-09-28T10:00:00-00:00,2017-09-28T11:00:00-00:00,2017-09-28,4,0,TH_ZP26_GEN-APND,TH_ZP26_GEN-APND,TH_ZP26_GEN-APND,DAM,LMP,LMP_PRC,TH_ZP26_GEN-APND,ALL_APNODES,0,26.85293,553
2017-09-28T19:00:00-00:00,2017-09-28T20:00:00-00:00,2017-09-28,13,0,TH_ZP26_GEN-APND,TH_ZP26_GEN-APND,TH_ZP26_GEN-APND,DAM,LMP,LMP_PRC,TH_ZP26_GEN-APND,ALL_APNODES,0,19.16096,553
2017-09-29T01:00:00-00:00,2017-09-29T02:00:00-00:00,2017-09-28,19,0,TH_ZP26_GEN-APND,TH_ZP26_GEN-APND,TH_ZP26_GEN-APND,DAM,LMP,LMP_PRC,TH_ZP26_GEN-APND,ALL_APNODES,0,67.67986,553
2017-09-29T06:00:00-00:00,2017-09-29T07:00:00-00:00,2017-09-28,24,0,TH_ZP26_GEN-APND,TH_ZP26_GEN-APND,TH_ZP26_GEN-APND,DAM,LMP,LMP_PRC,TH_ZP26_GEN-APND,ALL_APNODES,0,31.44638,553
2017-09-28T14:00:00-00:00,2017-09-28T15:00:00-00:00,2017-09-28,8,0,TH_ZP26_GEN-APND,TH_ZP26_GEN-APND,TH_ZP26_GEN-APND,DAM,LMP,LMP_PRC,TH_ZP26_GEN-APND,ALL_APNODES,0,33.30549,553
2017-09-28T18:00:00-00:00,2017-09-28T19:00:00-00:00,2017-09-28,12,0,TH_ZP26_GEN-APND,TH_ZP26_GEN-APND,TH_ZP26_GEN-APND,DAM,LMP,LMP_PRC,TH_ZP26_GEN-APND,ALL_APNODES,0,18.42662,553
2017-09-28T07:00:00-00:00,2017-09-28T08:00:00-00:00,2017-09-28,1,0,TH_ZP26_GEN-APND,TH_ZP26_GEN-APND,TH_ZP26_GEN-APND,DAM,LMP,LMP_PRC,TH_ZP26_GEN-APND,ALL_APNODES,0,28.70115,553
2017-09-28T20:00:00-00:00,2017-09-28T21:00:00-00:00,2017-09-28,14,0,TH_ZP26_GEN-APND,TH_ZP26_GEN-APND,TH_ZP26_GEN-APND,DAM,LMP,LMP_PRC,TH_ZP26_GEN-APND,ALL_APNODES,0,22.67827,553
2017-09-29T05:00:00-00:00,2017-09-29T06:00:00-00:00,2017-09-28,23,0,TH_ZP26_GEN-APND,TH_ZP26_GEN-APND,TH_ZP26_GEN-APND,DAM,LMP,LMP_PRC,TH_ZP26_GEN-APND,ALL_APNODES,0,33.83525,553
2017-09-28T17:00:00-00:00,2017-09-28T18:00:00-00:00,2017-09-28,11,0,TH_ZP26_GEN-APND,TH_ZP26_GEN-APND,TH_ZP26_GEN-APND,DAM,LMP,LMP_PRC,TH_ZP26_GEN-APND,ALL_APNODES,0,16.33727,553
2017-09-29T00:00:00-00:00,2017-09-29T01:00:00-00:00,2017-09-28,18,0,TH_ZP26_GEN-APND,TH_ZP26_GEN-APND,TH_ZP26_GEN-APND,DAM,LMP,LMP_PRC,TH_ZP26_GEN-APND,ALL_APNODES,0,49.12423,553
2017-09-29T02:00:00-00:00,2017-09-29T03:00:00-00:00,2017-09-28,20,0,TH_ZP26_GEN-APND,TH_ZP26_GEN-APND,TH_ZP26_GEN-APND,DAM,LMP,LMP_PRC,TH_ZP26_GEN-APND,ALL_APNODES,0,71.4483,553
2017-09-28T15:00:00-00:00,2017-09-28T16:00:00-00:00,2017-09-28,9,0,TH_ZP26_GEN-APND,TH_ZP26_GEN-APND,TH_ZP26_GEN-APND,DAM,LMP,LMP_PRC,TH_ZP26_GEN-APND,ALL_APNODES,0,22.76808,553
2017-09-28T16:00:00-00:00,2017-09-28T17:00:00-00:00,2017-09-28,10,0,TH_ZP26_GEN-APND,TH_ZP26_GEN-APND,TH_ZP26_GEN-APND,DAM,LMP,LMP_PRC,TH_ZP26_GEN-APND,ALL_APNODES,0,17.31147,553
2017-09-28T23:00:00-00:00,2017-09-29T00:00:00-00:00,2017-09-28,17,0,TH_ZP26_GEN-APND,TH_ZP26_GEN-APND,TH_ZP26_GEN-APND,DAM,LMP,LMP_PRC,TH_ZP26_GEN-APND,ALL_APNODES,0,37.51555,553
2017-09-28T12:00:00-00:00,2017-09-28T13:00:00-00:00,2017-09-28,6,0,TH_ZP26_GEN-APND,TH_ZP26_GEN-APND,TH_ZP26_GEN-APND,DAM,LMP,LMP_PRC,TH_ZP26_GEN-APND,ALL_APNODES,0,28.56698,553
2017-09-28T13:00:00-00:00,2017-09-28T14:00:00-00:00,2017-09-28,7,0,TH_ZP26_GEN-APND,TH_ZP26_GEN-APND,TH_ZP26_GEN-APND,DAM,LMP,LMP_PRC,TH_ZP26_GEN-APND,ALL_APNODES,0,34.22979,553
2017-09-28T22:00:00-00:00,2017-09-28T23:00:00-00:00,2017-09-28,16,0,TH_ZP26_GEN-APND,TH_ZP26_GEN-APND,TH_ZP26_GEN-APND,DAM,LMP,LMP_PRC,TH_ZP26_GEN-APND,ALL_APNODES,0,29.88135,553
2017-09-29T03:00:00-00:00,2017-09-29T04:00:00-00:00,2017-09-28,21,0,TH_ZP26_GEN-APND,TH_ZP26_GEN-APND,TH_ZP26_GEN-APND,DAM,LMP,LMP_PRC,TH_ZP26_GEN-APND,ALL_APNODES,0,50.31244,553
2017-09-28T09:00:00-00:00,2017-09-28T10:00:00-00:00,2017-09-28,3,0,TH_ZP26_GEN-APND,TH_ZP26_GEN-APND,TH_ZP26_GEN-APND,DAM,LMP,LMP_PRC,TH_ZP26_GEN-APND,ALL_APNODES,0,27.46937,553
2017-09-28T11:00:00-00:00,2017-09-28T12:00:00-00:00,2017-09-28,5,0,TH_ZP26_GEN-APND,TH_ZP26_GEN-APND,TH_ZP26_GEN-APND,DAM,LMP,LMP_PRC,TH_ZP26_GEN-APND,ALL_APNODES,0,26.92786,553
2017-09-28T08:00:00-00:00,2017-09-28T09:00:00-00:00,2017-09-28,2,0,TH_ZP26_GEN-APND,TH_ZP26_GEN-APND,TH_ZP26_GEN-APND,DAM,LMP,LMP_PRC,TH_ZP26_GEN-APND,ALL_APNODES,0,27.92496,553
2017-09-29T02:00:00-00:00,2017-09-29T03:00:00-00:00,2017-09-28,20,0,TH_ZP26_GEN-APND,TH_ZP26_GEN-APND,TH_ZP26_GEN-APND,DAM,MCC,LMP_CONG_PRC,TH_ZP26_GEN-APND,ALL_APNODES,0,2.1361,554
2017-09-28T20:00:00-00:00,2017-09-28T21:00:00-00:00,2017-09-28,14,0,TH_ZP26_GEN-APND,TH_ZP26_GEN-APND,TH_ZP26_GEN-APND,DAM,MCC,LMP_CONG_PRC,TH_ZP26_GEN-APND,ALL_APNODES,0,-5.61036,554
2017-09-28T21:00:00-00:00,2017-09-28T22:00:00-00:00,2017-09-28,15,0,TH_ZP26_GEN-APND,TH_ZP26_GEN-APND,TH_ZP26_GEN-APND,DAM,MCC,LMP_CONG_PRC,TH_ZP26_GEN-APND,ALL_APNODES,0,-6.48837,554
2017-09-29T03:00:00-00:00,2017-09-29T04:00:00-00:00,2017-09-28,21,0,TH_ZP26_GEN-APND,TH_ZP26_GEN-APND,TH_ZP26_GEN-APND,DAM,MCC,LMP_CONG_PRC,TH_ZP26_GEN-APND,ALL_APNODES,0,0.78773,554
2017-09-28T19:00:00-00:00,2017-09-28T20:00:00-00:00,2017-09-28,13,0,TH_ZP26_GEN-APND,TH_ZP26_GEN-APND,TH_ZP26_GEN-APND,DAM,MCC,LMP_CONG_PRC,TH_ZP26_GEN-APND,ALL_APNODES,0,-6.62531,554
2017-09-28T08:00:00-00:00,2017-09-28T09:00:00-00:00,2017-09-28,2,0,TH_ZP26_GEN-APND,TH_ZP26_GEN-APND,TH_ZP26_GEN-APND,DAM,MCC,LMP_CONG_PRC,TH_ZP26_GEN-APND,ALL_APNODES,0,0,554
2017-09-28T13:00:00-00:00,2017-09-28T14:00:00-00:00,2017-09-28,7,0,TH_ZP26_GEN-APND,TH_ZP26_GEN-APND,TH_ZP26_GEN-APND,DAM,MCC,LMP_CONG_PRC,TH_ZP26_GEN-APND,ALL_APNODES,0,0,554
2017-09-29T05:00:00-00:00,2017-09-29T06:00:00-00:00,2017-09-28,23,0,TH_ZP26_GEN-APND,TH_ZP26_GEN-APND,TH_ZP26_GEN-APND,DAM,MCC,LMP_CONG_PRC,TH_ZP26_GEN-APND,ALL_APNODES,0,0,554
2017-09-28T18:00:00-00:00,2017-09-28T19:00:00-00:00,2017-09-28,12,0,TH_ZP26_GEN-APND,TH_ZP26_GEN-APND,TH_ZP26_GEN-APND,DAM,MCC,LMP_CONG_PRC,TH_ZP26_GEN-APND,ALL_APNODES,0,-4.98154,554
2017-09-28T07:00:00-00:00,2017-09-28T08:00:00-00:00,2017-09-28,1,0,TH_ZP26_GEN-APND,TH_ZP26_GEN-APND,TH_ZP26_GEN-APND,DAM,MCC,LMP_CONG_PRC,TH_ZP26_GEN-APND,ALL_APNODES,0,0,554
2017-09-28T09:00:00-00:00,2017-09-28T10:00:00-00:00,2017-09-28,3,0,TH_ZP26_GEN-APND,TH_ZP26_GEN-APND,TH_ZP26_GEN-APND,DAM,MCC,LMP_CONG_PRC,TH_ZP26_GEN-APND,ALL_APNODES,0,0,554
2017-09-28T14:00:00-00:00,2017-09-28T15:00:00-00:00,2017-09-28,8,0,TH_ZP26_GEN-APND,TH_ZP26_GEN-APND,TH_ZP26_GEN-APND,DAM,MCC,LMP_CONG_PRC,TH_ZP26_GEN-APND,ALL_APNODES,0,0,554
2017-09-28T17:00:00-00:00,2017-09-28T18:00:00-00:00,2017-09-28,11,0,TH_ZP26_GEN-APND,TH_ZP26_GEN-APND,TH_ZP26_GEN-APND,DAM,MCC,LMP_CONG_PRC,TH_ZP26_GEN-APND,ALL_APNODES,0,-4.28465,554
2017-09-28T22:00:00-00:00,2017-09-28T23:00:00-00:00,2017-09-28,16,0,TH_ZP26_GEN-APND,TH_ZP26_GEN-APND,TH_ZP26_GEN-APND,DAM,MCC,LMP_CONG_PRC,TH_ZP26_GEN-APND,ALL_APNODES,0,-4.3646,554
2017-09-29T06:00:00-00:00,2017-09-29T07:00:00-00:00,2017-09-28,24,0,TH_ZP26_GEN-APND,TH_ZP26_GEN-APND,TH_ZP26_GEN-APND,DAM,MCC,LMP_CONG_PRC,TH_ZP26_GEN-APND,ALL_APNODES,0,0,554
2017-09-28T11:00:00-00:00,2017-09-28T12:00:00-00:00,2017-09-28,5,0,TH_ZP26_GEN-APND,TH_ZP26_GEN-APND,TH_ZP26_GEN-APND,DAM,MCC,LMP_CONG_PRC,TH_ZP26_GEN-APND,ALL_APNODES,0,0,554
2017-09-28T15:00:00-00:00,2017-09-28T16:00:00-00:00,2017-09-28,9,0,TH_ZP26_GEN-APND,TH_ZP26_GEN-APND,TH_ZP26_GEN-APND,DAM,MCC,LMP_CONG_PRC,TH_ZP26_GEN-APND,ALL_APNODES,0,-0.85173,554
2017-09-28T10:00:00-00:00,2017-09-28T11:00:00-00:00,2017-09-28,4,0,TH_ZP26_GEN-APND,TH_ZP26_GEN-APND,TH_ZP26_GEN-APND,DAM,MCC,LMP_CONG_PRC,TH_ZP26_GEN-APND,ALL_APNODES,0,0,554
2017-09-28T12:00:00-00:00,2017-09-28T13:00:00-00:00,2017-09-28,6,0,TH_ZP26_GEN-APND,TH_ZP26_GEN-APND,TH_ZP26_GEN-APND,DAM,MCC,LMP_CONG_PRC,TH_ZP26_GEN-APND,ALL_APNODES,0,0,554
2017-09-28T16:00:00-00:00,2017-09-28T17:00:00-00:00,2017-09-28,10,0,TH_ZP26_GEN-APND,TH_ZP26_GEN-APND,TH_ZP26_GEN-APND,DAM,MCC,LMP_CONG_PRC,TH_ZP26_GEN-APND,ALL_APNODES,0,-2.1515,554
2017-09-28T23:00:00-00:00,2017-09-29T00:00:00-00:00,2017-09-28,17,0,TH_ZP26_GEN-APND,TH_ZP26_GEN-APND,TH_ZP26_GEN-APND,DAM,MCC,LMP_CONG_PRC,TH_ZP26_GEN-APND,ALL_APNODES,0,-2.46597,554
2017-09-29T01:00:00-00:00,2017-09-29T02:00:00-00:00,2017-09-28,19,0,TH_ZP26_GEN-APND,TH_ZP26_GEN-APND,TH_ZP26_GEN-APND,DAM,MCC,LMP_CONG_PRC,TH_ZP26_GEN-APND,ALL_APNODES,0,1.89813,554
2017-09-29T04:00:00-00:00,2017-09-29T05:00:00-00:00,2017-09-28,22,0,TH_ZP26_GEN-APND,TH_ZP26_GEN-APND,TH_ZP26_GEN-APND,DAM,MCC,LMP_CONG_PRC,TH_ZP26_GEN-APND,ALL_APNODES,0,0.54357,554
2017-09-29T00:00:00-00:00,2017-09-29T01:00:00-00:00,2017-09-28,18,0,TH_ZP26_GEN-APND,TH_ZP26_GEN-APND,TH_ZP26_GEN-APND,DAM,MCC,LMP_CONG_PRC,TH_ZP26_GEN-APND,ALL_APNODES,0,0.87617,554
2017-09-29T04:00:00-00:00,2017-09-29T05:00:00-00:00,2017-09-28,22,0,TH_ZP26_GEN-APND,TH_ZP26_GEN-APND,TH_ZP26_GEN-APND,DAM,MCE,LMP_ENE_PRC,TH_ZP26_GEN-APND,ALL_APNODES,0,41.69132,555
2017-09-28T18:00:00-00:00,2017-09-28T19:00:00-00:00,2017-09-28,12,0,TH_ZP26_GEN-APND,TH_ZP26_GEN-APND,TH_ZP26_GEN-APND,DAM,MCE,LMP_ENE_PRC,TH_ZP26_GEN-APND,ALL_APNODES,0,24.92351,555
2017-09-28T08:00:00-00:00,2017-09-28T09:00:00-00:00,2017-09-28,2,0,TH_ZP26_GEN-APND,TH_ZP26_GEN-APND,TH_ZP26_GEN-APND,DAM,MCE,LMP_ENE_PRC,TH_ZP26_GEN-APND,ALL_APNODES,0,28.863,555
2017-09-28T23:00:00-00:00,2017-09-29T00:00:00-00:00,2017-09-28,17,0,TH_ZP26_GEN-APND,TH_ZP26_GEN-APND,TH_ZP26_GEN-APND,DAM,MCE,LMP_ENE_PRC,TH_ZP26_GEN-APND,ALL_APNODES,0,42.38924,555
2017-09-28T19:00:00-00:00,2017-09-28T20:00:00-00:00,2017-09-28,13,0,TH_ZP26_GEN-APND,TH_ZP26_GEN-APND,TH_ZP26_GEN-APND,DAM,MCE,LMP_ENE_PRC,TH_ZP26_GEN-APND,ALL_APNODES,0,27.44681,555
2017-09-28T22:00:00-00:00,2017-09-28T23:00:00-00:00,2017-09-28,16,0,TH_ZP26_GEN-APND,TH_ZP26_GEN-APND,TH_ZP26_GEN-APND,DAM,MCE,LMP_ENE_PRC,TH_ZP26_GEN-APND,ALL_APNODES,0,36.46289,555
2017-09-28T20:00:00-00:00,2017-09-28T21:00:00-00:00,2017-09-28,14,0,TH_ZP26_GEN-APND,TH_ZP26_GEN-APND,TH_ZP26_GEN-APND,DAM,MCE,LMP_ENE_PRC,TH_ZP26_GEN-APND,ALL_APNODES,0,30.13596,555
2017-09-28T16:00:00-00:00,2017-09-28T17:00:00-00:00,2017-09-28,10,0,TH_ZP26_GEN-APND,TH_ZP26_GEN-APND,TH_ZP26_GEN-APND,DAM,MCE,LMP_ENE_PRC,TH_ZP26_GEN-APND,ALL_APNODES,0,20.66571,555
2017-09-29T05:00:00-00:00,2017-09-29T06:00:00-00:00,2017-09-28,23,0,TH_ZP26_GEN-APND,TH_ZP26_GEN-APND,TH_ZP26_GEN-APND,DAM,MCE,LMP_ENE_PRC,TH_ZP26_GEN-APND,ALL_APNODES,0,35.12067,555
2017-09-28T09:00:00-00:00,2017-09-28T10:00:00-00:00,2017-09-28,3,0,TH_ZP26_GEN-APND,TH_ZP26_GEN-APND,TH_ZP26_GEN-APND,DAM,MCE,LMP_ENE_PRC,TH_ZP26_GEN-APND,ALL_APNODES,0,28.39212,555
2017-09-28T12:00:00-00:00,2017-09-28T13:00:00-00:00,2017-09-28,6,0,TH_ZP26_GEN-APND,TH_ZP26_GEN-APND,TH_ZP26_GEN-APND,DAM,MCE,LMP_ENE_PRC,TH_ZP26_GEN-APND,ALL_APNODES,0,29.60615,555
2017-09-29T00:00:00-00:00,2017-09-29T01:00:00-00:00,2017-09-28,18,0,TH_ZP26_GEN-APND,TH_ZP26_GEN-APND,TH_ZP26_GEN-APND,DAM,MCE,LMP_ENE_PRC,TH_ZP26_GEN-APND,ALL_APNODES,0,50.73402,555
2017-09-28T10:00:00-00:00,2017-09-28T11:00:00-00:00,2017-09-28,4,0,TH_ZP26_GEN-APND,TH_ZP26_GEN-APND,TH_ZP26_GEN-APND,DAM,MCE,LMP_ENE_PRC,TH_ZP26_GEN-APND,ALL_APNODES,0,27.73203,555
2017-09-28T17:00:00-00:00,2017-09-28T18:00:00-00:00,2017-09-28,11,0,TH_ZP26_GEN-APND,TH_ZP26_GEN-APND,TH_ZP26_GEN-APND,DAM,MCE,LMP_ENE_PRC,TH_ZP26_GEN-APND,ALL_APNODES,0,21.93588,555
2017-09-29T01:00:00-00:00,2017-09-29T02:00:00-00:00,2017-09-28,19,0,TH_ZP26_GEN-APND,TH_ZP26_GEN-APND,TH_ZP26_GEN-APND,DAM,MCE,LMP_ENE_PRC,TH_ZP26_GEN-APND,ALL_APNODES,0,68.47983,555
2017-09-28T15:00:00-00:00,2017-09-28T16:00:00-00:00,2017-09-28,9,0,TH_ZP26_GEN-APND,TH_ZP26_GEN-APND,TH_ZP26_GEN-APND,DAM,MCE,LMP_ENE_PRC,TH_ZP26_GEN-APND,ALL_APNODES,0,24.99187,555
2017-09-28T07:00:00-00:00,2017-09-28T08:00:00-00:00,2017-09-28,1,0,TH_ZP26_GEN-APND,TH_ZP26_GEN-APND,TH_ZP26_GEN-APND,DAM,MCE,LMP_ENE_PRC,TH_ZP26_GEN-APND,ALL_APNODES,0,29.69596,555
2017-09-28T13:00:00-00:00,2017-09-28T14:00:00-00:00,2017-09-28,7,0,TH_ZP26_GEN-APND,TH_ZP26_GEN-APND,TH_ZP26_GEN-APND,DAM,MCE,LMP_ENE_PRC,TH_ZP26_GEN-APND,ALL_APNODES,0,35.44925,555
2017-09-29T06:00:00-00:00,2017-09-29T07:00:00-00:00,2017-09-28,24,0,TH_ZP26_GEN-APND,TH_ZP26_GEN-APND,TH_ZP26_GEN-APND,DAM,MCE,LMP_ENE_PRC,TH_ZP26_GEN-APND,ALL_APNODES,0,32.60043,555
2017-09-28T11:00:00-00:00,2017-09-28T12:00:00-00:00,2017-09-28,5,0,TH_ZP26_GEN-APND,TH_ZP26_GEN-APND,TH_ZP26_GEN-APND,DAM,MCE,LMP_ENE_PRC,TH_ZP26_GEN-APND,ALL_APNODES,0,27.86121,555
2017-09-28T21:00:00-00:00,2017-09-28T22:00:00-00:00,2017-09-28,15,0,TH_ZP26_GEN-APND,TH_ZP26_GEN-APND,TH_ZP26_GEN-APND,DAM,MCE,LMP_ENE_PRC,TH_ZP26_GEN-APND,ALL_APNODES,0,35.06403,555
2017-09-29T03:00:00-00:00,2017-09-29T04:00:00-00:00,2017-09-28,21,0,TH_ZP26_GEN-APND,TH_ZP26_GEN-APND,TH_ZP26_GEN-APND,DAM,MCE,LMP_ENE_PRC,TH_ZP26_GEN-APND,ALL_APNODES,0,51.54528,555
2017-09-29T02:00:00-00:00,2017-09-29T03:00:00-00:00,2017-09-28,20,0,TH_ZP26_GEN-APND,TH_ZP26_GEN-APND,TH_ZP26_GEN-APND,DAM,MCE,LMP_ENE_PRC,TH_ZP26_GEN-APND,ALL_APNODES,0,72.17766,555
2017-09-28T14:00:00-00:00,2017-09-28T15:00:00-00:00,2017-09-28,8,0,TH_ZP26_GEN-APND,TH_ZP26_GEN-APND,TH_ZP26_GEN-APND,DAM,MCE,LMP_ENE_PRC,TH_ZP26_GEN-APND,ALL_APNODES,0,34.71492,555
2017-09-28T22:00:00-00:00,2017-09-28T23:00:00-00:00,2017-09-28,16,0,TH_ZP26_GEN-APND,TH_ZP26_GEN-APND,TH_ZP26_GEN-APND,DAM,MCL,LMP_LOSS_PRC,TH_ZP26_GEN-APND,ALL_APNODES,0,-2.21694,556
2017-09-28T20:00:00-00:00,2017-09-28T21:00:00-00:00,2017-09-28,14,0,TH_ZP26_GEN-APND,TH_ZP26_GEN-APND,TH_ZP26_GEN-APND,DAM,MCL,LMP_LOSS_PRC,TH_ZP26_GEN-APND,ALL_APNODES,0,-1.84733,556
2017-09-28T17:00:00-00:00,2017-09-28T18:00:00-00:00,2017-09-28,11,0,TH_ZP26_GEN-APND,TH_ZP26_GEN-APND,TH_ZP26_GEN-APND,DAM,MCL,LMP_LOSS_PRC,TH_ZP26_GEN-APND,ALL_APNODES,0,-1.31396,556
2017-09-28T16:00:00-00:00,2017-09-28T17:00:00-00:00,2017-09-28,10,0,TH_ZP26_GEN-APND,TH_ZP26_GEN-APND,TH_ZP26_GEN-APND,DAM,MCL,LMP_LOSS_PRC,TH_ZP26_GEN-APND,ALL_APNODES,0,-1.20274,556
2017-09-28T14:00:00-00:00,2017-09-28T15:00:00-00:00,2017-09-28,8,0,TH_ZP26_GEN-APND,TH_ZP26_GEN-APND,TH_ZP26_GEN-APND,DAM,MCL,LMP_LOSS_PRC,TH_ZP26_GEN-APND,ALL_APNODES,0,-1.40943,556
2017-09-28T10:00:00-00:00,2017-09-28T11:00:00-00:00,2017-09-28,4,0,TH_ZP26_GEN-APND,TH_ZP26_GEN-APND,TH_ZP26_GEN-APND,DAM,MCL,LMP_LOSS_PRC,TH_ZP26_GEN-APND,ALL_APNODES,0,-0.87911,556
2017-09-28T08:00:00-00:00,2017-09-28T09:00:00-00:00,2017-09-28,2,0,TH_ZP26_GEN-APND,TH_ZP26_GEN-APND,TH_ZP26_GEN-APND,DAM,MCL,LMP_LOSS_PRC,TH_ZP26_GEN-APND,ALL_APNODES,0,-0.93805,556
2017-09-29T00:00:00-00:00,2017-09-29T01:00:00-00:00,2017-09-28,18,0,TH_ZP26_GEN-APND,TH_ZP26_GEN-APND,TH_ZP26_GEN-APND,DAM,MCL,LMP_LOSS_PRC,TH_ZP26_GEN-APND,ALL_APNODES,0,-2.48597,556
2017-09-28T23:00:00-00:00,2017-09-29T00:00:00-00:00,2017-09-28,17,0,TH_ZP26_GEN-APND,TH_ZP26_GEN-APND,TH_ZP26_GEN-APND,DAM,MCL,LMP_LOSS_PRC,TH_ZP26_GEN-APND,ALL_APNODES,0,-2.40771,556
2017-09-28T19:00:00-00:00,2017-09-28T20:00:00-00:00,2017-09-28,13,0,TH_ZP26_GEN-APND,TH_ZP26_GEN-APND,TH_ZP26_GEN-APND,DAM,MCL,LMP_LOSS_PRC,TH_ZP26_GEN-APND,ALL_APNODES,0,-1.66053,556
2017-09-28T15:00:00-00:00,2017-09-28T16:00:00-00:00,2017-09-28,9,0,TH_ZP26_GEN-APND,TH_ZP26_GEN-APND,TH_ZP26_GEN-APND,DAM,MCL,LMP_LOSS_PRC,TH_ZP26_GEN-APND,ALL_APNODES,0,-1.37205,556
2017-09-28T13:00:00-00:00,2017-09-28T14:00:00-00:00,2017-09-28,7,0,TH_ZP26_GEN-APND,TH_ZP26_GEN-APND,TH_ZP26_GEN-APND,DAM,MCL,LMP_LOSS_PRC,TH_ZP26_GEN-APND,ALL_APNODES,0,-1.21945,556
2017-09-28T18:00:00-00:00,2017-09-28T19:00:00-00:00,2017-09-28,12,0,TH_ZP26_GEN-APND,TH_ZP26_GEN-APND,TH_ZP26_GEN-APND,DAM,MCL,LMP_LOSS_PRC,TH_ZP26_GEN-APND,ALL_APNODES,0,-1.51535,556
2017-09-28T11:00:00-00:00,2017-09-28T12:00:00-00:00,2017-09-28,5,0,TH_ZP26_GEN-APND,TH_ZP26_GEN-APND,TH_ZP26_GEN-APND,DAM,MCL,LMP_LOSS_PRC,TH_ZP26_GEN-APND,ALL_APNODES,0,-0.93335,556
2017-09-29T06:00:00-00:00,2017-09-29T07:00:00-00:00,2017-09-28,24,0,TH_ZP26_GEN-APND,TH_ZP26_GEN-APND,TH_ZP26_GEN-APND,DAM,MCL,LMP_LOSS_PRC,TH_ZP26_GEN-APND,ALL_APNODES,0,-1.15406,556
2017-09-29T01:00:00-00:00,2017-09-29T02:00:00-00:00,2017-09-28,19,0,TH_ZP26_GEN-APND,TH_ZP26_GEN-APND,TH_ZP26_GEN-APND,DAM,MCL,LMP_LOSS_PRC,TH_ZP26_GEN-APND,ALL_APNODES,0,-2.69811,556
2017-09-29T04:00:00-00:00,2017-09-29T05:00:00-00:00,2017-09-28,22,0,TH_ZP26_GEN-APND,TH_ZP26_GEN-APND,TH_ZP26_GEN-APND,DAM,MCL,LMP_LOSS_PRC,TH_ZP26_GEN-APND,ALL_APNODES,0,-1.56759,556
2017-09-28T21:00:00-00:00,2017-09-28T22:00:00-00:00,2017-09-28,15,0,TH_ZP26_GEN-APND,TH_ZP26_GEN-APND,TH_ZP26_GEN-APND,DAM,MCL,LMP_LOSS_PRC,TH_ZP26_GEN-APND,ALL_APNODES,0,-2.1354,556
2017-09-28T12:00:00-00:00,2017-09-28T13:00:00-00:00,2017-09-28,6,0,TH_ZP26_GEN-APND,TH_ZP26_GEN-APND,TH_ZP26_GEN-APND,DAM,MCL,LMP_LOSS_PRC,TH_ZP26_GEN-APND,ALL_APNODES,0,-1.03918,556
2017-09-28T07:00:00-00:00,2017-09-28T08:00:00-00:00,2017-09-28,1,0,TH_ZP26_GEN-APND,TH_ZP26_GEN-APND,TH_ZP26_GEN-APND,DAM,MCL,LMP_LOSS_PRC,TH_ZP26_GEN-APND,ALL_APNODES,0,-0.99481,556
2017-09-29T05:00:00-00:00,2017-09-29T06:00:00-00:00,2017-09-28,23,0,TH_ZP26_GEN-APND,TH_ZP26_GEN-APND,TH_ZP26_GEN-APND,DAM,MCL,LMP_LOSS_PRC,TH_ZP26_GEN-APND,ALL_APNODES,0,-1.28542,556
2017-09-28T09:00:00-00:00,2017-09-28T10:00:00-00:00,2017-09-28,3,0,TH_ZP26_GEN-APND,TH_ZP26_GEN-APND,TH_ZP26_GEN-APND,DAM,MCL,LMP_LOSS_PRC,TH_ZP26_GEN-APND,ALL_APNODES,0,-0.92274,556
2017-09-29T02:00:00-00:00,2017-09-29T03:00:00-00:00,2017-09-28,20,0,TH_ZP26_GEN-APND,TH_ZP26_GEN-APND,TH_ZP26_GEN-APND,DAM,MCL,LMP_LOSS_PRC,TH_ZP26_GEN-APND,ALL_APNODES,0,-2.86545,556
2017-09-29T03:00:00-00:00,2017-09-29T04:00:00-00:00,2017-09-28,21,0,TH_ZP26_GEN-APND,TH_ZP26_GEN-APND,TH_ZP26_GEN-APND,DAM,MCL,LMP_LOSS_PRC,TH_ZP26_GEN-APND,ALL_APNODES,0,-2.02058,556
2017-09-28T18:00:00-00:00,2017-09-28T19:00:00-00:00,2017-09-28,12,0,URBAN_6_N005,URBAN_6_N005,URBAN_6_N005,DAM,LMP,LMP_PRC,URBAN_6_N005,ALL,1,0.75304,557
2017-09-28T14:00:00-00:00,2017-09-28T15:00:00-00:00,2017-09-28,8,0,URBAN_6_N005,URBAN_6_N005,URBAN_6_N005,DAM,LMP,LMP_PRC,URBAN_6_N005,ALL,1,30.59376,557
2017-09-28T10:00:00-00:00,2017-09-28T11:00:00-00:00,2017-09-28,4,0,URBAN_6_N005,URBAN_6_N005,URBAN_6_N005,DAM,LMP,LMP_PRC,URBAN_6_N005,ALL,1,27.56564,557
2017-09-29T06:00:00-00:00,2017-09-29T07:00:00-00:00,2017-09-28,24,0,URBAN_6_N005,URBAN_6_N005,URBAN_6_N005,DAM,LMP,LMP_PRC,URBAN_6_N005,ALL,1,32.10164,557
2017-09-28T21:00:00-00:00,2017-09-28T22:00:00-00:00,2017-09-28,15,0,URBAN_6_N005,URBAN_6_N005,URBAN_6_N005,DAM,LMP,LMP_PRC,URBAN_6_N005,ALL,1,22.25901,557
2017-09-28T11:00:00-00:00,2017-09-28T12:00:00-00:00,2017-09-28,5,0,URBAN_6_N005,URBAN_6_N005,URBAN_6_N005,DAM,LMP,LMP_PRC,URBAN_6_N005,ALL,1,27.82221,557
2017-09-28T09:00:00-00:00,2017-09-28T10:00:00-00:00,2017-09-28,3,0,URBAN_6_N005,URBAN_6_N005,URBAN_6_N005,DAM,LMP,LMP_PRC,URBAN_6_N005,ALL,1,28.20473,557
2017-09-28T08:00:00-00:00,2017-09-28T09:00:00-00:00,2017-09-28,2,0,URBAN_6_N005,URBAN_6_N005,URBAN_6_N005,DAM,LMP,LMP_PRC,URBAN_6_N005,ALL,1,28.45604,557
2017-09-29T05:00:00-00:00,2017-09-29T06:00:00-00:00,2017-09-28,23,0,URBAN_6_N005,URBAN_6_N005,URBAN_6_N005,DAM,LMP,LMP_PRC,URBAN_6_N005,ALL,1,34.6922,557
2017-09-29T02:00:00-00:00,2017-09-29T03:00:00-00:00,2017-09-28,20,0,URBAN_6_N005,URBAN_6_N005,URBAN_6_N005,DAM,LMP,LMP_PRC,URBAN_6_N005,ALL,1,56.63755,557
2017-09-29T01:00:00-00:00,2017-09-29T02:00:00-00:00,2017-09-28,19,0,URBAN_6_N005,URBAN_6_N005,URBAN_6_N005,DAM,LMP,LMP_PRC,URBAN_6_N005,ALL,1,52.20833,557
2017-09-29T00:00:00-00:00,2017-09-29T01:00:00-00:00,2017-09-28,18,0,URBAN_6_N005,URBAN_6_N005,URBAN_6_N005,DAM,LMP,LMP_PRC,URBAN_6_N005,ALL,1,38.30029,557
2017-09-28T13:00:00-00:00,2017-09-28T14:00:00-00:00,2017-09-28,7,0,URBAN_6_N005,URBAN_6_N005,URBAN_6_N005,DAM,LMP,LMP_PRC,URBAN_6_N005,ALL,1,35.43152,557
2017-09-29T03:00:00-00:00,2017-09-29T04:00:00-00:00,2017-09-28,21,0,URBAN_6_N005,URBAN_6_N005,URBAN_6_N005,DAM,LMP,LMP_PRC,URBAN_6_N005,ALL,1,49.9765,557
2017-09-28T20:00:00-00:00,2017-09-28T21:00:00-00:00,2017-09-28,14,0,URBAN_6_N005,URBAN_6_N005,URBAN_6_N005,DAM,LMP,LMP_PRC,URBAN_6_N005,ALL,1,13.68053,557
2017-09-28T19:00:00-00:00,2017-09-28T20:00:00-00:00,2017-09-28,13,0,URBAN_6_N005,URBAN_6_N005,URBAN_6_N005,DAM,LMP,LMP_PRC,URBAN_6_N005,ALL,1,13.40173,557
2017-09-28T16:00:00-00:00,2017-09-28T17:00:00-00:00,2017-09-28,10,0,URBAN_6_N005,URBAN_6_N005,URBAN_6_N005,DAM,LMP,LMP_PRC,URBAN_6_N005,ALL,1,7.29871,557
2017-09-28T15:00:00-00:00,2017-09-28T16:00:00-00:00,2017-09-28,9,0,URBAN_6_N005,URBAN_6_N005,URBAN_6_N005,DAM,LMP,LMP_PRC,URBAN_6_N005,ALL,1,15.54187,557
2017-09-28T23:00:00-00:00,2017-09-29T00:00:00-00:00,2017-09-28,17,0,URBAN_6_N005,URBAN_6_N005,URBAN_6_N005,DAM,LMP,LMP_PRC,URBAN_6_N005,ALL,1,24.43518,557
2017-09-28T22:00:00-00:00,2017-09-28T23:00:00-00:00,2017-09-28,16,0,URBAN_6_N005,URBAN_6_N005,URBAN_6_N005,DAM,LMP,LMP_PRC,URBAN_6_N005,ALL,1,26.27558,557
2017-09-28T12:00:00-00:00,2017-09-28T13:00:00-00:00,2017-09-28,6,0,URBAN_6_N005,URBAN_6_N005,URBAN_6_N005,DAM,LMP,LMP_PRC,URBAN_6_N005,ALL,1,29.68313,557
2017-09-28T07:00:00-00:00,2017-09-28T08:00:00-00:00,2017-09-28,1,0,URBAN_6_N005,URBAN_6_N005,URBAN_6_N005,DAM,LMP,LMP_PRC,URBAN_6_N005,ALL,1,29.25943,557
2017-09-28T17:00:00-00:00,2017-09-28T18:00:00-00:00,2017-09-28,11,0,URBAN_6_N005,URBAN_6_N005,URBAN_6_N005,DAM,LMP,LMP_PRC,URBAN_6_N005,ALL,1,8.87369,557
2017-09-29T04:00:00-00:00,2017-09-29T05:00:00-00:00,2017-09-28,22,0,URBAN_6_N005,URBAN_6_N005,URBAN_6_N005,DAM,LMP,LMP_PRC,URBAN_6_N005,ALL,1,40.5577,557
2017-09-28T19:00:00-00:00,2017-09-28T20:00:00-00:00,2017-09-28,13,0,URBAN_6_N005,URBAN_6_N005,URBAN_6_N005,DAM,MCC,LMP_CONG_PRC,URBAN_6_N005,ALL,1,-13.47967,558
2017-09-28T15:00:00-00:00,2017-09-28T16:00:00-00:00,2017-09-28,9,0,URBAN_6_N005,URBAN_6_N005,URBAN_6_N005,DAM,MCC,LMP_CONG_PRC,URBAN_6_N005,ALL,1,-8.89018,558
2017-09-29T01:00:00-00:00,2017-09-29T02:00:00-00:00,2017-09-28,19,0,URBAN_6_N005,URBAN_6_N005,URBAN_6_N005,DAM,MCC,LMP_CONG_PRC,URBAN_6_N005,ALL,1,-15.40866,558
2017-09-28T21:00:00-00:00,2017-09-28T22:00:00-00:00,2017-09-28,15,0,URBAN_6_N005,URBAN_6_N005,URBAN_6_N005,DAM,MCC,LMP_CONG_PRC,URBAN_6_N005,ALL,1,-12.32114,558
2017-09-28T13:00:00-00:00,2017-09-28T14:00:00-00:00,2017-09-28,7,0,URBAN_6_N005,URBAN_6_N005,URBAN_6_N005,DAM,MCC,LMP_CONG_PRC,URBAN_6_N005,ALL,1,0,558
2017-09-28T12:00:00-00:00,2017-09-28T13:00:00-00:00,2017-09-28,6,0,URBAN_6_N005,URBAN_6_N005,URBAN_6_N005,DAM,MCC,LMP_CONG_PRC,URBAN_6_N005,ALL,1,0,558
2017-09-28T17:00:00-00:00,2017-09-28T18:00:00-00:00,2017-09-28,11,0,URBAN_6_N005,URBAN_6_N005,URBAN_6_N005,DAM,MCC,LMP_CONG_PRC,URBAN_6_N005,ALL,1,-12.5094,558
2017-09-28T22:00:00-00:00,2017-09-28T23:00:00-00:00,2017-09-28,16,0,URBAN_6_N005,URBAN_6_N005,URBAN_6_N005,DAM,MCC,LMP_CONG_PRC,URBAN_6_N005,ALL,1,-9.61119,558
2017-09-28T20:00:00-00:00,2017-09-28T21:00:00-00:00,2017-09-28,14,0,URBAN_6_N005,URBAN_6_N005,URBAN_6_N005,DAM,MCC,LMP_CONG_PRC,URBAN_6_N005,ALL,1,-15.95517,558
2017-09-28T07:00:00-00:00,2017-09-28T08:00:00-00:00,2017-09-28,1,0,URBAN_6_N005,URBAN_6_N005,URBAN_6_N005,DAM,MCC,LMP_CONG_PRC,URBAN_6_N005,ALL,1,0,558
2017-09-28T16:00:00-00:00,2017-09-28T17:00:00-00:00,2017-09-28,10,0,URBAN_6_N005,URBAN_6_N005,URBAN_6_N005,DAM,MCC,LMP_CONG_PRC,URBAN_6_N005,ALL,1,-12.82143,558
2017-09-28T14:00:00-00:00,2017-09-28T15:00:00-00:00,2017-09-28,8,0,URBAN_6_N005,URBAN_6_N005,URBAN_6_N005,DAM,MCC,LMP_CONG_PRC,URBAN_6_N005,ALL,1,-3.73583,558
2017-09-28T10:00:00-00:00,2017-09-28T11:00:00-00:00,2017-09-28,4,0,URBAN_6_N005,URBAN_6_N005,URBAN_6_N005,DAM,MCC,LMP_CONG_PRC,URBAN_6_N005,ALL,1,0,558
2017-09-29T05:00:00-00:00,2017-09-29T06:00:00-00:00,2017-09-28,23,0,URBAN_6_N005,URBAN_6_N005,URBAN_6_N005,DAM,MCC,LMP_CONG_PRC,URBAN_6_N005,ALL,1,0,558
2017-09-29T02:00:00-00:00,2017-09-29T03:00:00-00:00,2017-09-28,20,0,URBAN_6_N005,URBAN_6_N005,URBAN_6_N005,DAM,MCC,LMP_CONG_PRC,URBAN_6_N005,ALL,1,-14.78946,558
2017-09-29T00:00:00-00:00,2017-09-29T01:00:00-00:00,2017-09-28,18,0,URBAN_6_N005,URBAN_6_N005,URBAN_6_N005,DAM,MCC,LMP_CONG_PRC,URBAN_6_N005,ALL,1,-11.81985,558
2017-09-28T18:00:00-00:00,2017-09-28T19:00:00-00:00,2017-09-28,12,0,URBAN_6_N005,URBAN_6_N005,URBAN_6_N005,DAM,MCC,LMP_CONG_PRC,URBAN_6_N005,ALL,1,-23.52495,558
2017-09-29T04:00:00-00:00,2017-09-29T05:00:00-00:00,2017-09-28,22,0,URBAN_6_N005,URBAN_6_N005,URBAN_6_N005,DAM,MCC,LMP_CONG_PRC,URBAN_6_N005,ALL,1,-0.92933,558
2017-09-28T09:00:00-00:00,2017-09-28T10:00:00-00:00,2017-09-28,3,0,URBAN_6_N005,URBAN_6_N005,URBAN_6_N005,DAM,MCC,LMP_CONG_PRC,URBAN_6_N005,ALL,1,0,558
2017-09-28T08:00:00-00:00,2017-09-28T09:00:00-00:00,2017-09-28,2,0,URBAN_6_N005,URBAN_6_N005,URBAN_6_N005,DAM,MCC,LMP_CONG_PRC,URBAN_6_N005,ALL,1,0,558
2017-09-29T06:00:00-00:00,2017-09-29T07:00:00-00:00,2017-09-28,24,0,URBAN_6_N005,URBAN_6_N005,URBAN_6_N005,DAM,MCC,LMP_CONG_PRC,URBAN_6_N005,ALL,1,0,558
2017-09-28T23:00:00-00:00,2017-09-29T00:00:00-00:00,2017-09-28,17,0,URBAN_6_N005,URBAN_6_N005,URBAN_6_N005,DAM,MCC,LMP_CONG_PRC,URBAN_6_N005,ALL,1,-17.24191,558
2017-09-28T11:00:00-00:00,2017-09-28T12:00:00-00:00,2017-09-28,5,0,URBAN_6_N005,URBAN_6_N005,URBAN_6_N005,DAM,MCC,LMP_CONG_PRC,URBAN_6_N005,ALL,1,0,558
2017-09-29T03:00:00-00:00,2017-09-29T04:00:00-00:00,2017-09-28,21,0,URBAN_6_N005,URBAN_6_N005,URBAN_6_N005,DAM,MCC,LMP_CONG_PRC,URBAN_6_N005,ALL,1,-1.32136,558
2017-09-28T19:00:00-00:00,2017-09-28T20:00:00-00:00,2017-09-28,13,0,URBAN_6_N005,URBAN_6_N005,URBAN_6_N005,DAM,MCE,LMP_ENE_PRC,URBAN_6_N005,ALL,1,27.44681,559
2017-09-28T18:00:00-00:00,2017-09-28T19:00:00-00:00,2017-09-28,12,0,URBAN_6_N005,URBAN_6_N005,URBAN_6_N005,DAM,MCE,LMP_ENE_PRC,URBAN_6_N005,ALL,1,24.92351,559
2017-09-29T06:00:00-00:00,2017-09-29T07:00:00-00:00,2017-09-28,24,0,URBAN_6_N005,URBAN_6_N005,URBAN_6_N005,DAM,MCE,LMP_ENE_PRC,URBAN_6_N005,ALL,1,32.60043,559
2017-09-28T11:00:00-00:00,2017-09-28T12:00:00-00:00,2017-09-28,5,0,URBAN_6_N005,URBAN_6_N005,URBAN_6_N005,DAM,MCE,LMP_ENE_PRC,URBAN_6_N005,ALL,1,27.86121,559
2017-09-28T20:00:00-00:00,2017-09-28T21:00:00-00:00,2017-09-28,14,0,URBAN_6_N005,URBAN_6_N005,URBAN_6_N005,DAM,MCE,LMP_ENE_PRC,URBAN_6_N005,ALL,1,30.13596,559
2017-09-29T02:00:00-00:00,2017-09-29T03:00:00-00:00,2017-09-28,20,0,URBAN_6_N005,URBAN_6_N005,URBAN_6_N005,DAM,MCE,LMP_ENE_PRC,URBAN_6_N005,ALL,1,72.17766,559
2017-09-28T09:00:00-00:00,2017-09-28T10:00:00-00:00,2017-09-28,3,0,URBAN_6_N005,URBAN_6_N005,URBAN_6_N005,DAM,MCE,LMP_ENE_PRC,URBAN_6_N005,ALL,1,28.39212,559
2017-09-28T15:00:00-00:00,2017-09-28T16:00:00-00:00,2017-09-28,9,0,URBAN_6_N005,URBAN_6_N005,URBAN_6_N005,DAM,MCE,LMP_ENE_PRC,URBAN_6_N005,ALL,1,24.99187,559
2017-09-28T23:00:00-00:00,2017-09-29T00:00:00-00:00,2017-09-28,17,0,URBAN_6_N005,URBAN_6_N005,URBAN_6_N005,DAM,MCE,LMP_ENE_PRC,URBAN_6_N005,ALL,1,42.38924,559
2017-09-29T01:00:00-00:00,2017-09-29T02:00:00-00:00,2017-09-28,19,0,URBAN_6_N005,URBAN_6_N005,URBAN_6_N005,DAM,MCE,LMP_ENE_PRC,URBAN_6_N005,ALL,1,68.47983,559
2017-09-29T03:00:00-00:00,2017-09-29T04:00:00-00:00,2017-09-28,21,0,URBAN_6_N005,URBAN_6_N005,URBAN_6_N005,DAM,MCE,LMP_ENE_PRC,URBAN_6_N005,ALL,1,51.54528,559
2017-09-28T14:00:00-00:00,2017-09-28T15:00:00-00:00,2017-09-28,8,0,URBAN_6_N005,URBAN_6_N005,URBAN_6_N005,DAM,MCE,LMP_ENE_PRC,URBAN_6_N005,ALL,1,34.71492,559
2017-09-28T16:00:00-00:00,2017-09-28T17:00:00-00:00,2017-09-28,10,0,URBAN_6_N005,URBAN_6_N005,URBAN_6_N005,DAM,MCE,LMP_ENE_PRC,URBAN_6_N005,ALL,1,20.66571,559
2017-09-29T00:00:00-00:00,2017-09-29T01:00:00-00:00,2017-09-28,18,0,URBAN_6_N005,URBAN_6_N005,URBAN_6_N005,DAM,MCE,LMP_ENE_PRC,URBAN_6_N005,ALL,1,50.73402,559
2017-09-29T05:00:00-00:00,2017-09-29T06:00:00-00:00,2017-09-28,23,0,URBAN_6_N005,URBAN_6_N005,URBAN_6_N005,DAM,MCE,LMP_ENE_PRC,URBAN_6_N005,ALL,1,35.12067,559
2017-09-28T08:00:00-00:00,2017-09-28T09:00:00-00:00,2017-09-28,2,0,URBAN_6_N005,URBAN_6_N005,URBAN_6_N005,DAM,MCE,LMP_ENE_PRC,URBAN_6_N005,ALL,1,28.863,559
2017-09-28T22:00:00-00:00,2017-09-28T23:00:00-00:00,2017-09-28,16,0,URBAN_6_N005,URBAN_6_N005,URBAN_6_N005,DAM,MCE,LMP_ENE_PRC,URBAN_6_N005,ALL,1,36.46289,559
2017-09-29T04:00:00-00:00,2017-09-29T05:00:00-00:00,2017-09-28,22,0,URBAN_6_N005,URBAN_6_N005,URBAN_6_N005,DAM,MCE,LMP_ENE_PRC,URBAN_6_N005,ALL,1,41.69132,559
2017-09-28T07:00:00-00:00,2017-09-28T08:00:00-00:00,2017-09-28,1,0,URBAN_6_N005,URBAN_6_N005,URBAN_6_N005,DAM,MCE,LMP_ENE_PRC,URBAN_6_N005,ALL,1,29.69596,559
2017-09-28T10:00:00-00:00,2017-09-28T11:00:00-00:00,2017-09-28,4,0,URBAN_6_N005,URBAN_6_N005,URBAN_6_N005,DAM,MCE,LMP_ENE_PRC,URBAN_6_N005,ALL,1,27.73203,559
2017-09-28T13:00:00-00:00,2017-09-28T14:00:00-00:00,2017-09-28,7,0,URBAN_6_N005,URBAN_6_N005,URBAN_6_N005,DAM,MCE,LMP_ENE_PRC,URBAN_6_N005,ALL,1,35.44925,559
2017-09-28T12:00:00-00:00,2017-09-28T13:00:00-00:00,2017-09-28,6,0,URBAN_6_N005,URBAN_6_N005,URBAN_6_N005,DAM,MCE,LMP_ENE_PRC,URBAN_6_N005,ALL,1,29.60615,559
2017-09-28T17:00:00-00:00,2017-09-28T18:00:00-00:00,2017-09-28,11,0,URBAN_6_N005,URBAN_6_N005,URBAN_6_N005,DAM,MCE,LMP_ENE_PRC,URBAN_6_N005,ALL,1,21.93588,559
2017-09-28T21:00:00-00:00,2017-09-28T22:00:00-00:00,2017-09-28,15,0,URBAN_6_N005,URBAN_6_N005,URBAN_6_N005,DAM,MCE,LMP_ENE_PRC,URBAN_6_N005,ALL,1,35.06403,559
2017-09-28T15:00:00-00:00,2017-09-28T16:00:00-00:00,2017-09-28,9,0,URBAN_6_N005,URBAN_6_N005,URBAN_6_N005,DAM,MCL,LMP_LOSS_PRC,URBAN_6_N005,ALL,1,-0.55982,560
2017-09-28T14:00:00-00:00,2017-09-28T15:00:00-00:00,2017-09-28,8,0,URBAN_6_N005,URBAN_6_N005,URBAN_6_N005,DAM,MCL,LMP_LOSS_PRC,URBAN_6_N005,ALL,1,-0.38534,560
2017-09-28T22:00:00-00:00,2017-09-28T23:00:00-00:00,2017-09-28,16,0,URBAN_6_N005,URBAN_6_N005,URBAN_6_N005,DAM,MCL,LMP_LOSS_PRC,URBAN_6_N005,ALL,1,-0.57611,560
2017-09-29T01:00:00-00:00,2017-09-29T02:00:00-00:00,2017-09-28,19,0,URBAN_6_N005,URBAN_6_N005,URBAN_6_N005,DAM,MCL,LMP_LOSS_PRC,URBAN_6_N005,ALL,1,-0.86285,560
2017-09-28T16:00:00-00:00,2017-09-28T17:00:00-00:00,2017-09-28,10,0,URBAN_6_N005,URBAN_6_N005,URBAN_6_N005,DAM,MCL,LMP_LOSS_PRC,URBAN_6_N005,ALL,1,-0.54557,560
2017-09-29T03:00:00-00:00,2017-09-29T04:00:00-00:00,2017-09-28,21,0,URBAN_6_N005,URBAN_6_N005,URBAN_6_N005,DAM,MCL,LMP_LOSS_PRC,URBAN_6_N005,ALL,1,-0.24742,560
2017-09-29T05:00:00-00:00,2017-09-29T06:00:00-00:00,2017-09-28,23,0,URBAN_6_N005,URBAN_6_N005,URBAN_6_N005,DAM,MCL,LMP_LOSS_PRC,URBAN_6_N005,ALL,1,-0.42847,560
2017-09-28T18:00:00-00:00,2017-09-28T19:00:00-00:00,2017-09-28,12,0,URBAN_6_N005,URBAN_6_N005,URBAN_6_N005,DAM,MCL,LMP_LOSS_PRC,URBAN_6_N005,ALL,1,-0.64552,560
2017-09-29T02:00:00-00:00,2017-09-29T03:00:00-00:00,2017-09-28,20,0,URBAN_6_N005,URBAN_6_N005,URBAN_6_N005,DAM,MCL,LMP_LOSS_PRC,URBAN_6_N005,ALL,1,-0.75065,560
2017-09-28T17:00:00-00:00,2017-09-28T18:00:00-00:00,2017-09-28,11,0,URBAN_6_N005,URBAN_6_N005,URBAN_6_N005,DAM,MCL,LMP_LOSS_PRC,URBAN_6_N005,ALL,1,-0.55278,560
2017-09-28T20:00:00-00:00,2017-09-28T21:00:00-00:00,2017-09-28,14,0,URBAN_6_N005,URBAN_6_N005,URBAN_6_N005,DAM,MCL,LMP_LOSS_PRC,URBAN_6_N005,ALL,1,-0.50026,560
2017-09-28T08:00:00-00:00,2017-09-28T09:00:00-00:00,2017-09-28,2,0,URBAN_6_N005,URBAN_6_N005,URBAN_6_N005,DAM,MCL,LMP_LOSS_PRC,URBAN_6_N005,ALL,1,-0.40697,560
2017-09-28T11:00:00-00:00,2017-09-28T12:00:00-00:00,2017-09-28,5,0,URBAN_6_N005,URBAN_6_N005,URBAN_6_N005,DAM,MCL,LMP_LOSS_PRC,URBAN_6_N005,ALL,1,-0.03901,560
2017-09-28T13:00:00-00:00,2017-09-28T14:00:00-00:00,2017-09-28,7,0,URBAN_6_N005,URBAN_6_N005,URBAN_6_N005,DAM,MCL,LMP_LOSS_PRC,URBAN_6_N005,ALL,1,-0.01772,560
2017-09-28T23:00:00-00:00,2017-09-29T00:00:00-00:00,2017-09-28,17,0,URBAN_6_N005,URBAN_6_N005,URBAN_6_N005,DAM,MCL,LMP_LOSS_PRC,URBAN_6_N005,ALL,1,-0.71214,560
2017-09-29T00:00:00-00:00,2017-09-29T01:00:00-00:00,2017-09-28,18,0,URBAN_6_N005,URBAN_6_N005,URBAN_6_N005,DAM,MCL,LMP_LOSS_PRC,URBAN_6_N005,ALL,1,-0.61388,560
2017-09-28T12:00:00-00:00,2017-09-28T13:00:00-00:00,2017-09-28,6,0,URBAN_6_N005,URBAN_6_N005,URBAN_6_N005,DAM,MCL,LMP_LOSS_PRC,URBAN_6_N005,ALL,1,0.07698,560
2017-09-29T06:00:00-00:00,2017-09-29T07:00:00-00:00,2017-09-28,24,0,URBAN_6_N005,URBAN_6_N005,URBAN_6_N005,DAM,MCL,LMP_LOSS_PRC,URBAN_6_N005,ALL,1,-0.49879,560
2017-09-28T10:00:00-00:00,2017-09-28T11:00:00-00:00,2017-09-28,4,0,URBAN_6_N005,URBAN_6_N005,URBAN_6_N005,DAM,MCL,LMP_LOSS_PRC,URBAN_6_N005,ALL,1,-0.16639,560
2017-09-28T07:00:00-00:00,2017-09-28T08:00:00-00:00,2017-09-28,1,0,URBAN_6_N005,URBAN_6_N005,URBAN_6_N005,DAM,MCL,LMP_LOSS_PRC,URBAN_6_N005,ALL,1,-0.43653,560
2017-09-28T21:00:00-00:00,2017-09-28T22:00:00-00:00,2017-09-28,15,0,URBAN_6_N005,URBAN_6_N005,URBAN_6_N005,DAM,MCL,LMP_LOSS_PRC,URBAN_6_N005,ALL,1,-0.48388,560
2017-09-29T04:00:00-00:00,2017-09-29T05:00:00-00:00,2017-09-28,22,0,URBAN_6_N005,URBAN_6_N005,URBAN_6_N005,DAM,MCL,LMP_LOSS_PRC,URBAN_6_N005,ALL,1,-0.20429,560
2017-09-28T09:00:00-00:00,2017-09-28T10:00:00-00:00,2017-09-28,3,0,URBAN_6_N005,URBAN_6_N005,URBAN_6_N005,DAM,MCL,LMP_LOSS_PRC,URBAN_6_N005,ALL,1,-0.18739,560
2017-09-28T19:00:00-00:00,2017-09-28T20:00:00-00:00,2017-09-28,13,0,URBAN_6_N005,URBAN_6_N005,URBAN_6_N005,DAM,MCL,LMP_LOSS_PRC,URBAN_6_N005,ALL,1,-0.5654,560
2017-09-30T04:00:00-00:00,2017-09-30T05:00:00-00:00,2017-09-29,22,0,BAYSHOR2_1_N001,BAYSHOR2_1_N001,BAYSHOR2_1_N001,DAM,LMP,LMP_PRC,BAYSHOR2_1_N001,ALL,1,37.53787,561
2017-09-29T08:00:00-00:00,2017-09-29T09:00:00-00:00,2017-09-29,2,0,BAYSHOR2_1_N001,BAYSHOR2_1_N001,BAYSHOR2_1_N001,DAM,LMP,LMP_PRC,BAYSHOR2_1_N001,ALL,1,29.50774,561
2017-09-29T09:00:00-00:00,2017-09-29T10:00:00-00:00,2017-09-29,3,0,BAYSHOR2_1_N001,BAYSHOR2_1_N001,BAYSHOR2_1_N001,DAM,LMP,LMP_PRC,BAYSHOR2_1_N001,ALL,1,28.73712,561
2017-09-30T05:00:00-00:00,2017-09-30T06:00:00-00:00,2017-09-29,23,0,BAYSHOR2_1_N001,BAYSHOR2_1_N001,BAYSHOR2_1_N001,DAM,LMP,LMP_PRC,BAYSHOR2_1_N001,ALL,1,34.08057,561
2017-09-29T18:00:00-00:00,2017-09-29T19:00:00-00:00,2017-09-29,12,0,BAYSHOR2_1_N001,BAYSHOR2_1_N001,BAYSHOR2_1_N001,DAM,LMP,LMP_PRC,BAYSHOR2_1_N001,ALL,1,28.74435,561
2017-09-29T19:00:00-00:00,2017-09-29T20:00:00-00:00,2017-09-29,13,0,BAYSHOR2_1_N001,BAYSHOR2_1_N001,BAYSHOR2_1_N001,DAM,LMP,LMP_PRC,BAYSHOR2_1_N001,ALL,1,29.30279,561
2017-09-29T11:00:00-00:00,2017-09-29T12:00:00-00:00,2017-09-29,5,0,BAYSHOR2_1_N001,BAYSHOR2_1_N001,BAYSHOR2_1_N001,DAM,LMP,LMP_PRC,BAYSHOR2_1_N001,ALL,1,28.87239,561
2017-09-29T12:00:00-00:00,2017-09-29T13:00:00-00:00,2017-09-29,6,0,BAYSHOR2_1_N001,BAYSHOR2_1_N001,BAYSHOR2_1_N001,DAM,LMP,LMP_PRC,BAYSHOR2_1_N001,ALL,1,31.78482,561
2017-09-29T13:00:00-00:00,2017-09-29T14:00:00-00:00,2017-09-29,7,0,BAYSHOR2_1_N001,BAYSHOR2_1_N001,BAYSHOR2_1_N001,DAM,LMP,LMP_PRC,BAYSHOR2_1_N001,ALL,1,40.27474,561
2017-09-29T16:00:00-00:00,2017-09-29T17:00:00-00:00,2017-09-29,10,0,BAYSHOR2_1_N001,BAYSHOR2_1_N001,BAYSHOR2_1_N001,DAM,LMP,LMP_PRC,BAYSHOR2_1_N001,ALL,1,26.87409,561
2017-09-29T22:00:00-00:00,2017-09-29T23:00:00-00:00,2017-09-29,16,0,BAYSHOR2_1_N001,BAYSHOR2_1_N001,BAYSHOR2_1_N001,DAM,LMP,LMP_PRC,BAYSHOR2_1_N001,ALL,1,32.52055,561
2017-09-29T23:00:00-00:00,2017-09-30T00:00:00-00:00,2017-09-29,17,0,BAYSHOR2_1_N001,BAYSHOR2_1_N001,BAYSHOR2_1_N001,DAM,LMP,LMP_PRC,BAYSHOR2_1_N001,ALL,1,32.38756,561
2017-09-29T15:00:00-00:00,2017-09-29T16:00:00-00:00,2017-09-29,9,0,BAYSHOR2_1_N001,BAYSHOR2_1_N001,BAYSHOR2_1_N001,DAM,LMP,LMP_PRC,BAYSHOR2_1_N001,ALL,1,28.60707,561
2017-09-29T07:00:00-00:00,2017-09-29T08:00:00-00:00,2017-09-29,1,0,BAYSHOR2_1_N001,BAYSHOR2_1_N001,BAYSHOR2_1_N001,DAM,LMP,LMP_PRC,BAYSHOR2_1_N001,ALL,1,29.95178,561
2017-09-30T03:00:00-00:00,2017-09-30T04:00:00-00:00,2017-09-29,21,0,BAYSHOR2_1_N001,BAYSHOR2_1_N001,BAYSHOR2_1_N001,DAM,LMP,LMP_PRC,BAYSHOR2_1_N001,ALL,1,46.35039,561
2017-09-29T10:00:00-00:00,2017-09-29T11:00:00-00:00,2017-09-29,4,0,BAYSHOR2_1_N001,BAYSHOR2_1_N001,BAYSHOR2_1_N001,DAM,LMP,LMP_PRC,BAYSHOR2_1_N001,ALL,1,28.11608,561
2017-09-30T06:00:00-00:00,2017-09-30T07:00:00-00:00,2017-09-29,24,0,BAYSHOR2_1_N001,BAYSHOR2_1_N001,BAYSHOR2_1_N001,DAM,LMP,LMP_PRC,BAYSHOR2_1_N001,ALL,1,30.73517,561
2017-09-29T21:00:00-00:00,2017-09-29T22:00:00-00:00,2017-09-29,15,0,BAYSHOR2_1_N001,BAYSHOR2_1_N001,BAYSHOR2_1_N001,DAM,LMP,LMP_PRC,BAYSHOR2_1_N001,ALL,1,31.64739,561
2017-09-29T14:00:00-00:00,2017-09-29T15:00:00-00:00,2017-09-29,8,0,BAYSHOR2_1_N001,BAYSHOR2_1_N001,BAYSHOR2_1_N001,DAM,LMP,LMP_PRC,BAYSHOR2_1_N001,ALL,1,37.82608,561
2017-09-29T17:00:00-00:00,2017-09-29T18:00:00-00:00,2017-09-29,11,0,BAYSHOR2_1_N001,BAYSHOR2_1_N001,BAYSHOR2_1_N001,DAM,LMP,LMP_PRC,BAYSHOR2_1_N001,ALL,1,27.14934,561
2017-09-30T02:00:00-00:00,2017-09-30T03:00:00-00:00,2017-09-29,20,0,BAYSHOR2_1_N001,BAYSHOR2_1_N001,BAYSHOR2_1_N001,DAM,LMP,LMP_PRC,BAYSHOR2_1_N001,ALL,1,61.07993,561
2017-09-30T00:00:00-00:00,2017-09-30T01:00:00-00:00,2017-09-29,18,0,BAYSHOR2_1_N001,BAYSHOR2_1_N001,BAYSHOR2_1_N001,DAM,LMP,LMP_PRC,BAYSHOR2_1_N001,ALL,1,46.09326,561
2017-09-30T01:00:00-00:00,2017-09-30T02:00:00-00:00,2017-09-29,19,0,BAYSHOR2_1_N001,BAYSHOR2_1_N001,BAYSHOR2_1_N001,DAM,LMP,LMP_PRC,BAYSHOR2_1_N001,ALL,1,60.43257,561
2017-09-29T20:00:00-00:00,2017-09-29T21:00:00-00:00,2017-09-29,14,0,BAYSHOR2_1_N001,BAYSHOR2_1_N001,BAYSHOR2_1_N001,DAM,LMP,LMP_PRC,BAYSHOR2_1_N001,ALL,1,30.26175,561
2017-09-29T14:00:00-00:00,2017-09-29T15:00:00-00:00,2017-09-29,8,0,BAYSHOR2_1_N001,BAYSHOR2_1_N001,BAYSHOR2_1_N001,DAM,MCC,LMP_CONG_PRC,BAYSHOR2_1_N001,ALL,1,0,562
2017-09-29T16:00:00-00:00,2017-09-29T17:00:00-00:00,2017-09-29,10,0,BAYSHOR2_1_N001,BAYSHOR2_1_N001,BAYSHOR2_1_N001,DAM,MCC,LMP_CONG_PRC,BAYSHOR2_1_N001,ALL,1,1.1796,562
2017-09-29T13:00:00-00:00,2017-09-29T14:00:00-00:00,2017-09-29,7,0,BAYSHOR2_1_N001,BAYSHOR2_1_N001,BAYSHOR2_1_N001,DAM,MCC,LMP_CONG_PRC,BAYSHOR2_1_N001,ALL,1,0,562
2017-09-29T22:00:00-00:00,2017-09-29T23:00:00-00:00,2017-09-29,16,0,BAYSHOR2_1_N001,BAYSHOR2_1_N001,BAYSHOR2_1_N001,DAM,MCC,LMP_CONG_PRC,BAYSHOR2_1_N001,ALL,1,-1.85124,562
2017-09-30T02:00:00-00:00,2017-09-30T03:00:00-00:00,2017-09-29,20,0,BAYSHOR2_1_N001,BAYSHOR2_1_N001,BAYSHOR2_1_N001,DAM,MCC,LMP_CONG_PRC,BAYSHOR2_1_N001,ALL,1,0,562
2017-09-30T01:00:00-00:00,2017-09-30T02:00:00-00:00,2017-09-29,19,0,BAYSHOR2_1_N001,BAYSHOR2_1_N001,BAYSHOR2_1_N001,DAM,MCC,LMP_CONG_PRC,BAYSHOR2_1_N001,ALL,1,0,562
2017-09-30T00:00:00-00:00,2017-09-30T01:00:00-00:00,2017-09-29,18,0,BAYSHOR2_1_N001,BAYSHOR2_1_N001,BAYSHOR2_1_N001,DAM,MCC,LMP_CONG_PRC,BAYSHOR2_1_N001,ALL,1,0,562
2017-09-29T19:00:00-00:00,2017-09-29T20:00:00-00:00,2017-09-29,13,0,BAYSHOR2_1_N001,BAYSHOR2_1_N001,BAYSHOR2_1_N001,DAM,MCC,LMP_CONG_PRC,BAYSHOR2_1_N001,ALL,1,-1.0337,562
2017-09-30T05:00:00-00:00,2017-09-30T06:00:00-00:00,2017-09-29,23,0,BAYSHOR2_1_N001,BAYSHOR2_1_N001,BAYSHOR2_1_N001,DAM,MCC,LMP_CONG_PRC,BAYSHOR2_1_N001,ALL,1,0,562
2017-09-29T09:00:00-00:00,2017-09-29T10:00:00-00:00,2017-09-29,3,0,BAYSHOR2_1_N001,BAYSHOR2_1_N001,BAYSHOR2_1_N001,DAM,MCC,LMP_CONG_PRC,BAYSHOR2_1_N001,ALL,1,0,562
2017-09-29T07:00:00-00:00,2017-09-29T08:00:00-00:00,2017-09-29,1,0,BAYSHOR2_1_N001,BAYSHOR2_1_N001,BAYSHOR2_1_N001,DAM,MCC,LMP_CONG_PRC,BAYSHOR2_1_N001,ALL,1,0,562
2017-09-29T10:00:00-00:00,2017-09-29T11:00:00-00:00,2017-09-29,4,0,BAYSHOR2_1_N001,BAYSHOR2_1_N001,BAYSHOR2_1_N001,DAM,MCC,LMP_CONG_PRC,BAYSHOR2_1_N001,ALL,1,0,562
2017-09-29T15:00:00-00:00,2017-09-29T16:00:00-00:00,2017-09-29,9,0,BAYSHOR2_1_N001,BAYSHOR2_1_N001,BAYSHOR2_1_N001,DAM,MCC,LMP_CONG_PRC,BAYSHOR2_1_N001,ALL,1,0,562
2017-09-29T21:00:00-00:00,2017-09-29T22:00:00-00:00,2017-09-29,15,0,BAYSHOR2_1_N001,BAYSHOR2_1_N001,BAYSHOR2_1_N001,DAM,MCC,LMP_CONG_PRC,BAYSHOR2_1_N001,ALL,1,-2.19664,562
2017-09-29T17:00:00-00:00,2017-09-29T18:00:00-00:00,2017-09-29,11,0,BAYSHOR2_1_N001,BAYSHOR2_1_N001,BAYSHOR2_1_N001,DAM,MCC,LMP_CONG_PRC,BAYSHOR2_1_N001,ALL,1,2.22046,562
2017-09-30T03:00:00-00:00,2017-09-30T04:00:00-00:00,2017-09-29,21,0,BAYSHOR2_1_N001,BAYSHOR2_1_N001,BAYSHOR2_1_N001,DAM,MCC,LMP_CONG_PRC,BAYSHOR2_1_N001,ALL,1,0,562
2017-09-29T18:00:00-00:00,2017-09-29T19:00:00-00:00,2017-09-29,12,0,BAYSHOR2_1_N001,BAYSHOR2_1_N001,BAYSHOR2_1_N001,DAM,MCC,LMP_CONG_PRC,BAYSHOR2_1_N001,ALL,1,0.86412,562
2017-09-30T04:00:00-00:00,2017-09-30T05:00:00-00:00,2017-09-29,22,0,BAYSHOR2_1_N001,BAYSHOR2_1_N001,BAYSHOR2_1_N001,DAM,MCC,LMP_CONG_PRC,BAYSHOR2_1_N001,ALL,1,0,562
2017-09-29T12:00:00-00:00,2017-09-29T13:00:00-00:00,2017-09-29,6,0,BAYSHOR2_1_N001,BAYSHOR2_1_N001,BAYSHOR2_1_N001,DAM,MCC,LMP_CONG_PRC,BAYSHOR2_1_N001,ALL,1,0,562
2017-09-29T08:00:00-00:00,2017-09-29T09:00:00-00:00,2017-09-29,2,0,BAYSHOR2_1_N001,BAYSHOR2_1_N001,BAYSHOR2_1_N001,DAM,MCC,LMP_CONG_PRC,BAYSHOR2_1_N001,ALL,1,0,562
2017-09-29T23:00:00-00:00,2017-09-30T00:00:00-00:00,2017-09-29,17,0,BAYSHOR2_1_N001,BAYSHOR2_1_N001,BAYSHOR2_1_N001,DAM,MCC,LMP_CONG_PRC,BAYSHOR2_1_N001,ALL,1,-1.56946,562
2017-09-30T06:00:00-00:00,2017-09-30T07:00:00-00:00,2017-09-29,24,0,BAYSHOR2_1_N001,BAYSHOR2_1_N001,BAYSHOR2_1_N001,DAM,MCC,LMP_CONG_PRC,BAYSHOR2_1_N001,ALL,1,0,562
2017-09-29T20:00:00-00:00,2017-09-29T21:00:00-00:00,2017-09-29,14,0,BAYSHOR2_1_N001,BAYSHOR2_1_N001,BAYSHOR2_1_N001,DAM,MCC,LMP_CONG_PRC,BAYSHOR2_1_N001,ALL,1,-1.83181,562
2017-09-29T11:00:00-00:00,2017-09-29T12:00:00-00:00,2017-09-29,5,0,BAYSHOR2_1_N001,BAYSHOR2_1_N001,BAYSHOR2_1_N001,DAM,MCC,LMP_CONG_PRC,BAYSHOR2_1_N001,ALL,1,0,562
2017-09-30T02:00:00-00:00,2017-09-30T03:00:00-00:00,2017-09-29,20,0,BAYSHOR2_1_N001,BAYSHOR2_1_N001,BAYSHOR2_1_N001,DAM,MCE,LMP_ENE_PRC,BAYSHOR2_1_N001,ALL,1,58.42174,563
2017-09-29T23:00:00-00:00,2017-09-30T00:00:00-00:00,2017-09-29,17,0,BAYSHOR2_1_N001,BAYSHOR2_1_N001,BAYSHOR2_1_N001,DAM,MCE,LMP_ENE_PRC,BAYSHOR2_1_N001,ALL,1,31.7563,563
2017-09-29T11:00:00-00:00,2017-09-29T12:00:00-00:00,2017-09-29,5,0,BAYSHOR2_1_N001,BAYSHOR2_1_N001,BAYSHOR2_1_N001,DAM,MCE,LMP_ENE_PRC,BAYSHOR2_1_N001,ALL,1,27.86642,563
2017-09-30T05:00:00-00:00,2017-09-30T06:00:00-00:00,2017-09-29,23,0,BAYSHOR2_1_N001,BAYSHOR2_1_N001,BAYSHOR2_1_N001,DAM,MCE,LMP_ENE_PRC,BAYSHOR2_1_N001,ALL,1,32.73201,563
2017-09-30T04:00:00-00:00,2017-09-30T05:00:00-00:00,2017-09-29,22,0,BAYSHOR2_1_N001,BAYSHOR2_1_N001,BAYSHOR2_1_N001,DAM,MCE,LMP_ENE_PRC,BAYSHOR2_1_N001,ALL,1,36.10105,563
2017-09-29T09:00:00-00:00,2017-09-29T10:00:00-00:00,2017-09-29,3,0,BAYSHOR2_1_N001,BAYSHOR2_1_N001,BAYSHOR2_1_N001,DAM,MCE,LMP_ENE_PRC,BAYSHOR2_1_N001,ALL,1,27.79487,563
2017-09-30T01:00:00-00:00,2017-09-30T02:00:00-00:00,2017-09-29,19,0,BAYSHOR2_1_N001,BAYSHOR2_1_N001,BAYSHOR2_1_N001,DAM,MCE,LMP_ENE_PRC,BAYSHOR2_1_N001,ALL,1,57.83021,563
2017-09-29T19:00:00-00:00,2017-09-29T20:00:00-00:00,2017-09-29,13,0,BAYSHOR2_1_N001,BAYSHOR2_1_N001,BAYSHOR2_1_N001,DAM,MCE,LMP_ENE_PRC,BAYSHOR2_1_N001,ALL,1,28.07634,563
2017-09-29T16:00:00-00:00,2017-09-29T17:00:00-00:00,2017-09-29,10,0,BAYSHOR2_1_N001,BAYSHOR2_1_N001,BAYSHOR2_1_N001,DAM,MCE,LMP_ENE_PRC,BAYSHOR2_1_N001,ALL,1,23.61409,563
2017-09-29T14:00:00-00:00,2017-09-29T15:00:00-00:00,2017-09-29,8,0,BAYSHOR2_1_N001,BAYSHOR2_1_N001,BAYSHOR2_1_N001,DAM,MCE,LMP_ENE_PRC,BAYSHOR2_1_N001,ALL,1,35.93585,563
2017-09-29T20:00:00-00:00,2017-09-29T21:00:00-00:00,2017-09-29,14,0,BAYSHOR2_1_N001,BAYSHOR2_1_N001,BAYSHOR2_1_N001,DAM,MCE,LMP_ENE_PRC,BAYSHOR2_1_N001,ALL,1,29.7438,563
2017-09-29T18:00:00-00:00,2017-09-29T19:00:00-00:00,2017-09-29,12,0,BAYSHOR2_1_N001,BAYSHOR2_1_N001,BAYSHOR2_1_N001,DAM,MCE,LMP_ENE_PRC,BAYSHOR2_1_N001,ALL,1,25.73639,563
2017-09-30T06:00:00-00:00,2017-09-30T07:00:00-00:00,2017-09-29,24,0,BAYSHOR2_1_N001,BAYSHOR2_1_N001,BAYSHOR2_1_N001,DAM,MCE,LMP_ENE_PRC,BAYSHOR2_1_N001,ALL,1,29.81392,563
2017-09-29T13:00:00-00:00,2017-09-29T14:00:00-00:00,2017-09-29,7,0,BAYSHOR2_1_N001,BAYSHOR2_1_N001,BAYSHOR2_1_N001,DAM,MCE,LMP_ENE_PRC,BAYSHOR2_1_N001,ALL,1,38.69595,563
2017-09-29T22:00:00-00:00,2017-09-29T23:00:00-00:00,2017-09-29,16,0,BAYSHOR2_1_N001,BAYSHOR2_1_N001,BAYSHOR2_1_N001,DAM,MCE,LMP_ENE_PRC,BAYSHOR2_1_N001,ALL,1,32.08119,563
2017-09-29T07:00:00-00:00,2017-09-29T08:00:00-00:00,2017-09-29,1,0,BAYSHOR2_1_N001,BAYSHOR2_1_N001,BAYSHOR2_1_N001,DAM,MCE,LMP_ENE_PRC,BAYSHOR2_1_N001,ALL,1,28.90261,563
2017-09-29T08:00:00-00:00,2017-09-29T09:00:00-00:00,2017-09-29,2,0,BAYSHOR2_1_N001,BAYSHOR2_1_N001,BAYSHOR2_1_N001,DAM,MCE,LMP_ENE_PRC,BAYSHOR2_1_N001,ALL,1,28.45491,563
2017-09-30T00:00:00-00:00,2017-09-30T01:00:00-00:00,2017-09-29,18,0,BAYSHOR2_1_N001,BAYSHOR2_1_N001,BAYSHOR2_1_N001,DAM,MCE,LMP_ENE_PRC,BAYSHOR2_1_N001,ALL,1,43.45961,563
2017-09-29T21:00:00-00:00,2017-09-29T22:00:00-00:00,2017-09-29,15,0,BAYSHOR2_1_N001,BAYSHOR2_1_N001,BAYSHOR2_1_N001,DAM,MCE,LMP_ENE_PRC,BAYSHOR2_1_N001,ALL,1,31.39229,563
2017-09-29T17:00:00-00:00,2017-09-29T18:00:00-00:00,2017-09-29,11,0,BAYSHOR2_1_N001,BAYSHOR2_1_N001,BAYSHOR2_1_N001,DAM,MCE,LMP_ENE_PRC,BAYSHOR2_1_N001,ALL,1,22.97169,563
2017-09-29T10:00:00-00:00,2017-09-29T11:00:00-00:00,2017-09-29,4,0,BAYSHOR2_1_N001,BAYSHOR2_1_N001,BAYSHOR2_1_N001,DAM,MCE,LMP_ENE_PRC,BAYSHOR2_1_N001,ALL,1,27.21525,563
2017-09-30T03:00:00-00:00,2017-09-30T04:00:00-00:00,2017-09-29,21,0,BAYSHOR2_1_N001,BAYSHOR2_1_N001,BAYSHOR2_1_N001,DAM,MCE,LMP_ENE_PRC,BAYSHOR2_1_N001,ALL,1,44.39268,563
2017-09-29T12:00:00-00:00,2017-09-29T13:00:00-00:00,2017-09-29,6,0,BAYSHOR2_1_N001,BAYSHOR2_1_N001,BAYSHOR2_1_N001,DAM,MCE,LMP_ENE_PRC,BAYSHOR2_1_N001,ALL,1,30.6744,563
2017-09-29T15:00:00-00:00,2017-09-29T16:00:00-00:00,2017-09-29,9,0,BAYSHOR2_1_N001,BAYSHOR2_1_N001,BAYSHOR2_1_N001,DAM,MCE,LMP_ENE_PRC,BAYSHOR2_1_N001,ALL,1,26.79066,563
2017-09-29T13:00:00-00:00,2017-09-29T14:00:00-00:00,2017-09-29,7,0,BAYSHOR2_1_N001,BAYSHOR2_1_N001,BAYSHOR2_1_N001,DAM,MCL,LMP_LOSS_PRC,BAYSHOR2_1_N001,ALL,1,1.57879,564
2017-09-30T06:00:00-00:00,2017-09-30T07:00:00-00:00,2017-09-29,24,0,BAYSHOR2_1_N001,BAYSHOR2_1_N001,BAYSHOR2_1_N001,DAM,MCL,LMP_LOSS_PRC,BAYSHOR2_1_N001,ALL,1,0.92125,564
2017-09-29T18:00:00-00:00,2017-09-29T19:00:00-00:00,2017-09-29,12,0,BAYSHOR2_1_N001,BAYSHOR2_1_N001,BAYSHOR2_1_N001,DAM,MCL,LMP_LOSS_PRC,BAYSHOR2_1_N001,ALL,1,2.14384,564
2017-09-30T02:00:00-00:00,2017-09-30T03:00:00-00:00,2017-09-29,20,0,BAYSHOR2_1_N001,BAYSHOR2_1_N001,BAYSHOR2_1_N001,DAM,MCL,LMP_LOSS_PRC,BAYSHOR2_1_N001,ALL,1,2.65819,564
2017-09-29T08:00:00-00:00,2017-09-29T09:00:00-00:00,2017-09-29,2,0,BAYSHOR2_1_N001,BAYSHOR2_1_N001,BAYSHOR2_1_N001,DAM,MCL,LMP_LOSS_PRC,BAYSHOR2_1_N001,ALL,1,1.05283,564
2017-09-29T12:00:00-00:00,2017-09-29T13:00:00-00:00,2017-09-29,6,0,BAYSHOR2_1_N001,BAYSHOR2_1_N001,BAYSHOR2_1_N001,DAM,MCL,LMP_LOSS_PRC,BAYSHOR2_1_N001,ALL,1,1.11041,564
2017-09-29T14:00:00-00:00,2017-09-29T15:00:00-00:00,2017-09-29,8,0,BAYSHOR2_1_N001,BAYSHOR2_1_N001,BAYSHOR2_1_N001,DAM,MCL,LMP_LOSS_PRC,BAYSHOR2_1_N001,ALL,1,1.89023,564
2017-09-29T07:00:00-00:00,2017-09-29T08:00:00-00:00,2017-09-29,1,0,BAYSHOR2_1_N001,BAYSHOR2_1_N001,BAYSHOR2_1_N001,DAM,MCL,LMP_LOSS_PRC,BAYSHOR2_1_N001,ALL,1,1.04916,564
2017-09-30T04:00:00-00:00,2017-09-30T05:00:00-00:00,2017-09-29,22,0,BAYSHOR2_1_N001,BAYSHOR2_1_N001,BAYSHOR2_1_N001,DAM,MCL,LMP_LOSS_PRC,BAYSHOR2_1_N001,ALL,1,1.43682,564
2017-09-30T05:00:00-00:00,2017-09-30T06:00:00-00:00,2017-09-29,23,0,BAYSHOR2_1_N001,BAYSHOR2_1_N001,BAYSHOR2_1_N001,DAM,MCL,LMP_LOSS_PRC,BAYSHOR2_1_N001,ALL,1,1.34856,564
2017-09-29T22:00:00-00:00,2017-09-29T23:00:00-00:00,2017-09-29,16,0,BAYSHOR2_1_N001,BAYSHOR2_1_N001,BAYSHOR2_1_N001,DAM,MCL,LMP_LOSS_PRC,BAYSHOR2_1_N001,ALL,1,2.2906,564
2017-09-29T09:00:00-00:00,2017-09-29T10:00:00-00:00,2017-09-29,3,0,BAYSHOR2_1_N001,BAYSHOR2_1_N001,BAYSHOR2_1_N001,DAM,MCL,LMP_LOSS_PRC,BAYSHOR2_1_N001,ALL,1,0.94225,564
2017-09-29T19:00:00-00:00,2017-09-29T20:00:00-00:00,2017-09-29,13,0,BAYSHOR2_1_N001,BAYSHOR2_1_N001,BAYSHOR2_1_N001,DAM,MCL,LMP_LOSS_PRC,BAYSHOR2_1_N001,ALL,1,2.26015,564
2017-09-29T15:00:00-00:00,2017-09-29T16:00:00-00:00,2017-09-29,9,0,BAYSHOR2_1_N001,BAYSHOR2_1_N001,BAYSHOR2_1_N001,DAM,MCL,LMP_LOSS_PRC,BAYSHOR2_1_N001,ALL,1,1.81641,564
2017-09-29T16:00:00-00:00,2017-09-29T17:00:00-00:00,2017-09-29,10,0,BAYSHOR2_1_N001,BAYSHOR2_1_N001,BAYSHOR2_1_N001,DAM,MCL,LMP_LOSS_PRC,BAYSHOR2_1_N001,ALL,1,2.0804,564
2017-09-29T17:00:00-00:00,2017-09-29T18:00:00-00:00,2017-09-29,11,0,BAYSHOR2_1_N001,BAYSHOR2_1_N001,BAYSHOR2_1_N001,DAM,MCL,LMP_LOSS_PRC,BAYSHOR2_1_N001,ALL,1,1.95719,564
2017-09-29T21:00:00-00:00,2017-09-29T22:00:00-00:00,2017-09-29,15,0,BAYSHOR2_1_N001,BAYSHOR2_1_N001,BAYSHOR2_1_N001,DAM,MCL,LMP_LOSS_PRC,BAYSHOR2_1_N001,ALL,1,2.45174,564
2017-09-29T11:00:00-00:00,2017-09-29T12:00:00-00:00,2017-09-29,5,0,BAYSHOR2_1_N001,BAYSHOR2_1_N001,BAYSHOR2_1_N001,DAM,MCL,LMP_LOSS_PRC,BAYSHOR2_1_N001,ALL,1,1.00598,564
2017-09-30T03:00:00-00:00,2017-09-30T04:00:00-00:00,2017-09-29,21,0,BAYSHOR2_1_N001,BAYSHOR2_1_N001,BAYSHOR2_1_N001,DAM,MCL,LMP_LOSS_PRC,BAYSHOR2_1_N001,ALL,1,1.95772,564
2017-09-29T20:00:00-00:00,2017-09-29T21:00:00-00:00,2017-09-29,14,0,BAYSHOR2_1_N001,BAYSHOR2_1_N001,BAYSHOR2_1_N001,DAM,MCL,LMP_LOSS_PRC,BAYSHOR2_1_N001,ALL,1,2.34976,564
2017-09-30T00:00:00-00:00,2017-09-30T01:00:00-00:00,2017-09-29,18,0,BAYSHOR2_1_N001,BAYSHOR2_1_N001,BAYSHOR2_1_N001,DAM,MCL,LMP_LOSS_PRC,BAYSHOR2_1_N001,ALL,1,2.63365,564
2017-09-30T01:00:00-00:00,2017-09-30T02:00:00-00:00,2017-09-29,19,0,BAYSHOR2_1_N001,BAYSHOR2_1_N001,BAYSHOR2_1_N001,DAM,MCL,LMP_LOSS_PRC,BAYSHOR2_1_N001,ALL,1,2.60236,564
2017-09-29T23:00:00-00:00,2017-09-30T00:00:00-00:00,2017-09-29,17,0,BAYSHOR2_1_N001,BAYSHOR2_1_N001,BAYSHOR2_1_N001,DAM,MCL,LMP_LOSS_PRC,BAYSHOR2_1_N001,ALL,1,2.20071,564
2017-09-29T10:00:00-00:00,2017-09-29T11:00:00-00:00,2017-09-29,4,0,BAYSHOR2_1_N001,BAYSHOR2_1_N001,BAYSHOR2_1_N001,DAM,MCL,LMP_LOSS_PRC,BAYSHOR2_1_N001,ALL,1,0.90082,564
2017-09-29T08:00:00-00:00,2017-09-29T09:00:00-00:00,2017-09-29,2,0,TH_NP15_GEN-APND,TH_NP15_GEN-APND,TH_NP15_GEN-APND,DAM,LMP,LMP_PRC,TH_NP15_GEN-APND,ALL_APNODES,0,28.35532,565
2017-09-29T23:00:00-00:00,2017-09-30T00:00:00-00:00,2017-09-29,17,0,TH_NP15_GEN-APND,TH_NP15_GEN-APND,TH_NP15_GEN-APND,DAM,LMP,LMP_PRC,TH_NP15_GEN-APND,ALL_APNODES,0,30.12016,565
2017-09-29T22:00:00-00:00,2017-09-29T23:00:00-00:00,2017-09-29,16,0,TH_NP15_GEN-APND,TH_NP15_GEN-APND,TH_NP15_GEN-APND,DAM,LMP,LMP_PRC,TH_NP15_GEN-APND,ALL_APNODES,0,30.26845,565
2017-09-30T04:00:00-00:00,2017-09-30T05:00:00-00:00,2017-09-29,22,0,TH_NP15_GEN-APND,TH_NP15_GEN-APND,TH_NP15_GEN-APND,DAM,LMP,LMP_PRC,TH_NP15_GEN-APND,ALL_APNODES,0,35.71476,565
2017-09-29T20:00:00-00:00,2017-09-29T21:00:00-00:00,2017-09-29,14,0,TH_NP15_GEN-APND,TH_NP15_GEN-APND,TH_NP15_GEN-APND,DAM,LMP,LMP_PRC,TH_NP15_GEN-APND,ALL_APNODES,0,28.06314,565
2017-09-29T13:00:00-00:00,2017-09-29T14:00:00-00:00,2017-09-29,7,0,TH_NP15_GEN-APND,TH_NP15_GEN-APND,TH_NP15_GEN-APND,DAM,LMP,LMP_PRC,TH_NP15_GEN-APND,ALL_APNODES,0,38.57986,565
2017-09-29T10:00:00-00:00,2017-09-29T11:00:00-00:00,2017-09-29,4,0,TH_NP15_GEN-APND,TH_NP15_GEN-APND,TH_NP15_GEN-APND,DAM,LMP,LMP_PRC,TH_NP15_GEN-APND,ALL_APNODES,0,27.09823,565
2017-09-29T15:00:00-00:00,2017-09-29T16:00:00-00:00,2017-09-29,9,0,TH_NP15_GEN-APND,TH_NP15_GEN-APND,TH_NP15_GEN-APND,DAM,LMP,LMP_PRC,TH_NP15_GEN-APND,ALL_APNODES,0,27.09875,565
2017-09-30T05:00:00-00:00,2017-09-30T06:00:00-00:00,2017-09-29,23,0,TH_NP15_GEN-APND,TH_NP15_GEN-APND,TH_NP15_GEN-APND,DAM,LMP,LMP_PRC,TH_NP15_GEN-APND,ALL_APNODES,0,32.59454,565
2017-09-30T02:00:00-00:00,2017-09-30T03:00:00-00:00,2017-09-29,20,0,TH_NP15_GEN-APND,TH_NP15_GEN-APND,TH_NP15_GEN-APND,DAM,LMP,LMP_PRC,TH_NP15_GEN-APND,ALL_APNODES,0,57.82,565
2017-09-30T03:00:00-00:00,2017-09-30T04:00:00-00:00,2017-09-29,21,0,TH_NP15_GEN-APND,TH_NP15_GEN-APND,TH_NP15_GEN-APND,DAM,LMP,LMP_PRC,TH_NP15_GEN-APND,ALL_APNODES,0,43.75786,565
2017-09-30T00:00:00-00:00,2017-09-30T01:00:00-00:00,2017-09-29,18,0,TH_NP15_GEN-APND,TH_NP15_GEN-APND,TH_NP15_GEN-APND,DAM,LMP,LMP_PRC,TH_NP15_GEN-APND,ALL_APNODES,0,42.85209,565
2017-09-30T01:00:00-00:00,2017-09-30T02:00:00-00:00,2017-09-29,19,0,TH_NP15_GEN-APND,TH_NP15_GEN-APND,TH_NP15_GEN-APND,DAM,LMP,LMP_PRC,TH_NP15_GEN-APND,ALL_APNODES,0,57.21142,565
2017-09-29T11:00:00-00:00,2017-09-29T12:00:00-00:00,2017-09-29,5,0,TH_NP15_GEN-APND,TH_NP15_GEN-APND,TH_NP15_GEN-APND,DAM,LMP,LMP_PRC,TH_NP15_GEN-APND,ALL_APNODES,0,27.80232,565
2017-09-29T16:00:00-00:00,2017-09-29T17:00:00-00:00,2017-09-29,10,0,TH_NP15_GEN-APND,TH_NP15_GEN-APND,TH_NP15_GEN-APND,DAM,LMP,LMP_PRC,TH_NP15_GEN-APND,ALL_APNODES,0,24.573,565
2017-09-29T07:00:00-00:00,2017-09-29T08:00:00-00:00,2017-09-29,1,0,TH_NP15_GEN-APND,TH_NP15_GEN-APND,TH_NP15_GEN-APND,DAM,LMP,LMP_PRC,TH_NP15_GEN-APND,ALL_APNODES,0,28.89683,565
2017-09-29T09:00:00-00:00,2017-09-29T10:00:00-00:00,2017-09-29,3,0,TH_NP15_GEN-APND,TH_NP15_GEN-APND,TH_NP15_GEN-APND,DAM,LMP,LMP_PRC,TH_NP15_GEN-APND,ALL_APNODES,0,27.68647,565
2017-09-29T12:00:00-00:00,2017-09-29T13:00:00-00:00,2017-09-29,6,0,TH_NP15_GEN-APND,TH_NP15_GEN-APND,TH_NP15_GEN-APND,DAM,LMP,LMP_PRC,TH_NP15_GEN-APND,ALL_APNODES,0,30.64986,565
2017-09-29T14:00:00-00:00,2017-09-29T15:00:00-00:00,2017-09-29,8,0,TH_NP15_GEN-APND,TH_NP15_GEN-APND,TH_NP15_GEN-APND,DAM,LMP,LMP_PRC,TH_NP15_GEN-APND,ALL_APNODES,0,35.98616,565
2017-09-29T17:00:00-00:00,2017-09-29T18:00:00-00:00,2017-09-29,11,0,TH_NP15_GEN-APND,TH_NP15_GEN-APND,TH_NP15_GEN-APND,DAM,LMP,LMP_PRC,TH_NP15_GEN-APND,ALL_APNODES,0,24.11183,565
2017-09-29T18:00:00-00:00,2017-09-29T19:00:00-00:00,2017-09-29,12,0,TH_NP15_GEN-APND,TH_NP15_GEN-APND,TH_NP15_GEN-APND,DAM,LMP,LMP_PRC,TH_NP15_GEN-APND,ALL_APNODES,0,25.78444,565
2017-09-29T19:00:00-00:00,2017-09-29T20:00:00-00:00,2017-09-29,13,0,TH_NP15_GEN-APND,TH_NP15_GEN-APND,TH_NP15_GEN-APND,DAM,LMP,LMP_PRC,TH_NP15_GEN-APND,ALL_APNODES,0,26.77564,565
2017-09-29T21:00:00-00:00,2017-09-29T22:00:00-00:00,2017-09-29,15,0,TH_NP15_GEN-APND,TH_NP15_GEN-APND,TH_NP15_GEN-APND,DAM,LMP,LMP_PRC,TH_NP15_GEN-APND,ALL_APNODES,0,29.42481,565
2017-09-30T06:00:00-00:00,2017-09-30T07:00:00-00:00,2017-09-29,24,0,TH_NP15_GEN-APND,TH_NP15_GEN-APND,TH_NP15_GEN-APND,DAM,LMP,LMP_PRC,TH_NP15_GEN-APND,ALL_APNODES,0,29.57242,565
2017-09-29T13:00:00-00:00,2017-09-29T14:00:00-00:00,2017-09-29,7,0,TH_NP15_GEN-APND,TH_NP15_GEN-APND,TH_NP15_GEN-APND,DAM,MCC,LMP_CONG_PRC,TH_NP15_GEN-APND,ALL_APNODES,0,0,566
2017-09-29T07:00:00-00:00,2017-09-29T08:00:00-00:00,2017-09-29,1,0,TH_NP15_GEN-APND,TH_NP15_GEN-APND,TH_NP15_GEN-APND,DAM,MCC,LMP_CONG_PRC,TH_NP15_GEN-APND,ALL_APNODES,0,0,566
2017-09-29T16:00:00-00:00,2017-09-29T17:00:00-00:00,2017-09-29,10,0,TH_NP15_GEN-APND,TH_NP15_GEN-APND,TH_NP15_GEN-APND,DAM,MCC,LMP_CONG_PRC,TH_NP15_GEN-APND,ALL_APNODES,0,0.60943,566
2017-09-29T12:00:00-00:00,2017-09-29T13:00:00-00:00,2017-09-29,6,0,TH_NP15_GEN-APND,TH_NP15_GEN-APND,TH_NP15_GEN-APND,DAM,MCC,LMP_CONG_PRC,TH_NP15_GEN-APND,ALL_APNODES,0,0,566
2017-09-29T09:00:00-00:00,2017-09-29T10:00:00-00:00,2017-09-29,3,0,TH_NP15_GEN-APND,TH_NP15_GEN-APND,TH_NP15_GEN-APND,DAM,MCC,LMP_CONG_PRC,TH_NP15_GEN-APND,ALL_APNODES,0,0,566
2017-09-29T10:00:00-00:00,2017-09-29T11:00:00-00:00,2017-09-29,4,0,TH_NP15_GEN-APND,TH_NP15_GEN-APND,TH_NP15_GEN-APND,DAM,MCC,LMP_CONG_PRC,TH_NP15_GEN-APND,ALL_APNODES,0,0,566
2017-09-29T11:00:00-00:00,2017-09-29T12:00:00-00:00,2017-09-29,5,0,TH_NP15_GEN-APND,TH_NP15_GEN-APND,TH_NP15_GEN-APND,DAM,MCC,LMP_CONG_PRC,TH_NP15_GEN-APND,ALL_APNODES,0,0,566
2017-09-29T15:00:00-00:00,2017-09-29T16:00:00-00:00,2017-09-29,9,0,TH_NP15_GEN-APND,TH_NP15_GEN-APND,TH_NP15_GEN-APND,DAM,MCC,LMP_CONG_PRC,TH_NP15_GEN-APND,ALL_APNODES,0,0,566
2017-09-30T01:00:00-00:00,2017-09-30T02:00:00-00:00,2017-09-29,19,0,TH_NP15_GEN-APND,TH_NP15_GEN-APND,TH_NP15_GEN-APND,DAM,MCC,LMP_CONG_PRC,TH_NP15_GEN-APND,ALL_APNODES,0,0,566
2017-09-30T00:00:00-00:00,2017-09-30T01:00:00-00:00,2017-09-29,18,0,TH_NP15_GEN-APND,TH_NP15_GEN-APND,TH_NP15_GEN-APND,DAM,MCC,LMP_CONG_PRC,TH_NP15_GEN-APND,ALL_APNODES,0,-0.22507,566
2017-09-29T08:00:00-00:00,2017-09-29T09:00:00-00:00,2017-09-29,2,0,TH_NP15_GEN-APND,TH_NP15_GEN-APND,TH_NP15_GEN-APND,DAM,MCC,LMP_CONG_PRC,TH_NP15_GEN-APND,ALL_APNODES,0,0,566
2017-09-29T20:00:00-00:00,2017-09-29T21:00:00-00:00,2017-09-29,14,0,TH_NP15_GEN-APND,TH_NP15_GEN-APND,TH_NP15_GEN-APND,DAM,MCC,LMP_CONG_PRC,TH_NP15_GEN-APND,ALL_APNODES,0,-1.90969,566
2017-09-29T17:00:00-00:00,2017-09-29T18:00:00-00:00,2017-09-29,11,0,TH_NP15_GEN-APND,TH_NP15_GEN-APND,TH_NP15_GEN-APND,DAM,MCC,LMP_CONG_PRC,TH_NP15_GEN-APND,ALL_APNODES,0,0.85988,566
2017-09-29T14:00:00-00:00,2017-09-29T15:00:00-00:00,2017-09-29,8,0,TH_NP15_GEN-APND,TH_NP15_GEN-APND,TH_NP15_GEN-APND,DAM,MCC,LMP_CONG_PRC,TH_NP15_GEN-APND,ALL_APNODES,0,0,566
2017-09-30T02:00:00-00:00,2017-09-30T03:00:00-00:00,2017-09-29,20,0,TH_NP15_GEN-APND,TH_NP15_GEN-APND,TH_NP15_GEN-APND,DAM,MCC,LMP_CONG_PRC,TH_NP15_GEN-APND,ALL_APNODES,0,0,566
2017-09-29T21:00:00-00:00,2017-09-29T22:00:00-00:00,2017-09-29,15,0,TH_NP15_GEN-APND,TH_NP15_GEN-APND,TH_NP15_GEN-APND,DAM,MCC,LMP_CONG_PRC,TH_NP15_GEN-APND,ALL_APNODES,0,-2.19664,566
2017-09-29T19:00:00-00:00,2017-09-29T20:00:00-00:00,2017-09-29,13,0,TH_NP15_GEN-APND,TH_NP15_GEN-APND,TH_NP15_GEN-APND,DAM,MCC,LMP_CONG_PRC,TH_NP15_GEN-APND,ALL_APNODES,0,-1.6292,566
2017-09-30T04:00:00-00:00,2017-09-30T05:00:00-00:00,2017-09-29,22,0,TH_NP15_GEN-APND,TH_NP15_GEN-APND,TH_NP15_GEN-APND,DAM,MCC,LMP_CONG_PRC,TH_NP15_GEN-APND,ALL_APNODES,0,0,566
2017-09-30T03:00:00-00:00,2017-09-30T04:00:00-00:00,2017-09-29,21,0,TH_NP15_GEN-APND,TH_NP15_GEN-APND,TH_NP15_GEN-APND,DAM,MCC,LMP_CONG_PRC,TH_NP15_GEN-APND,ALL_APNODES,0,0,566
2017-09-29T23:00:00-00:00,2017-09-30T00:00:00-00:00,2017-09-29,17,0,TH_NP15_GEN-APND,TH_NP15_GEN-APND,TH_NP15_GEN-APND,DAM,MCC,LMP_CONG_PRC,TH_NP15_GEN-APND,ALL_APNODES,0,-1.56946,566
2017-09-29T22:00:00-00:00,2017-09-29T23:00:00-00:00,2017-09-29,16,0,TH_NP15_GEN-APND,TH_NP15_GEN-APND,TH_NP15_GEN-APND,DAM,MCC,LMP_CONG_PRC,TH_NP15_GEN-APND,ALL_APNODES,0,-1.85124,566
2017-09-29T18:00:00-00:00,2017-09-29T19:00:00-00:00,2017-09-29,12,0,TH_NP15_GEN-APND,TH_NP15_GEN-APND,TH_NP15_GEN-APND,DAM,MCC,LMP_CONG_PRC,TH_NP15_GEN-APND,ALL_APNODES,0,-0.26851,566
2017-09-30T05:00:00-00:00,2017-09-30T06:00:00-00:00,2017-09-29,23,0,TH_NP15_GEN-APND,TH_NP15_GEN-APND,TH_NP15_GEN-APND,DAM,MCC,LMP_CONG_PRC,TH_NP15_GEN-APND,ALL_APNODES,0,0,566
2017-09-30T06:00:00-00:00,2017-09-30T07:00:00-00:00,2017-09-29,24,0,TH_NP15_GEN-APND,TH_NP15_GEN-APND,TH_NP15_GEN-APND,DAM,MCC,LMP_CONG_PRC,TH_NP15_GEN-APND,ALL_APNODES,0,0,566
2017-09-29T17:00:00-00:00,2017-09-29T18:00:00-00:00,2017-09-29,11,0,TH_NP15_GEN-APND,TH_NP15_GEN-APND,TH_NP15_GEN-APND,DAM,MCE,LMP_ENE_PRC,TH_NP15_GEN-APND,ALL_APNODES,0,22.97169,567
2017-09-29T20:00:00-00:00,2017-09-29T21:00:00-00:00,2017-09-29,14,0,TH_NP15_GEN-APND,TH_NP15_GEN-APND,TH_NP15_GEN-APND,DAM,MCE,LMP_ENE_PRC,TH_NP15_GEN-APND,ALL_APNODES,0,29.7438,567
2017-09-29T11:00:00-00:00,2017-09-29T12:00:00-00:00,2017-09-29,5,0,TH_NP15_GEN-APND,TH_NP15_GEN-APND,TH_NP15_GEN-APND,DAM,MCE,LMP_ENE_PRC,TH_NP15_GEN-APND,ALL_APNODES,0,27.86642,567
2017-09-29T08:00:00-00:00,2017-09-29T09:00:00-00:00,2017-09-29,2,0,TH_NP15_GEN-APND,TH_NP15_GEN-APND,TH_NP15_GEN-APND,DAM,MCE,LMP_ENE_PRC,TH_NP15_GEN-APND,ALL_APNODES,0,28.45491,567
2017-09-30T01:00:00-00:00,2017-09-30T02:00:00-00:00,2017-09-29,19,0,TH_NP15_GEN-APND,TH_NP15_GEN-APND,TH_NP15_GEN-APND,DAM,MCE,LMP_ENE_PRC,TH_NP15_GEN-APND,ALL_APNODES,0,57.83021,567
2017-09-30T00:00:00-00:00,2017-09-30T01:00:00-00:00,2017-09-29,18,0,TH_NP15_GEN-APND,TH_NP15_GEN-APND,TH_NP15_GEN-APND,DAM,MCE,LMP_ENE_PRC,TH_NP15_GEN-APND,ALL_APNODES,0,43.45961,567
2017-09-29T23:00:00-00:00,2017-09-30T00:00:00-00:00,2017-09-29,17,0,TH_NP15_GEN-APND,TH_NP15_GEN-APND,TH_NP15_GEN-APND,DAM,MCE,LMP_ENE_PRC,TH_NP15_GEN-APND,ALL_APNODES,0,31.7563,567
2017-09-30T04:00:00-00:00,2017-09-30T05:00:00-00:00,2017-09-29,22,0,TH_NP15_GEN-APND,TH_NP15_GEN-APND,TH_NP15_GEN-APND,DAM,MCE,LMP_ENE_PRC,TH_NP15_GEN-APND,ALL_APNODES,0,36.10105,567
2017-09-29T15:00:00-00:00,2017-09-29T16:00:00-00:00,2017-09-29,9,0,TH_NP15_GEN-APND,TH_NP15_GEN-APND,TH_NP15_GEN-APND,DAM,MCE,LMP_ENE_PRC,TH_NP15_GEN-APND,ALL_APNODES,0,26.79066,567
2017-09-29T07:00:00-00:00,2017-09-29T08:00:00-00:00,2017-09-29,1,0,TH_NP15_GEN-APND,TH_NP15_GEN-APND,TH_NP15_GEN-APND,DAM,MCE,LMP_ENE_PRC,TH_NP15_GEN-APND,ALL_APNODES,0,28.90261,567
2017-09-29T10:00:00-00:00,2017-09-29T11:00:00-00:00,2017-09-29,4,0,TH_NP15_GEN-APND,TH_NP15_GEN-APND,TH_NP15_GEN-APND,DAM,MCE,LMP_ENE_PRC,TH_NP15_GEN-APND,ALL_APNODES,0,27.21525,567
2017-09-30T02:00:00-00:00,2017-09-30T03:00:00-00:00,2017-09-29,20,0,TH_NP15_GEN-APND,TH_NP15_GEN-APND,TH_NP15_GEN-APND,DAM,MCE,LMP_ENE_PRC,TH_NP15_GEN-APND,ALL_APNODES,0,58.42174,567
2017-09-29T09:00:00-00:00,2017-09-29T10:00:00-00:00,2017-09-29,3,0,TH_NP15_GEN-APND,TH_NP15_GEN-APND,TH_NP15_GEN-APND,DAM,MCE,LMP_ENE_PRC,TH_NP15_GEN-APND,ALL_APNODES,0,27.79487,567
2017-09-29T14:00:00-00:00,2017-09-29T15:00:00-00:00,2017-09-29,8,0,TH_NP15_GEN-APND,TH_NP15_GEN-APND,TH_NP15_GEN-APND,DAM,MCE,LMP_ENE_PRC,TH_NP15_GEN-APND,ALL_APNODES,0,35.93585,567
2017-09-30T03:00:00-00:00,2017-09-30T04:00:00-00:00,2017-09-29,21,0,TH_NP15_GEN-APND,TH_NP15_GEN-APND,TH_NP15_GEN-APND,DAM,MCE,LMP_ENE_PRC,TH_NP15_GEN-APND,ALL_APNODES,0,44.39268,567
2017-09-30T06:00:00-00:00,2017-09-30T07:00:00-00:00,2017-09-29,24,0,TH_NP15_GEN-APND,TH_NP15_GEN-APND,TH_NP15_GEN-APND,DAM,MCE,LMP_ENE_PRC,TH_NP15_GEN-APND,ALL_APNODES,0,29.81392,567
2017-09-29T16:00:00-00:00,2017-09-29T17:00:00-00:00,2017-09-29,10,0,TH_NP15_GEN-APND,TH_NP15_GEN-APND,TH_NP15_GEN-APND,DAM,MCE,LMP_ENE_PRC,TH_NP15_GEN-APND,ALL_APNODES,0,23.61409,567
2017-09-29T22:00:00-00:00,2017-09-29T23:00:00-00:00,2017-09-29,16,0,TH_NP15_GEN-APND,TH_NP15_GEN-APND,TH_NP15_GEN-APND,DAM,MCE,LMP_ENE_PRC,TH_NP15_GEN-APND,ALL_APNODES,0,32.08119,567
2017-09-29T21:00:00-00:00,2017-09-29T22:00:00-00:00,2017-09-29,15,0,TH_NP15_GEN-APND,TH_NP15_GEN-APND,TH_NP15_GEN-APND,DAM,MCE,LMP_ENE_PRC,TH_NP15_GEN-APND,ALL_APNODES,0,31.39229,567
2017-09-29T19:00:00-00:00,2017-09-29T20:00:00-00:00,2017-09-29,13,0,TH_NP15_GEN-APND,TH_NP15_GEN-APND,TH_NP15_GEN-APND,DAM,MCE,LMP_ENE_PRC,TH_NP15_GEN-APND,ALL_APNODES,0,28.07634,567
2017-09-29T18:00:00-00:00,2017-09-29T19:00:00-00:00,2017-09-29,12,0,TH_NP15_GEN-APND,TH_NP15_GEN-APND,TH_NP15_GEN-APND,DAM,MCE,LMP_ENE_PRC,TH_NP15_GEN-APND,ALL_APNODES,0,25.73639,567
2017-09-29T13:00:00-00:00,2017-09-29T14:00:00-00:00,2017-09-29,7,0,TH_NP15_GEN-APND,TH_NP15_GEN-APND,TH_NP15_GEN-APND,DAM,MCE,LMP_ENE_PRC,TH_NP15_GEN-APND,ALL_APNODES,0,38.69595,567
2017-09-30T05:00:00-00:00,2017-09-30T06:00:00-00:00,2017-09-29,23,0,TH_NP15_GEN-APND,TH_NP15_GEN-APND,TH_NP15_GEN-APND,DAM,MCE,LMP_ENE_PRC,TH_NP15_GEN-APND,ALL_APNODES,0,32.73201,567
2017-09-29T12:00:00-00:00,2017-09-29T13:00:00-00:00,2017-09-29,6,0,TH_NP15_GEN-APND,TH_NP15_GEN-APND,TH_NP15_GEN-APND,DAM,MCE,LMP_ENE_PRC,TH_NP15_GEN-APND,ALL_APNODES,0,30.6744,567
2017-09-30T02:00:00-00:00,2017-09-30T03:00:00-00:00,2017-09-29,20,0,TH_NP15_GEN-APND,TH_NP15_GEN-APND,TH_NP15_GEN-APND,DAM,MCL,LMP_LOSS_PRC,TH_NP15_GEN-APND,ALL_APNODES,0,-0.60174,568
2017-09-30T03:00:00-00:00,2017-09-30T04:00:00-00:00,2017-09-29,21,0,TH_NP15_GEN-APND,TH_NP15_GEN-APND,TH_NP15_GEN-APND,DAM,MCL,LMP_LOSS_PRC,TH_NP15_GEN-APND,ALL_APNODES,0,-0.63482,568
2017-09-29T13:00:00-00:00,2017-09-29T14:00:00-00:00,2017-09-29,7,0,TH_NP15_GEN-APND,TH_NP15_GEN-APND,TH_NP15_GEN-APND,DAM,MCL,LMP_LOSS_PRC,TH_NP15_GEN-APND,ALL_APNODES,0,-0.11609,568
2017-09-30T05:00:00-00:00,2017-09-30T06:00:00-00:00,2017-09-29,23,0,TH_NP15_GEN-APND,TH_NP15_GEN-APND,TH_NP15_GEN-APND,DAM,MCL,LMP_LOSS_PRC,TH_NP15_GEN-APND,ALL_APNODES,0,-0.13747,568
2017-09-29T20:00:00-00:00,2017-09-29T21:00:00-00:00,2017-09-29,14,0,TH_NP15_GEN-APND,TH_NP15_GEN-APND,TH_NP15_GEN-APND,DAM,MCL,LMP_LOSS_PRC,TH_NP15_GEN-APND,ALL_APNODES,0,0.22903,568
2017-09-30T01:00:00-00:00,2017-09-30T02:00:00-00:00,2017-09-29,19,0,TH_NP15_GEN-APND,TH_NP15_GEN-APND,TH_NP15_GEN-APND,DAM,MCL,LMP_LOSS_PRC,TH_NP15_GEN-APND,ALL_APNODES,0,-0.61878,568
2017-09-30T04:00:00-00:00,2017-09-30T05:00:00-00:00,2017-09-29,22,0,TH_NP15_GEN-APND,TH_NP15_GEN-APND,TH_NP15_GEN-APND,DAM,MCL,LMP_LOSS_PRC,TH_NP15_GEN-APND,ALL_APNODES,0,-0.38628,568
2017-09-30T06:00:00-00:00,2017-09-30T07:00:00-00:00,2017-09-29,24,0,TH_NP15_GEN-APND,TH_NP15_GEN-APND,TH_NP15_GEN-APND,DAM,MCL,LMP_LOSS_PRC,TH_NP15_GEN-APND,ALL_APNODES,0,-0.24149,568
2017-09-29T14:00:00-00:00,2017-09-29T15:00:00-00:00,2017-09-29,8,0,TH_NP15_GEN-APND,TH_NP15_GEN-APND,TH_NP15_GEN-APND,DAM,MCL,LMP_LOSS_PRC,TH_NP15_GEN-APND,ALL_APNODES,0,0.05031,568
2017-09-29T17:00:00-00:00,2017-09-29T18:00:00-00:00,2017-09-29,11,0,TH_NP15_GEN-APND,TH_NP15_GEN-APND,TH_NP15_GEN-APND,DAM,MCL,LMP_LOSS_PRC,TH_NP15_GEN-APND,ALL_APNODES,0,0.28025,568
2017-09-29T22:00:00-00:00,2017-09-29T23:00:00-00:00,2017-09-29,16,0,TH_NP15_GEN-APND,TH_NP15_GEN-APND,TH_NP15_GEN-APND,DAM,MCL,LMP_LOSS_PRC,TH_NP15_GEN-APND,ALL_APNODES,0,0.0385,568
2017-09-30T00:00:00-00:00,2017-09-30T01:00:00-00:00,2017-09-29,18,0,TH_NP15_GEN-APND,TH_NP15_GEN-APND,TH_NP15_GEN-APND,DAM,MCL,LMP_LOSS_PRC,TH_NP15_GEN-APND,ALL_APNODES,0,-0.38244,568
2017-09-29T07:00:00-00:00,2017-09-29T08:00:00-00:00,2017-09-29,1,0,TH_NP15_GEN-APND,TH_NP15_GEN-APND,TH_NP15_GEN-APND,DAM,MCL,LMP_LOSS_PRC,TH_NP15_GEN-APND,ALL_APNODES,0,-0.00578,568
2017-09-29T16:00:00-00:00,2017-09-29T17:00:00-00:00,2017-09-29,10,0,TH_NP15_GEN-APND,TH_NP15_GEN-APND,TH_NP15_GEN-APND,DAM,MCL,LMP_LOSS_PRC,TH_NP15_GEN-APND,ALL_APNODES,0,0.34949,568
2017-09-29T08:00:00-00:00,2017-09-29T09:00:00-00:00,2017-09-29,2,0,TH_NP15_GEN-APND,TH_NP15_GEN-APND,TH_NP15_GEN-APND,DAM,MCL,LMP_LOSS_PRC,TH_NP15_GEN-APND,ALL_APNODES,0,-0.09959,568
2017-09-29T18:00:00-00:00,2017-09-29T19:00:00-00:00,2017-09-29,12,0,TH_NP15_GEN-APND,TH_NP15_GEN-APND,TH_NP15_GEN-APND,DAM,MCL,LMP_LOSS_PRC,TH_NP15_GEN-APND,ALL_APNODES,0,0.31656,568
2017-09-29T23:00:00-00:00,2017-09-30T00:00:00-00:00,2017-09-29,17,0,TH_NP15_GEN-APND,TH_NP15_GEN-APND,TH_NP15_GEN-APND,DAM,MCL,LMP_LOSS_PRC,TH_NP15_GEN-APND,ALL_APNODES,0,-0.06669,568
2017-09-29T11:00:00-00:00,2017-09-29T12:00:00-00:00,2017-09-29,5,0,TH_NP15_GEN-APND,TH_NP15_GEN-APND,TH_NP15_GEN-APND,DAM,MCL,LMP_LOSS_PRC,TH_NP15_GEN-APND,ALL_APNODES,0,-0.06409,568
2017-09-29T19:00:00-00:00,2017-09-29T20:00:00-00:00,2017-09-29,13,0,TH_NP15_GEN-APND,TH_NP15_GEN-APND,TH_NP15_GEN-APND,DAM,MCL,LMP_LOSS_PRC,TH_NP15_GEN-APND,ALL_APNODES,0,0.32849,568
2017-09-29T21:00:00-00:00,2017-09-29T22:00:00-00:00,2017-09-29,15,0,TH_NP15_GEN-APND,TH_NP15_GEN-APND,TH_NP15_GEN-APND,DAM,MCL,LMP_LOSS_PRC,TH_NP15_GEN-APND,ALL_APNODES,0,0.22916,568
2017-09-29T10:00:00-00:00,2017-09-29T11:00:00-00:00,2017-09-29,4,0,TH_NP15_GEN-APND,TH_NP15_GEN-APND,TH_NP15_GEN-APND,DAM,MCL,LMP_LOSS_PRC,TH_NP15_GEN-APND,ALL_APNODES,0,-0.11703,568
2017-09-29T15:00:00-00:00,2017-09-29T16:00:00-00:00,2017-09-29,9,0,TH_NP15_GEN-APND,TH_NP15_GEN-APND,TH_NP15_GEN-APND,DAM,MCL,LMP_LOSS_PRC,TH_NP15_GEN-APND,ALL_APNODES,0,0.30809,568
2017-09-29T09:00:00-00:00,2017-09-29T10:00:00-00:00,2017-09-29,3,0,TH_NP15_GEN-APND,TH_NP15_GEN-APND,TH_NP15_GEN-APND,DAM,MCL,LMP_LOSS_PRC,TH_NP15_GEN-APND,ALL_APNODES,0,-0.1084,568
2017-09-29T12:00:00-00:00,2017-09-29T13:00:00-00:00,2017-09-29,6,0,TH_NP15_GEN-APND,TH_NP15_GEN-APND,TH_NP15_GEN-APND,DAM,MCL,LMP_LOSS_PRC,TH_NP15_GEN-APND,ALL_APNODES,0,-0.02454,568
2017-09-29T22:00:00-00:00,2017-09-29T23:00:00-00:00,2017-09-29,16,0,TH_SP15_GEN-APND,TH_SP15_GEN-APND,TH_SP15_GEN-APND,DAM,LMP,LMP_PRC,TH_SP15_GEN-APND,ALL_APNODES,0,30.41297,569
2017-09-30T06:00:00-00:00,2017-09-30T07:00:00-00:00,2017-09-29,24,0,TH_SP15_GEN-APND,TH_SP15_GEN-APND,TH_SP15_GEN-APND,DAM,LMP,LMP_PRC,TH_SP15_GEN-APND,ALL_APNODES,0,28.76745,569
2017-09-29T11:00:00-00:00,2017-09-29T12:00:00-00:00,2017-09-29,5,0,TH_SP15_GEN-APND,TH_SP15_GEN-APND,TH_SP15_GEN-APND,DAM,LMP,LMP_PRC,TH_SP15_GEN-APND,ALL_APNODES,0,26.94961,569
2017-09-29T09:00:00-00:00,2017-09-29T10:00:00-00:00,2017-09-29,3,0,TH_SP15_GEN-APND,TH_SP15_GEN-APND,TH_SP15_GEN-APND,DAM,LMP,LMP_PRC,TH_SP15_GEN-APND,ALL_APNODES,0,26.90822,569
2017-09-29T07:00:00-00:00,2017-09-29T08:00:00-00:00,2017-09-29,1,0,TH_SP15_GEN-APND,TH_SP15_GEN-APND,TH_SP15_GEN-APND,DAM,LMP,LMP_PRC,TH_SP15_GEN-APND,ALL_APNODES,0,27.83611,569
2017-09-30T01:00:00-00:00,2017-09-30T02:00:00-00:00,2017-09-29,19,0,TH_SP15_GEN-APND,TH_SP15_GEN-APND,TH_SP15_GEN-APND,DAM,LMP,LMP_PRC,TH_SP15_GEN-APND,ALL_APNODES,0,55.53435,569
2017-09-29T12:00:00-00:00,2017-09-29T13:00:00-00:00,2017-09-29,6,0,TH_SP15_GEN-APND,TH_SP15_GEN-APND,TH_SP15_GEN-APND,DAM,LMP,LMP_PRC,TH_SP15_GEN-APND,ALL_APNODES,0,29.56706,569
2017-09-29T15:00:00-00:00,2017-09-29T16:00:00-00:00,2017-09-29,9,0,TH_SP15_GEN-APND,TH_SP15_GEN-APND,TH_SP15_GEN-APND,DAM,LMP,LMP_PRC,TH_SP15_GEN-APND,ALL_APNODES,0,25.43773,569
2017-09-29T16:00:00-00:00,2017-09-29T17:00:00-00:00,2017-09-29,10,0,TH_SP15_GEN-APND,TH_SP15_GEN-APND,TH_SP15_GEN-APND,DAM,LMP,LMP_PRC,TH_SP15_GEN-APND,ALL_APNODES,0,21.657,569
2017-09-29T17:00:00-00:00,2017-09-29T18:00:00-00:00,2017-09-29,11,0,TH_SP15_GEN-APND,TH_SP15_GEN-APND,TH_SP15_GEN-APND,DAM,LMP,LMP_PRC,TH_SP15_GEN-APND,ALL_APNODES,0,20.36304,569
2017-09-29T18:00:00-00:00,2017-09-29T19:00:00-00:00,2017-09-29,12,0,TH_SP15_GEN-APND,TH_SP15_GEN-APND,TH_SP15_GEN-APND,DAM,LMP,LMP_PRC,TH_SP15_GEN-APND,ALL_APNODES,0,23.23104,569
2017-09-29T19:00:00-00:00,2017-09-29T20:00:00-00:00,2017-09-29,13,0,TH_SP15_GEN-APND,TH_SP15_GEN-APND,TH_SP15_GEN-APND,DAM,LMP,LMP_PRC,TH_SP15_GEN-APND,ALL_APNODES,0,25.11767,569
2017-09-30T04:00:00-00:00,2017-09-30T05:00:00-00:00,2017-09-29,22,0,TH_SP15_GEN-APND,TH_SP15_GEN-APND,TH_SP15_GEN-APND,DAM,LMP,LMP_PRC,TH_SP15_GEN-APND,ALL_APNODES,0,34.70755,569
2017-09-29T21:00:00-00:00,2017-09-29T22:00:00-00:00,2017-09-29,15,0,TH_SP15_GEN-APND,TH_SP15_GEN-APND,TH_SP15_GEN-APND,DAM,LMP,LMP_PRC,TH_SP15_GEN-APND,ALL_APNODES,0,28.9178,569
2017-09-30T02:00:00-00:00,2017-09-30T03:00:00-00:00,2017-09-29,20,0,TH_SP15_GEN-APND,TH_SP15_GEN-APND,TH_SP15_GEN-APND,DAM,LMP,LMP_PRC,TH_SP15_GEN-APND,ALL_APNODES,0,56.04398,569
2017-09-29T10:00:00-00:00,2017-09-29T11:00:00-00:00,2017-09-29,4,0,TH_SP15_GEN-APND,TH_SP15_GEN-APND,TH_SP15_GEN-APND,DAM,LMP,LMP_PRC,TH_SP15_GEN-APND,ALL_APNODES,0,26.38791,569
2017-09-29T13:00:00-00:00,2017-09-29T14:00:00-00:00,2017-09-29,7,0,TH_SP15_GEN-APND,TH_SP15_GEN-APND,TH_SP15_GEN-APND,DAM,LMP,LMP_PRC,TH_SP15_GEN-APND,ALL_APNODES,0,37.23324,569
2017-09-30T05:00:00-00:00,2017-09-30T06:00:00-00:00,2017-09-29,23,0,TH_SP15_GEN-APND,TH_SP15_GEN-APND,TH_SP15_GEN-APND,DAM,LMP,LMP_PRC,TH_SP15_GEN-APND,ALL_APNODES,0,31.39,569
2017-09-29T20:00:00-00:00,2017-09-29T21:00:00-00:00,2017-09-29,14,0,TH_SP15_GEN-APND,TH_SP15_GEN-APND,TH_SP15_GEN-APND,DAM,LMP,LMP_PRC,TH_SP15_GEN-APND,ALL_APNODES,0,28.09585,569
2017-09-29T23:00:00-00:00,2017-09-30T00:00:00-00:00,2017-09-29,17,0,TH_SP15_GEN-APND,TH_SP15_GEN-APND,TH_SP15_GEN-APND,DAM,LMP,LMP_PRC,TH_SP15_GEN-APND,ALL_APNODES,0,30.1145,569
2017-09-30T00:00:00-00:00,2017-09-30T01:00:00-00:00,2017-09-29,18,0,TH_SP15_GEN-APND,TH_SP15_GEN-APND,TH_SP15_GEN-APND,DAM,LMP,LMP_PRC,TH_SP15_GEN-APND,ALL_APNODES,0,41.44308,569
2017-09-29T14:00:00-00:00,2017-09-29T15:00:00-00:00,2017-09-29,8,0,TH_SP15_GEN-APND,TH_SP15_GEN-APND,TH_SP15_GEN-APND,DAM,LMP,LMP_PRC,TH_SP15_GEN-APND,ALL_APNODES,0,34.34749,569
2017-09-30T03:00:00-00:00,2017-09-30T04:00:00-00:00,2017-09-29,21,0,TH_SP15_GEN-APND,TH_SP15_GEN-APND,TH_SP15_GEN-APND,DAM,LMP,LMP_PRC,TH_SP15_GEN-APND,ALL_APNODES,0,42.66136,569
2017-09-29T08:00:00-00:00,2017-09-29T09:00:00-00:00,2017-09-29,2,0,TH_SP15_GEN-APND,TH_SP15_GEN-APND,TH_SP15_GEN-APND,DAM,LMP,LMP_PRC,TH_SP15_GEN-APND,ALL_APNODES,0,27.48744,569
2017-09-30T05:00:00-00:00,2017-09-30T06:00:00-00:00,2017-09-29,23,0,TH_SP15_GEN-APND,TH_SP15_GEN-APND,TH_SP15_GEN-APND,DAM,MCC,LMP_CONG_PRC,TH_SP15_GEN-APND,ALL_APNODES,0,0,570
2017-09-29T08:00:00-00:00,2017-09-29T09:00:00-00:00,2017-09-29,2,0,TH_SP15_GEN-APND,TH_SP15_GEN-APND,TH_SP15_GEN-APND,DAM,MCC,LMP_CONG_PRC,TH_SP15_GEN-APND,ALL_APNODES,0,0,570
2017-09-29T16:00:00-00:00,2017-09-29T17:00:00-00:00,2017-09-29,10,0,TH_SP15_GEN-APND,TH_SP15_GEN-APND,TH_SP15_GEN-APND,DAM,MCC,LMP_CONG_PRC,TH_SP15_GEN-APND,ALL_APNODES,0,-0.60163,570
2017-09-29T17:00:00-00:00,2017-09-29T18:00:00-00:00,2017-09-29,11,0,TH_SP15_GEN-APND,TH_SP15_GEN-APND,TH_SP15_GEN-APND,DAM,MCC,LMP_CONG_PRC,TH_SP15_GEN-APND,ALL_APNODES,0,-1.36129,570
2017-09-29T22:00:00-00:00,2017-09-29T23:00:00-00:00,2017-09-29,16,0,TH_SP15_GEN-APND,TH_SP15_GEN-APND,TH_SP15_GEN-APND,DAM,MCC,LMP_CONG_PRC,TH_SP15_GEN-APND,ALL_APNODES,0,0,570
2017-09-30T00:00:00-00:00,2017-09-30T01:00:00-00:00,2017-09-29,18,0,TH_SP15_GEN-APND,TH_SP15_GEN-APND,TH_SP15_GEN-APND,DAM,MCC,LMP_CONG_PRC,TH_SP15_GEN-APND,ALL_APNODES,0,0,570
2017-09-30T01:00:00-00:00,2017-09-30T02:00:00-00:00,2017-09-29,19,0,TH_SP15_GEN-APND,TH_SP15_GEN-APND,TH_SP15_GEN-APND,DAM,MCC,LMP_CONG_PRC,TH_SP15_GEN-APND,ALL_APNODES,0,0,570
2017-09-29T12:00:00-00:00,2017-09-29T13:00:00-00:00,2017-09-29,6,0,TH_SP15_GEN-APND,TH_SP15_GEN-APND,TH_SP15_GEN-APND,DAM,MCC,LMP_CONG_PRC,TH_SP15_GEN-APND,ALL_APNODES,0,0,570
2017-09-29T13:00:00-00:00,2017-09-29T14:00:00-00:00,2017-09-29,7,0,TH_SP15_GEN-APND,TH_SP15_GEN-APND,TH_SP15_GEN-APND,DAM,MCC,LMP_CONG_PRC,TH_SP15_GEN-APND,ALL_APNODES,0,0,570
2017-09-29T15:00:00-00:00,2017-09-29T16:00:00-00:00,2017-09-29,9,0,TH_SP15_GEN-APND,TH_SP15_GEN-APND,TH_SP15_GEN-APND,DAM,MCC,LMP_CONG_PRC,TH_SP15_GEN-APND,ALL_APNODES,0,0,570
2017-09-29T21:00:00-00:00,2017-09-29T22:00:00-00:00,2017-09-29,15,0,TH_SP15_GEN-APND,TH_SP15_GEN-APND,TH_SP15_GEN-APND,DAM,MCC,LMP_CONG_PRC,TH_SP15_GEN-APND,ALL_APNODES,0,-0.73221,570
2017-09-30T02:00:00-00:00,2017-09-30T03:00:00-00:00,2017-09-29,20,0,TH_SP15_GEN-APND,TH_SP15_GEN-APND,TH_SP15_GEN-APND,DAM,MCC,LMP_CONG_PRC,TH_SP15_GEN-APND,ALL_APNODES,0,0,570
2017-09-29T09:00:00-00:00,2017-09-29T10:00:00-00:00,2017-09-29,3,0,TH_SP15_GEN-APND,TH_SP15_GEN-APND,TH_SP15_GEN-APND,DAM,MCC,LMP_CONG_PRC,TH_SP15_GEN-APND,ALL_APNODES,0,0,570
2017-09-29T14:00:00-00:00,2017-09-29T15:00:00-00:00,2017-09-29,8,0,TH_SP15_GEN-APND,TH_SP15_GEN-APND,TH_SP15_GEN-APND,DAM,MCC,LMP_CONG_PRC,TH_SP15_GEN-APND,ALL_APNODES,0,0,570
2017-09-30T03:00:00-00:00,2017-09-30T04:00:00-00:00,2017-09-29,21,0,TH_SP15_GEN-APND,TH_SP15_GEN-APND,TH_SP15_GEN-APND,DAM,MCC,LMP_CONG_PRC,TH_SP15_GEN-APND,ALL_APNODES,0,0,570
2017-09-30T06:00:00-00:00,2017-09-30T07:00:00-00:00,2017-09-29,24,0,TH_SP15_GEN-APND,TH_SP15_GEN-APND,TH_SP15_GEN-APND,DAM,MCC,LMP_CONG_PRC,TH_SP15_GEN-APND,ALL_APNODES,0,0,570
2017-09-29T19:00:00-00:00,2017-09-29T20:00:00-00:00,2017-09-29,13,0,TH_SP15_GEN-APND,TH_SP15_GEN-APND,TH_SP15_GEN-APND,DAM,MCC,LMP_CONG_PRC,TH_SP15_GEN-APND,ALL_APNODES,0,-1.46501,570
2017-09-29T20:00:00-00:00,2017-09-29T21:00:00-00:00,2017-09-29,14,0,TH_SP15_GEN-APND,TH_SP15_GEN-APND,TH_SP15_GEN-APND,DAM,MCC,LMP_CONG_PRC,TH_SP15_GEN-APND,ALL_APNODES,0,-0.0745,570
2017-09-29T11:00:00-00:00,2017-09-29T12:00:00-00:00,2017-09-29,5,0,TH_SP15_GEN-APND,TH_SP15_GEN-APND,TH_SP15_GEN-APND,DAM,MCC,LMP_CONG_PRC,TH_SP15_GEN-APND,ALL_APNODES,0,0,570
2017-09-29T18:00:00-00:00,2017-09-29T19:00:00-00:00,2017-09-29,12,0,TH_SP15_GEN-APND,TH_SP15_GEN-APND,TH_SP15_GEN-APND,DAM,MCC,LMP_CONG_PRC,TH_SP15_GEN-APND,ALL_APNODES,0,-1.12331,570
2017-09-29T07:00:00-00:00,2017-09-29T08:00:00-00:00,2017-09-29,1,0,TH_SP15_GEN-APND,TH_SP15_GEN-APND,TH_SP15_GEN-APND,DAM,MCC,LMP_CONG_PRC,TH_SP15_GEN-APND,ALL_APNODES,0,0,570
2017-09-30T04:00:00-00:00,2017-09-30T05:00:00-00:00,2017-09-29,22,0,TH_SP15_GEN-APND,TH_SP15_GEN-APND,TH_SP15_GEN-APND,DAM,MCC,LMP_CONG_PRC,TH_SP15_GEN-APND,ALL_APNODES,0,0,570
2017-09-29T23:00:00-00:00,2017-09-30T00:00:00-00:00,2017-09-29,17,0,TH_SP15_GEN-APND,TH_SP15_GEN-APND,TH_SP15_GEN-APND,DAM,MCC,LMP_CONG_PRC,TH_SP15_GEN-APND,ALL_APNODES,0,0,570
2017-09-29T10:00:00-00:00,2017-09-29T11:00:00-00:00,2017-09-29,4,0,TH_SP15_GEN-APND,TH_SP15_GEN-APND,TH_SP15_GEN-APND,DAM,MCC,LMP_CONG_PRC,TH_SP15_GEN-APND,ALL_APNODES,0,0,570
2017-09-30T04:00:00-00:00,2017-09-30T05:00:00-00:00,2017-09-29,22,0,TH_SP15_GEN-APND,TH_SP15_GEN-APND,TH_SP15_GEN-APND,DAM,MCE,LMP_ENE_PRC,TH_SP15_GEN-APND,ALL_APNODES,0,36.10105,571
2017-09-29T17:00:00-00:00,2017-09-29T18:00:00-00:00,2017-09-29,11,0,TH_SP15_GEN-APND,TH_SP15_GEN-APND,TH_SP15_GEN-APND,DAM,MCE,LMP_ENE_PRC,TH_SP15_GEN-APND,ALL_APNODES,0,22.97169,571
2017-09-29T14:00:00-00:00,2017-09-29T15:00:00-00:00,2017-09-29,8,0,TH_SP15_GEN-APND,TH_SP15_GEN-APND,TH_SP15_GEN-APND,DAM,MCE,LMP_ENE_PRC,TH_SP15_GEN-APND,ALL_APNODES,0,35.93585,571
2017-09-30T03:00:00-00:00,2017-09-30T04:00:00-00:00,2017-09-29,21,0,TH_SP15_GEN-APND,TH_SP15_GEN-APND,TH_SP15_GEN-APND,DAM,MCE,LMP_ENE_PRC,TH_SP15_GEN-APND,ALL_APNODES,0,44.39268,571
2017-09-29T16:00:00-00:00,2017-09-29T17:00:00-00:00,2017-09-29,10,0,TH_SP15_GEN-APND,TH_SP15_GEN-APND,TH_SP15_GEN-APND,DAM,MCE,LMP_ENE_PRC,TH_SP15_GEN-APND,ALL_APNODES,0,23.61409,571
2017-09-30T02:00:00-00:00,2017-09-30T03:00:00-00:00,2017-09-29,20,0,TH_SP15_GEN-APND,TH_SP15_GEN-APND,TH_SP15_GEN-APND,DAM,MCE,LMP_ENE_PRC,TH_SP15_GEN-APND,ALL_APNODES,0,58.42174,571
2017-09-29T22:00:00-00:00,2017-09-29T23:00:00-00:00,2017-09-29,16,0,TH_SP15_GEN-APND,TH_SP15_GEN-APND,TH_SP15_GEN-APND,DAM,MCE,LMP_ENE_PRC,TH_SP15_GEN-APND,ALL_APNODES,0,32.08119,571
2017-09-29T10:00:00-00:00,2017-09-29T11:00:00-00:00,2017-09-29,4,0,TH_SP15_GEN-APND,TH_SP15_GEN-APND,TH_SP15_GEN-APND,DAM,MCE,LMP_ENE_PRC,TH_SP15_GEN-APND,ALL_APNODES,0,27.21525,571
2017-09-29T15:00:00-00:00,2017-09-29T16:00:00-00:00,2017-09-29,9,0,TH_SP15_GEN-APND,TH_SP15_GEN-APND,TH_SP15_GEN-APND,DAM,MCE,LMP_ENE_PRC,TH_SP15_GEN-APND,ALL_APNODES,0,26.79066,571
2017-09-29T12:00:00-00:00,2017-09-29T13:00:00-00:00,2017-09-29,6,0,TH_SP15_GEN-APND,TH_SP15_GEN-APND,TH_SP15_GEN-APND,DAM,MCE,LMP_ENE_PRC,TH_SP15_GEN-APND,ALL_APNODES,0,30.6744,571
2017-09-29T13:00:00-00:00,2017-09-29T14:00:00-00:00,2017-09-29,7,0,TH_SP15_GEN-APND,TH_SP15_GEN-APND,TH_SP15_GEN-APND,DAM,MCE,LMP_ENE_PRC,TH_SP15_GEN-APND,ALL_APNODES,0,38.69595,571
2017-09-29T09:00:00-00:00,2017-09-29T10:00:00-00:00,2017-09-29,3,0,TH_SP15_GEN-APND,TH_SP15_GEN-APND,TH_SP15_GEN-APND,DAM,MCE,LMP_ENE_PRC,TH_SP15_GEN-APND,ALL_APNODES,0,27.79487,571
2017-09-29T08:00:00-00:00,2017-09-29T09:00:00-00:00,2017-09-29,2,0,TH_SP15_GEN-APND,TH_SP15_GEN-APND,TH_SP15_GEN-APND,DAM,MCE,LMP_ENE_PRC,TH_SP15_GEN-APND,ALL_APNODES,0,28.45491,571
2017-09-30T01:00:00-00:00,2017-09-30T02:00:00-00:00,2017-09-29,19,0,TH_SP15_GEN-APND,TH_SP15_GEN-APND,TH_SP15_GEN-APND,DAM,MCE,LMP_ENE_PRC,TH_SP15_GEN-APND,ALL_APNODES,0,57.83021,571
2017-09-29T23:00:00-00:00,2017-09-30T00:00:00-00:00,2017-09-29,17,0,TH_SP15_GEN-APND,TH_SP15_GEN-APND,TH_SP15_GEN-APND,DAM,MCE,LMP_ENE_PRC,TH_SP15_GEN-APND,ALL_APNODES,0,31.7563,571
2017-09-29T20:00:00-00:00,2017-09-29T21:00:00-00:00,2017-09-29,14,0,TH_SP15_GEN-APND,TH_SP15_GEN-APND,TH_SP15_GEN-APND,DAM,MCE,LMP_ENE_PRC,TH_SP15_GEN-APND,ALL_APNODES,0,29.7438,571
2017-09-29T07:00:00-00:00,2017-09-29T08:00:00-00:00,2017-09-29,1,0,TH_SP15_GEN-APND,TH_SP15_GEN-APND,TH_SP15_GEN-APND,DAM,MCE,LMP_ENE_PRC,TH_SP15_GEN-APND,ALL_APNODES,0,28.90261,571
2017-09-30T00:00:00-00:00,2017-09-30T01:00:00-00:00,2017-09-29,18,0,TH_SP15_GEN-APND,TH_SP15_GEN-APND,TH_SP15_GEN-APND,DAM,MCE,LMP_ENE_PRC,TH_SP15_GEN-APND,ALL_APNODES,0,43.45961,571
2017-09-29T11:00:00-00:00,2017-09-29T12:00:00-00:00,2017-09-29,5,0,TH_SP15_GEN-APND,TH_SP15_GEN-APND,TH_SP15_GEN-APND,DAM,MCE,LMP_ENE_PRC,TH_SP15_GEN-APND,ALL_APNODES,0,27.86642,571
2017-09-29T21:00:00-00:00,2017-09-29T22:00:00-00:00,2017-09-29,15,0,TH_SP15_GEN-APND,TH_SP15_GEN-APND,TH_SP15_GEN-APND,DAM,MCE,LMP_ENE_PRC,TH_SP15_GEN-APND,ALL_APNODES,0,31.39229,571
2017-09-29T19:00:00-00:00,2017-09-29T20:00:00-00:00,2017-09-29,13,0,TH_SP15_GEN-APND,TH_SP15_GEN-APND,TH_SP15_GEN-APND,DAM,MCE,LMP_ENE_PRC,TH_SP15_GEN-APND,ALL_APNODES,0,28.07634,571
2017-09-30T06:00:00-00:00,2017-09-30T07:00:00-00:00,2017-09-29,24,0,TH_SP15_GEN-APND,TH_SP15_GEN-APND,TH_SP15_GEN-APND,DAM,MCE,LMP_ENE_PRC,TH_SP15_GEN-APND,ALL_APNODES,0,29.81392,571
2017-09-29T18:00:00-00:00,2017-09-29T19:00:00-00:00,2017-09-29,12,0,TH_SP15_GEN-APND,TH_SP15_GEN-APND,TH_SP15_GEN-APND,DAM,MCE,LMP_ENE_PRC,TH_SP15_GEN-APND,ALL_APNODES,0,25.73639,571
2017-09-30T05:00:00-00:00,2017-09-30T06:00:00-00:00,2017-09-29,23,0,TH_SP15_GEN-APND,TH_SP15_GEN-APND,TH_SP15_GEN-APND,DAM,MCE,LMP_ENE_PRC,TH_SP15_GEN-APND,ALL_APNODES,0,32.73201,571
2017-09-30T00:00:00-00:00,2017-09-30T01:00:00-00:00,2017-09-29,18,0,TH_SP15_GEN-APND,TH_SP15_GEN-APND,TH_SP15_GEN-APND,DAM,MCL,LMP_LOSS_PRC,TH_SP15_GEN-APND,ALL_APNODES,0,-2.01653,572
2017-09-29T22:00:00-00:00,2017-09-29T23:00:00-00:00,2017-09-29,16,0,TH_SP15_GEN-APND,TH_SP15_GEN-APND,TH_SP15_GEN-APND,DAM,MCL,LMP_LOSS_PRC,TH_SP15_GEN-APND,ALL_APNODES,0,-1.66822,572
2017-09-29T20:00:00-00:00,2017-09-29T21:00:00-00:00,2017-09-29,14,0,TH_SP15_GEN-APND,TH_SP15_GEN-APND,TH_SP15_GEN-APND,DAM,MCL,LMP_LOSS_PRC,TH_SP15_GEN-APND,ALL_APNODES,0,-1.57345,572
2017-09-29T11:00:00-00:00,2017-09-29T12:00:00-00:00,2017-09-29,5,0,TH_SP15_GEN-APND,TH_SP15_GEN-APND,TH_SP15_GEN-APND,DAM,MCL,LMP_LOSS_PRC,TH_SP15_GEN-APND,ALL_APNODES,0,-0.91681,572
2017-09-29T10:00:00-00:00,2017-09-29T11:00:00-00:00,2017-09-29,4,0,TH_SP15_GEN-APND,TH_SP15_GEN-APND,TH_SP15_GEN-APND,DAM,MCL,LMP_LOSS_PRC,TH_SP15_GEN-APND,ALL_APNODES,0,-0.82734,572
2017-09-29T17:00:00-00:00,2017-09-29T18:00:00-00:00,2017-09-29,11,0,TH_SP15_GEN-APND,TH_SP15_GEN-APND,TH_SP15_GEN-APND,DAM,MCL,LMP_LOSS_PRC,TH_SP15_GEN-APND,ALL_APNODES,0,-1.24736,572
2017-09-29T14:00:00-00:00,2017-09-29T15:00:00-00:00,2017-09-29,8,0,TH_SP15_GEN-APND,TH_SP15_GEN-APND,TH_SP15_GEN-APND,DAM,MCL,LMP_LOSS_PRC,TH_SP15_GEN-APND,ALL_APNODES,0,-1.58836,572
2017-09-29T09:00:00-00:00,2017-09-29T10:00:00-00:00,2017-09-29,3,0,TH_SP15_GEN-APND,TH_SP15_GEN-APND,TH_SP15_GEN-APND,DAM,MCL,LMP_LOSS_PRC,TH_SP15_GEN-APND,ALL_APNODES,0,-0.88666,572
2017-09-29T15:00:00-00:00,2017-09-29T16:00:00-00:00,2017-09-29,9,0,TH_SP15_GEN-APND,TH_SP15_GEN-APND,TH_SP15_GEN-APND,DAM,MCL,LMP_LOSS_PRC,TH_SP15_GEN-APND,ALL_APNODES,0,-1.35293,572
2017-09-29T08:00:00-00:00,2017-09-29T09:00:00-00:00,2017-09-29,2,0,TH_SP15_GEN-APND,TH_SP15_GEN-APND,TH_SP15_GEN-APND,DAM,MCL,LMP_LOSS_PRC,TH_SP15_GEN-APND,ALL_APNODES,0,-0.96747,572
2017-09-29T23:00:00-00:00,2017-09-30T00:00:00-00:00,2017-09-29,17,0,TH_SP15_GEN-APND,TH_SP15_GEN-APND,TH_SP15_GEN-APND,DAM,MCL,LMP_LOSS_PRC,TH_SP15_GEN-APND,ALL_APNODES,0,-1.6418,572
2017-09-30T06:00:00-00:00,2017-09-30T07:00:00-00:00,2017-09-29,24,0,TH_SP15_GEN-APND,TH_SP15_GEN-APND,TH_SP15_GEN-APND,DAM,MCL,LMP_LOSS_PRC,TH_SP15_GEN-APND,ALL_APNODES,0,-1.04647,572
2017-09-30T05:00:00-00:00,2017-09-30T06:00:00-00:00,2017-09-29,23,0,TH_SP15_GEN-APND,TH_SP15_GEN-APND,TH_SP15_GEN-APND,DAM,MCL,LMP_LOSS_PRC,TH_SP15_GEN-APND,ALL_APNODES,0,-1.34201,572
2017-09-30T03:00:00-00:00,2017-09-30T04:00:00-00:00,2017-09-29,21,0,TH_SP15_GEN-APND,TH_SP15_GEN-APND,TH_SP15_GEN-APND,DAM,MCL,LMP_LOSS_PRC,TH_SP15_GEN-APND,ALL_APNODES,0,-1.73131,572
2017-09-29T16:00:00-00:00,2017-09-29T17:00:00-00:00,2017-09-29,10,0,TH_SP15_GEN-APND,TH_SP15_GEN-APND,TH_SP15_GEN-APND,DAM,MCL,LMP_LOSS_PRC,TH_SP15_GEN-APND,ALL_APNODES,0,-1.35545,572
2017-09-29T13:00:00-00:00,2017-09-29T14:00:00-00:00,2017-09-29,7,0,TH_SP15_GEN-APND,TH_SP15_GEN-APND,TH_SP15_GEN-APND,DAM,MCL,LMP_LOSS_PRC,TH_SP15_GEN-APND,ALL_APNODES,0,-1.46271,572
2017-09-29T19:00:00-00:00,2017-09-29T20:00:00-00:00,2017-09-29,13,0,TH_SP15_GEN-APND,TH_SP15_GEN-APND,TH_SP15_GEN-APND,DAM,MCL,LMP_LOSS_PRC,TH_SP15_GEN-APND,ALL_APNODES,0,-1.49366,572
2017-09-29T12:00:00-00:00,2017-09-29T13:00:00-00:00,2017-09-29,6,0,TH_SP15_GEN-APND,TH_SP15_GEN-APND,TH_SP15_GEN-APND,DAM,MCL,LMP_LOSS_PRC,TH_SP15_GEN-APND,ALL_APNODES,0,-1.10735,572
2017-09-30T02:00:00-00:00,2017-09-30T03:00:00-00:00,2017-09-29,20,0,TH_SP15_GEN-APND,TH_SP15_GEN-APND,TH_SP15_GEN-APND,DAM,MCL,LMP_LOSS_PRC,TH_SP15_GEN-APND,ALL_APNODES,0,-2.37776,572
2017-09-29T21:00:00-00:00,2017-09-29T22:00:00-00:00,2017-09-29,15,0,TH_SP15_GEN-APND,TH_SP15_GEN-APND,TH_SP15_GEN-APND,DAM,MCL,LMP_LOSS_PRC,TH_SP15_GEN-APND,ALL_APNODES,0,-1.74227,572
2017-09-30T04:00:00-00:00,2017-09-30T05:00:00-00:00,2017-09-29,22,0,TH_SP15_GEN-APND,TH_SP15_GEN-APND,TH_SP15_GEN-APND,DAM,MCL,LMP_LOSS_PRC,TH_SP15_GEN-APND,ALL_APNODES,0,-1.3935,572
2017-09-29T07:00:00-00:00,2017-09-29T08:00:00-00:00,2017-09-29,1,0,TH_SP15_GEN-APND,TH_SP15_GEN-APND,TH_SP15_GEN-APND,DAM,MCL,LMP_LOSS_PRC,TH_SP15_GEN-APND,ALL_APNODES,0,-1.06651,572
2017-09-29T18:00:00-00:00,2017-09-29T19:00:00-00:00,2017-09-29,12,0,TH_SP15_GEN-APND,TH_SP15_GEN-APND,TH_SP15_GEN-APND,DAM,MCL,LMP_LOSS_PRC,TH_SP15_GEN-APND,ALL_APNODES,0,-1.38204,572
2017-09-30T01:00:00-00:00,2017-09-30T02:00:00-00:00,2017-09-29,19,0,TH_SP15_GEN-APND,TH_SP15_GEN-APND,TH_SP15_GEN-APND,DAM,MCL,LMP_LOSS_PRC,TH_SP15_GEN-APND,ALL_APNODES,0,-2.29586,572
2017-09-30T06:00:00-00:00,2017-09-30T07:00:00-00:00,2017-09-29,24,0,TH_ZP26_GEN-APND,TH_ZP26_GEN-APND,TH_ZP26_GEN-APND,DAM,LMP,LMP_PRC,TH_ZP26_GEN-APND,ALL_APNODES,0,28.69291,573
2017-09-29T08:00:00-00:00,2017-09-29T09:00:00-00:00,2017-09-29,2,0,TH_ZP26_GEN-APND,TH_ZP26_GEN-APND,TH_ZP26_GEN-APND,DAM,LMP,LMP_PRC,TH_ZP26_GEN-APND,ALL_APNODES,0,27.56427,573
2017-09-30T02:00:00-00:00,2017-09-30T03:00:00-00:00,2017-09-29,20,0,TH_ZP26_GEN-APND,TH_ZP26_GEN-APND,TH_ZP26_GEN-APND,DAM,LMP,LMP_PRC,TH_ZP26_GEN-APND,ALL_APNODES,0,56.19588,573
2017-09-29T15:00:00-00:00,2017-09-29T16:00:00-00:00,2017-09-29,9,0,TH_ZP26_GEN-APND,TH_ZP26_GEN-APND,TH_ZP26_GEN-APND,DAM,LMP,LMP_PRC,TH_ZP26_GEN-APND,ALL_APNODES,0,25.51275,573
2017-09-29T16:00:00-00:00,2017-09-29T17:00:00-00:00,2017-09-29,10,0,TH_ZP26_GEN-APND,TH_ZP26_GEN-APND,TH_ZP26_GEN-APND,DAM,LMP,LMP_PRC,TH_ZP26_GEN-APND,ALL_APNODES,0,21.62542,573
2017-09-30T04:00:00-00:00,2017-09-30T05:00:00-00:00,2017-09-29,22,0,TH_ZP26_GEN-APND,TH_ZP26_GEN-APND,TH_ZP26_GEN-APND,DAM,LMP,LMP_PRC,TH_ZP26_GEN-APND,ALL_APNODES,0,34.74004,573
2017-09-29T22:00:00-00:00,2017-09-29T23:00:00-00:00,2017-09-29,16,0,TH_ZP26_GEN-APND,TH_ZP26_GEN-APND,TH_ZP26_GEN-APND,DAM,LMP,LMP_PRC,TH_ZP26_GEN-APND,ALL_APNODES,0,28.35,573
2017-09-30T00:00:00-00:00,2017-09-30T01:00:00-00:00,2017-09-29,18,0,TH_ZP26_GEN-APND,TH_ZP26_GEN-APND,TH_ZP26_GEN-APND,DAM,LMP,LMP_PRC,TH_ZP26_GEN-APND,ALL_APNODES,0,41.36051,573
2017-09-29T11:00:00-00:00,2017-09-29T12:00:00-00:00,2017-09-29,5,0,TH_ZP26_GEN-APND,TH_ZP26_GEN-APND,TH_ZP26_GEN-APND,DAM,LMP,LMP_PRC,TH_ZP26_GEN-APND,ALL_APNODES,0,26.98862,573
2017-09-29T13:00:00-00:00,2017-09-29T14:00:00-00:00,2017-09-29,7,0,TH_ZP26_GEN-APND,TH_ZP26_GEN-APND,TH_ZP26_GEN-APND,DAM,LMP,LMP_PRC,TH_ZP26_GEN-APND,ALL_APNODES,0,37.50411,573
2017-09-29T14:00:00-00:00,2017-09-29T15:00:00-00:00,2017-09-29,8,0,TH_ZP26_GEN-APND,TH_ZP26_GEN-APND,TH_ZP26_GEN-APND,DAM,LMP,LMP_PRC,TH_ZP26_GEN-APND,ALL_APNODES,0,34.66372,573
2017-09-29T18:00:00-00:00,2017-09-29T19:00:00-00:00,2017-09-29,12,0,TH_ZP26_GEN-APND,TH_ZP26_GEN-APND,TH_ZP26_GEN-APND,DAM,LMP,LMP_PRC,TH_ZP26_GEN-APND,ALL_APNODES,0,21.53234,573
2017-09-29T07:00:00-00:00,2017-09-29T08:00:00-00:00,2017-09-29,1,0,TH_ZP26_GEN-APND,TH_ZP26_GEN-APND,TH_ZP26_GEN-APND,DAM,LMP,LMP_PRC,TH_ZP26_GEN-APND,ALL_APNODES,0,27.96328,573
2017-09-30T05:00:00-00:00,2017-09-30T06:00:00-00:00,2017-09-29,23,0,TH_ZP26_GEN-APND,TH_ZP26_GEN-APND,TH_ZP26_GEN-APND,DAM,LMP,LMP_PRC,TH_ZP26_GEN-APND,ALL_APNODES,0,31.48492,573
2017-09-29T20:00:00-00:00,2017-09-29T21:00:00-00:00,2017-09-29,14,0,TH_ZP26_GEN-APND,TH_ZP26_GEN-APND,TH_ZP26_GEN-APND,DAM,LMP,LMP_PRC,TH_ZP26_GEN-APND,ALL_APNODES,0,25.95261,573
2017-09-29T09:00:00-00:00,2017-09-29T10:00:00-00:00,2017-09-29,3,0,TH_ZP26_GEN-APND,TH_ZP26_GEN-APND,TH_ZP26_GEN-APND,DAM,LMP,LMP_PRC,TH_ZP26_GEN-APND,ALL_APNODES,0,26.93045,573
2017-09-29T12:00:00-00:00,2017-09-29T13:00:00-00:00,2017-09-29,6,0,TH_ZP26_GEN-APND,TH_ZP26_GEN-APND,TH_ZP26_GEN-APND,DAM,LMP,LMP_PRC,TH_ZP26_GEN-APND,ALL_APNODES,0,29.72043,573
2017-09-30T03:00:00-00:00,2017-09-30T04:00:00-00:00,2017-09-29,21,0,TH_ZP26_GEN-APND,TH_ZP26_GEN-APND,TH_ZP26_GEN-APND,DAM,LMP,LMP_PRC,TH_ZP26_GEN-APND,ALL_APNODES,0,42.67024,573
2017-09-29T10:00:00-00:00,2017-09-29T11:00:00-00:00,2017-09-29,4,0,TH_ZP26_GEN-APND,TH_ZP26_GEN-APND,TH_ZP26_GEN-APND,DAM,LMP,LMP_PRC,TH_ZP26_GEN-APND,ALL_APNODES,0,26.38247,573
2017-09-29T17:00:00-00:00,2017-09-29T18:00:00-00:00,2017-09-29,11,0,TH_ZP26_GEN-APND,TH_ZP26_GEN-APND,TH_ZP26_GEN-APND,DAM,LMP,LMP_PRC,TH_ZP26_GEN-APND,ALL_APNODES,0,19.48487,573
2017-09-29T19:00:00-00:00,2017-09-29T20:00:00-00:00,2017-09-29,13,0,TH_ZP26_GEN-APND,TH_ZP26_GEN-APND,TH_ZP26_GEN-APND,DAM,LMP,LMP_PRC,TH_ZP26_GEN-APND,ALL_APNODES,0,23.54015,573
2017-09-29T23:00:00-00:00,2017-09-30T00:00:00-00:00,2017-09-29,17,0,TH_ZP26_GEN-APND,TH_ZP26_GEN-APND,TH_ZP26_GEN-APND,DAM,LMP,LMP_PRC,TH_ZP26_GEN-APND,ALL_APNODES,0,28.48684,573
2017-09-30T01:00:00-00:00,2017-09-30T02:00:00-00:00,2017-09-29,19,0,TH_ZP26_GEN-APND,TH_ZP26_GEN-APND,TH_ZP26_GEN-APND,DAM,LMP,LMP_PRC,TH_ZP26_GEN-APND,ALL_APNODES,0,55.57483,573
2017-09-29T21:00:00-00:00,2017-09-29T22:00:00-00:00,2017-09-29,15,0,TH_ZP26_GEN-APND,TH_ZP26_GEN-APND,TH_ZP26_GEN-APND,DAM,LMP,LMP_PRC,TH_ZP26_GEN-APND,ALL_APNODES,0,27.38011,573
2017-09-29T07:00:00-00:00,2017-09-29T08:00:00-00:00,2017-09-29,1,0,TH_ZP26_GEN-APND,TH_ZP26_GEN-APND,TH_ZP26_GEN-APND,DAM,MCC,LMP_CONG_PRC,TH_ZP26_GEN-APND,ALL_APNODES,0,0,574
2017-09-29T10:00:00-00:00,2017-09-29T11:00:00-00:00,2017-09-29,4,0,TH_ZP26_GEN-APND,TH_ZP26_GEN-APND,TH_ZP26_GEN-APND,DAM,MCC,LMP_CONG_PRC,TH_ZP26_GEN-APND,ALL_APNODES,0,0,574
2017-09-29T12:00:00-00:00,2017-09-29T13:00:00-00:00,2017-09-29,6,0,TH_ZP26_GEN-APND,TH_ZP26_GEN-APND,TH_ZP26_GEN-APND,DAM,MCC,LMP_CONG_PRC,TH_ZP26_GEN-APND,ALL_APNODES,0,0,574
2017-09-29T21:00:00-00:00,2017-09-29T22:00:00-00:00,2017-09-29,15,0,TH_ZP26_GEN-APND,TH_ZP26_GEN-APND,TH_ZP26_GEN-APND,DAM,MCC,LMP_CONG_PRC,TH_ZP26_GEN-APND,ALL_APNODES,0,-2.16003,574
2017-09-29T11:00:00-00:00,2017-09-29T12:00:00-00:00,2017-09-29,5,0,TH_ZP26_GEN-APND,TH_ZP26_GEN-APND,TH_ZP26_GEN-APND,DAM,MCC,LMP_CONG_PRC,TH_ZP26_GEN-APND,ALL_APNODES,0,0,574
2017-09-29T20:00:00-00:00,2017-09-29T21:00:00-00:00,2017-09-29,14,0,TH_ZP26_GEN-APND,TH_ZP26_GEN-APND,TH_ZP26_GEN-APND,DAM,MCC,LMP_CONG_PRC,TH_ZP26_GEN-APND,ALL_APNODES,0,-2.0482,574
2017-09-30T02:00:00-00:00,2017-09-30T03:00:00-00:00,2017-09-29,20,0,TH_ZP26_GEN-APND,TH_ZP26_GEN-APND,TH_ZP26_GEN-APND,DAM,MCC,LMP_CONG_PRC,TH_ZP26_GEN-APND,ALL_APNODES,0,0,574
2017-09-29T16:00:00-00:00,2017-09-29T17:00:00-00:00,2017-09-29,10,0,TH_ZP26_GEN-APND,TH_ZP26_GEN-APND,TH_ZP26_GEN-APND,DAM,MCC,LMP_CONG_PRC,TH_ZP26_GEN-APND,ALL_APNODES,0,-0.69698,574
2017-09-29T17:00:00-00:00,2017-09-29T18:00:00-00:00,2017-09-29,11,0,TH_ZP26_GEN-APND,TH_ZP26_GEN-APND,TH_ZP26_GEN-APND,DAM,MCC,LMP_CONG_PRC,TH_ZP26_GEN-APND,ALL_APNODES,0,-2.18662,574
2017-09-30T03:00:00-00:00,2017-09-30T04:00:00-00:00,2017-09-29,21,0,TH_ZP26_GEN-APND,TH_ZP26_GEN-APND,TH_ZP26_GEN-APND,DAM,MCC,LMP_CONG_PRC,TH_ZP26_GEN-APND,ALL_APNODES,0,0,574
2017-09-29T13:00:00-00:00,2017-09-29T14:00:00-00:00,2017-09-29,7,0,TH_ZP26_GEN-APND,TH_ZP26_GEN-APND,TH_ZP26_GEN-APND,DAM,MCC,LMP_CONG_PRC,TH_ZP26_GEN-APND,ALL_APNODES,0,0,574
2017-09-29T08:00:00-00:00,2017-09-29T09:00:00-00:00,2017-09-29,2,0,TH_ZP26_GEN-APND,TH_ZP26_GEN-APND,TH_ZP26_GEN-APND,DAM,MCC,LMP_CONG_PRC,TH_ZP26_GEN-APND,ALL_APNODES,0,0,574
2017-09-30T04:00:00-00:00,2017-09-30T05:00:00-00:00,2017-09-29,22,0,TH_ZP26_GEN-APND,TH_ZP26_GEN-APND,TH_ZP26_GEN-APND,DAM,MCC,LMP_CONG_PRC,TH_ZP26_GEN-APND,ALL_APNODES,0,0,574
2017-09-29T19:00:00-00:00,2017-09-29T20:00:00-00:00,2017-09-29,13,0,TH_ZP26_GEN-APND,TH_ZP26_GEN-APND,TH_ZP26_GEN-APND,DAM,MCC,LMP_CONG_PRC,TH_ZP26_GEN-APND,ALL_APNODES,0,-2.94426,574
2017-09-29T22:00:00-00:00,2017-09-29T23:00:00-00:00,2017-09-29,16,0,TH_ZP26_GEN-APND,TH_ZP26_GEN-APND,TH_ZP26_GEN-APND,DAM,MCC,LMP_CONG_PRC,TH_ZP26_GEN-APND,ALL_APNODES,0,-1.85124,574
2017-09-30T00:00:00-00:00,2017-09-30T01:00:00-00:00,2017-09-29,18,0,TH_ZP26_GEN-APND,TH_ZP26_GEN-APND,TH_ZP26_GEN-APND,DAM,MCC,LMP_CONG_PRC,TH_ZP26_GEN-APND,ALL_APNODES,0,0,574
2017-09-29T09:00:00-00:00,2017-09-29T10:00:00-00:00,2017-09-29,3,0,TH_ZP26_GEN-APND,TH_ZP26_GEN-APND,TH_ZP26_GEN-APND,DAM,MCC,LMP_CONG_PRC,TH_ZP26_GEN-APND,ALL_APNODES,0,0,574
2017-09-29T14:00:00-00:00,2017-09-29T15:00:00-00:00,2017-09-29,8,0,TH_ZP26_GEN-APND,TH_ZP26_GEN-APND,TH_ZP26_GEN-APND,DAM,MCC,LMP_CONG_PRC,TH_ZP26_GEN-APND,ALL_APNODES,0,0,574
2017-09-30T06:00:00-00:00,2017-09-30T07:00:00-00:00,2017-09-29,24,0,TH_ZP26_GEN-APND,TH_ZP26_GEN-APND,TH_ZP26_GEN-APND,DAM,MCC,LMP_CONG_PRC,TH_ZP26_GEN-APND,ALL_APNODES,0,0,574
2017-09-30T01:00:00-00:00,2017-09-30T02:00:00-00:00,2017-09-29,19,0,TH_ZP26_GEN-APND,TH_ZP26_GEN-APND,TH_ZP26_GEN-APND,DAM,MCC,LMP_CONG_PRC,TH_ZP26_GEN-APND,ALL_APNODES,0,0,574
2017-09-30T05:00:00-00:00,2017-09-30T06:00:00-00:00,2017-09-29,23,0,TH_ZP26_GEN-APND,TH_ZP26_GEN-APND,TH_ZP26_GEN-APND,DAM,MCC,LMP_CONG_PRC,TH_ZP26_GEN-APND,ALL_APNODES,0,0,574
2017-09-29T18:00:00-00:00,2017-09-29T19:00:00-00:00,2017-09-29,12,0,TH_ZP26_GEN-APND,TH_ZP26_GEN-APND,TH_ZP26_GEN-APND,DAM,MCC,LMP_CONG_PRC,TH_ZP26_GEN-APND,ALL_APNODES,0,-2.75252,574
2017-09-29T23:00:00-00:00,2017-09-30T00:00:00-00:00,2017-09-29,17,0,TH_ZP26_GEN-APND,TH_ZP26_GEN-APND,TH_ZP26_GEN-APND,DAM,MCC,LMP_CONG_PRC,TH_ZP26_GEN-APND,ALL_APNODES,0,-1.54192,574
2017-09-29T15:00:00-00:00,2017-09-29T16:00:00-00:00,2017-09-29,9,0,TH_ZP26_GEN-APND,TH_ZP26_GEN-APND,TH_ZP26_GEN-APND,DAM,MCC,LMP_CONG_PRC,TH_ZP26_GEN-APND,ALL_APNODES,0,0,574
2017-09-29T11:00:00-00:00,2017-09-29T12:00:00-00:00,2017-09-29,5,0,TH_ZP26_GEN-APND,TH_ZP26_GEN-APND,TH_ZP26_GEN-APND,DAM,MCE,LMP_ENE_PRC,TH_ZP26_GEN-APND,ALL_APNODES,0,27.86642,575
2017-09-29T15:00:00-00:00,2017-09-29T16:00:00-00:00,2017-09-29,9,0,TH_ZP26_GEN-APND,TH_ZP26_GEN-APND,TH_ZP26_GEN-APND,DAM,MCE,LMP_ENE_PRC,TH_ZP26_GEN-APND,ALL_APNODES,0,26.79066,575
2017-09-29T10:00:00-00:00,2017-09-29T11:00:00-00:00,2017-09-29,4,0,TH_ZP26_GEN-APND,TH_ZP26_GEN-APND,TH_ZP26_GEN-APND,DAM,MCE,LMP_ENE_PRC,TH_ZP26_GEN-APND,ALL_APNODES,0,27.21525,575
2017-09-29T09:00:00-00:00,2017-09-29T10:00:00-00:00,2017-09-29,3,0,TH_ZP26_GEN-APND,TH_ZP26_GEN-APND,TH_ZP26_GEN-APND,DAM,MCE,LMP_ENE_PRC,TH_ZP26_GEN-APND,ALL_APNODES,0,27.79487,575
2017-09-29T23:00:00-00:00,2017-09-30T00:00:00-00:00,2017-09-29,17,0,TH_ZP26_GEN-APND,TH_ZP26_GEN-APND,TH_ZP26_GEN-APND,DAM,MCE,LMP_ENE_PRC,TH_ZP26_GEN-APND,ALL_APNODES,0,31.7563,575
2017-09-29T22:00:00-00:00,2017-09-29T23:00:00-00:00,2017-09-29,16,0,TH_ZP26_GEN-APND,TH_ZP26_GEN-APND,TH_ZP26_GEN-APND,DAM,MCE,LMP_ENE_PRC,TH_ZP26_GEN-APND,ALL_APNODES,0,32.08119,575
2017-09-30T06:00:00-00:00,2017-09-30T07:00:00-00:00,2017-09-29,24,0,TH_ZP26_GEN-APND,TH_ZP26_GEN-APND,TH_ZP26_GEN-APND,DAM,MCE,LMP_ENE_PRC,TH_ZP26_GEN-APND,ALL_APNODES,0,29.81392,575
2017-09-29T21:00:00-00:00,2017-09-29T22:00:00-00:00,2017-09-29,15,0,TH_ZP26_GEN-APND,TH_ZP26_GEN-APND,TH_ZP26_GEN-APND,DAM,MCE,LMP_ENE_PRC,TH_ZP26_GEN-APND,ALL_APNODES,0,31.39229,575
2017-09-29T07:00:00-00:00,2017-09-29T08:00:00-00:00,2017-09-29,1,0,TH_ZP26_GEN-APND,TH_ZP26_GEN-APND,TH_ZP26_GEN-APND,DAM,MCE,LMP_ENE_PRC,TH_ZP26_GEN-APND,ALL_APNODES,0,28.90261,575
2017-09-29T12:00:00-00:00,2017-09-29T13:00:00-00:00,2017-09-29,6,0,TH_ZP26_GEN-APND,TH_ZP26_GEN-APND,TH_ZP26_GEN-APND,DAM,MCE,LMP_ENE_PRC,TH_ZP26_GEN-APND,ALL_APNODES,0,30.6744,575
2017-09-30T03:00:00-00:00,2017-09-30T04:00:00-00:00,2017-09-29,21,0,TH_ZP26_GEN-APND,TH_ZP26_GEN-APND,TH_ZP26_GEN-APND,DAM,MCE,LMP_ENE_PRC,TH_ZP26_GEN-APND,ALL_APNODES,0,44.39268,575
2017-09-30T02:00:00-00:00,2017-09-30T03:00:00-00:00,2017-09-29,20,0,TH_ZP26_GEN-APND,TH_ZP26_GEN-APND,TH_ZP26_GEN-APND,DAM,MCE,LMP_ENE_PRC,TH_ZP26_GEN-APND,ALL_APNODES,0,58.42174,575
2017-09-30T01:00:00-00:00,2017-09-30T02:00:00-00:00,2017-09-29,19,0,TH_ZP26_GEN-APND,TH_ZP26_GEN-APND,TH_ZP26_GEN-APND,DAM,MCE,LMP_ENE_PRC,TH_ZP26_GEN-APND,ALL_APNODES,0,57.83021,575
2017-09-29T16:00:00-00:00,2017-09-29T17:00:00-00:00,2017-09-29,10,0,TH_ZP26_GEN-APND,TH_ZP26_GEN-APND,TH_ZP26_GEN-APND,DAM,MCE,LMP_ENE_PRC,TH_ZP26_GEN-APND,ALL_APNODES,0,23.61409,575
2017-09-29T14:00:00-00:00,2017-09-29T15:00:00-00:00,2017-09-29,8,0,TH_ZP26_GEN-APND,TH_ZP26_GEN-APND,TH_ZP26_GEN-APND,DAM,MCE,LMP_ENE_PRC,TH_ZP26_GEN-APND,ALL_APNODES,0,35.93585,575
2017-09-29T08:00:00-00:00,2017-09-29T09:00:00-00:00,2017-09-29,2,0,TH_ZP26_GEN-APND,TH_ZP26_GEN-APND,TH_ZP26_GEN-APND,DAM,MCE,LMP_ENE_PRC,TH_ZP26_GEN-APND,ALL_APNODES,0,28.45491,575
2017-09-29T13:00:00-00:00,2017-09-29T14:00:00-00:00,2017-09-29,7,0,TH_ZP26_GEN-APND,TH_ZP26_GEN-APND,TH_ZP26_GEN-APND,DAM,MCE,LMP_ENE_PRC,TH_ZP26_GEN-APND,ALL_APNODES,0,38.69595,575
2017-09-29T17:00:00-00:00,2017-09-29T18:00:00-00:00,2017-09-29,11,0,TH_ZP26_GEN-APND,TH_ZP26_GEN-APND,TH_ZP26_GEN-APND,DAM,MCE,LMP_ENE_PRC,TH_ZP26_GEN-APND,ALL_APNODES,0,22.97169,575
2017-09-30T00:00:00-00:00,2017-09-30T01:00:00-00:00,2017-09-29,18,0,TH_ZP26_GEN-APND,TH_ZP26_GEN-APND,TH_ZP26_GEN-APND,DAM,MCE,LMP_ENE_PRC,TH_ZP26_GEN-APND,ALL_APNODES,0,43.45961,575
2017-09-29T18:00:00-00:00,2017-09-29T19:00:00-00:00,2017-09-29,12,0,TH_ZP26_GEN-APND,TH_ZP26_GEN-APND,TH_ZP26_GEN-APND,DAM,MCE,LMP_ENE_PRC,TH_ZP26_GEN-APND,ALL_APNODES,0,25.73639,575
2017-09-29T19:00:00-00:00,2017-09-29T20:00:00-00:00,2017-09-29,13,0,TH_ZP26_GEN-APND,TH_ZP26_GEN-APND,TH_ZP26_GEN-APND,DAM,MCE,LMP_ENE_PRC,TH_ZP26_GEN-APND,ALL_APNODES,0,28.07634,575
2017-09-30T05:00:00-00:00,2017-09-30T06:00:00-00:00,2017-09-29,23,0,TH_ZP26_GEN-APND,TH_ZP26_GEN-APND,TH_ZP26_GEN-APND,DAM,MCE,LMP_ENE_PRC,TH_ZP26_GEN-APND,ALL_APNODES,0,32.73201,575
2017-09-29T20:00:00-00:00,2017-09-29T21:00:00-00:00,2017-09-29,14,0,TH_ZP26_GEN-APND,TH_ZP26_GEN-APND,TH_ZP26_GEN-APND,DAM,MCE,LMP_ENE_PRC,TH_ZP26_GEN-APND,ALL_APNODES,0,29.7438,575
2017-09-30T04:00:00-00:00,2017-09-30T05:00:00-00:00,2017-09-29,22,0,TH_ZP26_GEN-APND,TH_ZP26_GEN-APND,TH_ZP26_GEN-APND,DAM,MCE,LMP_ENE_PRC,TH_ZP26_GEN-APND,ALL_APNODES,0,36.10105,575
2017-09-29T12:00:00-00:00,2017-09-29T13:00:00-00:00,2017-09-29,6,0,TH_ZP26_GEN-APND,TH_ZP26_GEN-APND,TH_ZP26_GEN-APND,DAM,MCL,LMP_LOSS_PRC,TH_ZP26_GEN-APND,ALL_APNODES,0,-0.95397,576
2017-09-29T11:00:00-00:00,2017-09-29T12:00:00-00:00,2017-09-29,5,0,TH_ZP26_GEN-APND,TH_ZP26_GEN-APND,TH_ZP26_GEN-APND,DAM,MCL,LMP_LOSS_PRC,TH_ZP26_GEN-APND,ALL_APNODES,0,-0.87779,576
2017-09-29T09:00:00-00:00,2017-09-29T10:00:00-00:00,2017-09-29,3,0,TH_ZP26_GEN-APND,TH_ZP26_GEN-APND,TH_ZP26_GEN-APND,DAM,MCL,LMP_LOSS_PRC,TH_ZP26_GEN-APND,ALL_APNODES,0,-0.86442,576
2017-09-30T01:00:00-00:00,2017-09-30T02:00:00-00:00,2017-09-29,19,0,TH_ZP26_GEN-APND,TH_ZP26_GEN-APND,TH_ZP26_GEN-APND,DAM,MCL,LMP_LOSS_PRC,TH_ZP26_GEN-APND,ALL_APNODES,0,-2.25538,576
2017-09-29T22:00:00-00:00,2017-09-29T23:00:00-00:00,2017-09-29,16,0,TH_ZP26_GEN-APND,TH_ZP26_GEN-APND,TH_ZP26_GEN-APND,DAM,MCL,LMP_LOSS_PRC,TH_ZP26_GEN-APND,ALL_APNODES,0,-1.87996,576
2017-09-29T10:00:00-00:00,2017-09-29T11:00:00-00:00,2017-09-29,4,0,TH_ZP26_GEN-APND,TH_ZP26_GEN-APND,TH_ZP26_GEN-APND,DAM,MCL,LMP_LOSS_PRC,TH_ZP26_GEN-APND,ALL_APNODES,0,-0.83279,576
2017-09-29T19:00:00-00:00,2017-09-29T20:00:00-00:00,2017-09-29,13,0,TH_ZP26_GEN-APND,TH_ZP26_GEN-APND,TH_ZP26_GEN-APND,DAM,MCL,LMP_LOSS_PRC,TH_ZP26_GEN-APND,ALL_APNODES,0,-1.59193,576
2017-09-29T18:00:00-00:00,2017-09-29T19:00:00-00:00,2017-09-29,12,0,TH_ZP26_GEN-APND,TH_ZP26_GEN-APND,TH_ZP26_GEN-APND,DAM,MCL,LMP_LOSS_PRC,TH_ZP26_GEN-APND,ALL_APNODES,0,-1.45153,576
2017-09-29T17:00:00-00:00,2017-09-29T18:00:00-00:00,2017-09-29,11,0,TH_ZP26_GEN-APND,TH_ZP26_GEN-APND,TH_ZP26_GEN-APND,DAM,MCL,LMP_LOSS_PRC,TH_ZP26_GEN-APND,ALL_APNODES,0,-1.3002,576
2017-09-29T23:00:00-00:00,2017-09-30T00:00:00-00:00,2017-09-29,17,0,TH_ZP26_GEN-APND,TH_ZP26_GEN-APND,TH_ZP26_GEN-APND,DAM,MCL,LMP_LOSS_PRC,TH_ZP26_GEN-APND,ALL_APNODES,0,-1.72754,576
2017-09-29T20:00:00-00:00,2017-09-29T21:00:00-00:00,2017-09-29,14,0,TH_ZP26_GEN-APND,TH_ZP26_GEN-APND,TH_ZP26_GEN-APND,DAM,MCL,LMP_LOSS_PRC,TH_ZP26_GEN-APND,ALL_APNODES,0,-1.74299,576
2017-09-30T04:00:00-00:00,2017-09-30T05:00:00-00:00,2017-09-29,22,0,TH_ZP26_GEN-APND,TH_ZP26_GEN-APND,TH_ZP26_GEN-APND,DAM,MCL,LMP_LOSS_PRC,TH_ZP26_GEN-APND,ALL_APNODES,0,-1.36101,576
2017-09-29T15:00:00-00:00,2017-09-29T16:00:00-00:00,2017-09-29,9,0,TH_ZP26_GEN-APND,TH_ZP26_GEN-APND,TH_ZP26_GEN-APND,DAM,MCL,LMP_LOSS_PRC,TH_ZP26_GEN-APND,ALL_APNODES,0,-1.27791,576
2017-09-30T02:00:00-00:00,2017-09-30T03:00:00-00:00,2017-09-29,20,0,TH_ZP26_GEN-APND,TH_ZP26_GEN-APND,TH_ZP26_GEN-APND,DAM,MCL,LMP_LOSS_PRC,TH_ZP26_GEN-APND,ALL_APNODES,0,-2.22587,576
2017-09-29T21:00:00-00:00,2017-09-29T22:00:00-00:00,2017-09-29,15,0,TH_ZP26_GEN-APND,TH_ZP26_GEN-APND,TH_ZP26_GEN-APND,DAM,MCL,LMP_LOSS_PRC,TH_ZP26_GEN-APND,ALL_APNODES,0,-1.85214,576
2017-09-29T14:00:00-00:00,2017-09-29T15:00:00-00:00,2017-09-29,8,0,TH_ZP26_GEN-APND,TH_ZP26_GEN-APND,TH_ZP26_GEN-APND,DAM,MCL,LMP_LOSS_PRC,TH_ZP26_GEN-APND,ALL_APNODES,0,-1.27213,576
2017-09-29T13:00:00-00:00,2017-09-29T14:00:00-00:00,2017-09-29,7,0,TH_ZP26_GEN-APND,TH_ZP26_GEN-APND,TH_ZP26_GEN-APND,DAM,MCL,LMP_LOSS_PRC,TH_ZP26_GEN-APND,ALL_APNODES,0,-1.19184,576
2017-09-30T05:00:00-00:00,2017-09-30T06:00:00-00:00,2017-09-29,23,0,TH_ZP26_GEN-APND,TH_ZP26_GEN-APND,TH_ZP26_GEN-APND,DAM,MCL,LMP_LOSS_PRC,TH_ZP26_GEN-APND,ALL_APNODES,0,-1.24709,576
2017-09-30T03:00:00-00:00,2017-09-30T04:00:00-00:00,2017-09-29,21,0,TH_ZP26_GEN-APND,TH_ZP26_GEN-APND,TH_ZP26_GEN-APND,DAM,MCL,LMP_LOSS_PRC,TH_ZP26_GEN-APND,ALL_APNODES,0,-1.72244,576
2017-09-29T08:00:00-00:00,2017-09-29T09:00:00-00:00,2017-09-29,2,0,TH_ZP26_GEN-APND,TH_ZP26_GEN-APND,TH_ZP26_GEN-APND,DAM,MCL,LMP_LOSS_PRC,TH_ZP26_GEN-APND,ALL_APNODES,0,-0.89064,576
2017-09-30T06:00:00-00:00,2017-09-30T07:00:00-00:00,2017-09-29,24,0,TH_ZP26_GEN-APND,TH_ZP26_GEN-APND,TH_ZP26_GEN-APND,DAM,MCL,LMP_LOSS_PRC,TH_ZP26_GEN-APND,ALL_APNODES,0,-1.121,576
2017-09-29T07:00:00-00:00,2017-09-29T08:00:00-00:00,2017-09-29,1,0,TH_ZP26_GEN-APND,TH_ZP26_GEN-APND,TH_ZP26_GEN-APND,DAM,MCL,LMP_LOSS_PRC,TH_ZP26_GEN-APND,ALL_APNODES,0,-0.93933,576
2017-09-29T16:00:00-00:00,2017-09-29T17:00:00-00:00,2017-09-29,10,0,TH_ZP26_GEN-APND,TH_ZP26_GEN-APND,TH_ZP26_GEN-APND,DAM,MCL,LMP_LOSS_PRC,TH_ZP26_GEN-APND,ALL_APNODES,0,-1.29169,576
2017-09-30T00:00:00-00:00,2017-09-30T01:00:00-00:00,2017-09-29,18,0,TH_ZP26_GEN-APND,TH_ZP26_GEN-APND,TH_ZP26_GEN-APND,DAM,MCL,LMP_LOSS_PRC,TH_ZP26_GEN-APND,ALL_APNODES,0,-2.0991,576
2017-09-30T06:00:00-00:00,2017-09-30T07:00:00-00:00,2017-09-29,24,0,URBAN_6_N005,URBAN_6_N005,URBAN_6_N005,DAM,LMP,LMP_PRC,URBAN_6_N005,ALL,1,29.90634,577
2017-09-29T09:00:00-00:00,2017-09-29T10:00:00-00:00,2017-09-29,3,0,URBAN_6_N005,URBAN_6_N005,URBAN_6_N005,DAM,LMP,LMP_PRC,URBAN_6_N005,ALL,1,27.5336,577
2017-09-30T04:00:00-00:00,2017-09-30T05:00:00-00:00,2017-09-29,22,0,URBAN_6_N005,URBAN_6_N005,URBAN_6_N005,DAM,LMP,LMP_PRC,URBAN_6_N005,ALL,1,36.11188,577
2017-09-30T01:00:00-00:00,2017-09-30T02:00:00-00:00,2017-09-29,19,0,URBAN_6_N005,URBAN_6_N005,URBAN_6_N005,DAM,LMP,LMP_PRC,URBAN_6_N005,ALL,1,51.20747,577
2017-09-29T13:00:00-00:00,2017-09-29T14:00:00-00:00,2017-09-29,7,0,URBAN_6_N005,URBAN_6_N005,URBAN_6_N005,DAM,LMP,LMP_PRC,URBAN_6_N005,ALL,1,38.57599,577
2017-09-30T05:00:00-00:00,2017-09-30T06:00:00-00:00,2017-09-29,23,0,URBAN_6_N005,URBAN_6_N005,URBAN_6_N005,DAM,LMP,LMP_PRC,URBAN_6_N005,ALL,1,32.55853,577
2017-09-29T21:00:00-00:00,2017-09-29T22:00:00-00:00,2017-09-29,15,0,URBAN_6_N005,URBAN_6_N005,URBAN_6_N005,DAM,LMP,LMP_PRC,URBAN_6_N005,ALL,1,25.80522,577
2017-09-29T23:00:00-00:00,2017-09-30T00:00:00-00:00,2017-09-29,17,0,URBAN_6_N005,URBAN_6_N005,URBAN_6_N005,DAM,LMP,LMP_PRC,URBAN_6_N005,ALL,1,18.11868,577
2017-09-29T14:00:00-00:00,2017-09-29T15:00:00-00:00,2017-09-29,8,0,URBAN_6_N005,URBAN_6_N005,URBAN_6_N005,DAM,LMP,LMP_PRC,URBAN_6_N005,ALL,1,31.90879,577
2017-09-29T16:00:00-00:00,2017-09-29T17:00:00-00:00,2017-09-29,10,0,URBAN_6_N005,URBAN_6_N005,URBAN_6_N005,DAM,LMP,LMP_PRC,URBAN_6_N005,ALL,1,13.08335,577
2017-09-29T20:00:00-00:00,2017-09-29T21:00:00-00:00,2017-09-29,14,0,URBAN_6_N005,URBAN_6_N005,URBAN_6_N005,DAM,LMP,LMP_PRC,URBAN_6_N005,ALL,1,21.42173,577
2017-09-29T12:00:00-00:00,2017-09-29T13:00:00-00:00,2017-09-29,6,0,URBAN_6_N005,URBAN_6_N005,URBAN_6_N005,DAM,LMP,LMP_PRC,URBAN_6_N005,ALL,1,30.61305,577
2017-09-29T15:00:00-00:00,2017-09-29T16:00:00-00:00,2017-09-29,9,0,URBAN_6_N005,URBAN_6_N005,URBAN_6_N005,DAM,LMP,LMP_PRC,URBAN_6_N005,ALL,1,21.46879,577
2017-09-29T10:00:00-00:00,2017-09-29T11:00:00-00:00,2017-09-29,4,0,URBAN_6_N005,URBAN_6_N005,URBAN_6_N005,DAM,LMP,LMP_PRC,URBAN_6_N005,ALL,1,26.93766,577
2017-09-29T11:00:00-00:00,2017-09-29T12:00:00-00:00,2017-09-29,5,0,URBAN_6_N005,URBAN_6_N005,URBAN_6_N005,DAM,LMP,LMP_PRC,URBAN_6_N005,ALL,1,27.67971,577
2017-09-29T17:00:00-00:00,2017-09-29T18:00:00-00:00,2017-09-29,11,0,URBAN_6_N005,URBAN_6_N005,URBAN_6_N005,DAM,LMP,LMP_PRC,URBAN_6_N005,ALL,1,11.62355,577
2017-09-29T19:00:00-00:00,2017-09-29T20:00:00-00:00,2017-09-29,13,0,URBAN_6_N005,URBAN_6_N005,URBAN_6_N005,DAM,LMP,LMP_PRC,URBAN_6_N005,ALL,1,21.23287,577
2017-09-30T03:00:00-00:00,2017-09-30T04:00:00-00:00,2017-09-29,21,0,URBAN_6_N005,URBAN_6_N005,URBAN_6_N005,DAM,LMP,LMP_PRC,URBAN_6_N005,ALL,1,44.42819,577
2017-09-29T22:00:00-00:00,2017-09-29T23:00:00-00:00,2017-09-29,16,0,URBAN_6_N005,URBAN_6_N005,URBAN_6_N005,DAM,LMP,LMP_PRC,URBAN_6_N005,ALL,1,27.07286,577
2017-09-30T00:00:00-00:00,2017-09-30T01:00:00-00:00,2017-09-29,18,0,URBAN_6_N005,URBAN_6_N005,URBAN_6_N005,DAM,LMP,LMP_PRC,URBAN_6_N005,ALL,1,43.65083,577
2017-09-29T08:00:00-00:00,2017-09-29T09:00:00-00:00,2017-09-29,2,0,URBAN_6_N005,URBAN_6_N005,URBAN_6_N005,DAM,LMP,LMP_PRC,URBAN_6_N005,ALL,1,28.23581,577
2017-09-29T18:00:00-00:00,2017-09-29T19:00:00-00:00,2017-09-29,12,0,URBAN_6_N005,URBAN_6_N005,URBAN_6_N005,DAM,LMP,LMP_PRC,URBAN_6_N005,ALL,1,15.09542,577
2017-09-30T02:00:00-00:00,2017-09-30T03:00:00-00:00,2017-09-29,20,0,URBAN_6_N005,URBAN_6_N005,URBAN_6_N005,DAM,LMP,LMP_PRC,URBAN_6_N005,ALL,1,50.42924,577
2017-09-29T07:00:00-00:00,2017-09-29T08:00:00-00:00,2017-09-29,1,0,URBAN_6_N005,URBAN_6_N005,URBAN_6_N005,DAM,LMP,LMP_PRC,URBAN_6_N005,ALL,1,28.68006,577
2017-09-29T17:00:00-00:00,2017-09-29T18:00:00-00:00,2017-09-29,11,0,URBAN_6_N005,URBAN_6_N005,URBAN_6_N005,DAM,MCC,LMP_CONG_PRC,URBAN_6_N005,ALL,1,-10.93235,578
2017-09-30T05:00:00-00:00,2017-09-30T06:00:00-00:00,2017-09-29,23,0,URBAN_6_N005,URBAN_6_N005,URBAN_6_N005,DAM,MCC,LMP_CONG_PRC,URBAN_6_N005,ALL,1,0,578
2017-09-29T22:00:00-00:00,2017-09-29T23:00:00-00:00,2017-09-29,16,0,URBAN_6_N005,URBAN_6_N005,URBAN_6_N005,DAM,MCC,LMP_CONG_PRC,URBAN_6_N005,ALL,1,-5.17515,578
2017-09-30T04:00:00-00:00,2017-09-30T05:00:00-00:00,2017-09-29,22,0,URBAN_6_N005,URBAN_6_N005,URBAN_6_N005,DAM,MCC,LMP_CONG_PRC,URBAN_6_N005,ALL,1,0,578
2017-09-30T00:00:00-00:00,2017-09-30T01:00:00-00:00,2017-09-29,18,0,URBAN_6_N005,URBAN_6_N005,URBAN_6_N005,DAM,MCC,LMP_CONG_PRC,URBAN_6_N005,ALL,1,0,578
2017-09-30T03:00:00-00:00,2017-09-30T04:00:00-00:00,2017-09-29,21,0,URBAN_6_N005,URBAN_6_N005,URBAN_6_N005,DAM,MCC,LMP_CONG_PRC,URBAN_6_N005,ALL,1,0,578
2017-09-29T14:00:00-00:00,2017-09-29T15:00:00-00:00,2017-09-29,8,0,URBAN_6_N005,URBAN_6_N005,URBAN_6_N005,DAM,MCC,LMP_CONG_PRC,URBAN_6_N005,ALL,1,-3.52755,578
2017-09-29T09:00:00-00:00,2017-09-29T10:00:00-00:00,2017-09-29,3,0,URBAN_6_N005,URBAN_6_N005,URBAN_6_N005,DAM,MCC,LMP_CONG_PRC,URBAN_6_N005,ALL,1,0,578
2017-09-30T01:00:00-00:00,2017-09-30T02:00:00-00:00,2017-09-29,19,0,URBAN_6_N005,URBAN_6_N005,URBAN_6_N005,DAM,MCC,LMP_CONG_PRC,URBAN_6_N005,ALL,1,-6.43769,578
2017-09-29T23:00:00-00:00,2017-09-30T00:00:00-00:00,2017-09-29,17,0,URBAN_6_N005,URBAN_6_N005,URBAN_6_N005,DAM,MCC,LMP_CONG_PRC,URBAN_6_N005,ALL,1,-13.69478,578
2017-09-29T20:00:00-00:00,2017-09-29T21:00:00-00:00,2017-09-29,14,0,URBAN_6_N005,URBAN_6_N005,URBAN_6_N005,DAM,MCC,LMP_CONG_PRC,URBAN_6_N005,ALL,1,-8.07223,578
2017-09-29T18:00:00-00:00,2017-09-29T19:00:00-00:00,2017-09-29,12,0,URBAN_6_N005,URBAN_6_N005,URBAN_6_N005,DAM,MCC,LMP_CONG_PRC,URBAN_6_N005,ALL,1,-10.15197,578
2017-09-30T06:00:00-00:00,2017-09-30T07:00:00-00:00,2017-09-29,24,0,URBAN_6_N005,URBAN_6_N005,URBAN_6_N005,DAM,MCC,LMP_CONG_PRC,URBAN_6_N005,ALL,1,0,578
2017-09-29T07:00:00-00:00,2017-09-29T08:00:00-00:00,2017-09-29,1,0,URBAN_6_N005,URBAN_6_N005,URBAN_6_N005,DAM,MCC,LMP_CONG_PRC,URBAN_6_N005,ALL,1,0,578
2017-09-29T08:00:00-00:00,2017-09-29T09:00:00-00:00,2017-09-29,2,0,URBAN_6_N005,URBAN_6_N005,URBAN_6_N005,DAM,MCC,LMP_CONG_PRC,URBAN_6_N005,ALL,1,0,578
2017-09-29T19:00:00-00:00,2017-09-29T20:00:00-00:00,2017-09-29,13,0,URBAN_6_N005,URBAN_6_N005,URBAN_6_N005,DAM,MCC,LMP_CONG_PRC,URBAN_6_N005,ALL,1,-6.37179,578
2017-09-29T12:00:00-00:00,2017-09-29T13:00:00-00:00,2017-09-29,6,0,URBAN_6_N005,URBAN_6_N005,URBAN_6_N005,DAM,MCC,LMP_CONG_PRC,URBAN_6_N005,ALL,1,0,578
2017-09-29T11:00:00-00:00,2017-09-29T12:00:00-00:00,2017-09-29,5,0,URBAN_6_N005,URBAN_6_N005,URBAN_6_N005,DAM,MCC,LMP_CONG_PRC,URBAN_6_N005,ALL,1,0,578
2017-09-29T10:00:00-00:00,2017-09-29T11:00:00-00:00,2017-09-29,4,0,URBAN_6_N005,URBAN_6_N005,URBAN_6_N005,DAM,MCC,LMP_CONG_PRC,URBAN_6_N005,ALL,1,0,578
2017-09-30T02:00:00-00:00,2017-09-30T03:00:00-00:00,2017-09-29,20,0,URBAN_6_N005,URBAN_6_N005,URBAN_6_N005,DAM,MCC,LMP_CONG_PRC,URBAN_6_N005,ALL,1,-7.63613,578
2017-09-29T15:00:00-00:00,2017-09-29T16:00:00-00:00,2017-09-29,9,0,URBAN_6_N005,URBAN_6_N005,URBAN_6_N005,DAM,MCC,LMP_CONG_PRC,URBAN_6_N005,ALL,1,-4.81553,578
2017-09-29T13:00:00-00:00,2017-09-29T14:00:00-00:00,2017-09-29,7,0,URBAN_6_N005,URBAN_6_N005,URBAN_6_N005,DAM,MCC,LMP_CONG_PRC,URBAN_6_N005,ALL,1,0,578
2017-09-29T16:00:00-00:00,2017-09-29T17:00:00-00:00,2017-09-29,10,0,URBAN_6_N005,URBAN_6_N005,URBAN_6_N005,DAM,MCC,LMP_CONG_PRC,URBAN_6_N005,ALL,1,-10.09624,578
2017-09-29T21:00:00-00:00,2017-09-29T22:00:00-00:00,2017-09-29,15,0,URBAN_6_N005,URBAN_6_N005,URBAN_6_N005,DAM,MCC,LMP_CONG_PRC,URBAN_6_N005,ALL,1,-5.41441,578
2017-09-29T15:00:00-00:00,2017-09-29T16:00:00-00:00,2017-09-29,9,0,URBAN_6_N005,URBAN_6_N005,URBAN_6_N005,DAM,MCE,LMP_ENE_PRC,URBAN_6_N005,ALL,1,26.79066,579
2017-09-29T12:00:00-00:00,2017-09-29T13:00:00-00:00,2017-09-29,6,0,URBAN_6_N005,URBAN_6_N005,URBAN_6_N005,DAM,MCE,LMP_ENE_PRC,URBAN_6_N005,ALL,1,30.6744,579
2017-09-29T08:00:00-00:00,2017-09-29T09:00:00-00:00,2017-09-29,2,0,URBAN_6_N005,URBAN_6_N005,URBAN_6_N005,DAM,MCE,LMP_ENE_PRC,URBAN_6_N005,ALL,1,28.45491,579
2017-09-29T10:00:00-00:00,2017-09-29T11:00:00-00:00,2017-09-29,4,0,URBAN_6_N005,URBAN_6_N005,URBAN_6_N005,DAM,MCE,LMP_ENE_PRC,URBAN_6_N005,ALL,1,27.21525,579
2017-09-29T09:00:00-00:00,2017-09-29T10:00:00-00:00,2017-09-29,3,0,URBAN_6_N005,URBAN_6_N005,URBAN_6_N005,DAM,MCE,LMP_ENE_PRC,URBAN_6_N005,ALL,1,27.79487,579
2017-09-30T00:00:00-00:00,2017-09-30T01:00:00-00:00,2017-09-29,18,0,URBAN_6_N005,URBAN_6_N005,URBAN_6_N005,DAM,MCE,LMP_ENE_PRC,URBAN_6_N005,ALL,1,43.45961,579
2017-09-29T20:00:00-00:00,2017-09-29T21:00:00-00:00,2017-09-29,14,0,URBAN_6_N005,URBAN_6_N005,URBAN_6_N005,DAM,MCE,LMP_ENE_PRC,URBAN_6_N005,ALL,1,29.7438,579
2017-09-30T04:00:00-00:00,2017-09-30T05:00:00-00:00,2017-09-29,22,0,URBAN_6_N005,URBAN_6_N005,URBAN_6_N005,DAM,MCE,LMP_ENE_PRC,URBAN_6_N005,ALL,1,36.10105,579
2017-09-29T13:00:00-00:00,2017-09-29T14:00:00-00:00,2017-09-29,7,0,URBAN_6_N005,URBAN_6_N005,URBAN_6_N005,DAM,MCE,LMP_ENE_PRC,URBAN_6_N005,ALL,1,38.69595,579
2017-09-29T11:00:00-00:00,2017-09-29T12:00:00-00:00,2017-09-29,5,0,URBAN_6_N005,URBAN_6_N005,URBAN_6_N005,DAM,MCE,LMP_ENE_PRC,URBAN_6_N005,ALL,1,27.86642,579
2017-09-30T02:00:00-00:00,2017-09-30T03:00:00-00:00,2017-09-29,20,0,URBAN_6_N005,URBAN_6_N005,URBAN_6_N005,DAM,MCE,LMP_ENE_PRC,URBAN_6_N005,ALL,1,58.42174,579
2017-09-29T21:00:00-00:00,2017-09-29T22:00:00-00:00,2017-09-29,15,0,URBAN_6_N005,URBAN_6_N005,URBAN_6_N005,DAM,MCE,LMP_ENE_PRC,URBAN_6_N005,ALL,1,31.39229,579
2017-09-29T18:00:00-00:00,2017-09-29T19:00:00-00:00,2017-09-29,12,0,URBAN_6_N005,URBAN_6_N005,URBAN_6_N005,DAM,MCE,LMP_ENE_PRC,URBAN_6_N005,ALL,1,25.73639,579
2017-09-29T07:00:00-00:00,2017-09-29T08:00:00-00:00,2017-09-29,1,0,URBAN_6_N005,URBAN_6_N005,URBAN_6_N005,DAM,MCE,LMP_ENE_PRC,URBAN_6_N005,ALL,1,28.90261,579
2017-09-29T14:00:00-00:00,2017-09-29T15:00:00-00:00,2017-09-29,8,0,URBAN_6_N005,URBAN_6_N005,URBAN_6_N005,DAM,MCE,LMP_ENE_PRC,URBAN_6_N005,ALL,1,35.93585,579
2017-09-30T06:00:00-00:00,2017-09-30T07:00:00-00:00,2017-09-29,24,0,URBAN_6_N005,URBAN_6_N005,URBAN_6_N005,DAM,MCE,LMP_ENE_PRC,URBAN_6_N005,ALL,1,29.81392,579
2017-09-30T01:00:00-00:00,2017-09-30T02:00:00-00:00,2017-09-29,19,0,URBAN_6_N005,URBAN_6_N005,URBAN_6_N005,DAM,MCE,LMP_ENE_PRC,URBAN_6_N005,ALL,1,57.83021,579
2017-09-29T17:00:00-00:00,2017-09-29T18:00:00-00:00,2017-09-29,11,0,URBAN_6_N005,URBAN_6_N005,URBAN_6_N005,DAM,MCE,LMP_ENE_PRC,URBAN_6_N005,ALL,1,22.97169,579
2017-09-29T16:00:00-00:00,2017-09-29T17:00:00-00:00,2017-09-29,10,0,URBAN_6_N005,URBAN_6_N005,URBAN_6_N005,DAM,MCE,LMP_ENE_PRC,URBAN_6_N005,ALL,1,23.61409,579
2017-09-30T05:00:00-00:00,2017-09-30T06:00:00-00:00,2017-09-29,23,0,URBAN_6_N005,URBAN_6_N005,URBAN_6_N005,DAM,MCE,LMP_ENE_PRC,URBAN_6_N005,ALL,1,32.73201,579
2017-09-29T23:00:00-00:00,2017-09-30T00:00:00-00:00,2017-09-29,17,0,URBAN_6_N005,URBAN_6_N005,URBAN_6_N005,DAM,MCE,LMP_ENE_PRC,URBAN_6_N005,ALL,1,31.7563,579
2017-09-29T22:00:00-00:00,2017-09-29T23:00:00-00:00,2017-09-29,16,0,URBAN_6_N005,URBAN_6_N005,URBAN_6_N005,DAM,MCE,LMP_ENE_PRC,URBAN_6_N005,ALL,1,32.08119,579
2017-09-30T03:00:00-00:00,2017-09-30T04:00:00-00:00,2017-09-29,21,0,URBAN_6_N005,URBAN_6_N005,URBAN_6_N005,DAM,MCE,LMP_ENE_PRC,URBAN_6_N005,ALL,1,44.39268,579
2017-09-29T19:00:00-00:00,2017-09-29T20:00:00-00:00,2017-09-29,13,0,URBAN_6_N005,URBAN_6_N005,URBAN_6_N005,DAM,MCE,LMP_ENE_PRC,URBAN_6_N005,ALL,1,28.07634,579
2017-09-30T03:00:00-00:00,2017-09-30T04:00:00-00:00,2017-09-29,21,0,URBAN_6_N005,URBAN_6_N005,URBAN_6_N005,DAM,MCL,LMP_LOSS_PRC,URBAN_6_N005,ALL,1,0.03551,580
2017-09-29T20:00:00-00:00,2017-09-29T21:00:00-00:00,2017-09-29,14,0,URBAN_6_N005,URBAN_6_N005,URBAN_6_N005,DAM,MCL,LMP_LOSS_PRC,URBAN_6_N005,ALL,1,-0.24985,580
2017-09-29T10:00:00-00:00,2017-09-29T11:00:00-00:00,2017-09-29,4,0,URBAN_6_N005,URBAN_6_N005,URBAN_6_N005,DAM,MCL,LMP_LOSS_PRC,URBAN_6_N005,ALL,1,-0.2776,580
2017-09-29T15:00:00-00:00,2017-09-29T16:00:00-00:00,2017-09-29,9,0,URBAN_6_N005,URBAN_6_N005,URBAN_6_N005,DAM,MCL,LMP_LOSS_PRC,URBAN_6_N005,ALL,1,-0.50634,580
2017-09-29T08:00:00-00:00,2017-09-29T09:00:00-00:00,2017-09-29,2,0,URBAN_6_N005,URBAN_6_N005,URBAN_6_N005,DAM,MCL,LMP_LOSS_PRC,URBAN_6_N005,ALL,1,-0.2191,580
2017-09-29T23:00:00-00:00,2017-09-30T00:00:00-00:00,2017-09-29,17,0,URBAN_6_N005,URBAN_6_N005,URBAN_6_N005,DAM,MCL,LMP_LOSS_PRC,URBAN_6_N005,ALL,1,0.05716,580
2017-09-30T06:00:00-00:00,2017-09-30T07:00:00-00:00,2017-09-29,24,0,URBAN_6_N005,URBAN_6_N005,URBAN_6_N005,DAM,MCL,LMP_LOSS_PRC,URBAN_6_N005,ALL,1,0.09242,580
2017-09-29T18:00:00-00:00,2017-09-29T19:00:00-00:00,2017-09-29,12,0,URBAN_6_N005,URBAN_6_N005,URBAN_6_N005,DAM,MCL,LMP_LOSS_PRC,URBAN_6_N005,ALL,1,-0.48899,580
2017-09-30T01:00:00-00:00,2017-09-30T02:00:00-00:00,2017-09-29,19,0,URBAN_6_N005,URBAN_6_N005,URBAN_6_N005,DAM,MCL,LMP_LOSS_PRC,URBAN_6_N005,ALL,1,-0.18506,580
2017-09-29T09:00:00-00:00,2017-09-29T10:00:00-00:00,2017-09-29,3,0,URBAN_6_N005,URBAN_6_N005,URBAN_6_N005,DAM,MCL,LMP_LOSS_PRC,URBAN_6_N005,ALL,1,-0.26127,580
2017-09-29T12:00:00-00:00,2017-09-29T13:00:00-00:00,2017-09-29,6,0,URBAN_6_N005,URBAN_6_N005,URBAN_6_N005,DAM,MCL,LMP_LOSS_PRC,URBAN_6_N005,ALL,1,-0.06135,580
2017-09-29T17:00:00-00:00,2017-09-29T18:00:00-00:00,2017-09-29,11,0,URBAN_6_N005,URBAN_6_N005,URBAN_6_N005,DAM,MCL,LMP_LOSS_PRC,URBAN_6_N005,ALL,1,-0.41579,580
2017-09-29T22:00:00-00:00,2017-09-29T23:00:00-00:00,2017-09-29,16,0,URBAN_6_N005,URBAN_6_N005,URBAN_6_N005,DAM,MCL,LMP_LOSS_PRC,URBAN_6_N005,ALL,1,0.16682,580
2017-09-30T02:00:00-00:00,2017-09-30T03:00:00-00:00,2017-09-29,20,0,URBAN_6_N005,URBAN_6_N005,URBAN_6_N005,DAM,MCL,LMP_LOSS_PRC,URBAN_6_N005,ALL,1,-0.35637,580
2017-09-29T14:00:00-00:00,2017-09-29T15:00:00-00:00,2017-09-29,8,0,URBAN_6_N005,URBAN_6_N005,URBAN_6_N005,DAM,MCL,LMP_LOSS_PRC,URBAN_6_N005,ALL,1,-0.49951,580
2017-09-30T05:00:00-00:00,2017-09-30T06:00:00-00:00,2017-09-29,23,0,URBAN_6_N005,URBAN_6_N005,URBAN_6_N005,DAM,MCL,LMP_LOSS_PRC,URBAN_6_N005,ALL,1,-0.17348,580
2017-09-29T19:00:00-00:00,2017-09-29T20:00:00-00:00,2017-09-29,13,0,URBAN_6_N005,URBAN_6_N005,URBAN_6_N005,DAM,MCL,LMP_LOSS_PRC,URBAN_6_N005,ALL,1,-0.47168,580
2017-09-29T21:00:00-00:00,2017-09-29T22:00:00-00:00,2017-09-29,15,0,URBAN_6_N005,URBAN_6_N005,URBAN_6_N005,DAM,MCL,LMP_LOSS_PRC,URBAN_6_N005,ALL,1,-0.17266,580
2017-09-29T11:00:00-00:00,2017-09-29T12:00:00-00:00,2017-09-29,5,0,URBAN_6_N005,URBAN_6_N005,URBAN_6_N005,DAM,MCL,LMP_LOSS_PRC,URBAN_6_N005,ALL,1,-0.1867,580
2017-09-29T16:00:00-00:00,2017-09-29T17:00:00-00:00,2017-09-29,10,0,URBAN_6_N005,URBAN_6_N005,URBAN_6_N005,DAM,MCL,LMP_LOSS_PRC,URBAN_6_N005,ALL,1,-0.4345,580
2017-09-29T07:00:00-00:00,2017-09-29T08:00:00-00:00,2017-09-29,1,0,URBAN_6_N005,URBAN_6_N005,URBAN_6_N005,DAM,MCL,LMP_LOSS_PRC,URBAN_6_N005,ALL,1,-0.22255,580
2017-09-30T04:00:00-00:00,2017-09-30T05:00:00-00:00,2017-09-29,22,0,URBAN_6_N005,URBAN_6_N005,URBAN_6_N005,DAM,MCL,LMP_LOSS_PRC,URBAN_6_N005,ALL,1,0.01083,580
2017-09-30T00:00:00-00:00,2017-09-30T01:00:00-00:00,2017-09-29,18,0,URBAN_6_N005,URBAN_6_N005,URBAN_6_N005,DAM,MCL,LMP_LOSS_PRC,URBAN_6_N005,ALL,1,0.19122,580
2017-09-29T13:00:00-00:00,2017-09-29T14:00:00-00:00,2017-09-29,7,0,URBAN_6_N005,URBAN_6_N005,URBAN_6_N005,DAM,MCL,LMP_LOSS_PRC,URBAN_6_N005,ALL,1,-0.11996,580
2017-09-30T18:00:00-00:00,2017-09-30T19:00:00-00:00,2017-09-30,12,0,BAYSHOR2_1_N001,BAYSHOR2_1_N001,BAYSHOR2_1_N001,DAM,LMP,LMP_PRC,BAYSHOR2_1_N001,ALL,1,16.56979,581
2017-09-30T19:00:00-00:00,2017-09-30T20:00:00-00:00,2017-09-30,13,0,BAYSHOR2_1_N001,BAYSHOR2_1_N001,BAYSHOR2_1_N001,DAM,LMP,LMP_PRC,BAYSHOR2_1_N001,ALL,1,18.70552,581
2017-09-30T22:00:00-00:00,2017-09-30T23:00:00-00:00,2017-09-30,16,0,BAYSHOR2_1_N001,BAYSHOR2_1_N001,BAYSHOR2_1_N001,DAM,LMP,LMP_PRC,BAYSHOR2_1_N001,ALL,1,28.1519,581
2017-10-01T00:00:00-00:00,2017-10-01T01:00:00-00:00,2017-09-30,18,0,BAYSHOR2_1_N001,BAYSHOR2_1_N001,BAYSHOR2_1_N001,DAM,LMP,LMP_PRC,BAYSHOR2_1_N001,ALL,1,38.20357,581
2017-10-01T02:00:00-00:00,2017-10-01T03:00:00-00:00,2017-09-30,20,0,BAYSHOR2_1_N001,BAYSHOR2_1_N001,BAYSHOR2_1_N001,DAM,LMP,LMP_PRC,BAYSHOR2_1_N001,ALL,1,57.9607,581
2017-10-01T04:00:00-00:00,2017-10-01T05:00:00-00:00,2017-09-30,22,0,BAYSHOR2_1_N001,BAYSHOR2_1_N001,BAYSHOR2_1_N001,DAM,LMP,LMP_PRC,BAYSHOR2_1_N001,ALL,1,37.10774,581
2017-09-30T21:00:00-00:00,2017-09-30T22:00:00-00:00,2017-09-30,15,0,BAYSHOR2_1_N001,BAYSHOR2_1_N001,BAYSHOR2_1_N001,DAM,LMP,LMP_PRC,BAYSHOR2_1_N001,ALL,1,25.28028,581
2017-09-30T12:00:00-00:00,2017-09-30T13:00:00-00:00,2017-09-30,6,0,BAYSHOR2_1_N001,BAYSHOR2_1_N001,BAYSHOR2_1_N001,DAM,LMP,LMP_PRC,BAYSHOR2_1_N001,ALL,1,32.25064,581
2017-09-30T16:00:00-00:00,2017-09-30T17:00:00-00:00,2017-09-30,10,0,BAYSHOR2_1_N001,BAYSHOR2_1_N001,BAYSHOR2_1_N001,DAM,LMP,LMP_PRC,BAYSHOR2_1_N001,ALL,1,14.51873,581
2017-10-01T01:00:00-00:00,2017-10-01T02:00:00-00:00,2017-09-30,19,0,BAYSHOR2_1_N001,BAYSHOR2_1_N001,BAYSHOR2_1_N001,DAM,LMP,LMP_PRC,BAYSHOR2_1_N001,ALL,1,51.37368,581
2017-10-01T03:00:00-00:00,2017-10-01T04:00:00-00:00,2017-09-30,21,0,BAYSHOR2_1_N001,BAYSHOR2_1_N001,BAYSHOR2_1_N001,DAM,LMP,LMP_PRC,BAYSHOR2_1_N001,ALL,1,45.48478,581
2017-10-01T05:00:00-00:00,2017-10-01T06:00:00-00:00,2017-09-30,23,0,BAYSHOR2_1_N001,BAYSHOR2_1_N001,BAYSHOR2_1_N001,DAM,LMP,LMP_PRC,BAYSHOR2_1_N001,ALL,1,32.93275,581
2017-09-30T13:00:00-00:00,2017-09-30T14:00:00-00:00,2017-09-30,7,0,BAYSHOR2_1_N001,BAYSHOR2_1_N001,BAYSHOR2_1_N001,DAM,LMP,LMP_PRC,BAYSHOR2_1_N001,ALL,1,32.12294,581
2017-09-30T17:00:00-00:00,2017-09-30T18:00:00-00:00,2017-09-30,11,0,BAYSHOR2_1_N001,BAYSHOR2_1_N001,BAYSHOR2_1_N001,DAM,LMP,LMP_PRC,BAYSHOR2_1_N001,ALL,1,13.50974,581
2017-09-30T23:00:00-00:00,2017-10-01T00:00:00-00:00,2017-09-30,17,0,BAYSHOR2_1_N001,BAYSHOR2_1_N001,BAYSHOR2_1_N001,DAM,LMP,LMP_PRC,BAYSHOR2_1_N001,ALL,1,30.0753,581
2017-09-30T15:00:00-00:00,2017-09-30T16:00:00-00:00,2017-09-30,9,0,BAYSHOR2_1_N001,BAYSHOR2_1_N001,BAYSHOR2_1_N001,DAM,LMP,LMP_PRC,BAYSHOR2_1_N001,ALL,1,21.20537,581
2017-10-01T06:00:00-00:00,2017-10-01T07:00:00-00:00,2017-09-30,24,0,BAYSHOR2_1_N001,BAYSHOR2_1_N001,BAYSHOR2_1_N001,DAM,LMP,LMP_PRC,BAYSHOR2_1_N001,ALL,1,31.77463,581
2017-09-30T11:00:00-00:00,2017-09-30T12:00:00-00:00,2017-09-30,5,0,BAYSHOR2_1_N001,BAYSHOR2_1_N001,BAYSHOR2_1_N001,DAM,LMP,LMP_PRC,BAYSHOR2_1_N001,ALL,1,28.49067,581
2017-09-30T14:00:00-00:00,2017-09-30T15:00:00-00:00,2017-09-30,8,0,BAYSHOR2_1_N001,BAYSHOR2_1_N001,BAYSHOR2_1_N001,DAM,LMP,LMP_PRC,BAYSHOR2_1_N001,ALL,1,30.285,581
2017-09-30T07:00:00-00:00,2017-09-30T08:00:00-00:00,2017-09-30,1,0,BAYSHOR2_1_N001,BAYSHOR2_1_N001,BAYSHOR2_1_N001,DAM,LMP,LMP_PRC,BAYSHOR2_1_N001,ALL,1,31.52224,581
2017-09-30T10:00:00-00:00,2017-09-30T11:00:00-00:00,2017-09-30,4,0,BAYSHOR2_1_N001,BAYSHOR2_1_N001,BAYSHOR2_1_N001,DAM,LMP,LMP_PRC,BAYSHOR2_1_N001,ALL,1,28.69971,581
2017-09-30T20:00:00-00:00,2017-09-30T21:00:00-00:00,2017-09-30,14,0,BAYSHOR2_1_N001,BAYSHOR2_1_N001,BAYSHOR2_1_N001,DAM,LMP,LMP_PRC,BAYSHOR2_1_N001,ALL,1,21.35205,581
2017-09-30T08:00:00-00:00,2017-09-30T09:00:00-00:00,2017-09-30,2,0,BAYSHOR2_1_N001,BAYSHOR2_1_N001,BAYSHOR2_1_N001,DAM,LMP,LMP_PRC,BAYSHOR2_1_N001,ALL,1,30.27157,581
2017-09-30T09:00:00-00:00,2017-09-30T10:00:00-00:00,2017-09-30,3,0,BAYSHOR2_1_N001,BAYSHOR2_1_N001,BAYSHOR2_1_N001,DAM,LMP,LMP_PRC,BAYSHOR2_1_N001,ALL,1,29.26043,581
2017-09-30T15:00:00-00:00,2017-09-30T16:00:00-00:00,2017-09-30,9,0,BAYSHOR2_1_N001,BAYSHOR2_1_N001,BAYSHOR2_1_N001,DAM,MCC,LMP_CONG_PRC,BAYSHOR2_1_N001,ALL,1,-0.5945,582
2017-09-30T10:00:00-00:00,2017-09-30T11:00:00-00:00,2017-09-30,4,0,BAYSHOR2_1_N001,BAYSHOR2_1_N001,BAYSHOR2_1_N001,DAM,MCC,LMP_CONG_PRC,BAYSHOR2_1_N001,ALL,1,0,582
2017-10-01T00:00:00-00:00,2017-10-01T01:00:00-00:00,2017-09-30,18,0,BAYSHOR2_1_N001,BAYSHOR2_1_N001,BAYSHOR2_1_N001,DAM,MCC,LMP_CONG_PRC,BAYSHOR2_1_N001,ALL,1,0,582
2017-10-01T02:00:00-00:00,2017-10-01T03:00:00-00:00,2017-09-30,20,0,BAYSHOR2_1_N001,BAYSHOR2_1_N001,BAYSHOR2_1_N001,DAM,MCC,LMP_CONG_PRC,BAYSHOR2_1_N001,ALL,1,0,582
2017-09-30T18:00:00-00:00,2017-09-30T19:00:00-00:00,2017-09-30,12,0,BAYSHOR2_1_N001,BAYSHOR2_1_N001,BAYSHOR2_1_N001,DAM,MCC,LMP_CONG_PRC,BAYSHOR2_1_N001,ALL,1,-0.383,582
2017-09-30T09:00:00-00:00,2017-09-30T10:00:00-00:00,2017-09-30,3,0,BAYSHOR2_1_N001,BAYSHOR2_1_N001,BAYSHOR2_1_N001,DAM,MCC,LMP_CONG_PRC,BAYSHOR2_1_N001,ALL,1,0,582
2017-09-30T07:00:00-00:00,2017-09-30T08:00:00-00:00,2017-09-30,1,0,BAYSHOR2_1_N001,BAYSHOR2_1_N001,BAYSHOR2_1_N001,DAM,MCC,LMP_CONG_PRC,BAYSHOR2_1_N001,ALL,1,0,582
2017-10-01T05:00:00-00:00,2017-10-01T06:00:00-00:00,2017-09-30,23,0,BAYSHOR2_1_N001,BAYSHOR2_1_N001,BAYSHOR2_1_N001,DAM,MCC,LMP_CONG_PRC,BAYSHOR2_1_N001,ALL,1,0,582
2017-09-30T13:00:00-00:00,2017-09-30T14:00:00-00:00,2017-09-30,7,0,BAYSHOR2_1_N001,BAYSHOR2_1_N001,BAYSHOR2_1_N001,DAM,MCC,LMP_CONG_PRC,BAYSHOR2_1_N001,ALL,1,0,582
2017-09-30T16:00:00-00:00,2017-09-30T17:00:00-00:00,2017-09-30,10,0,BAYSHOR2_1_N001,BAYSHOR2_1_N001,BAYSHOR2_1_N001,DAM,MCC,LMP_CONG_PRC,BAYSHOR2_1_N001,ALL,1,0.80227,582
2017-09-30T23:00:00-00:00,2017-10-01T00:00:00-00:00,2017-09-30,17,0,BAYSHOR2_1_N001,BAYSHOR2_1_N001,BAYSHOR2_1_N001,DAM,MCC,LMP_CONG_PRC,BAYSHOR2_1_N001,ALL,1,0,582
2017-10-01T01:00:00-00:00,2017-10-01T02:00:00-00:00,2017-09-30,19,0,BAYSHOR2_1_N001,BAYSHOR2_1_N001,BAYSHOR2_1_N001,DAM,MCC,LMP_CONG_PRC,BAYSHOR2_1_N001,ALL,1,0,582
2017-10-01T04:00:00-00:00,2017-10-01T05:00:00-00:00,2017-09-30,22,0,BAYSHOR2_1_N001,BAYSHOR2_1_N001,BAYSHOR2_1_N001,DAM,MCC,LMP_CONG_PRC,BAYSHOR2_1_N001,ALL,1,0,582
2017-10-01T06:00:00-00:00,2017-10-01T07:00:00-00:00,2017-09-30,24,0,BAYSHOR2_1_N001,BAYSHOR2_1_N001,BAYSHOR2_1_N001,DAM,MCC,LMP_CONG_PRC,BAYSHOR2_1_N001,ALL,1,0,582
2017-09-30T12:00:00-00:00,2017-09-30T13:00:00-00:00,2017-09-30,6,0,BAYSHOR2_1_N001,BAYSHOR2_1_N001,BAYSHOR2_1_N001,DAM,MCC,LMP_CONG_PRC,BAYSHOR2_1_N001,ALL,1,0,582
2017-09-30T14:00:00-00:00,2017-09-30T15:00:00-00:00,2017-09-30,8,0,BAYSHOR2_1_N001,BAYSHOR2_1_N001,BAYSHOR2_1_N001,DAM,MCC,LMP_CONG_PRC,BAYSHOR2_1_N001,ALL,1,0,582
2017-09-30T17:00:00-00:00,2017-09-30T18:00:00-00:00,2017-09-30,11,0,BAYSHOR2_1_N001,BAYSHOR2_1_N001,BAYSHOR2_1_N001,DAM,MCC,LMP_CONG_PRC,BAYSHOR2_1_N001,ALL,1,-0.13591,582
2017-09-30T20:00:00-00:00,2017-09-30T21:00:00-00:00,2017-09-30,14,0,BAYSHOR2_1_N001,BAYSHOR2_1_N001,BAYSHOR2_1_N001,DAM,MCC,LMP_CONG_PRC,BAYSHOR2_1_N001,ALL,1,-0.16279,582
2017-09-30T21:00:00-00:00,2017-09-30T22:00:00-00:00,2017-09-30,15,0,BAYSHOR2_1_N001,BAYSHOR2_1_N001,BAYSHOR2_1_N001,DAM,MCC,LMP_CONG_PRC,BAYSHOR2_1_N001,ALL,1,-0.45093,582
2017-09-30T11:00:00-00:00,2017-09-30T12:00:00-00:00,2017-09-30,5,0,BAYSHOR2_1_N001,BAYSHOR2_1_N001,BAYSHOR2_1_N001,DAM,MCC,LMP_CONG_PRC,BAYSHOR2_1_N001,ALL,1,0,582
2017-09-30T19:00:00-00:00,2017-09-30T20:00:00-00:00,2017-09-30,13,0,BAYSHOR2_1_N001,BAYSHOR2_1_N001,BAYSHOR2_1_N001,DAM,MCC,LMP_CONG_PRC,BAYSHOR2_1_N001,ALL,1,0,582
2017-09-30T08:00:00-00:00,2017-09-30T09:00:00-00:00,2017-09-30,2,0,BAYSHOR2_1_N001,BAYSHOR2_1_N001,BAYSHOR2_1_N001,DAM,MCC,LMP_CONG_PRC,BAYSHOR2_1_N001,ALL,1,0,582
2017-09-30T22:00:00-00:00,2017-09-30T23:00:00-00:00,2017-09-30,16,0,BAYSHOR2_1_N001,BAYSHOR2_1_N001,BAYSHOR2_1_N001,DAM,MCC,LMP_CONG_PRC,BAYSHOR2_1_N001,ALL,1,-0.04257,582
2017-10-01T03:00:00-00:00,2017-10-01T04:00:00-00:00,2017-09-30,21,0,BAYSHOR2_1_N001,BAYSHOR2_1_N001,BAYSHOR2_1_N001,DAM,MCC,LMP_CONG_PRC,BAYSHOR2_1_N001,ALL,1,0,582
2017-09-30T17:00:00-00:00,2017-09-30T18:00:00-00:00,2017-09-30,11,0,BAYSHOR2_1_N001,BAYSHOR2_1_N001,BAYSHOR2_1_N001,DAM,MCE,LMP_ENE_PRC,BAYSHOR2_1_N001,ALL,1,12.87448,583
2017-09-30T14:00:00-00:00,2017-09-30T15:00:00-00:00,2017-09-30,8,0,BAYSHOR2_1_N001,BAYSHOR2_1_N001,BAYSHOR2_1_N001,DAM,MCE,LMP_ENE_PRC,BAYSHOR2_1_N001,ALL,1,29.29483,583
2017-10-01T00:00:00-00:00,2017-10-01T01:00:00-00:00,2017-09-30,18,0,BAYSHOR2_1_N001,BAYSHOR2_1_N001,BAYSHOR2_1_N001,DAM,MCE,LMP_ENE_PRC,BAYSHOR2_1_N001,ALL,1,36.78017,583
2017-09-30T18:00:00-00:00,2017-09-30T19:00:00-00:00,2017-09-30,12,0,BAYSHOR2_1_N001,BAYSHOR2_1_N001,BAYSHOR2_1_N001,DAM,MCE,LMP_ENE_PRC,BAYSHOR2_1_N001,ALL,1,16.02798,583
2017-09-30T19:00:00-00:00,2017-09-30T20:00:00-00:00,2017-09-30,13,0,BAYSHOR2_1_N001,BAYSHOR2_1_N001,BAYSHOR2_1_N001,DAM,MCE,LMP_ENE_PRC,BAYSHOR2_1_N001,ALL,1,17.65504,583
2017-09-30T22:00:00-00:00,2017-09-30T23:00:00-00:00,2017-09-30,16,0,BAYSHOR2_1_N001,BAYSHOR2_1_N001,BAYSHOR2_1_N001,DAM,MCE,LMP_ENE_PRC,BAYSHOR2_1_N001,ALL,1,26.86211,583
2017-10-01T06:00:00-00:00,2017-10-01T07:00:00-00:00,2017-09-30,24,0,BAYSHOR2_1_N001,BAYSHOR2_1_N001,BAYSHOR2_1_N001,DAM,MCE,LMP_ENE_PRC,BAYSHOR2_1_N001,ALL,1,30.53198,583
2017-10-01T02:00:00-00:00,2017-10-01T03:00:00-00:00,2017-09-30,20,0,BAYSHOR2_1_N001,BAYSHOR2_1_N001,BAYSHOR2_1_N001,DAM,MCE,LMP_ENE_PRC,BAYSHOR2_1_N001,ALL,1,55.98986,583
2017-09-30T10:00:00-00:00,2017-09-30T11:00:00-00:00,2017-09-30,4,0,BAYSHOR2_1_N001,BAYSHOR2_1_N001,BAYSHOR2_1_N001,DAM,MCE,LMP_ENE_PRC,BAYSHOR2_1_N001,ALL,1,28.00245,583
2017-09-30T09:00:00-00:00,2017-09-30T10:00:00-00:00,2017-09-30,3,0,BAYSHOR2_1_N001,BAYSHOR2_1_N001,BAYSHOR2_1_N001,DAM,MCE,LMP_ENE_PRC,BAYSHOR2_1_N001,ALL,1,28.50227,583
2017-09-30T20:00:00-00:00,2017-09-30T21:00:00-00:00,2017-09-30,14,0,BAYSHOR2_1_N001,BAYSHOR2_1_N001,BAYSHOR2_1_N001,DAM,MCE,LMP_ENE_PRC,BAYSHOR2_1_N001,ALL,1,20.41449,583
2017-09-30T13:00:00-00:00,2017-09-30T14:00:00-00:00,2017-09-30,7,0,BAYSHOR2_1_N001,BAYSHOR2_1_N001,BAYSHOR2_1_N001,DAM,MCE,LMP_ENE_PRC,BAYSHOR2_1_N001,ALL,1,31.27842,583
2017-09-30T12:00:00-00:00,2017-09-30T13:00:00-00:00,2017-09-30,6,0,BAYSHOR2_1_N001,BAYSHOR2_1_N001,BAYSHOR2_1_N001,DAM,MCE,LMP_ENE_PRC,BAYSHOR2_1_N001,ALL,1,31.32042,583
2017-10-01T04:00:00-00:00,2017-10-01T05:00:00-00:00,2017-09-30,22,0,BAYSHOR2_1_N001,BAYSHOR2_1_N001,BAYSHOR2_1_N001,DAM,MCE,LMP_ENE_PRC,BAYSHOR2_1_N001,ALL,1,35.91883,583
2017-10-01T01:00:00-00:00,2017-10-01T02:00:00-00:00,2017-09-30,19,0,BAYSHOR2_1_N001,BAYSHOR2_1_N001,BAYSHOR2_1_N001,DAM,MCE,LMP_ENE_PRC,BAYSHOR2_1_N001,ALL,1,49.72288,583
2017-09-30T08:00:00-00:00,2017-09-30T09:00:00-00:00,2017-09-30,2,0,BAYSHOR2_1_N001,BAYSHOR2_1_N001,BAYSHOR2_1_N001,DAM,MCE,LMP_ENE_PRC,BAYSHOR2_1_N001,ALL,1,29.53612,583
2017-09-30T07:00:00-00:00,2017-09-30T08:00:00-00:00,2017-09-30,1,0,BAYSHOR2_1_N001,BAYSHOR2_1_N001,BAYSHOR2_1_N001,DAM,MCE,LMP_ENE_PRC,BAYSHOR2_1_N001,ALL,1,30.65769,583
2017-09-30T16:00:00-00:00,2017-09-30T17:00:00-00:00,2017-09-30,10,0,BAYSHOR2_1_N001,BAYSHOR2_1_N001,BAYSHOR2_1_N001,DAM,MCE,LMP_ENE_PRC,BAYSHOR2_1_N001,ALL,1,13.00755,583
2017-09-30T21:00:00-00:00,2017-09-30T22:00:00-00:00,2017-09-30,15,0,BAYSHOR2_1_N001,BAYSHOR2_1_N001,BAYSHOR2_1_N001,DAM,MCE,LMP_ENE_PRC,BAYSHOR2_1_N001,ALL,1,24.39671,583
2017-09-30T15:00:00-00:00,2017-09-30T16:00:00-00:00,2017-09-30,9,0,BAYSHOR2_1_N001,BAYSHOR2_1_N001,BAYSHOR2_1_N001,DAM,MCE,LMP_ENE_PRC,BAYSHOR2_1_N001,ALL,1,20.66927,583
2017-09-30T11:00:00-00:00,2017-09-30T12:00:00-00:00,2017-09-30,5,0,BAYSHOR2_1_N001,BAYSHOR2_1_N001,BAYSHOR2_1_N001,DAM,MCE,LMP_ENE_PRC,BAYSHOR2_1_N001,ALL,1,27.75786,583
2017-10-01T05:00:00-00:00,2017-10-01T06:00:00-00:00,2017-09-30,23,0,BAYSHOR2_1_N001,BAYSHOR2_1_N001,BAYSHOR2_1_N001,DAM,MCE,LMP_ENE_PRC,BAYSHOR2_1_N001,ALL,1,31.87143,583
2017-10-01T03:00:00-00:00,2017-10-01T04:00:00-00:00,2017-09-30,21,0,BAYSHOR2_1_N001,BAYSHOR2_1_N001,BAYSHOR2_1_N001,DAM,MCE,LMP_ENE_PRC,BAYSHOR2_1_N001,ALL,1,43.8323,583
2017-09-30T23:00:00-00:00,2017-10-01T00:00:00-00:00,2017-09-30,17,0,BAYSHOR2_1_N001,BAYSHOR2_1_N001,BAYSHOR2_1_N001,DAM,MCE,LMP_ENE_PRC,BAYSHOR2_1_N001,ALL,1,28.56697,583
2017-09-30T11:00:00-00:00,2017-09-30T12:00:00-00:00,2017-09-30,5,0,BAYSHOR2_1_N001,BAYSHOR2_1_N001,BAYSHOR2_1_N001,DAM,MCL,LMP_LOSS_PRC,BAYSHOR2_1_N001,ALL,1,0.73281,584
2017-09-30T07:00:00-00:00,2017-09-30T08:00:00-00:00,2017-09-30,1,0,BAYSHOR2_1_N001,BAYSHOR2_1_N001,BAYSHOR2_1_N001,DAM,MCL,LMP_LOSS_PRC,BAYSHOR2_1_N001,ALL,1,0.86455,584
2017-10-01T01:00:00-00:00,2017-10-01T02:00:00-00:00,2017-09-30,19,0,BAYSHOR2_1_N001,BAYSHOR2_1_N001,BAYSHOR2_1_N001,DAM,MCL,LMP_LOSS_PRC,BAYSHOR2_1_N001,ALL,1,1.6508,584
2017-09-30T14:00:00-00:00,2017-09-30T15:00:00-00:00,2017-09-30,8,0,BAYSHOR2_1_N001,BAYSHOR2_1_N001,BAYSHOR2_1_N001,DAM,MCL,LMP_LOSS_PRC,BAYSHOR2_1_N001,ALL,1,0.99017,584
2017-09-30T15:00:00-00:00,2017-09-30T16:00:00-00:00,2017-09-30,9,0,BAYSHOR2_1_N001,BAYSHOR2_1_N001,BAYSHOR2_1_N001,DAM,MCL,LMP_LOSS_PRC,BAYSHOR2_1_N001,ALL,1,1.13061,584
2017-09-30T13:00:00-00:00,2017-09-30T14:00:00-00:00,2017-09-30,7,0,BAYSHOR2_1_N001,BAYSHOR2_1_N001,BAYSHOR2_1_N001,DAM,MCL,LMP_LOSS_PRC,BAYSHOR2_1_N001,ALL,1,0.84452,584
2017-10-01T04:00:00-00:00,2017-10-01T05:00:00-00:00,2017-09-30,22,0,BAYSHOR2_1_N001,BAYSHOR2_1_N001,BAYSHOR2_1_N001,DAM,MCL,LMP_LOSS_PRC,BAYSHOR2_1_N001,ALL,1,1.18891,584
2017-10-01T03:00:00-00:00,2017-10-01T04:00:00-00:00,2017-09-30,21,0,BAYSHOR2_1_N001,BAYSHOR2_1_N001,BAYSHOR2_1_N001,DAM,MCL,LMP_LOSS_PRC,BAYSHOR2_1_N001,ALL,1,1.65248,584
2017-09-30T10:00:00-00:00,2017-09-30T11:00:00-00:00,2017-09-30,4,0,BAYSHOR2_1_N001,BAYSHOR2_1_N001,BAYSHOR2_1_N001,DAM,MCL,LMP_LOSS_PRC,BAYSHOR2_1_N001,ALL,1,0.69726,584
2017-09-30T12:00:00-00:00,2017-09-30T13:00:00-00:00,2017-09-30,6,0,BAYSHOR2_1_N001,BAYSHOR2_1_N001,BAYSHOR2_1_N001,DAM,MCL,LMP_LOSS_PRC,BAYSHOR2_1_N001,ALL,1,0.93022,584
2017-10-01T05:00:00-00:00,2017-10-01T06:00:00-00:00,2017-09-30,23,0,BAYSHOR2_1_N001,BAYSHOR2_1_N001,BAYSHOR2_1_N001,DAM,MCL,LMP_LOSS_PRC,BAYSHOR2_1_N001,ALL,1,1.06132,584
2017-09-30T08:00:00-00:00,2017-09-30T09:00:00-00:00,2017-09-30,2,0,BAYSHOR2_1_N001,BAYSHOR2_1_N001,BAYSHOR2_1_N001,DAM,MCL,LMP_LOSS_PRC,BAYSHOR2_1_N001,ALL,1,0.73545,584
2017-09-30T19:00:00-00:00,2017-09-30T20:00:00-00:00,2017-09-30,13,0,BAYSHOR2_1_N001,BAYSHOR2_1_N001,BAYSHOR2_1_N001,DAM,MCL,LMP_LOSS_PRC,BAYSHOR2_1_N001,ALL,1,1.05048,584
2017-09-30T17:00:00-00:00,2017-09-30T18:00:00-00:00,2017-09-30,11,0,BAYSHOR2_1_N001,BAYSHOR2_1_N001,BAYSHOR2_1_N001,DAM,MCL,LMP_LOSS_PRC,BAYSHOR2_1_N001,ALL,1,0.77118,584
2017-09-30T16:00:00-00:00,2017-09-30T17:00:00-00:00,2017-09-30,10,0,BAYSHOR2_1_N001,BAYSHOR2_1_N001,BAYSHOR2_1_N001,DAM,MCL,LMP_LOSS_PRC,BAYSHOR2_1_N001,ALL,1,0.70891,584
2017-09-30T09:00:00-00:00,2017-09-30T10:00:00-00:00,2017-09-30,3,0,BAYSHOR2_1_N001,BAYSHOR2_1_N001,BAYSHOR2_1_N001,DAM,MCL,LMP_LOSS_PRC,BAYSHOR2_1_N001,ALL,1,0.75816,584
2017-10-01T06:00:00-00:00,2017-10-01T07:00:00-00:00,2017-09-30,24,0,BAYSHOR2_1_N001,BAYSHOR2_1_N001,BAYSHOR2_1_N001,DAM,MCL,LMP_LOSS_PRC,BAYSHOR2_1_N001,ALL,1,1.24265,584
2017-10-01T02:00:00-00:00,2017-10-01T03:00:00-00:00,2017-09-30,20,0,BAYSHOR2_1_N001,BAYSHOR2_1_N001,BAYSHOR2_1_N001,DAM,MCL,LMP_LOSS_PRC,BAYSHOR2_1_N001,ALL,1,1.97084,584
2017-09-30T20:00:00-00:00,2017-09-30T21:00:00-00:00,2017-09-30,14,0,BAYSHOR2_1_N001,BAYSHOR2_1_N001,BAYSHOR2_1_N001,DAM,MCL,LMP_LOSS_PRC,BAYSHOR2_1_N001,ALL,1,1.10034,584
2017-10-01T00:00:00-00:00,2017-10-01T01:00:00-00:00,2017-09-30,18,0,BAYSHOR2_1_N001,BAYSHOR2_1_N001,BAYSHOR2_1_N001,DAM,MCL,LMP_LOSS_PRC,BAYSHOR2_1_N001,ALL,1,1.42339,584
2017-09-30T18:00:00-00:00,2017-09-30T19:00:00-00:00,2017-09-30,12,0,BAYSHOR2_1_N001,BAYSHOR2_1_N001,BAYSHOR2_1_N001,DAM,MCL,LMP_LOSS_PRC,BAYSHOR2_1_N001,ALL,1,0.92481,584
2017-09-30T22:00:00-00:00,2017-09-30T23:00:00-00:00,2017-09-30,16,0,BAYSHOR2_1_N001,BAYSHOR2_1_N001,BAYSHOR2_1_N001,DAM,MCL,LMP_LOSS_PRC,BAYSHOR2_1_N001,ALL,1,1.33236,584
2017-09-30T21:00:00-00:00,2017-09-30T22:00:00-00:00,2017-09-30,15,0,BAYSHOR2_1_N001,BAYSHOR2_1_N001,BAYSHOR2_1_N001,DAM,MCL,LMP_LOSS_PRC,BAYSHOR2_1_N001,ALL,1,1.3345,584
2017-09-30T23:00:00-00:00,2017-10-01T00:00:00-00:00,2017-09-30,17,0,BAYSHOR2_1_N001,BAYSHOR2_1_N001,BAYSHOR2_1_N001,DAM,MCL,LMP_LOSS_PRC,BAYSHOR2_1_N001,ALL,1,1.50834,584
2017-10-01T00:00:00-00:00,2017-10-01T01:00:00-00:00,2017-09-30,18,0,TH_NP15_GEN-APND,TH_NP15_GEN-APND,TH_NP15_GEN-APND,DAM,LMP,LMP_PRC,TH_NP15_GEN-APND,ALL_APNODES,0,36.31674,585
2017-10-01T03:00:00-00:00,2017-10-01T04:00:00-00:00,2017-09-30,21,0,TH_NP15_GEN-APND,TH_NP15_GEN-APND,TH_NP15_GEN-APND,DAM,LMP,LMP_PRC,TH_NP15_GEN-APND,ALL_APNODES,0,43.13975,585
2017-10-01T05:00:00-00:00,2017-10-01T06:00:00-00:00,2017-09-30,23,0,TH_NP15_GEN-APND,TH_NP15_GEN-APND,TH_NP15_GEN-APND,DAM,LMP,LMP_PRC,TH_NP15_GEN-APND,ALL_APNODES,0,31.63877,585
2017-09-30T16:00:00-00:00,2017-09-30T17:00:00-00:00,2017-09-30,10,0,TH_NP15_GEN-APND,TH_NP15_GEN-APND,TH_NP15_GEN-APND,DAM,LMP,LMP_PRC,TH_NP15_GEN-APND,ALL_APNODES,0,12.51387,585
2017-09-30T14:00:00-00:00,2017-09-30T15:00:00-00:00,2017-09-30,8,0,TH_NP15_GEN-APND,TH_NP15_GEN-APND,TH_NP15_GEN-APND,DAM,LMP,LMP_PRC,TH_NP15_GEN-APND,ALL_APNODES,0,29.10442,585
2017-10-01T01:00:00-00:00,2017-10-01T02:00:00-00:00,2017-09-30,19,0,TH_NP15_GEN-APND,TH_NP15_GEN-APND,TH_NP15_GEN-APND,DAM,LMP,LMP_PRC,TH_NP15_GEN-APND,ALL_APNODES,0,49.05162,585
2017-09-30T07:00:00-00:00,2017-09-30T08:00:00-00:00,2017-09-30,1,0,TH_NP15_GEN-APND,TH_NP15_GEN-APND,TH_NP15_GEN-APND,DAM,LMP,LMP_PRC,TH_NP15_GEN-APND,ALL_APNODES,0,30.2898,585
2017-09-30T12:00:00-00:00,2017-09-30T13:00:00-00:00,2017-09-30,6,0,TH_NP15_GEN-APND,TH_NP15_GEN-APND,TH_NP15_GEN-APND,DAM,LMP,LMP_PRC,TH_NP15_GEN-APND,ALL_APNODES,0,31.11684,585
2017-09-30T08:00:00-00:00,2017-09-30T09:00:00-00:00,2017-09-30,2,0,TH_NP15_GEN-APND,TH_NP15_GEN-APND,TH_NP15_GEN-APND,DAM,LMP,LMP_PRC,TH_NP15_GEN-APND,ALL_APNODES,0,29.13443,585
2017-09-30T22:00:00-00:00,2017-09-30T23:00:00-00:00,2017-09-30,16,0,TH_NP15_GEN-APND,TH_NP15_GEN-APND,TH_NP15_GEN-APND,DAM,LMP,LMP_PRC,TH_NP15_GEN-APND,ALL_APNODES,0,26.69329,585
2017-09-30T18:00:00-00:00,2017-09-30T19:00:00-00:00,2017-09-30,12,0,TH_NP15_GEN-APND,TH_NP15_GEN-APND,TH_NP15_GEN-APND,DAM,LMP,LMP_PRC,TH_NP15_GEN-APND,ALL_APNODES,0,15.70749,585
2017-09-30T17:00:00-00:00,2017-09-30T18:00:00-00:00,2017-09-30,11,0,TH_NP15_GEN-APND,TH_NP15_GEN-APND,TH_NP15_GEN-APND,DAM,LMP,LMP_PRC,TH_NP15_GEN-APND,ALL_APNODES,0,12.39127,585
2017-10-01T04:00:00-00:00,2017-10-01T05:00:00-00:00,2017-09-30,22,0,TH_NP15_GEN-APND,TH_NP15_GEN-APND,TH_NP15_GEN-APND,DAM,LMP,LMP_PRC,TH_NP15_GEN-APND,ALL_APNODES,0,35.31539,585
2017-10-01T02:00:00-00:00,2017-10-01T03:00:00-00:00,2017-09-30,20,0,TH_NP15_GEN-APND,TH_NP15_GEN-APND,TH_NP15_GEN-APND,DAM,LMP,LMP_PRC,TH_NP15_GEN-APND,ALL_APNODES,0,55.1948,585
2017-09-30T09:00:00-00:00,2017-09-30T10:00:00-00:00,2017-09-30,3,0,TH_NP15_GEN-APND,TH_NP15_GEN-APND,TH_NP15_GEN-APND,DAM,LMP,LMP_PRC,TH_NP15_GEN-APND,ALL_APNODES,0,28.19159,585
2017-09-30T10:00:00-00:00,2017-09-30T11:00:00-00:00,2017-09-30,4,0,TH_NP15_GEN-APND,TH_NP15_GEN-APND,TH_NP15_GEN-APND,DAM,LMP,LMP_PRC,TH_NP15_GEN-APND,ALL_APNODES,0,27.69162,585
2017-09-30T20:00:00-00:00,2017-09-30T21:00:00-00:00,2017-09-30,14,0,TH_NP15_GEN-APND,TH_NP15_GEN-APND,TH_NP15_GEN-APND,DAM,LMP,LMP_PRC,TH_NP15_GEN-APND,ALL_APNODES,0,20.22312,585
2017-10-01T06:00:00-00:00,2017-10-01T07:00:00-00:00,2017-09-30,24,0,TH_NP15_GEN-APND,TH_NP15_GEN-APND,TH_NP15_GEN-APND,DAM,LMP,LMP_PRC,TH_NP15_GEN-APND,ALL_APNODES,0,30.47702,585
2017-09-30T23:00:00-00:00,2017-10-01T00:00:00-00:00,2017-09-30,17,0,TH_NP15_GEN-APND,TH_NP15_GEN-APND,TH_NP15_GEN-APND,DAM,LMP,LMP_PRC,TH_NP15_GEN-APND,ALL_APNODES,0,28.53269,585
2017-09-30T21:00:00-00:00,2017-09-30T22:00:00-00:00,2017-09-30,15,0,TH_NP15_GEN-APND,TH_NP15_GEN-APND,TH_NP15_GEN-APND,DAM,LMP,LMP_PRC,TH_NP15_GEN-APND,ALL_APNODES,0,23.90431,585
2017-09-30T19:00:00-00:00,2017-09-30T20:00:00-00:00,2017-09-30,13,0,TH_NP15_GEN-APND,TH_NP15_GEN-APND,TH_NP15_GEN-APND,DAM,LMP,LMP_PRC,TH_NP15_GEN-APND,ALL_APNODES,0,17.71684,585
2017-09-30T11:00:00-00:00,2017-09-30T12:00:00-00:00,2017-09-30,5,0,TH_NP15_GEN-APND,TH_NP15_GEN-APND,TH_NP15_GEN-APND,DAM,LMP,LMP_PRC,TH_NP15_GEN-APND,ALL_APNODES,0,27.50249,585
2017-09-30T15:00:00-00:00,2017-09-30T16:00:00-00:00,2017-09-30,9,0,TH_NP15_GEN-APND,TH_NP15_GEN-APND,TH_NP15_GEN-APND,DAM,LMP,LMP_PRC,TH_NP15_GEN-APND,ALL_APNODES,0,20.14251,585
2017-09-30T13:00:00-00:00,2017-09-30T14:00:00-00:00,2017-09-30,7,0,TH_NP15_GEN-APND,TH_NP15_GEN-APND,TH_NP15_GEN-APND,DAM,LMP,LMP_PRC,TH_NP15_GEN-APND,ALL_APNODES,0,30.91872,585
2017-09-30T23:00:00-00:00,2017-10-01T00:00:00-00:00,2017-09-30,17,0,TH_NP15_GEN-APND,TH_NP15_GEN-APND,TH_NP15_GEN-APND,DAM,MCC,LMP_CONG_PRC,TH_NP15_GEN-APND,ALL_APNODES,0,0,586
2017-09-30T13:00:00-00:00,2017-09-30T14:00:00-00:00,2017-09-30,7,0,TH_NP15_GEN-APND,TH_NP15_GEN-APND,TH_NP15_GEN-APND,DAM,MCC,LMP_CONG_PRC,TH_NP15_GEN-APND,ALL_APNODES,0,0,586
2017-09-30T07:00:00-00:00,2017-09-30T08:00:00-00:00,2017-09-30,1,0,TH_NP15_GEN-APND,TH_NP15_GEN-APND,TH_NP15_GEN-APND,DAM,MCC,LMP_CONG_PRC,TH_NP15_GEN-APND,ALL_APNODES,0,0,586
2017-09-30T09:00:00-00:00,2017-09-30T10:00:00-00:00,2017-09-30,3,0,TH_NP15_GEN-APND,TH_NP15_GEN-APND,TH_NP15_GEN-APND,DAM,MCC,LMP_CONG_PRC,TH_NP15_GEN-APND,ALL_APNODES,0,0,586
2017-10-01T04:00:00-00:00,2017-10-01T05:00:00-00:00,2017-09-30,22,0,TH_NP15_GEN-APND,TH_NP15_GEN-APND,TH_NP15_GEN-APND,DAM,MCC,LMP_CONG_PRC,TH_NP15_GEN-APND,ALL_APNODES,0,0,586
2017-09-30T14:00:00-00:00,2017-09-30T15:00:00-00:00,2017-09-30,8,0,TH_NP15_GEN-APND,TH_NP15_GEN-APND,TH_NP15_GEN-APND,DAM,MCC,LMP_CONG_PRC,TH_NP15_GEN-APND,ALL_APNODES,0,0,586
2017-09-30T08:00:00-00:00,2017-09-30T09:00:00-00:00,2017-09-30,2,0,TH_NP15_GEN-APND,TH_NP15_GEN-APND,TH_NP15_GEN-APND,DAM,MCC,LMP_CONG_PRC,TH_NP15_GEN-APND,ALL_APNODES,0,0,586
2017-10-01T05:00:00-00:00,2017-10-01T06:00:00-00:00,2017-09-30,23,0,TH_NP15_GEN-APND,TH_NP15_GEN-APND,TH_NP15_GEN-APND,DAM,MCC,LMP_CONG_PRC,TH_NP15_GEN-APND,ALL_APNODES,0,0,586
2017-09-30T16:00:00-00:00,2017-09-30T17:00:00-00:00,2017-09-30,10,0,TH_NP15_GEN-APND,TH_NP15_GEN-APND,TH_NP15_GEN-APND,DAM,MCC,LMP_CONG_PRC,TH_NP15_GEN-APND,ALL_APNODES,0,-0.60684,586
2017-09-30T22:00:00-00:00,2017-09-30T23:00:00-00:00,2017-09-30,16,0,TH_NP15_GEN-APND,TH_NP15_GEN-APND,TH_NP15_GEN-APND,DAM,MCC,LMP_CONG_PRC,TH_NP15_GEN-APND,ALL_APNODES,0,-0.04257,586
2017-10-01T02:00:00-00:00,2017-10-01T03:00:00-00:00,2017-09-30,20,0,TH_NP15_GEN-APND,TH_NP15_GEN-APND,TH_NP15_GEN-APND,DAM,MCC,LMP_CONG_PRC,TH_NP15_GEN-APND,ALL_APNODES,0,0,586
2017-10-01T01:00:00-00:00,2017-10-01T02:00:00-00:00,2017-09-30,19,0,TH_NP15_GEN-APND,TH_NP15_GEN-APND,TH_NP15_GEN-APND,DAM,MCC,LMP_CONG_PRC,TH_NP15_GEN-APND,ALL_APNODES,0,0,586
2017-09-30T21:00:00-00:00,2017-09-30T22:00:00-00:00,2017-09-30,15,0,TH_NP15_GEN-APND,TH_NP15_GEN-APND,TH_NP15_GEN-APND,DAM,MCC,LMP_CONG_PRC,TH_NP15_GEN-APND,ALL_APNODES,0,-0.45093,586
2017-09-30T12:00:00-00:00,2017-09-30T13:00:00-00:00,2017-09-30,6,0,TH_NP15_GEN-APND,TH_NP15_GEN-APND,TH_NP15_GEN-APND,DAM,MCC,LMP_CONG_PRC,TH_NP15_GEN-APND,ALL_APNODES,0,0,586
2017-09-30T10:00:00-00:00,2017-09-30T11:00:00-00:00,2017-09-30,4,0,TH_NP15_GEN-APND,TH_NP15_GEN-APND,TH_NP15_GEN-APND,DAM,MCC,LMP_CONG_PRC,TH_NP15_GEN-APND,ALL_APNODES,0,0,586
2017-09-30T19:00:00-00:00,2017-09-30T20:00:00-00:00,2017-09-30,13,0,TH_NP15_GEN-APND,TH_NP15_GEN-APND,TH_NP15_GEN-APND,DAM,MCC,LMP_CONG_PRC,TH_NP15_GEN-APND,ALL_APNODES,0,0,586
2017-10-01T06:00:00-00:00,2017-10-01T07:00:00-00:00,2017-09-30,24,0,TH_NP15_GEN-APND,TH_NP15_GEN-APND,TH_NP15_GEN-APND,DAM,MCC,LMP_CONG_PRC,TH_NP15_GEN-APND,ALL_APNODES,0,0,586
2017-09-30T18:00:00-00:00,2017-09-30T19:00:00-00:00,2017-09-30,12,0,TH_NP15_GEN-APND,TH_NP15_GEN-APND,TH_NP15_GEN-APND,DAM,MCC,LMP_CONG_PRC,TH_NP15_GEN-APND,ALL_APNODES,0,-0.383,586
2017-09-30T11:00:00-00:00,2017-09-30T12:00:00-00:00,2017-09-30,5,0,TH_NP15_GEN-APND,TH_NP15_GEN-APND,TH_NP15_GEN-APND,DAM,MCC,LMP_CONG_PRC,TH_NP15_GEN-APND,ALL_APNODES,0,0,586
2017-09-30T17:00:00-00:00,2017-09-30T18:00:00-00:00,2017-09-30,11,0,TH_NP15_GEN-APND,TH_NP15_GEN-APND,TH_NP15_GEN-APND,DAM,MCC,LMP_CONG_PRC,TH_NP15_GEN-APND,ALL_APNODES,0,-0.56174,586
2017-09-30T20:00:00-00:00,2017-09-30T21:00:00-00:00,2017-09-30,14,0,TH_NP15_GEN-APND,TH_NP15_GEN-APND,TH_NP15_GEN-APND,DAM,MCC,LMP_CONG_PRC,TH_NP15_GEN-APND,ALL_APNODES,0,-0.16279,586
2017-10-01T03:00:00-00:00,2017-10-01T04:00:00-00:00,2017-09-30,21,0,TH_NP15_GEN-APND,TH_NP15_GEN-APND,TH_NP15_GEN-APND,DAM,MCC,LMP_CONG_PRC,TH_NP15_GEN-APND,ALL_APNODES,0,0,586
2017-10-01T00:00:00-00:00,2017-10-01T01:00:00-00:00,2017-09-30,18,0,TH_NP15_GEN-APND,TH_NP15_GEN-APND,TH_NP15_GEN-APND,DAM,MCC,LMP_CONG_PRC,TH_NP15_GEN-APND,ALL_APNODES,0,0,586
2017-09-30T15:00:00-00:00,2017-09-30T16:00:00-00:00,2017-09-30,9,0,TH_NP15_GEN-APND,TH_NP15_GEN-APND,TH_NP15_GEN-APND,DAM,MCC,LMP_CONG_PRC,TH_NP15_GEN-APND,ALL_APNODES,0,-0.60324,586
2017-09-30T16:00:00-00:00,2017-09-30T17:00:00-00:00,2017-09-30,10,0,TH_NP15_GEN-APND,TH_NP15_GEN-APND,TH_NP15_GEN-APND,DAM,MCE,LMP_ENE_PRC,TH_NP15_GEN-APND,ALL_APNODES,0,13.00755,587
2017-09-30T23:00:00-00:00,2017-10-01T00:00:00-00:00,2017-09-30,17,0,TH_NP15_GEN-APND,TH_NP15_GEN-APND,TH_NP15_GEN-APND,DAM,MCE,LMP_ENE_PRC,TH_NP15_GEN-APND,ALL_APNODES,0,28.56697,587
2017-10-01T01:00:00-00:00,2017-10-01T02:00:00-00:00,2017-09-30,19,0,TH_NP15_GEN-APND,TH_NP15_GEN-APND,TH_NP15_GEN-APND,DAM,MCE,LMP_ENE_PRC,TH_NP15_GEN-APND,ALL_APNODES,0,49.72288,587
2017-10-01T02:00:00-00:00,2017-10-01T03:00:00-00:00,2017-09-30,20,0,TH_NP15_GEN-APND,TH_NP15_GEN-APND,TH_NP15_GEN-APND,DAM,MCE,LMP_ENE_PRC,TH_NP15_GEN-APND,ALL_APNODES,0,55.98986,587
2017-10-01T06:00:00-00:00,2017-10-01T07:00:00-00:00,2017-09-30,24,0,TH_NP15_GEN-APND,TH_NP15_GEN-APND,TH_NP15_GEN-APND,DAM,MCE,LMP_ENE_PRC,TH_NP15_GEN-APND,ALL_APNODES,0,30.53198,587
2017-09-30T11:00:00-00:00,2017-09-30T12:00:00-00:00,2017-09-30,5,0,TH_NP15_GEN-APND,TH_NP15_GEN-APND,TH_NP15_GEN-APND,DAM,MCE,LMP_ENE_PRC,TH_NP15_GEN-APND,ALL_APNODES,0,27.75786,587
2017-09-30T20:00:00-00:00,2017-09-30T21:00:00-00:00,2017-09-30,14,0,TH_NP15_GEN-APND,TH_NP15_GEN-APND,TH_NP15_GEN-APND,DAM,MCE,LMP_ENE_PRC,TH_NP15_GEN-APND,ALL_APNODES,0,20.41449,587
2017-09-30T12:00:00-00:00,2017-09-30T13:00:00-00:00,2017-09-30,6,0,TH_NP15_GEN-APND,TH_NP15_GEN-APND,TH_NP15_GEN-APND,DAM,MCE,LMP_ENE_PRC,TH_NP15_GEN-APND,ALL_APNODES,0,31.32042,587
2017-09-30T19:00:00-00:00,2017-09-30T20:00:00-00:00,2017-09-30,13,0,TH_NP15_GEN-APND,TH_NP15_GEN-APND,TH_NP15_GEN-APND,DAM,MCE,LMP_ENE_PRC,TH_NP15_GEN-APND,ALL_APNODES,0,17.65504,587
2017-09-30T08:00:00-00:00,2017-09-30T09:00:00-00:00,2017-09-30,2,0,TH_NP15_GEN-APND,TH_NP15_GEN-APND,TH_NP15_GEN-APND,DAM,MCE,LMP_ENE_PRC,TH_NP15_GEN-APND,ALL_APNODES,0,29.53612,587
2017-10-01T04:00:00-00:00,2017-10-01T05:00:00-00:00,2017-09-30,22,0,TH_NP15_GEN-APND,TH_NP15_GEN-APND,TH_NP15_GEN-APND,DAM,MCE,LMP_ENE_PRC,TH_NP15_GEN-APND,ALL_APNODES,0,35.91883,587
2017-09-30T14:00:00-00:00,2017-09-30T15:00:00-00:00,2017-09-30,8,0,TH_NP15_GEN-APND,TH_NP15_GEN-APND,TH_NP15_GEN-APND,DAM,MCE,LMP_ENE_PRC,TH_NP15_GEN-APND,ALL_APNODES,0,29.29483,587
2017-09-30T18:00:00-00:00,2017-09-30T19:00:00-00:00,2017-09-30,12,0,TH_NP15_GEN-APND,TH_NP15_GEN-APND,TH_NP15_GEN-APND,DAM,MCE,LMP_ENE_PRC,TH_NP15_GEN-APND,ALL_APNODES,0,16.02798,587
2017-09-30T10:00:00-00:00,2017-09-30T11:00:00-00:00,2017-09-30,4,0,TH_NP15_GEN-APND,TH_NP15_GEN-APND,TH_NP15_GEN-APND,DAM,MCE,LMP_ENE_PRC,TH_NP15_GEN-APND,ALL_APNODES,0,28.00245,587
2017-10-01T05:00:00-00:00,2017-10-01T06:00:00-00:00,2017-09-30,23,0,TH_NP15_GEN-APND,TH_NP15_GEN-APND,TH_NP15_GEN-APND,DAM,MCE,LMP_ENE_PRC,TH_NP15_GEN-APND,ALL_APNODES,0,31.87143,587
2017-09-30T17:00:00-00:00,2017-09-30T18:00:00-00:00,2017-09-30,11,0,TH_NP15_GEN-APND,TH_NP15_GEN-APND,TH_NP15_GEN-APND,DAM,MCE,LMP_ENE_PRC,TH_NP15_GEN-APND,ALL_APNODES,0,12.87448,587
2017-09-30T13:00:00-00:00,2017-09-30T14:00:00-00:00,2017-09-30,7,0,TH_NP15_GEN-APND,TH_NP15_GEN-APND,TH_NP15_GEN-APND,DAM,MCE,LMP_ENE_PRC,TH_NP15_GEN-APND,ALL_APNODES,0,31.27842,587
2017-09-30T15:00:00-00:00,2017-09-30T16:00:00-00:00,2017-09-30,9,0,TH_NP15_GEN-APND,TH_NP15_GEN-APND,TH_NP15_GEN-APND,DAM,MCE,LMP_ENE_PRC,TH_NP15_GEN-APND,ALL_APNODES,0,20.66927,587
2017-09-30T07:00:00-00:00,2017-09-30T08:00:00-00:00,2017-09-30,1,0,TH_NP15_GEN-APND,TH_NP15_GEN-APND,TH_NP15_GEN-APND,DAM,MCE,LMP_ENE_PRC,TH_NP15_GEN-APND,ALL_APNODES,0,30.65769,587
2017-09-30T22:00:00-00:00,2017-09-30T23:00:00-00:00,2017-09-30,16,0,TH_NP15_GEN-APND,TH_NP15_GEN-APND,TH_NP15_GEN-APND,DAM,MCE,LMP_ENE_PRC,TH_NP15_GEN-APND,ALL_APNODES,0,26.86211,587
2017-09-30T21:00:00-00:00,2017-09-30T22:00:00-00:00,2017-09-30,15,0,TH_NP15_GEN-APND,TH_NP15_GEN-APND,TH_NP15_GEN-APND,DAM,MCE,LMP_ENE_PRC,TH_NP15_GEN-APND,ALL_APNODES,0,24.39671,587
2017-09-30T09:00:00-00:00,2017-09-30T10:00:00-00:00,2017-09-30,3,0,TH_NP15_GEN-APND,TH_NP15_GEN-APND,TH_NP15_GEN-APND,DAM,MCE,LMP_ENE_PRC,TH_NP15_GEN-APND,ALL_APNODES,0,28.50227,587
2017-10-01T00:00:00-00:00,2017-10-01T01:00:00-00:00,2017-09-30,18,0,TH_NP15_GEN-APND,TH_NP15_GEN-APND,TH_NP15_GEN-APND,DAM,MCE,LMP_ENE_PRC,TH_NP15_GEN-APND,ALL_APNODES,0,36.78017,587
2017-10-01T03:00:00-00:00,2017-10-01T04:00:00-00:00,2017-09-30,21,0,TH_NP15_GEN-APND,TH_NP15_GEN-APND,TH_NP15_GEN-APND,DAM,MCE,LMP_ENE_PRC,TH_NP15_GEN-APND,ALL_APNODES,0,43.8323,587
2017-09-30T15:00:00-00:00,2017-09-30T16:00:00-00:00,2017-09-30,9,0,TH_NP15_GEN-APND,TH_NP15_GEN-APND,TH_NP15_GEN-APND,DAM,MCL,LMP_LOSS_PRC,TH_NP15_GEN-APND,ALL_APNODES,0,0.07648,588
2017-09-30T22:00:00-00:00,2017-09-30T23:00:00-00:00,2017-09-30,16,0,TH_NP15_GEN-APND,TH_NP15_GEN-APND,TH_NP15_GEN-APND,DAM,MCL,LMP_LOSS_PRC,TH_NP15_GEN-APND,ALL_APNODES,0,-0.12625,588
2017-09-30T19:00:00-00:00,2017-09-30T20:00:00-00:00,2017-09-30,13,0,TH_NP15_GEN-APND,TH_NP15_GEN-APND,TH_NP15_GEN-APND,DAM,MCL,LMP_LOSS_PRC,TH_NP15_GEN-APND,ALL_APNODES,0,0.06179,588
2017-10-01T03:00:00-00:00,2017-10-01T04:00:00-00:00,2017-09-30,21,0,TH_NP15_GEN-APND,TH_NP15_GEN-APND,TH_NP15_GEN-APND,DAM,MCL,LMP_LOSS_PRC,TH_NP15_GEN-APND,ALL_APNODES,0,-0.69255,588
2017-10-01T06:00:00-00:00,2017-10-01T07:00:00-00:00,2017-09-30,24,0,TH_NP15_GEN-APND,TH_NP15_GEN-APND,TH_NP15_GEN-APND,DAM,MCL,LMP_LOSS_PRC,TH_NP15_GEN-APND,ALL_APNODES,0,-0.05496,588
2017-09-30T11:00:00-00:00,2017-09-30T12:00:00-00:00,2017-09-30,5,0,TH_NP15_GEN-APND,TH_NP15_GEN-APND,TH_NP15_GEN-APND,DAM,MCL,LMP_LOSS_PRC,TH_NP15_GEN-APND,ALL_APNODES,0,-0.25537,588
2017-10-01T00:00:00-00:00,2017-10-01T01:00:00-00:00,2017-09-30,18,0,TH_NP15_GEN-APND,TH_NP15_GEN-APND,TH_NP15_GEN-APND,DAM,MCL,LMP_LOSS_PRC,TH_NP15_GEN-APND,ALL_APNODES,0,-0.46343,588
2017-09-30T14:00:00-00:00,2017-09-30T15:00:00-00:00,2017-09-30,8,0,TH_NP15_GEN-APND,TH_NP15_GEN-APND,TH_NP15_GEN-APND,DAM,MCL,LMP_LOSS_PRC,TH_NP15_GEN-APND,ALL_APNODES,0,-0.19042,588
2017-09-30T17:00:00-00:00,2017-09-30T18:00:00-00:00,2017-09-30,11,0,TH_NP15_GEN-APND,TH_NP15_GEN-APND,TH_NP15_GEN-APND,DAM,MCL,LMP_LOSS_PRC,TH_NP15_GEN-APND,ALL_APNODES,0,0.07853,588
2017-09-30T08:00:00-00:00,2017-09-30T09:00:00-00:00,2017-09-30,2,0,TH_NP15_GEN-APND,TH_NP15_GEN-APND,TH_NP15_GEN-APND,DAM,MCL,LMP_LOSS_PRC,TH_NP15_GEN-APND,ALL_APNODES,0,-0.40169,588
2017-09-30T09:00:00-00:00,2017-09-30T10:00:00-00:00,2017-09-30,3,0,TH_NP15_GEN-APND,TH_NP15_GEN-APND,TH_NP15_GEN-APND,DAM,MCL,LMP_LOSS_PRC,TH_NP15_GEN-APND,ALL_APNODES,0,-0.31067,588
2017-10-01T05:00:00-00:00,2017-10-01T06:00:00-00:00,2017-09-30,23,0,TH_NP15_GEN-APND,TH_NP15_GEN-APND,TH_NP15_GEN-APND,DAM,MCL,LMP_LOSS_PRC,TH_NP15_GEN-APND,ALL_APNODES,0,-0.23266,588
2017-09-30T13:00:00-00:00,2017-09-30T14:00:00-00:00,2017-09-30,7,0,TH_NP15_GEN-APND,TH_NP15_GEN-APND,TH_NP15_GEN-APND,DAM,MCL,LMP_LOSS_PRC,TH_NP15_GEN-APND,ALL_APNODES,0,-0.3597,588
2017-09-30T12:00:00-00:00,2017-09-30T13:00:00-00:00,2017-09-30,6,0,TH_NP15_GEN-APND,TH_NP15_GEN-APND,TH_NP15_GEN-APND,DAM,MCL,LMP_LOSS_PRC,TH_NP15_GEN-APND,ALL_APNODES,0,-0.20358,588
2017-09-30T16:00:00-00:00,2017-09-30T17:00:00-00:00,2017-09-30,10,0,TH_NP15_GEN-APND,TH_NP15_GEN-APND,TH_NP15_GEN-APND,DAM,MCL,LMP_LOSS_PRC,TH_NP15_GEN-APND,ALL_APNODES,0,0.11317,588
2017-09-30T21:00:00-00:00,2017-09-30T22:00:00-00:00,2017-09-30,15,0,TH_NP15_GEN-APND,TH_NP15_GEN-APND,TH_NP15_GEN-APND,DAM,MCL,LMP_LOSS_PRC,TH_NP15_GEN-APND,ALL_APNODES,0,-0.04147,588
2017-09-30T23:00:00-00:00,2017-10-01T00:00:00-00:00,2017-09-30,17,0,TH_NP15_GEN-APND,TH_NP15_GEN-APND,TH_NP15_GEN-APND,DAM,MCL,LMP_LOSS_PRC,TH_NP15_GEN-APND,ALL_APNODES,0,-0.03428,588
2017-10-01T02:00:00-00:00,2017-10-01T03:00:00-00:00,2017-09-30,20,0,TH_NP15_GEN-APND,TH_NP15_GEN-APND,TH_NP15_GEN-APND,DAM,MCL,LMP_LOSS_PRC,TH_NP15_GEN-APND,ALL_APNODES,0,-0.79506,588
2017-09-30T20:00:00-00:00,2017-09-30T21:00:00-00:00,2017-09-30,14,0,TH_NP15_GEN-APND,TH_NP15_GEN-APND,TH_NP15_GEN-APND,DAM,MCL,LMP_LOSS_PRC,TH_NP15_GEN-APND,ALL_APNODES,0,-0.02858,588
2017-09-30T07:00:00-00:00,2017-09-30T08:00:00-00:00,2017-09-30,1,0,TH_NP15_GEN-APND,TH_NP15_GEN-APND,TH_NP15_GEN-APND,DAM,MCL,LMP_LOSS_PRC,TH_NP15_GEN-APND,ALL_APNODES,0,-0.36789,588
2017-10-01T04:00:00-00:00,2017-10-01T05:00:00-00:00,2017-09-30,22,0,TH_NP15_GEN-APND,TH_NP15_GEN-APND,TH_NP15_GEN-APND,DAM,MCL,LMP_LOSS_PRC,TH_NP15_GEN-APND,ALL_APNODES,0,-0.60344,588
2017-09-30T10:00:00-00:00,2017-09-30T11:00:00-00:00,2017-09-30,4,0,TH_NP15_GEN-APND,TH_NP15_GEN-APND,TH_NP15_GEN-APND,DAM,MCL,LMP_LOSS_PRC,TH_NP15_GEN-APND,ALL_APNODES,0,-0.31083,588
2017-10-01T01:00:00-00:00,2017-10-01T02:00:00-00:00,2017-09-30,19,0,TH_NP15_GEN-APND,TH_NP15_GEN-APND,TH_NP15_GEN-APND,DAM,MCL,LMP_LOSS_PRC,TH_NP15_GEN-APND,ALL_APNODES,0,-0.67126,588
2017-09-30T18:00:00-00:00,2017-09-30T19:00:00-00:00,2017-09-30,12,0,TH_NP15_GEN-APND,TH_NP15_GEN-APND,TH_NP15_GEN-APND,DAM,MCL,LMP_LOSS_PRC,TH_NP15_GEN-APND,ALL_APNODES,0,0.06251,588
2017-09-30T14:00:00-00:00,2017-09-30T15:00:00-00:00,2017-09-30,8,0,TH_SP15_GEN-APND,TH_SP15_GEN-APND,TH_SP15_GEN-APND,DAM,LMP,LMP_PRC,TH_SP15_GEN-APND,ALL_APNODES,0,28.41013,589
2017-10-01T02:00:00-00:00,2017-10-01T03:00:00-00:00,2017-09-30,20,0,TH_SP15_GEN-APND,TH_SP15_GEN-APND,TH_SP15_GEN-APND,DAM,LMP,LMP_PRC,TH_SP15_GEN-APND,ALL_APNODES,0,53.95183,589
2017-10-01T05:00:00-00:00,2017-10-01T06:00:00-00:00,2017-09-30,23,0,TH_SP15_GEN-APND,TH_SP15_GEN-APND,TH_SP15_GEN-APND,DAM,LMP,LMP_PRC,TH_SP15_GEN-APND,ALL_APNODES,0,30.79099,589
2017-09-30T12:00:00-00:00,2017-09-30T13:00:00-00:00,2017-09-30,6,0,TH_SP15_GEN-APND,TH_SP15_GEN-APND,TH_SP15_GEN-APND,DAM,LMP,LMP_PRC,TH_SP15_GEN-APND,ALL_APNODES,0,30.46538,589
2017-09-30T13:00:00-00:00,2017-09-30T14:00:00-00:00,2017-09-30,7,0,TH_SP15_GEN-APND,TH_SP15_GEN-APND,TH_SP15_GEN-APND,DAM,LMP,LMP_PRC,TH_SP15_GEN-APND,ALL_APNODES,0,30.48395,589
2017-09-30T19:00:00-00:00,2017-09-30T20:00:00-00:00,2017-09-30,13,0,TH_SP15_GEN-APND,TH_SP15_GEN-APND,TH_SP15_GEN-APND,DAM,LMP,LMP_PRC,TH_SP15_GEN-APND,ALL_APNODES,0,16.91,589
2017-09-30T09:00:00-00:00,2017-09-30T10:00:00-00:00,2017-09-30,3,0,TH_SP15_GEN-APND,TH_SP15_GEN-APND,TH_SP15_GEN-APND,DAM,LMP,LMP_PRC,TH_SP15_GEN-APND,ALL_APNODES,0,27.80111,589
2017-10-01T04:00:00-00:00,2017-10-01T05:00:00-00:00,2017-09-30,22,0,TH_SP15_GEN-APND,TH_SP15_GEN-APND,TH_SP15_GEN-APND,DAM,LMP,LMP_PRC,TH_SP15_GEN-APND,ALL_APNODES,0,34.76943,589
2017-09-30T20:00:00-00:00,2017-09-30T21:00:00-00:00,2017-09-30,14,0,TH_SP15_GEN-APND,TH_SP15_GEN-APND,TH_SP15_GEN-APND,DAM,LMP,LMP_PRC,TH_SP15_GEN-APND,ALL_APNODES,0,19.52543,589
2017-09-30T10:00:00-00:00,2017-09-30T11:00:00-00:00,2017-09-30,4,0,TH_SP15_GEN-APND,TH_SP15_GEN-APND,TH_SP15_GEN-APND,DAM,LMP,LMP_PRC,TH_SP15_GEN-APND,ALL_APNODES,0,27.32759,589
2017-10-01T00:00:00-00:00,2017-10-01T01:00:00-00:00,2017-09-30,18,0,TH_SP15_GEN-APND,TH_SP15_GEN-APND,TH_SP15_GEN-APND,DAM,LMP,LMP_PRC,TH_SP15_GEN-APND,ALL_APNODES,0,35.37885,589
2017-09-30T16:00:00-00:00,2017-09-30T17:00:00-00:00,2017-09-30,10,0,TH_SP15_GEN-APND,TH_SP15_GEN-APND,TH_SP15_GEN-APND,DAM,LMP,LMP_PRC,TH_SP15_GEN-APND,ALL_APNODES,0,12.83128,589
2017-09-30T07:00:00-00:00,2017-09-30T08:00:00-00:00,2017-09-30,1,0,TH_SP15_GEN-APND,TH_SP15_GEN-APND,TH_SP15_GEN-APND,DAM,LMP,LMP_PRC,TH_SP15_GEN-APND,ALL_APNODES,0,29.77781,589
2017-09-30T08:00:00-00:00,2017-09-30T09:00:00-00:00,2017-09-30,2,0,TH_SP15_GEN-APND,TH_SP15_GEN-APND,TH_SP15_GEN-APND,DAM,LMP,LMP_PRC,TH_SP15_GEN-APND,ALL_APNODES,0,28.77113,589
2017-09-30T22:00:00-00:00,2017-09-30T23:00:00-00:00,2017-09-30,16,0,TH_SP15_GEN-APND,TH_SP15_GEN-APND,TH_SP15_GEN-APND,DAM,LMP,LMP_PRC,TH_SP15_GEN-APND,ALL_APNODES,0,25.78494,589
2017-10-01T03:00:00-00:00,2017-10-01T04:00:00-00:00,2017-09-30,21,0,TH_SP15_GEN-APND,TH_SP15_GEN-APND,TH_SP15_GEN-APND,DAM,LMP,LMP_PRC,TH_SP15_GEN-APND,ALL_APNODES,0,42.25433,589
2017-09-30T15:00:00-00:00,2017-09-30T16:00:00-00:00,2017-09-30,9,0,TH_SP15_GEN-APND,TH_SP15_GEN-APND,TH_SP15_GEN-APND,DAM,LMP,LMP_PRC,TH_SP15_GEN-APND,ALL_APNODES,0,20.22813,589
2017-09-30T18:00:00-00:00,2017-09-30T19:00:00-00:00,2017-09-30,12,0,TH_SP15_GEN-APND,TH_SP15_GEN-APND,TH_SP15_GEN-APND,DAM,LMP,LMP_PRC,TH_SP15_GEN-APND,ALL_APNODES,0,15.62041,589
2017-10-01T06:00:00-00:00,2017-10-01T07:00:00-00:00,2017-09-30,24,0,TH_SP15_GEN-APND,TH_SP15_GEN-APND,TH_SP15_GEN-APND,DAM,LMP,LMP_PRC,TH_SP15_GEN-APND,ALL_APNODES,0,29.46336,589
2017-10-01T01:00:00-00:00,2017-10-01T02:00:00-00:00,2017-09-30,19,0,TH_SP15_GEN-APND,TH_SP15_GEN-APND,TH_SP15_GEN-APND,DAM,LMP,LMP_PRC,TH_SP15_GEN-APND,ALL_APNODES,0,47.9975,589
2017-09-30T11:00:00-00:00,2017-09-30T12:00:00-00:00,2017-09-30,5,0,TH_SP15_GEN-APND,TH_SP15_GEN-APND,TH_SP15_GEN-APND,DAM,LMP,LMP_PRC,TH_SP15_GEN-APND,ALL_APNODES,0,27.06669,589
2017-09-30T21:00:00-00:00,2017-09-30T22:00:00-00:00,2017-09-30,15,0,TH_SP15_GEN-APND,TH_SP15_GEN-APND,TH_SP15_GEN-APND,DAM,LMP,LMP_PRC,TH_SP15_GEN-APND,ALL_APNODES,0,23.19258,589
2017-09-30T23:00:00-00:00,2017-10-01T00:00:00-00:00,2017-09-30,17,0,TH_SP15_GEN-APND,TH_SP15_GEN-APND,TH_SP15_GEN-APND,DAM,LMP,LMP_PRC,TH_SP15_GEN-APND,ALL_APNODES,0,27.30431,589
2017-09-30T17:00:00-00:00,2017-09-30T18:00:00-00:00,2017-09-30,11,0,TH_SP15_GEN-APND,TH_SP15_GEN-APND,TH_SP15_GEN-APND,DAM,LMP,LMP_PRC,TH_SP15_GEN-APND,ALL_APNODES,0,12.70506,589
2017-10-01T00:00:00-00:00,2017-10-01T01:00:00-00:00,2017-09-30,18,0,TH_SP15_GEN-APND,TH_SP15_GEN-APND,TH_SP15_GEN-APND,DAM,MCC,LMP_CONG_PRC,TH_SP15_GEN-APND,ALL_APNODES,0,0,590
2017-09-30T17:00:00-00:00,2017-09-30T18:00:00-00:00,2017-09-30,11,0,TH_SP15_GEN-APND,TH_SP15_GEN-APND,TH_SP15_GEN-APND,DAM,MCC,LMP_CONG_PRC,TH_SP15_GEN-APND,ALL_APNODES,0,0.39191,590
2017-09-30T07:00:00-00:00,2017-09-30T08:00:00-00:00,2017-09-30,1,0,TH_SP15_GEN-APND,TH_SP15_GEN-APND,TH_SP15_GEN-APND,DAM,MCC,LMP_CONG_PRC,TH_SP15_GEN-APND,ALL_APNODES,0,0,590
2017-09-30T08:00:00-00:00,2017-09-30T09:00:00-00:00,2017-09-30,2,0,TH_SP15_GEN-APND,TH_SP15_GEN-APND,TH_SP15_GEN-APND,DAM,MCC,LMP_CONG_PRC,TH_SP15_GEN-APND,ALL_APNODES,0,0,590
2017-09-30T19:00:00-00:00,2017-09-30T20:00:00-00:00,2017-09-30,13,0,TH_SP15_GEN-APND,TH_SP15_GEN-APND,TH_SP15_GEN-APND,DAM,MCC,LMP_CONG_PRC,TH_SP15_GEN-APND,ALL_APNODES,0,0,590
2017-09-30T09:00:00-00:00,2017-09-30T10:00:00-00:00,2017-09-30,3,0,TH_SP15_GEN-APND,TH_SP15_GEN-APND,TH_SP15_GEN-APND,DAM,MCC,LMP_CONG_PRC,TH_SP15_GEN-APND,ALL_APNODES,0,0,590
2017-09-30T11:00:00-00:00,2017-09-30T12:00:00-00:00,2017-09-30,5,0,TH_SP15_GEN-APND,TH_SP15_GEN-APND,TH_SP15_GEN-APND,DAM,MCC,LMP_CONG_PRC,TH_SP15_GEN-APND,ALL_APNODES,0,0,590
2017-09-30T22:00:00-00:00,2017-09-30T23:00:00-00:00,2017-09-30,16,0,TH_SP15_GEN-APND,TH_SP15_GEN-APND,TH_SP15_GEN-APND,DAM,MCC,LMP_CONG_PRC,TH_SP15_GEN-APND,ALL_APNODES,0,0,590
2017-10-01T01:00:00-00:00,2017-10-01T02:00:00-00:00,2017-09-30,19,0,TH_SP15_GEN-APND,TH_SP15_GEN-APND,TH_SP15_GEN-APND,DAM,MCC,LMP_CONG_PRC,TH_SP15_GEN-APND,ALL_APNODES,0,0,590
2017-10-01T05:00:00-00:00,2017-10-01T06:00:00-00:00,2017-09-30,23,0,TH_SP15_GEN-APND,TH_SP15_GEN-APND,TH_SP15_GEN-APND,DAM,MCC,LMP_CONG_PRC,TH_SP15_GEN-APND,ALL_APNODES,0,0,590
2017-09-30T12:00:00-00:00,2017-09-30T13:00:00-00:00,2017-09-30,6,0,TH_SP15_GEN-APND,TH_SP15_GEN-APND,TH_SP15_GEN-APND,DAM,MCC,LMP_CONG_PRC,TH_SP15_GEN-APND,ALL_APNODES,0,0,590
2017-09-30T21:00:00-00:00,2017-09-30T22:00:00-00:00,2017-09-30,15,0,TH_SP15_GEN-APND,TH_SP15_GEN-APND,TH_SP15_GEN-APND,DAM,MCC,LMP_CONG_PRC,TH_SP15_GEN-APND,ALL_APNODES,0,-0.23071,590
2017-09-30T13:00:00-00:00,2017-09-30T14:00:00-00:00,2017-09-30,7,0,TH_SP15_GEN-APND,TH_SP15_GEN-APND,TH_SP15_GEN-APND,DAM,MCC,LMP_CONG_PRC,TH_SP15_GEN-APND,ALL_APNODES,0,0,590
2017-09-30T15:00:00-00:00,2017-09-30T16:00:00-00:00,2017-09-30,9,0,TH_SP15_GEN-APND,TH_SP15_GEN-APND,TH_SP15_GEN-APND,DAM,MCC,LMP_CONG_PRC,TH_SP15_GEN-APND,ALL_APNODES,0,0.39183,590
2017-09-30T18:00:00-00:00,2017-09-30T19:00:00-00:00,2017-09-30,12,0,TH_SP15_GEN-APND,TH_SP15_GEN-APND,TH_SP15_GEN-APND,DAM,MCC,LMP_CONG_PRC,TH_SP15_GEN-APND,ALL_APNODES,0,0.26721,590
2017-10-01T02:00:00-00:00,2017-10-01T03:00:00-00:00,2017-09-30,20,0,TH_SP15_GEN-APND,TH_SP15_GEN-APND,TH_SP15_GEN-APND,DAM,MCC,LMP_CONG_PRC,TH_SP15_GEN-APND,ALL_APNODES,0,0,590
2017-10-01T06:00:00-00:00,2017-10-01T07:00:00-00:00,2017-09-30,24,0,TH_SP15_GEN-APND,TH_SP15_GEN-APND,TH_SP15_GEN-APND,DAM,MCC,LMP_CONG_PRC,TH_SP15_GEN-APND,ALL_APNODES,0,0,590
2017-09-30T20:00:00-00:00,2017-09-30T21:00:00-00:00,2017-09-30,14,0,TH_SP15_GEN-APND,TH_SP15_GEN-APND,TH_SP15_GEN-APND,DAM,MCC,LMP_CONG_PRC,TH_SP15_GEN-APND,ALL_APNODES,0,-0.09086,590
2017-10-01T03:00:00-00:00,2017-10-01T04:00:00-00:00,2017-09-30,21,0,TH_SP15_GEN-APND,TH_SP15_GEN-APND,TH_SP15_GEN-APND,DAM,MCC,LMP_CONG_PRC,TH_SP15_GEN-APND,ALL_APNODES,0,0,590
2017-10-01T04:00:00-00:00,2017-10-01T05:00:00-00:00,2017-09-30,22,0,TH_SP15_GEN-APND,TH_SP15_GEN-APND,TH_SP15_GEN-APND,DAM,MCC,LMP_CONG_PRC,TH_SP15_GEN-APND,ALL_APNODES,0,0,590
2017-09-30T14:00:00-00:00,2017-09-30T15:00:00-00:00,2017-09-30,8,0,TH_SP15_GEN-APND,TH_SP15_GEN-APND,TH_SP15_GEN-APND,DAM,MCC,LMP_CONG_PRC,TH_SP15_GEN-APND,ALL_APNODES,0,0,590
2017-09-30T16:00:00-00:00,2017-09-30T17:00:00-00:00,2017-09-30,10,0,TH_SP15_GEN-APND,TH_SP15_GEN-APND,TH_SP15_GEN-APND,DAM,MCC,LMP_CONG_PRC,TH_SP15_GEN-APND,ALL_APNODES,0,0.39996,590
2017-09-30T10:00:00-00:00,2017-09-30T11:00:00-00:00,2017-09-30,4,0,TH_SP15_GEN-APND,TH_SP15_GEN-APND,TH_SP15_GEN-APND,DAM,MCC,LMP_CONG_PRC,TH_SP15_GEN-APND,ALL_APNODES,0,0,590
2017-09-30T23:00:00-00:00,2017-10-01T00:00:00-00:00,2017-09-30,17,0,TH_SP15_GEN-APND,TH_SP15_GEN-APND,TH_SP15_GEN-APND,DAM,MCC,LMP_CONG_PRC,TH_SP15_GEN-APND,ALL_APNODES,0,0,590
2017-10-01T02:00:00-00:00,2017-10-01T03:00:00-00:00,2017-09-30,20,0,TH_SP15_GEN-APND,TH_SP15_GEN-APND,TH_SP15_GEN-APND,DAM,MCE,LMP_ENE_PRC,TH_SP15_GEN-APND,ALL_APNODES,0,55.98986,591
2017-09-30T10:00:00-00:00,2017-09-30T11:00:00-00:00,2017-09-30,4,0,TH_SP15_GEN-APND,TH_SP15_GEN-APND,TH_SP15_GEN-APND,DAM,MCE,LMP_ENE_PRC,TH_SP15_GEN-APND,ALL_APNODES,0,28.00245,591
2017-09-30T08:00:00-00:00,2017-09-30T09:00:00-00:00,2017-09-30,2,0,TH_SP15_GEN-APND,TH_SP15_GEN-APND,TH_SP15_GEN-APND,DAM,MCE,LMP_ENE_PRC,TH_SP15_GEN-APND,ALL_APNODES,0,29.53612,591
2017-10-01T05:00:00-00:00,2017-10-01T06:00:00-00:00,2017-09-30,23,0,TH_SP15_GEN-APND,TH_SP15_GEN-APND,TH_SP15_GEN-APND,DAM,MCE,LMP_ENE_PRC,TH_SP15_GEN-APND,ALL_APNODES,0,31.87143,591
2017-10-01T03:00:00-00:00,2017-10-01T04:00:00-00:00,2017-09-30,21,0,TH_SP15_GEN-APND,TH_SP15_GEN-APND,TH_SP15_GEN-APND,DAM,MCE,LMP_ENE_PRC,TH_SP15_GEN-APND,ALL_APNODES,0,43.8323,591
2017-09-30T16:00:00-00:00,2017-09-30T17:00:00-00:00,2017-09-30,10,0,TH_SP15_GEN-APND,TH_SP15_GEN-APND,TH_SP15_GEN-APND,DAM,MCE,LMP_ENE_PRC,TH_SP15_GEN-APND,ALL_APNODES,0,13.00755,591
2017-09-30T14:00:00-00:00,2017-09-30T15:00:00-00:00,2017-09-30,8,0,TH_SP15_GEN-APND,TH_SP15_GEN-APND,TH_SP15_GEN-APND,DAM,MCE,LMP_ENE_PRC,TH_SP15_GEN-APND,ALL_APNODES,0,29.29483,591
2017-10-01T01:00:00-00:00,2017-10-01T02:00:00-00:00,2017-09-30,19,0,TH_SP15_GEN-APND,TH_SP15_GEN-APND,TH_SP15_GEN-APND,DAM,MCE,LMP_ENE_PRC,TH_SP15_GEN-APND,ALL_APNODES,0,49.72288,591
2017-09-30T11:00:00-00:00,2017-09-30T12:00:00-00:00,2017-09-30,5,0,TH_SP15_GEN-APND,TH_SP15_GEN-APND,TH_SP15_GEN-APND,DAM,MCE,LMP_ENE_PRC,TH_SP15_GEN-APND,ALL_APNODES,0,27.75786,591
2017-09-30T20:00:00-00:00,2017-09-30T21:00:00-00:00,2017-09-30,14,0,TH_SP15_GEN-APND,TH_SP15_GEN-APND,TH_SP15_GEN-APND,DAM,MCE,LMP_ENE_PRC,TH_SP15_GEN-APND,ALL_APNODES,0,20.41449,591
2017-09-30T18:00:00-00:00,2017-09-30T19:00:00-00:00,2017-09-30,12,0,TH_SP15_GEN-APND,TH_SP15_GEN-APND,TH_SP15_GEN-APND,DAM,MCE,LMP_ENE_PRC,TH_SP15_GEN-APND,ALL_APNODES,0,16.02798,591
2017-09-30T17:00:00-00:00,2017-09-30T18:00:00-00:00,2017-09-30,11,0,TH_SP15_GEN-APND,TH_SP15_GEN-APND,TH_SP15_GEN-APND,DAM,MCE,LMP_ENE_PRC,TH_SP15_GEN-APND,ALL_APNODES,0,12.87448,591
2017-10-01T06:00:00-00:00,2017-10-01T07:00:00-00:00,2017-09-30,24,0,TH_SP15_GEN-APND,TH_SP15_GEN-APND,TH_SP15_GEN-APND,DAM,MCE,LMP_ENE_PRC,TH_SP15_GEN-APND,ALL_APNODES,0,30.53198,591
2017-09-30T07:00:00-00:00,2017-09-30T08:00:00-00:00,2017-09-30,1,0,TH_SP15_GEN-APND,TH_SP15_GEN-APND,TH_SP15_GEN-APND,DAM,MCE,LMP_ENE_PRC,TH_SP15_GEN-APND,ALL_APNODES,0,30.65769,591
2017-09-30T15:00:00-00:00,2017-09-30T16:00:00-00:00,2017-09-30,9,0,TH_SP15_GEN-APND,TH_SP15_GEN-APND,TH_SP15_GEN-APND,DAM,MCE,LMP_ENE_PRC,TH_SP15_GEN-APND,ALL_APNODES,0,20.66927,591
2017-09-30T13:00:00-00:00,2017-09-30T14:00:00-00:00,2017-09-30,7,0,TH_SP15_GEN-APND,TH_SP15_GEN-APND,TH_SP15_GEN-APND,DAM,MCE,LMP_ENE_PRC,TH_SP15_GEN-APND,ALL_APNODES,0,31.27842,591
2017-09-30T22:00:00-00:00,2017-09-30T23:00:00-00:00,2017-09-30,16,0,TH_SP15_GEN-APND,TH_SP15_GEN-APND,TH_SP15_GEN-APND,DAM,MCE,LMP_ENE_PRC,TH_SP15_GEN-APND,ALL_APNODES,0,26.86211,591
2017-09-30T09:00:00-00:00,2017-09-30T10:00:00-00:00,2017-09-30,3,0,TH_SP15_GEN-APND,TH_SP15_GEN-APND,TH_SP15_GEN-APND,DAM,MCE,LMP_ENE_PRC,TH_SP15_GEN-APND,ALL_APNODES,0,28.50227,591
2017-09-30T19:00:00-00:00,2017-09-30T20:00:00-00:00,2017-09-30,13,0,TH_SP15_GEN-APND,TH_SP15_GEN-APND,TH_SP15_GEN-APND,DAM,MCE,LMP_ENE_PRC,TH_SP15_GEN-APND,ALL_APNODES,0,17.65504,591
2017-10-01T04:00:00-00:00,2017-10-01T05:00:00-00:00,2017-09-30,22,0,TH_SP15_GEN-APND,TH_SP15_GEN-APND,TH_SP15_GEN-APND,DAM,MCE,LMP_ENE_PRC,TH_SP15_GEN-APND,ALL_APNODES,0,35.91883,591
2017-09-30T23:00:00-00:00,2017-10-01T00:00:00-00:00,2017-09-30,17,0,TH_SP15_GEN-APND,TH_SP15_GEN-APND,TH_SP15_GEN-APND,DAM,MCE,LMP_ENE_PRC,TH_SP15_GEN-APND,ALL_APNODES,0,28.56697,591
2017-09-30T21:00:00-00:00,2017-09-30T22:00:00-00:00,2017-09-30,15,0,TH_SP15_GEN-APND,TH_SP15_GEN-APND,TH_SP15_GEN-APND,DAM,MCE,LMP_ENE_PRC,TH_SP15_GEN-APND,ALL_APNODES,0,24.39671,591
2017-10-01T00:00:00-00:00,2017-10-01T01:00:00-00:00,2017-09-30,18,0,TH_SP15_GEN-APND,TH_SP15_GEN-APND,TH_SP15_GEN-APND,DAM,MCE,LMP_ENE_PRC,TH_SP15_GEN-APND,ALL_APNODES,0,36.78017,591
2017-09-30T12:00:00-00:00,2017-09-30T13:00:00-00:00,2017-09-30,6,0,TH_SP15_GEN-APND,TH_SP15_GEN-APND,TH_SP15_GEN-APND,DAM,MCE,LMP_ENE_PRC,TH_SP15_GEN-APND,ALL_APNODES,0,31.32042,591
2017-10-01T03:00:00-00:00,2017-10-01T04:00:00-00:00,2017-09-30,21,0,TH_SP15_GEN-APND,TH_SP15_GEN-APND,TH_SP15_GEN-APND,DAM,MCL,LMP_LOSS_PRC,TH_SP15_GEN-APND,ALL_APNODES,0,-1.57796,592
2017-10-01T00:00:00-00:00,2017-10-01T01:00:00-00:00,2017-09-30,18,0,TH_SP15_GEN-APND,TH_SP15_GEN-APND,TH_SP15_GEN-APND,DAM,MCL,LMP_LOSS_PRC,TH_SP15_GEN-APND,ALL_APNODES,0,-1.40132,592
2017-09-30T22:00:00-00:00,2017-09-30T23:00:00-00:00,2017-09-30,16,0,TH_SP15_GEN-APND,TH_SP15_GEN-APND,TH_SP15_GEN-APND,DAM,MCL,LMP_LOSS_PRC,TH_SP15_GEN-APND,ALL_APNODES,0,-1.07717,592
2017-09-30T17:00:00-00:00,2017-09-30T18:00:00-00:00,2017-09-30,11,0,TH_SP15_GEN-APND,TH_SP15_GEN-APND,TH_SP15_GEN-APND,DAM,MCL,LMP_LOSS_PRC,TH_SP15_GEN-APND,ALL_APNODES,0,-0.56133,592
2017-09-30T19:00:00-00:00,2017-09-30T20:00:00-00:00,2017-09-30,13,0,TH_SP15_GEN-APND,TH_SP15_GEN-APND,TH_SP15_GEN-APND,DAM,MCL,LMP_LOSS_PRC,TH_SP15_GEN-APND,ALL_APNODES,0,-0.74504,592
2017-09-30T14:00:00-00:00,2017-09-30T15:00:00-00:00,2017-09-30,8,0,TH_SP15_GEN-APND,TH_SP15_GEN-APND,TH_SP15_GEN-APND,DAM,MCL,LMP_LOSS_PRC,TH_SP15_GEN-APND,ALL_APNODES,0,-0.8847,592
2017-09-30T18:00:00-00:00,2017-09-30T19:00:00-00:00,2017-09-30,12,0,TH_SP15_GEN-APND,TH_SP15_GEN-APND,TH_SP15_GEN-APND,DAM,MCL,LMP_LOSS_PRC,TH_SP15_GEN-APND,ALL_APNODES,0,-0.67478,592
2017-09-30T13:00:00-00:00,2017-09-30T14:00:00-00:00,2017-09-30,7,0,TH_SP15_GEN-APND,TH_SP15_GEN-APND,TH_SP15_GEN-APND,DAM,MCL,LMP_LOSS_PRC,TH_SP15_GEN-APND,ALL_APNODES,0,-0.79447,592
2017-09-30T21:00:00-00:00,2017-09-30T22:00:00-00:00,2017-09-30,15,0,TH_SP15_GEN-APND,TH_SP15_GEN-APND,TH_SP15_GEN-APND,DAM,MCL,LMP_LOSS_PRC,TH_SP15_GEN-APND,ALL_APNODES,0,-0.97343,592
2017-10-01T01:00:00-00:00,2017-10-01T02:00:00-00:00,2017-09-30,19,0,TH_SP15_GEN-APND,TH_SP15_GEN-APND,TH_SP15_GEN-APND,DAM,MCL,LMP_LOSS_PRC,TH_SP15_GEN-APND,ALL_APNODES,0,-1.72538,592
2017-09-30T16:00:00-00:00,2017-09-30T17:00:00-00:00,2017-09-30,10,0,TH_SP15_GEN-APND,TH_SP15_GEN-APND,TH_SP15_GEN-APND,DAM,MCL,LMP_LOSS_PRC,TH_SP15_GEN-APND,ALL_APNODES,0,-0.57623,592
2017-09-30T12:00:00-00:00,2017-09-30T13:00:00-00:00,2017-09-30,6,0,TH_SP15_GEN-APND,TH_SP15_GEN-APND,TH_SP15_GEN-APND,DAM,MCL,LMP_LOSS_PRC,TH_SP15_GEN-APND,ALL_APNODES,0,-0.85505,592
2017-09-30T11:00:00-00:00,2017-09-30T12:00:00-00:00,2017-09-30,5,0,TH_SP15_GEN-APND,TH_SP15_GEN-APND,TH_SP15_GEN-APND,DAM,MCL,LMP_LOSS_PRC,TH_SP15_GEN-APND,ALL_APNODES,0,-0.69117,592
2017-10-01T05:00:00-00:00,2017-10-01T06:00:00-00:00,2017-09-30,23,0,TH_SP15_GEN-APND,TH_SP15_GEN-APND,TH_SP15_GEN-APND,DAM,MCL,LMP_LOSS_PRC,TH_SP15_GEN-APND,ALL_APNODES,0,-1.08044,592
2017-09-30T20:00:00-00:00,2017-09-30T21:00:00-00:00,2017-09-30,14,0,TH_SP15_GEN-APND,TH_SP15_GEN-APND,TH_SP15_GEN-APND,DAM,MCL,LMP_LOSS_PRC,TH_SP15_GEN-APND,ALL_APNODES,0,-0.79821,592
2017-09-30T10:00:00-00:00,2017-09-30T11:00:00-00:00,2017-09-30,4,0,TH_SP15_GEN-APND,TH_SP15_GEN-APND,TH_SP15_GEN-APND,DAM,MCL,LMP_LOSS_PRC,TH_SP15_GEN-APND,ALL_APNODES,0,-0.67486,592
2017-09-30T09:00:00-00:00,2017-09-30T10:00:00-00:00,2017-09-30,3,0,TH_SP15_GEN-APND,TH_SP15_GEN-APND,TH_SP15_GEN-APND,DAM,MCL,LMP_LOSS_PRC,TH_SP15_GEN-APND,ALL_APNODES,0,-0.70116,592
2017-10-01T04:00:00-00:00,2017-10-01T05:00:00-00:00,2017-09-30,22,0,TH_SP15_GEN-APND,TH_SP15_GEN-APND,TH_SP15_GEN-APND,DAM,MCL,LMP_LOSS_PRC,TH_SP15_GEN-APND,ALL_APNODES,0,-1.1494,592
2017-09-30T15:00:00-00:00,2017-09-30T16:00:00-00:00,2017-09-30,9,0,TH_SP15_GEN-APND,TH_SP15_GEN-APND,TH_SP15_GEN-APND,DAM,MCL,LMP_LOSS_PRC,TH_SP15_GEN-APND,ALL_APNODES,0,-0.83297,592
2017-10-01T06:00:00-00:00,2017-10-01T07:00:00-00:00,2017-09-30,24,0,TH_SP15_GEN-APND,TH_SP15_GEN-APND,TH_SP15_GEN-APND,DAM,MCL,LMP_LOSS_PRC,TH_SP15_GEN-APND,ALL_APNODES,0,-1.06862,592
2017-10-01T02:00:00-00:00,2017-10-01T03:00:00-00:00,2017-09-30,20,0,TH_SP15_GEN-APND,TH_SP15_GEN-APND,TH_SP15_GEN-APND,DAM,MCL,LMP_LOSS_PRC,TH_SP15_GEN-APND,ALL_APNODES,0,-2.03803,592
2017-09-30T23:00:00-00:00,2017-10-01T00:00:00-00:00,2017-09-30,17,0,TH_SP15_GEN-APND,TH_SP15_GEN-APND,TH_SP15_GEN-APND,DAM,MCL,LMP_LOSS_PRC,TH_SP15_GEN-APND,ALL_APNODES,0,-1.26266,592
2017-09-30T07:00:00-00:00,2017-09-30T08:00:00-00:00,2017-09-30,1,0,TH_SP15_GEN-APND,TH_SP15_GEN-APND,TH_SP15_GEN-APND,DAM,MCL,LMP_LOSS_PRC,TH_SP15_GEN-APND,ALL_APNODES,0,-0.87988,592
2017-09-30T08:00:00-00:00,2017-09-30T09:00:00-00:00,2017-09-30,2,0,TH_SP15_GEN-APND,TH_SP15_GEN-APND,TH_SP15_GEN-APND,DAM,MCL,LMP_LOSS_PRC,TH_SP15_GEN-APND,ALL_APNODES,0,-0.76499,592
2017-09-30T07:00:00-00:00,2017-09-30T08:00:00-00:00,2017-09-30,1,0,TH_ZP26_GEN-APND,TH_ZP26_GEN-APND,TH_ZP26_GEN-APND,DAM,LMP,LMP_PRC,TH_ZP26_GEN-APND,ALL_APNODES,0,29.57547,593
2017-09-30T12:00:00-00:00,2017-09-30T13:00:00-00:00,2017-09-30,6,0,TH_ZP26_GEN-APND,TH_ZP26_GEN-APND,TH_ZP26_GEN-APND,DAM,LMP,LMP_PRC,TH_ZP26_GEN-APND,ALL_APNODES,0,30.24927,593
2017-10-01T00:00:00-00:00,2017-10-01T01:00:00-00:00,2017-09-30,18,0,TH_ZP26_GEN-APND,TH_ZP26_GEN-APND,TH_ZP26_GEN-APND,DAM,LMP,LMP_PRC,TH_ZP26_GEN-APND,ALL_APNODES,0,35.27219,593
2017-10-01T01:00:00-00:00,2017-10-01T02:00:00-00:00,2017-09-30,19,0,TH_ZP26_GEN-APND,TH_ZP26_GEN-APND,TH_ZP26_GEN-APND,DAM,LMP,LMP_PRC,TH_ZP26_GEN-APND,ALL_APNODES,0,48.00744,593
2017-10-01T03:00:00-00:00,2017-10-01T04:00:00-00:00,2017-09-30,21,0,TH_ZP26_GEN-APND,TH_ZP26_GEN-APND,TH_ZP26_GEN-APND,DAM,LMP,LMP_PRC,TH_ZP26_GEN-APND,ALL_APNODES,0,42.37707,593
2017-09-30T17:00:00-00:00,2017-09-30T18:00:00-00:00,2017-09-30,11,0,TH_ZP26_GEN-APND,TH_ZP26_GEN-APND,TH_ZP26_GEN-APND,DAM,LMP,LMP_PRC,TH_ZP26_GEN-APND,ALL_APNODES,0,11.7956,593
2017-10-01T04:00:00-00:00,2017-10-01T05:00:00-00:00,2017-09-30,22,0,TH_ZP26_GEN-APND,TH_ZP26_GEN-APND,TH_ZP26_GEN-APND,DAM,LMP,LMP_PRC,TH_ZP26_GEN-APND,ALL_APNODES,0,34.77302,593
2017-10-01T05:00:00-00:00,2017-10-01T06:00:00-00:00,2017-09-30,23,0,TH_ZP26_GEN-APND,TH_ZP26_GEN-APND,TH_ZP26_GEN-APND,DAM,LMP,LMP_PRC,TH_ZP26_GEN-APND,ALL_APNODES,0,30.78462,593
2017-09-30T14:00:00-00:00,2017-09-30T15:00:00-00:00,2017-09-30,8,0,TH_ZP26_GEN-APND,TH_ZP26_GEN-APND,TH_ZP26_GEN-APND,DAM,LMP,LMP_PRC,TH_ZP26_GEN-APND,ALL_APNODES,0,28.29881,593
2017-09-30T15:00:00-00:00,2017-09-30T16:00:00-00:00,2017-09-30,9,0,TH_ZP26_GEN-APND,TH_ZP26_GEN-APND,TH_ZP26_GEN-APND,DAM,LMP,LMP_PRC,TH_ZP26_GEN-APND,ALL_APNODES,0,19.33033,593
2017-09-30T16:00:00-00:00,2017-09-30T17:00:00-00:00,2017-09-30,10,0,TH_ZP26_GEN-APND,TH_ZP26_GEN-APND,TH_ZP26_GEN-APND,DAM,LMP,LMP_PRC,TH_ZP26_GEN-APND,ALL_APNODES,0,11.92128,593
2017-09-30T08:00:00-00:00,2017-09-30T09:00:00-00:00,2017-09-30,2,0,TH_ZP26_GEN-APND,TH_ZP26_GEN-APND,TH_ZP26_GEN-APND,DAM,LMP,LMP_PRC,TH_ZP26_GEN-APND,ALL_APNODES,0,28.52008,593
2017-09-30T09:00:00-00:00,2017-09-30T10:00:00-00:00,2017-09-30,3,0,TH_ZP26_GEN-APND,TH_ZP26_GEN-APND,TH_ZP26_GEN-APND,DAM,LMP,LMP_PRC,TH_ZP26_GEN-APND,ALL_APNODES,0,27.52464,593
2017-09-30T11:00:00-00:00,2017-09-30T12:00:00-00:00,2017-09-30,5,0,TH_ZP26_GEN-APND,TH_ZP26_GEN-APND,TH_ZP26_GEN-APND,DAM,LMP,LMP_PRC,TH_ZP26_GEN-APND,ALL_APNODES,0,26.80577,593
2017-10-01T06:00:00-00:00,2017-10-01T07:00:00-00:00,2017-09-30,24,0,TH_ZP26_GEN-APND,TH_ZP26_GEN-APND,TH_ZP26_GEN-APND,DAM,LMP,LMP_PRC,TH_ZP26_GEN-APND,ALL_APNODES,0,29.5,593
2017-09-30T19:00:00-00:00,2017-09-30T20:00:00-00:00,2017-09-30,13,0,TH_ZP26_GEN-APND,TH_ZP26_GEN-APND,TH_ZP26_GEN-APND,DAM,LMP,LMP_PRC,TH_ZP26_GEN-APND,ALL_APNODES,0,16.76523,593
2017-09-30T20:00:00-00:00,2017-09-30T21:00:00-00:00,2017-09-30,14,0,TH_ZP26_GEN-APND,TH_ZP26_GEN-APND,TH_ZP26_GEN-APND,DAM,LMP,LMP_PRC,TH_ZP26_GEN-APND,ALL_APNODES,0,19.22018,593
2017-09-30T13:00:00-00:00,2017-09-30T14:00:00-00:00,2017-09-30,7,0,TH_ZP26_GEN-APND,TH_ZP26_GEN-APND,TH_ZP26_GEN-APND,DAM,LMP,LMP_PRC,TH_ZP26_GEN-APND,ALL_APNODES,0,30.26813,593
2017-09-30T22:00:00-00:00,2017-09-30T23:00:00-00:00,2017-09-30,16,0,TH_ZP26_GEN-APND,TH_ZP26_GEN-APND,TH_ZP26_GEN-APND,DAM,LMP,LMP_PRC,TH_ZP26_GEN-APND,ALL_APNODES,0,25.4812,593
2017-10-01T02:00:00-00:00,2017-10-01T03:00:00-00:00,2017-09-30,20,0,TH_ZP26_GEN-APND,TH_ZP26_GEN-APND,TH_ZP26_GEN-APND,DAM,LMP,LMP_PRC,TH_ZP26_GEN-APND,ALL_APNODES,0,54.15339,593
2017-09-30T18:00:00-00:00,2017-09-30T19:00:00-00:00,2017-09-30,12,0,TH_ZP26_GEN-APND,TH_ZP26_GEN-APND,TH_ZP26_GEN-APND,DAM,LMP,LMP_PRC,TH_ZP26_GEN-APND,ALL_APNODES,0,14.91733,593
2017-09-30T21:00:00-00:00,2017-09-30T22:00:00-00:00,2017-09-30,15,0,TH_ZP26_GEN-APND,TH_ZP26_GEN-APND,TH_ZP26_GEN-APND,DAM,LMP,LMP_PRC,TH_ZP26_GEN-APND,ALL_APNODES,0,22.72496,593
2017-09-30T10:00:00-00:00,2017-09-30T11:00:00-00:00,2017-09-30,4,0,TH_ZP26_GEN-APND,TH_ZP26_GEN-APND,TH_ZP26_GEN-APND,DAM,LMP,LMP_PRC,TH_ZP26_GEN-APND,ALL_APNODES,0,27.03917,593
2017-09-30T23:00:00-00:00,2017-10-01T00:00:00-00:00,2017-09-30,17,0,TH_ZP26_GEN-APND,TH_ZP26_GEN-APND,TH_ZP26_GEN-APND,DAM,LMP,LMP_PRC,TH_ZP26_GEN-APND,ALL_APNODES,0,27.20147,593
2017-10-01T02:00:00-00:00,2017-10-01T03:00:00-00:00,2017-09-30,20,0,TH_ZP26_GEN-APND,TH_ZP26_GEN-APND,TH_ZP26_GEN-APND,DAM,MCC,LMP_CONG_PRC,TH_ZP26_GEN-APND,ALL_APNODES,0,0,594
2017-09-30T22:00:00-00:00,2017-09-30T23:00:00-00:00,2017-09-30,16,0,TH_ZP26_GEN-APND,TH_ZP26_GEN-APND,TH_ZP26_GEN-APND,DAM,MCC,LMP_CONG_PRC,TH_ZP26_GEN-APND,ALL_APNODES,0,-0.04049,594
2017-10-01T04:00:00-00:00,2017-10-01T05:00:00-00:00,2017-09-30,22,0,TH_ZP26_GEN-APND,TH_ZP26_GEN-APND,TH_ZP26_GEN-APND,DAM,MCC,LMP_CONG_PRC,TH_ZP26_GEN-APND,ALL_APNODES,0,0,594
2017-09-30T18:00:00-00:00,2017-09-30T19:00:00-00:00,2017-09-30,12,0,TH_ZP26_GEN-APND,TH_ZP26_GEN-APND,TH_ZP26_GEN-APND,DAM,MCC,LMP_CONG_PRC,TH_ZP26_GEN-APND,ALL_APNODES,0,-0.30284,594
2017-09-30T08:00:00-00:00,2017-09-30T09:00:00-00:00,2017-09-30,2,0,TH_ZP26_GEN-APND,TH_ZP26_GEN-APND,TH_ZP26_GEN-APND,DAM,MCC,LMP_CONG_PRC,TH_ZP26_GEN-APND,ALL_APNODES,0,0,594
2017-09-30T23:00:00-00:00,2017-10-01T00:00:00-00:00,2017-09-30,17,0,TH_ZP26_GEN-APND,TH_ZP26_GEN-APND,TH_ZP26_GEN-APND,DAM,MCC,LMP_CONG_PRC,TH_ZP26_GEN-APND,ALL_APNODES,0,0,594
2017-10-01T06:00:00-00:00,2017-10-01T07:00:00-00:00,2017-09-30,24,0,TH_ZP26_GEN-APND,TH_ZP26_GEN-APND,TH_ZP26_GEN-APND,DAM,MCC,LMP_CONG_PRC,TH_ZP26_GEN-APND,ALL_APNODES,0,0,594
2017-09-30T09:00:00-00:00,2017-09-30T10:00:00-00:00,2017-09-30,3,0,TH_ZP26_GEN-APND,TH_ZP26_GEN-APND,TH_ZP26_GEN-APND,DAM,MCC,LMP_CONG_PRC,TH_ZP26_GEN-APND,ALL_APNODES,0,0,594
2017-09-30T10:00:00-00:00,2017-09-30T11:00:00-00:00,2017-09-30,4,0,TH_ZP26_GEN-APND,TH_ZP26_GEN-APND,TH_ZP26_GEN-APND,DAM,MCC,LMP_CONG_PRC,TH_ZP26_GEN-APND,ALL_APNODES,0,0,594
2017-10-01T01:00:00-00:00,2017-10-01T02:00:00-00:00,2017-09-30,19,0,TH_ZP26_GEN-APND,TH_ZP26_GEN-APND,TH_ZP26_GEN-APND,DAM,MCC,LMP_CONG_PRC,TH_ZP26_GEN-APND,ALL_APNODES,0,0,594
2017-09-30T13:00:00-00:00,2017-09-30T14:00:00-00:00,2017-09-30,7,0,TH_ZP26_GEN-APND,TH_ZP26_GEN-APND,TH_ZP26_GEN-APND,DAM,MCC,LMP_CONG_PRC,TH_ZP26_GEN-APND,ALL_APNODES,0,0,594
2017-09-30T16:00:00-00:00,2017-09-30T17:00:00-00:00,2017-09-30,10,0,TH_ZP26_GEN-APND,TH_ZP26_GEN-APND,TH_ZP26_GEN-APND,DAM,MCC,LMP_CONG_PRC,TH_ZP26_GEN-APND,ALL_APNODES,0,-0.48272,594
2017-09-30T19:00:00-00:00,2017-09-30T20:00:00-00:00,2017-09-30,13,0,TH_ZP26_GEN-APND,TH_ZP26_GEN-APND,TH_ZP26_GEN-APND,DAM,MCC,LMP_CONG_PRC,TH_ZP26_GEN-APND,ALL_APNODES,0,0,594
2017-09-30T20:00:00-00:00,2017-09-30T21:00:00-00:00,2017-09-30,14,0,TH_ZP26_GEN-APND,TH_ZP26_GEN-APND,TH_ZP26_GEN-APND,DAM,MCC,LMP_CONG_PRC,TH_ZP26_GEN-APND,ALL_APNODES,0,-0.15522,594
2017-10-01T00:00:00-00:00,2017-10-01T01:00:00-00:00,2017-09-30,18,0,TH_ZP26_GEN-APND,TH_ZP26_GEN-APND,TH_ZP26_GEN-APND,DAM,MCC,LMP_CONG_PRC,TH_ZP26_GEN-APND,ALL_APNODES,0,0,594
2017-09-30T12:00:00-00:00,2017-09-30T13:00:00-00:00,2017-09-30,6,0,TH_ZP26_GEN-APND,TH_ZP26_GEN-APND,TH_ZP26_GEN-APND,DAM,MCC,LMP_CONG_PRC,TH_ZP26_GEN-APND,ALL_APNODES,0,0,594
2017-09-30T14:00:00-00:00,2017-09-30T15:00:00-00:00,2017-09-30,8,0,TH_ZP26_GEN-APND,TH_ZP26_GEN-APND,TH_ZP26_GEN-APND,DAM,MCC,LMP_CONG_PRC,TH_ZP26_GEN-APND,ALL_APNODES,0,0,594
2017-09-30T11:00:00-00:00,2017-09-30T12:00:00-00:00,2017-09-30,5,0,TH_ZP26_GEN-APND,TH_ZP26_GEN-APND,TH_ZP26_GEN-APND,DAM,MCC,LMP_CONG_PRC,TH_ZP26_GEN-APND,ALL_APNODES,0,0,594
2017-09-30T15:00:00-00:00,2017-09-30T16:00:00-00:00,2017-09-30,9,0,TH_ZP26_GEN-APND,TH_ZP26_GEN-APND,TH_ZP26_GEN-APND,DAM,MCC,LMP_CONG_PRC,TH_ZP26_GEN-APND,ALL_APNODES,0,-0.4729,594
2017-09-30T17:00:00-00:00,2017-09-30T18:00:00-00:00,2017-09-30,11,0,TH_ZP26_GEN-APND,TH_ZP26_GEN-APND,TH_ZP26_GEN-APND,DAM,MCC,LMP_CONG_PRC,TH_ZP26_GEN-APND,ALL_APNODES,0,-0.44416,594
2017-09-30T21:00:00-00:00,2017-09-30T22:00:00-00:00,2017-09-30,15,0,TH_ZP26_GEN-APND,TH_ZP26_GEN-APND,TH_ZP26_GEN-APND,DAM,MCC,LMP_CONG_PRC,TH_ZP26_GEN-APND,ALL_APNODES,0,-0.42996,594
2017-09-30T07:00:00-00:00,2017-09-30T08:00:00-00:00,2017-09-30,1,0,TH_ZP26_GEN-APND,TH_ZP26_GEN-APND,TH_ZP26_GEN-APND,DAM,MCC,LMP_CONG_PRC,TH_ZP26_GEN-APND,ALL_APNODES,0,0,594
2017-10-01T05:00:00-00:00,2017-10-01T06:00:00-00:00,2017-09-30,23,0,TH_ZP26_GEN-APND,TH_ZP26_GEN-APND,TH_ZP26_GEN-APND,DAM,MCC,LMP_CONG_PRC,TH_ZP26_GEN-APND,ALL_APNODES,0,0,594
2017-10-01T03:00:00-00:00,2017-10-01T04:00:00-00:00,2017-09-30,21,0,TH_ZP26_GEN-APND,TH_ZP26_GEN-APND,TH_ZP26_GEN-APND,DAM,MCC,LMP_CONG_PRC,TH_ZP26_GEN-APND,ALL_APNODES,0,0,594
2017-10-01T05:00:00-00:00,2017-10-01T06:00:00-00:00,2017-09-30,23,0,TH_ZP26_GEN-APND,TH_ZP26_GEN-APND,TH_ZP26_GEN-APND,DAM,MCE,LMP_ENE_PRC,TH_ZP26_GEN-APND,ALL_APNODES,0,31.87143,595
2017-09-30T19:00:00-00:00,2017-09-30T20:00:00-00:00,2017-09-30,13,0,TH_ZP26_GEN-APND,TH_ZP26_GEN-APND,TH_ZP26_GEN-APND,DAM,MCE,LMP_ENE_PRC,TH_ZP26_GEN-APND,ALL_APNODES,0,17.65504,595
2017-09-30T08:00:00-00:00,2017-09-30T09:00:00-00:00,2017-09-30,2,0,TH_ZP26_GEN-APND,TH_ZP26_GEN-APND,TH_ZP26_GEN-APND,DAM,MCE,LMP_ENE_PRC,TH_ZP26_GEN-APND,ALL_APNODES,0,29.53612,595
2017-09-30T23:00:00-00:00,2017-10-01T00:00:00-00:00,2017-09-30,17,0,TH_ZP26_GEN-APND,TH_ZP26_GEN-APND,TH_ZP26_GEN-APND,DAM,MCE,LMP_ENE_PRC,TH_ZP26_GEN-APND,ALL_APNODES,0,28.56697,595
2017-09-30T12:00:00-00:00,2017-09-30T13:00:00-00:00,2017-09-30,6,0,TH_ZP26_GEN-APND,TH_ZP26_GEN-APND,TH_ZP26_GEN-APND,DAM,MCE,LMP_ENE_PRC,TH_ZP26_GEN-APND,ALL_APNODES,0,31.32042,595
2017-09-30T13:00:00-00:00,2017-09-30T14:00:00-00:00,2017-09-30,7,0,TH_ZP26_GEN-APND,TH_ZP26_GEN-APND,TH_ZP26_GEN-APND,DAM,MCE,LMP_ENE_PRC,TH_ZP26_GEN-APND,ALL_APNODES,0,31.27842,595
2017-09-30T11:00:00-00:00,2017-09-30T12:00:00-00:00,2017-09-30,5,0,TH_ZP26_GEN-APND,TH_ZP26_GEN-APND,TH_ZP26_GEN-APND,DAM,MCE,LMP_ENE_PRC,TH_ZP26_GEN-APND,ALL_APNODES,0,27.75786,595
2017-10-01T01:00:00-00:00,2017-10-01T02:00:00-00:00,2017-09-30,19,0,TH_ZP26_GEN-APND,TH_ZP26_GEN-APND,TH_ZP26_GEN-APND,DAM,MCE,LMP_ENE_PRC,TH_ZP26_GEN-APND,ALL_APNODES,0,49.72288,595
2017-09-30T17:00:00-00:00,2017-09-30T18:00:00-00:00,2017-09-30,11,0,TH_ZP26_GEN-APND,TH_ZP26_GEN-APND,TH_ZP26_GEN-APND,DAM,MCE,LMP_ENE_PRC,TH_ZP26_GEN-APND,ALL_APNODES,0,12.87448,595
2017-09-30T18:00:00-00:00,2017-09-30T19:00:00-00:00,2017-09-30,12,0,TH_ZP26_GEN-APND,TH_ZP26_GEN-APND,TH_ZP26_GEN-APND,DAM,MCE,LMP_ENE_PRC,TH_ZP26_GEN-APND,ALL_APNODES,0,16.02798,595
2017-09-30T20:00:00-00:00,2017-09-30T21:00:00-00:00,2017-09-30,14,0,TH_ZP26_GEN-APND,TH_ZP26_GEN-APND,TH_ZP26_GEN-APND,DAM,MCE,LMP_ENE_PRC,TH_ZP26_GEN-APND,ALL_APNODES,0,20.41449,595
2017-09-30T07:00:00-00:00,2017-09-30T08:00:00-00:00,2017-09-30,1,0,TH_ZP26_GEN-APND,TH_ZP26_GEN-APND,TH_ZP26_GEN-APND,DAM,MCE,LMP_ENE_PRC,TH_ZP26_GEN-APND,ALL_APNODES,0,30.65769,595
2017-10-01T00:00:00-00:00,2017-10-01T01:00:00-00:00,2017-09-30,18,0,TH_ZP26_GEN-APND,TH_ZP26_GEN-APND,TH_ZP26_GEN-APND,DAM,MCE,LMP_ENE_PRC,TH_ZP26_GEN-APND,ALL_APNODES,0,36.78017,595
2017-10-01T02:00:00-00:00,2017-10-01T03:00:00-00:00,2017-09-30,20,0,TH_ZP26_GEN-APND,TH_ZP26_GEN-APND,TH_ZP26_GEN-APND,DAM,MCE,LMP_ENE_PRC,TH_ZP26_GEN-APND,ALL_APNODES,0,55.98986,595
2017-09-30T10:00:00-00:00,2017-09-30T11:00:00-00:00,2017-09-30,4,0,TH_ZP26_GEN-APND,TH_ZP26_GEN-APND,TH_ZP26_GEN-APND,DAM,MCE,LMP_ENE_PRC,TH_ZP26_GEN-APND,ALL_APNODES,0,28.00245,595
2017-10-01T06:00:00-00:00,2017-10-01T07:00:00-00:00,2017-09-30,24,0,TH_ZP26_GEN-APND,TH_ZP26_GEN-APND,TH_ZP26_GEN-APND,DAM,MCE,LMP_ENE_PRC,TH_ZP26_GEN-APND,ALL_APNODES,0,30.53198,595
2017-09-30T14:00:00-00:00,2017-09-30T15:00:00-00:00,2017-09-30,8,0,TH_ZP26_GEN-APND,TH_ZP26_GEN-APND,TH_ZP26_GEN-APND,DAM,MCE,LMP_ENE_PRC,TH_ZP26_GEN-APND,ALL_APNODES,0,29.29483,595
2017-09-30T16:00:00-00:00,2017-09-30T17:00:00-00:00,2017-09-30,10,0,TH_ZP26_GEN-APND,TH_ZP26_GEN-APND,TH_ZP26_GEN-APND,DAM,MCE,LMP_ENE_PRC,TH_ZP26_GEN-APND,ALL_APNODES,0,13.00755,595
2017-09-30T09:00:00-00:00,2017-09-30T10:00:00-00:00,2017-09-30,3,0,TH_ZP26_GEN-APND,TH_ZP26_GEN-APND,TH_ZP26_GEN-APND,DAM,MCE,LMP_ENE_PRC,TH_ZP26_GEN-APND,ALL_APNODES,0,28.50227,595
2017-09-30T22:00:00-00:00,2017-09-30T23:00:00-00:00,2017-09-30,16,0,TH_ZP26_GEN-APND,TH_ZP26_GEN-APND,TH_ZP26_GEN-APND,DAM,MCE,LMP_ENE_PRC,TH_ZP26_GEN-APND,ALL_APNODES,0,26.86211,595
2017-10-01T04:00:00-00:00,2017-10-01T05:00:00-00:00,2017-09-30,22,0,TH_ZP26_GEN-APND,TH_ZP26_GEN-APND,TH_ZP26_GEN-APND,DAM,MCE,LMP_ENE_PRC,TH_ZP26_GEN-APND,ALL_APNODES,0,35.91883,595
2017-10-01T03:00:00-00:00,2017-10-01T04:00:00-00:00,2017-09-30,21,0,TH_ZP26_GEN-APND,TH_ZP26_GEN-APND,TH_ZP26_GEN-APND,DAM,MCE,LMP_ENE_PRC,TH_ZP26_GEN-APND,ALL_APNODES,0,43.8323,595
2017-09-30T15:00:00-00:00,2017-09-30T16:00:00-00:00,2017-09-30,9,0,TH_ZP26_GEN-APND,TH_ZP26_GEN-APND,TH_ZP26_GEN-APND,DAM,MCE,LMP_ENE_PRC,TH_ZP26_GEN-APND,ALL_APNODES,0,20.66927,595
2017-09-30T21:00:00-00:00,2017-09-30T22:00:00-00:00,2017-09-30,15,0,TH_ZP26_GEN-APND,TH_ZP26_GEN-APND,TH_ZP26_GEN-APND,DAM,MCE,LMP_ENE_PRC,TH_ZP26_GEN-APND,ALL_APNODES,0,24.39671,595
2017-10-01T02:00:00-00:00,2017-10-01T03:00:00-00:00,2017-09-30,20,0,TH_ZP26_GEN-APND,TH_ZP26_GEN-APND,TH_ZP26_GEN-APND,DAM,MCL,LMP_LOSS_PRC,TH_ZP26_GEN-APND,ALL_APNODES,0,-1.83647,596
2017-10-01T00:00:00-00:00,2017-10-01T01:00:00-00:00,2017-09-30,18,0,TH_ZP26_GEN-APND,TH_ZP26_GEN-APND,TH_ZP26_GEN-APND,DAM,MCL,LMP_LOSS_PRC,TH_ZP26_GEN-APND,ALL_APNODES,0,-1.50799,596
2017-10-01T05:00:00-00:00,2017-10-01T06:00:00-00:00,2017-09-30,23,0,TH_ZP26_GEN-APND,TH_ZP26_GEN-APND,TH_ZP26_GEN-APND,DAM,MCL,LMP_LOSS_PRC,TH_ZP26_GEN-APND,ALL_APNODES,0,-1.08682,596
2017-09-30T17:00:00-00:00,2017-09-30T18:00:00-00:00,2017-09-30,11,0,TH_ZP26_GEN-APND,TH_ZP26_GEN-APND,TH_ZP26_GEN-APND,DAM,MCL,LMP_LOSS_PRC,TH_ZP26_GEN-APND,ALL_APNODES,0,-0.63471,596
2017-09-30T13:00:00-00:00,2017-09-30T14:00:00-00:00,2017-09-30,7,0,TH_ZP26_GEN-APND,TH_ZP26_GEN-APND,TH_ZP26_GEN-APND,DAM,MCL,LMP_LOSS_PRC,TH_ZP26_GEN-APND,ALL_APNODES,0,-1.01029,596
2017-09-30T14:00:00-00:00,2017-09-30T15:00:00-00:00,2017-09-30,8,0,TH_ZP26_GEN-APND,TH_ZP26_GEN-APND,TH_ZP26_GEN-APND,DAM,MCL,LMP_LOSS_PRC,TH_ZP26_GEN-APND,ALL_APNODES,0,-0.99602,596
2017-09-30T07:00:00-00:00,2017-09-30T08:00:00-00:00,2017-09-30,1,0,TH_ZP26_GEN-APND,TH_ZP26_GEN-APND,TH_ZP26_GEN-APND,DAM,MCL,LMP_LOSS_PRC,TH_ZP26_GEN-APND,ALL_APNODES,0,-1.08222,596
2017-09-30T23:00:00-00:00,2017-10-01T00:00:00-00:00,2017-09-30,17,0,TH_ZP26_GEN-APND,TH_ZP26_GEN-APND,TH_ZP26_GEN-APND,DAM,MCL,LMP_LOSS_PRC,TH_ZP26_GEN-APND,ALL_APNODES,0,-1.3655,596
2017-10-01T01:00:00-00:00,2017-10-01T02:00:00-00:00,2017-09-30,19,0,TH_ZP26_GEN-APND,TH_ZP26_GEN-APND,TH_ZP26_GEN-APND,DAM,MCL,LMP_LOSS_PRC,TH_ZP26_GEN-APND,ALL_APNODES,0,-1.71544,596
2017-10-01T06:00:00-00:00,2017-10-01T07:00:00-00:00,2017-09-30,24,0,TH_ZP26_GEN-APND,TH_ZP26_GEN-APND,TH_ZP26_GEN-APND,DAM,MCL,LMP_LOSS_PRC,TH_ZP26_GEN-APND,ALL_APNODES,0,-1.03198,596
2017-09-30T18:00:00-00:00,2017-09-30T19:00:00-00:00,2017-09-30,12,0,TH_ZP26_GEN-APND,TH_ZP26_GEN-APND,TH_ZP26_GEN-APND,DAM,MCL,LMP_LOSS_PRC,TH_ZP26_GEN-APND,ALL_APNODES,0,-0.80781,596
2017-09-30T08:00:00-00:00,2017-09-30T09:00:00-00:00,2017-09-30,2,0,TH_ZP26_GEN-APND,TH_ZP26_GEN-APND,TH_ZP26_GEN-APND,DAM,MCL,LMP_LOSS_PRC,TH_ZP26_GEN-APND,ALL_APNODES,0,-1.01604,596
2017-09-30T22:00:00-00:00,2017-09-30T23:00:00-00:00,2017-09-30,16,0,TH_ZP26_GEN-APND,TH_ZP26_GEN-APND,TH_ZP26_GEN-APND,DAM,MCL,LMP_LOSS_PRC,TH_ZP26_GEN-APND,ALL_APNODES,0,-1.34042,596
2017-10-01T04:00:00-00:00,2017-10-01T05:00:00-00:00,2017-09-30,22,0,TH_ZP26_GEN-APND,TH_ZP26_GEN-APND,TH_ZP26_GEN-APND,DAM,MCL,LMP_LOSS_PRC,TH_ZP26_GEN-APND,ALL_APNODES,0,-1.14581,596
2017-09-30T12:00:00-00:00,2017-09-30T13:00:00-00:00,2017-09-30,6,0,TH_ZP26_GEN-APND,TH_ZP26_GEN-APND,TH_ZP26_GEN-APND,DAM,MCL,LMP_LOSS_PRC,TH_ZP26_GEN-APND,ALL_APNODES,0,-1.07116,596
2017-09-30T09:00:00-00:00,2017-09-30T10:00:00-00:00,2017-09-30,3,0,TH_ZP26_GEN-APND,TH_ZP26_GEN-APND,TH_ZP26_GEN-APND,DAM,MCL,LMP_LOSS_PRC,TH_ZP26_GEN-APND,ALL_APNODES,0,-0.97763,596
2017-10-01T03:00:00-00:00,2017-10-01T04:00:00-00:00,2017-09-30,21,0,TH_ZP26_GEN-APND,TH_ZP26_GEN-APND,TH_ZP26_GEN-APND,DAM,MCL,LMP_LOSS_PRC,TH_ZP26_GEN-APND,ALL_APNODES,0,-1.45523,596
2017-09-30T16:00:00-00:00,2017-09-30T17:00:00-00:00,2017-09-30,10,0,TH_ZP26_GEN-APND,TH_ZP26_GEN-APND,TH_ZP26_GEN-APND,DAM,MCL,LMP_LOSS_PRC,TH_ZP26_GEN-APND,ALL_APNODES,0,-0.60355,596
2017-09-30T21:00:00-00:00,2017-09-30T22:00:00-00:00,2017-09-30,15,0,TH_ZP26_GEN-APND,TH_ZP26_GEN-APND,TH_ZP26_GEN-APND,DAM,MCL,LMP_LOSS_PRC,TH_ZP26_GEN-APND,ALL_APNODES,0,-1.24179,596
2017-09-30T15:00:00-00:00,2017-09-30T16:00:00-00:00,2017-09-30,9,0,TH_ZP26_GEN-APND,TH_ZP26_GEN-APND,TH_ZP26_GEN-APND,DAM,MCL,LMP_LOSS_PRC,TH_ZP26_GEN-APND,ALL_APNODES,0,-0.86604,596
2017-09-30T19:00:00-00:00,2017-09-30T20:00:00-00:00,2017-09-30,13,0,TH_ZP26_GEN-APND,TH_ZP26_GEN-APND,TH_ZP26_GEN-APND,DAM,MCL,LMP_LOSS_PRC,TH_ZP26_GEN-APND,ALL_APNODES,0,-0.88981,596
2017-09-30T10:00:00-00:00,2017-09-30T11:00:00-00:00,2017-09-30,4,0,TH_ZP26_GEN-APND,TH_ZP26_GEN-APND,TH_ZP26_GEN-APND,DAM,MCL,LMP_LOSS_PRC,TH_ZP26_GEN-APND,ALL_APNODES,0,-0.96328,596
2017-09-30T11:00:00-00:00,2017-09-30T12:00:00-00:00,2017-09-30,5,0,TH_ZP26_GEN-APND,TH_ZP26_GEN-APND,TH_ZP26_GEN-APND,DAM,MCL,LMP_LOSS_PRC,TH_ZP26_GEN-APND,ALL_APNODES,0,-0.95209,596
2017-09-30T20:00:00-00:00,2017-09-30T21:00:00-00:00,2017-09-30,14,0,TH_ZP26_GEN-APND,TH_ZP26_GEN-APND,TH_ZP26_GEN-APND,DAM,MCL,LMP_LOSS_PRC,TH_ZP26_GEN-APND,ALL_APNODES,0,-1.0391,596
2017-09-30T14:00:00-00:00,2017-09-30T15:00:00-00:00,2017-09-30,8,0,URBAN_6_N005,URBAN_6_N005,URBAN_6_N005,DAM,LMP,LMP_PRC,URBAN_6_N005,ALL,1,29.19816,597
2017-09-30T16:00:00-00:00,2017-09-30T17:00:00-00:00,2017-09-30,10,0,URBAN_6_N005,URBAN_6_N005,URBAN_6_N005,DAM,LMP,LMP_PRC,URBAN_6_N005,ALL,1,14.38706,597
2017-09-30T20:00:00-00:00,2017-09-30T21:00:00-00:00,2017-09-30,14,0,URBAN_6_N005,URBAN_6_N005,URBAN_6_N005,DAM,LMP,LMP_PRC,URBAN_6_N005,ALL,1,12,597
2017-09-30T21:00:00-00:00,2017-09-30T22:00:00-00:00,2017-09-30,15,0,URBAN_6_N005,URBAN_6_N005,URBAN_6_N005,DAM,LMP,LMP_PRC,URBAN_6_N005,ALL,1,14.45959,597
2017-09-30T23:00:00-00:00,2017-10-01T00:00:00-00:00,2017-09-30,17,0,URBAN_6_N005,URBAN_6_N005,URBAN_6_N005,DAM,LMP,LMP_PRC,URBAN_6_N005,ALL,1,13.62956,597
2017-10-01T02:00:00-00:00,2017-10-01T03:00:00-00:00,2017-09-30,20,0,URBAN_6_N005,URBAN_6_N005,URBAN_6_N005,DAM,LMP,LMP_PRC,URBAN_6_N005,ALL,1,55.33478,597
2017-09-30T11:00:00-00:00,2017-09-30T12:00:00-00:00,2017-09-30,5,0,URBAN_6_N005,URBAN_6_N005,URBAN_6_N005,DAM,LMP,LMP_PRC,URBAN_6_N005,ALL,1,27.74953,597
2017-10-01T00:00:00-00:00,2017-10-01T01:00:00-00:00,2017-09-30,18,0,URBAN_6_N005,URBAN_6_N005,URBAN_6_N005,DAM,LMP,LMP_PRC,URBAN_6_N005,ALL,1,28.52569,597
2017-10-01T05:00:00-00:00,2017-10-01T06:00:00-00:00,2017-09-30,23,0,URBAN_6_N005,URBAN_6_N005,URBAN_6_N005,DAM,LMP,LMP_PRC,URBAN_6_N005,ALL,1,31.58459,597
2017-09-30T12:00:00-00:00,2017-09-30T13:00:00-00:00,2017-09-30,6,0,URBAN_6_N005,URBAN_6_N005,URBAN_6_N005,DAM,LMP,LMP_PRC,URBAN_6_N005,ALL,1,31.29224,597
2017-09-30T10:00:00-00:00,2017-09-30T11:00:00-00:00,2017-09-30,4,0,URBAN_6_N005,URBAN_6_N005,URBAN_6_N005,DAM,LMP,LMP_PRC,URBAN_6_N005,ALL,1,28.04165,597
2017-09-30T13:00:00-00:00,2017-09-30T14:00:00-00:00,2017-09-30,7,0,URBAN_6_N005,URBAN_6_N005,URBAN_6_N005,DAM,LMP,LMP_PRC,URBAN_6_N005,ALL,1,31.32534,597
2017-09-30T15:00:00-00:00,2017-09-30T16:00:00-00:00,2017-09-30,9,0,URBAN_6_N005,URBAN_6_N005,URBAN_6_N005,DAM,LMP,LMP_PRC,URBAN_6_N005,ALL,1,28.41271,597
2017-09-30T07:00:00-00:00,2017-09-30T08:00:00-00:00,2017-09-30,1,0,URBAN_6_N005,URBAN_6_N005,URBAN_6_N005,DAM,LMP,LMP_PRC,URBAN_6_N005,ALL,1,30.82018,597
2017-09-30T09:00:00-00:00,2017-09-30T10:00:00-00:00,2017-09-30,3,0,URBAN_6_N005,URBAN_6_N005,URBAN_6_N005,DAM,LMP,LMP_PRC,URBAN_6_N005,ALL,1,28.55072,597
2017-09-30T22:00:00-00:00,2017-09-30T23:00:00-00:00,2017-09-30,16,0,URBAN_6_N005,URBAN_6_N005,URBAN_6_N005,DAM,LMP,LMP_PRC,URBAN_6_N005,ALL,1,20.4563,597
2017-09-30T19:00:00-00:00,2017-09-30T20:00:00-00:00,2017-09-30,13,0,URBAN_6_N005,URBAN_6_N005,URBAN_6_N005,DAM,LMP,LMP_PRC,URBAN_6_N005,ALL,1,-1.22291,597
2017-09-30T08:00:00-00:00,2017-09-30T09:00:00-00:00,2017-09-30,2,0,URBAN_6_N005,URBAN_6_N005,URBAN_6_N005,DAM,LMP,LMP_PRC,URBAN_6_N005,ALL,1,29.66312,597
2017-10-01T01:00:00-00:00,2017-10-01T02:00:00-00:00,2017-09-30,19,0,URBAN_6_N005,URBAN_6_N005,URBAN_6_N005,DAM,LMP,LMP_PRC,URBAN_6_N005,ALL,1,49.24057,597
2017-10-01T03:00:00-00:00,2017-10-01T04:00:00-00:00,2017-09-30,21,0,URBAN_6_N005,URBAN_6_N005,URBAN_6_N005,DAM,LMP,LMP_PRC,URBAN_6_N005,ALL,1,43.60875,597
2017-10-01T06:00:00-00:00,2017-10-01T07:00:00-00:00,2017-09-30,24,0,URBAN_6_N005,URBAN_6_N005,URBAN_6_N005,DAM,LMP,LMP_PRC,URBAN_6_N005,ALL,1,30.15033,597
2017-10-01T04:00:00-00:00,2017-10-01T05:00:00-00:00,2017-09-30,22,0,URBAN_6_N005,URBAN_6_N005,URBAN_6_N005,DAM,LMP,LMP_PRC,URBAN_6_N005,ALL,1,35.76438,597
2017-09-30T17:00:00-00:00,2017-09-30T18:00:00-00:00,2017-09-30,11,0,URBAN_6_N005,URBAN_6_N005,URBAN_6_N005,DAM,LMP,LMP_PRC,URBAN_6_N005,ALL,1,10.07921,597
2017-09-30T18:00:00-00:00,2017-09-30T19:00:00-00:00,2017-09-30,12,0,URBAN_6_N005,URBAN_6_N005,URBAN_6_N005,DAM,LMP,LMP_PRC,URBAN_6_N005,ALL,1,11.27427,597
2017-09-30T07:00:00-00:00,2017-09-30T08:00:00-00:00,2017-09-30,1,0,URBAN_6_N005,URBAN_6_N005,URBAN_6_N005,DAM,MCC,LMP_CONG_PRC,URBAN_6_N005,ALL,1,0,598
2017-09-30T08:00:00-00:00,2017-09-30T09:00:00-00:00,2017-09-30,2,0,URBAN_6_N005,URBAN_6_N005,URBAN_6_N005,DAM,MCC,LMP_CONG_PRC,URBAN_6_N005,ALL,1,0,598
2017-09-30T10:00:00-00:00,2017-09-30T11:00:00-00:00,2017-09-30,4,0,URBAN_6_N005,URBAN_6_N005,URBAN_6_N005,DAM,MCC,LMP_CONG_PRC,URBAN_6_N005,ALL,1,0,598
2017-09-30T12:00:00-00:00,2017-09-30T13:00:00-00:00,2017-09-30,6,0,URBAN_6_N005,URBAN_6_N005,URBAN_6_N005,DAM,MCC,LMP_CONG_PRC,URBAN_6_N005,ALL,1,0,598
2017-09-30T14:00:00-00:00,2017-09-30T15:00:00-00:00,2017-09-30,8,0,URBAN_6_N005,URBAN_6_N005,URBAN_6_N005,DAM,MCC,LMP_CONG_PRC,URBAN_6_N005,ALL,1,0,598
2017-09-30T15:00:00-00:00,2017-09-30T16:00:00-00:00,2017-09-30,9,0,URBAN_6_N005,URBAN_6_N005,URBAN_6_N005,DAM,MCC,LMP_CONG_PRC,URBAN_6_N005,ALL,1,7.98527,598
2017-10-01T01:00:00-00:00,2017-10-01T02:00:00-00:00,2017-09-30,19,0,URBAN_6_N005,URBAN_6_N005,URBAN_6_N005,DAM,MCC,LMP_CONG_PRC,URBAN_6_N005,ALL,1,0,598
2017-10-01T06:00:00-00:00,2017-10-01T07:00:00-00:00,2017-09-30,24,0,URBAN_6_N005,URBAN_6_N005,URBAN_6_N005,DAM,MCC,LMP_CONG_PRC,URBAN_6_N005,ALL,1,0,598
2017-09-30T23:00:00-00:00,2017-10-01T00:00:00-00:00,2017-09-30,17,0,URBAN_6_N005,URBAN_6_N005,URBAN_6_N005,DAM,MCC,LMP_CONG_PRC,URBAN_6_N005,ALL,1,-14.6803,598
2017-09-30T11:00:00-00:00,2017-09-30T12:00:00-00:00,2017-09-30,5,0,URBAN_6_N005,URBAN_6_N005,URBAN_6_N005,DAM,MCC,LMP_CONG_PRC,URBAN_6_N005,ALL,1,0,598
2017-09-30T13:00:00-00:00,2017-09-30T14:00:00-00:00,2017-09-30,7,0,URBAN_6_N005,URBAN_6_N005,URBAN_6_N005,DAM,MCC,LMP_CONG_PRC,URBAN_6_N005,ALL,1,0,598
2017-09-30T19:00:00-00:00,2017-09-30T20:00:00-00:00,2017-09-30,13,0,URBAN_6_N005,URBAN_6_N005,URBAN_6_N005,DAM,MCC,LMP_CONG_PRC,URBAN_6_N005,ALL,1,-18.59018,598
2017-10-01T04:00:00-00:00,2017-10-01T05:00:00-00:00,2017-09-30,22,0,URBAN_6_N005,URBAN_6_N005,URBAN_6_N005,DAM,MCC,LMP_CONG_PRC,URBAN_6_N005,ALL,1,0,598
2017-10-01T00:00:00-00:00,2017-10-01T01:00:00-00:00,2017-09-30,18,0,URBAN_6_N005,URBAN_6_N005,URBAN_6_N005,DAM,MCC,LMP_CONG_PRC,URBAN_6_N005,ALL,1,-8.02644,598
2017-10-01T03:00:00-00:00,2017-10-01T04:00:00-00:00,2017-09-30,21,0,URBAN_6_N005,URBAN_6_N005,URBAN_6_N005,DAM,MCC,LMP_CONG_PRC,URBAN_6_N005,ALL,1,0,598
2017-09-30T17:00:00-00:00,2017-09-30T18:00:00-00:00,2017-09-30,11,0,URBAN_6_N005,URBAN_6_N005,URBAN_6_N005,DAM,MCC,LMP_CONG_PRC,URBAN_6_N005,ALL,1,-2.61502,598
2017-09-30T18:00:00-00:00,2017-09-30T19:00:00-00:00,2017-09-30,12,0,URBAN_6_N005,URBAN_6_N005,URBAN_6_N005,DAM,MCC,LMP_CONG_PRC,URBAN_6_N005,ALL,1,-4.54053,598
2017-09-30T20:00:00-00:00,2017-09-30T21:00:00-00:00,2017-09-30,14,0,URBAN_6_N005,URBAN_6_N005,URBAN_6_N005,DAM,MCC,LMP_CONG_PRC,URBAN_6_N005,ALL,1,-8.21647,598
2017-10-01T05:00:00-00:00,2017-10-01T06:00:00-00:00,2017-09-30,23,0,URBAN_6_N005,URBAN_6_N005,URBAN_6_N005,DAM,MCC,LMP_CONG_PRC,URBAN_6_N005,ALL,1,0,598
2017-09-30T21:00:00-00:00,2017-09-30T22:00:00-00:00,2017-09-30,15,0,URBAN_6_N005,URBAN_6_N005,URBAN_6_N005,DAM,MCC,LMP_CONG_PRC,URBAN_6_N005,ALL,1,-9.68583,598
2017-09-30T09:00:00-00:00,2017-09-30T10:00:00-00:00,2017-09-30,3,0,URBAN_6_N005,URBAN_6_N005,URBAN_6_N005,DAM,MCC,LMP_CONG_PRC,URBAN_6_N005,ALL,1,0,598
2017-09-30T22:00:00-00:00,2017-09-30T23:00:00-00:00,2017-09-30,16,0,URBAN_6_N005,URBAN_6_N005,URBAN_6_N005,DAM,MCC,LMP_CONG_PRC,URBAN_6_N005,ALL,1,-6.19897,598
2017-10-01T02:00:00-00:00,2017-10-01T03:00:00-00:00,2017-09-30,20,0,URBAN_6_N005,URBAN_6_N005,URBAN_6_N005,DAM,MCC,LMP_CONG_PRC,URBAN_6_N005,ALL,1,0,598
2017-09-30T16:00:00-00:00,2017-09-30T17:00:00-00:00,2017-09-30,10,0,URBAN_6_N005,URBAN_6_N005,URBAN_6_N005,DAM,MCC,LMP_CONG_PRC,URBAN_6_N005,ALL,1,1.55902,598
2017-09-30T10:00:00-00:00,2017-09-30T11:00:00-00:00,2017-09-30,4,0,URBAN_6_N005,URBAN_6_N005,URBAN_6_N005,DAM,MCE,LMP_ENE_PRC,URBAN_6_N005,ALL,1,28.00245,599
2017-09-30T22:00:00-00:00,2017-09-30T23:00:00-00:00,2017-09-30,16,0,URBAN_6_N005,URBAN_6_N005,URBAN_6_N005,DAM,MCE,LMP_ENE_PRC,URBAN_6_N005,ALL,1,26.86211,599
2017-09-30T20:00:00-00:00,2017-09-30T21:00:00-00:00,2017-09-30,14,0,URBAN_6_N005,URBAN_6_N005,URBAN_6_N005,DAM,MCE,LMP_ENE_PRC,URBAN_6_N005,ALL,1,20.41449,599
2017-09-30T15:00:00-00:00,2017-09-30T16:00:00-00:00,2017-09-30,9,0,URBAN_6_N005,URBAN_6_N005,URBAN_6_N005,DAM,MCE,LMP_ENE_PRC,URBAN_6_N005,ALL,1,20.66927,599
2017-09-30T11:00:00-00:00,2017-09-30T12:00:00-00:00,2017-09-30,5,0,URBAN_6_N005,URBAN_6_N005,URBAN_6_N005,DAM,MCE,LMP_ENE_PRC,URBAN_6_N005,ALL,1,27.75786,599
2017-10-01T03:00:00-00:00,2017-10-01T04:00:00-00:00,2017-09-30,21,0,URBAN_6_N005,URBAN_6_N005,URBAN_6_N005,DAM,MCE,LMP_ENE_PRC,URBAN_6_N005,ALL,1,43.8323,599
2017-09-30T07:00:00-00:00,2017-09-30T08:00:00-00:00,2017-09-30,1,0,URBAN_6_N005,URBAN_6_N005,URBAN_6_N005,DAM,MCE,LMP_ENE_PRC,URBAN_6_N005,ALL,1,30.65769,599
2017-09-30T18:00:00-00:00,2017-09-30T19:00:00-00:00,2017-09-30,12,0,URBAN_6_N005,URBAN_6_N005,URBAN_6_N005,DAM,MCE,LMP_ENE_PRC,URBAN_6_N005,ALL,1,16.02798,599
2017-09-30T16:00:00-00:00,2017-09-30T17:00:00-00:00,2017-09-30,10,0,URBAN_6_N005,URBAN_6_N005,URBAN_6_N005,DAM,MCE,LMP_ENE_PRC,URBAN_6_N005,ALL,1,13.00755,599
2017-09-30T12:00:00-00:00,2017-09-30T13:00:00-00:00,2017-09-30,6,0,URBAN_6_N005,URBAN_6_N005,URBAN_6_N005,DAM,MCE,LMP_ENE_PRC,URBAN_6_N005,ALL,1,31.32042,599
2017-09-30T08:00:00-00:00,2017-09-30T09:00:00-00:00,2017-09-30,2,0,URBAN_6_N005,URBAN_6_N005,URBAN_6_N005,DAM,MCE,LMP_ENE_PRC,URBAN_6_N005,ALL,1,29.53612,599
2017-09-30T17:00:00-00:00,2017-09-30T18:00:00-00:00,2017-09-30,11,0,URBAN_6_N005,URBAN_6_N005,URBAN_6_N005,DAM,MCE,LMP_ENE_PRC,URBAN_6_N005,ALL,1,12.87448,599
2017-09-30T14:00:00-00:00,2017-09-30T15:00:00-00:00,2017-09-30,8,0,URBAN_6_N005,URBAN_6_N005,URBAN_6_N005,DAM,MCE,LMP_ENE_PRC,URBAN_6_N005,ALL,1,29.29483,599
2017-10-01T04:00:00-00:00,2017-10-01T05:00:00-00:00,2017-09-30,22,0,URBAN_6_N005,URBAN_6_N005,URBAN_6_N005,DAM,MCE,LMP_ENE_PRC,URBAN_6_N005,ALL,1,35.91883,599
2017-09-30T09:00:00-00:00,2017-09-30T10:00:00-00:00,2017-09-30,3,0,URBAN_6_N005,URBAN_6_N005,URBAN_6_N005,DAM,MCE,LMP_ENE_PRC,URBAN_6_N005,ALL,1,28.50227,599
2017-10-01T06:00:00-00:00,2017-10-01T07:00:00-00:00,2017-09-30,24,0,URBAN_6_N005,URBAN_6_N005,URBAN_6_N005,DAM,MCE,LMP_ENE_PRC,URBAN_6_N005,ALL,1,30.53198,599
2017-09-30T21:00:00-00:00,2017-09-30T22:00:00-00:00,2017-09-30,15,0,URBAN_6_N005,URBAN_6_N005,URBAN_6_N005,DAM,MCE,LMP_ENE_PRC,URBAN_6_N005,ALL,1,24.39671,599
2017-09-30T19:00:00-00:00,2017-09-30T20:00:00-00:00,2017-09-30,13,0,URBAN_6_N005,URBAN_6_N005,URBAN_6_N005,DAM,MCE,LMP_ENE_PRC,URBAN_6_N005,ALL,1,17.65504,599
2017-09-30T13:00:00-00:00,2017-09-30T14:00:00-00:00,2017-09-30,7,0,URBAN_6_N005,URBAN_6_N005,URBAN_6_N005,DAM,MCE,LMP_ENE_PRC,URBAN_6_N005,ALL,1,31.27842,599
2017-10-01T00:00:00-00:00,2017-10-01T01:00:00-00:00,2017-09-30,18,0,URBAN_6_N005,URBAN_6_N005,URBAN_6_N005,DAM,MCE,LMP_ENE_PRC,URBAN_6_N005,ALL,1,36.78017,599
2017-10-01T05:00:00-00:00,2017-10-01T06:00:00-00:00,2017-09-30,23,0,URBAN_6_N005,URBAN_6_N005,URBAN_6_N005,DAM,MCE,LMP_ENE_PRC,URBAN_6_N005,ALL,1,31.87143,599
2017-10-01T02:00:00-00:00,2017-10-01T03:00:00-00:00,2017-09-30,20,0,URBAN_6_N005,URBAN_6_N005,URBAN_6_N005,DAM,MCE,LMP_ENE_PRC,URBAN_6_N005,ALL,1,55.98986,599
2017-10-01T01:00:00-00:00,2017-10-01T02:00:00-00:00,2017-09-30,19,0,URBAN_6_N005,URBAN_6_N005,URBAN_6_N005,DAM,MCE,LMP_ENE_PRC,URBAN_6_N005,ALL,1,49.72288,599
2017-09-30T23:00:00-00:00,2017-10-01T00:00:00-00:00,2017-09-30,17,0,URBAN_6_N005,URBAN_6_N005,URBAN_6_N005,DAM,MCE,LMP_ENE_PRC,URBAN_6_N005,ALL,1,28.56697,599
2017-09-30T16:00:00-00:00,2017-09-30T17:00:00-00:00,2017-09-30,10,0,URBAN_6_N005,URBAN_6_N005,URBAN_6_N005,DAM,MCL,LMP_LOSS_PRC,URBAN_6_N005,ALL,1,-0.1795,600
2017-09-30T17:00:00-00:00,2017-09-30T18:00:00-00:00,2017-09-30,11,0,URBAN_6_N005,URBAN_6_N005,URBAN_6_N005,DAM,MCL,LMP_LOSS_PRC,URBAN_6_N005,ALL,1,-0.18024,600
2017-09-30T12:00:00-00:00,2017-09-30T13:00:00-00:00,2017-09-30,6,0,URBAN_6_N005,URBAN_6_N005,URBAN_6_N005,DAM,MCL,LMP_LOSS_PRC,URBAN_6_N005,ALL,1,-0.02819,600
2017-09-30T11:00:00-00:00,2017-09-30T12:00:00-00:00,2017-09-30,5,0,URBAN_6_N005,URBAN_6_N005,URBAN_6_N005,DAM,MCL,LMP_LOSS_PRC,URBAN_6_N005,ALL,1,-0.00833,600
2017-09-30T22:00:00-00:00,2017-09-30T23:00:00-00:00,2017-09-30,16,0,URBAN_6_N005,URBAN_6_N005,URBAN_6_N005,DAM,MCL,LMP_LOSS_PRC,URBAN_6_N005,ALL,1,-0.20684,600
2017-09-30T23:00:00-00:00,2017-10-01T00:00:00-00:00,2017-09-30,17,0,URBAN_6_N005,URBAN_6_N005,URBAN_6_N005,DAM,MCL,LMP_LOSS_PRC,URBAN_6_N005,ALL,1,-0.2571,600
2017-09-30T10:00:00-00:00,2017-09-30T11:00:00-00:00,2017-09-30,4,0,URBAN_6_N005,URBAN_6_N005,URBAN_6_N005,DAM,MCL,LMP_LOSS_PRC,URBAN_6_N005,ALL,1,0.0392,600
2017-09-30T08:00:00-00:00,2017-09-30T09:00:00-00:00,2017-09-30,2,0,URBAN_6_N005,URBAN_6_N005,URBAN_6_N005,DAM,MCL,LMP_LOSS_PRC,URBAN_6_N005,ALL,1,0.12701,600
2017-10-01T01:00:00-00:00,2017-10-01T02:00:00-00:00,2017-09-30,19,0,URBAN_6_N005,URBAN_6_N005,URBAN_6_N005,DAM,MCL,LMP_LOSS_PRC,URBAN_6_N005,ALL,1,-0.48231,600
2017-10-01T05:00:00-00:00,2017-10-01T06:00:00-00:00,2017-09-30,23,0,URBAN_6_N005,URBAN_6_N005,URBAN_6_N005,DAM,MCL,LMP_LOSS_PRC,URBAN_6_N005,ALL,1,-0.28684,600
2017-10-01T02:00:00-00:00,2017-10-01T03:00:00-00:00,2017-09-30,20,0,URBAN_6_N005,URBAN_6_N005,URBAN_6_N005,DAM,MCL,LMP_LOSS_PRC,URBAN_6_N005,ALL,1,-0.65508,600
2017-09-30T07:00:00-00:00,2017-09-30T08:00:00-00:00,2017-09-30,1,0,URBAN_6_N005,URBAN_6_N005,URBAN_6_N005,DAM,MCL,LMP_LOSS_PRC,URBAN_6_N005,ALL,1,0.16249,600
2017-09-30T21:00:00-00:00,2017-09-30T22:00:00-00:00,2017-09-30,15,0,URBAN_6_N005,URBAN_6_N005,URBAN_6_N005,DAM,MCL,LMP_LOSS_PRC,URBAN_6_N005,ALL,1,-0.25129,600
2017-09-30T15:00:00-00:00,2017-09-30T16:00:00-00:00,2017-09-30,9,0,URBAN_6_N005,URBAN_6_N005,URBAN_6_N005,DAM,MCL,LMP_LOSS_PRC,URBAN_6_N005,ALL,1,-0.24183,600
2017-09-30T13:00:00-00:00,2017-09-30T14:00:00-00:00,2017-09-30,7,0,URBAN_6_N005,URBAN_6_N005,URBAN_6_N005,DAM,MCL,LMP_LOSS_PRC,URBAN_6_N005,ALL,1,0.04692,600
2017-10-01T06:00:00-00:00,2017-10-01T07:00:00-00:00,2017-09-30,24,0,URBAN_6_N005,URBAN_6_N005,URBAN_6_N005,DAM,MCL,LMP_LOSS_PRC,URBAN_6_N005,ALL,1,-0.38165,600
2017-09-30T19:00:00-00:00,2017-09-30T20:00:00-00:00,2017-09-30,13,0,URBAN_6_N005,URBAN_6_N005,URBAN_6_N005,DAM,MCL,LMP_LOSS_PRC,URBAN_6_N005,ALL,1,-0.28778,600
2017-09-30T18:00:00-00:00,2017-09-30T19:00:00-00:00,2017-09-30,12,0,URBAN_6_N005,URBAN_6_N005,URBAN_6_N005,DAM,MCL,LMP_LOSS_PRC,URBAN_6_N005,ALL,1,-0.21317,600
2017-10-01T00:00:00-00:00,2017-10-01T01:00:00-00:00,2017-09-30,18,0,URBAN_6_N005,URBAN_6_N005,URBAN_6_N005,DAM,MCL,LMP_LOSS_PRC,URBAN_6_N005,ALL,1,-0.22804,600
2017-10-01T03:00:00-00:00,2017-10-01T04:00:00-00:00,2017-09-30,21,0,URBAN_6_N005,URBAN_6_N005,URBAN_6_N005,DAM,MCL,LMP_LOSS_PRC,URBAN_6_N005,ALL,1,-0.22354,600
2017-09-30T09:00:00-00:00,2017-09-30T10:00:00-00:00,2017-09-30,3,0,URBAN_6_N005,URBAN_6_N005,URBAN_6_N005,DAM,MCL,LMP_LOSS_PRC,URBAN_6_N005,ALL,1,0.04845,600
2017-10-01T04:00:00-00:00,2017-10-01T05:00:00-00:00,2017-09-30,22,0,URBAN_6_N005,URBAN_6_N005,URBAN_6_N005,DAM,MCL,LMP_LOSS_PRC,URBAN_6_N005,ALL,1,-0.15445,600
2017-09-30T20:00:00-00:00,2017-09-30T21:00:00-00:00,2017-09-30,14,0,URBAN_6_N005,URBAN_6_N005,URBAN_6_N005,DAM,MCL,LMP_LOSS_PRC,URBAN_6_N005,ALL,1,-0.19802,600
2017-09-30T14:00:00-00:00,2017-09-30T15:00:00-00:00,2017-09-30,8,0,URBAN_6_N005,URBAN_6_N005,URBAN_6_N005,DAM,MCL,LMP_LOSS_PRC,URBAN_6_N005,ALL,1,-0.09667,600
